200
3000
230

[Node]
0 0 0 0 0
0 0 0 0 0

[pickup]
1 504746348 111 0
2 505057705 577 0
3 502791233 688 0
4 505036442 398 0
5 502785886 109 0
6 502787662 252 0
7 503266124 648 0
8 502790321 297 0
9 502794343 744 0
10 504625886 291 0
11 502790596 476 0
12 504775285 695 0
13 502794342 656 0
14 505195143 677 0
15 502785782 605 0
16 503685455 439 0
17 504507033 474 0
18 505091908 527 0
19 502788588 683 0
20 502788856 283 0
21 505080279 752 0
22 502787793 709 0
23 503690085 145 0
24 504574191 111 0
25 504385143 284 0
26 502795047 671 0
27 503251698 420 0
28 502789892 402 0
29 502890094 587 0
30 503823532 260 0
31 502898355 741 0
32 505037252 255 0
33 504773326 411 0
34 503660969 119 0
35 504406667 477 0
36 504822040 777 0
37 504332251 264 0
38 505084995 162 0
39 502835932 577 0
40 502787571 541 0
41 504031703 436 0
42 503003258 363 0
43 504709436 769 0
44 504971842 726 0
45 504631717 436 0
46 502801841 376 0
47 504758586 724 0
48 502801904 654 0
49 502804546 288 0
50 502788402 597 0
51 503555070 428 0
52 502788090 293 0
53 504888674 204 0
54 503663509 456 0
55 504783121 742 0
56 505150249 610 0
57 502790821 373 0
58 504937045 493 0
59 502793092 442 0
60 502793094 633 0
61 505003422 108 0
62 502797018 403 0
63 502789069 697 0
64 502786178 170 0
65 502800564 538 0
66 504604283 349 0
67 504995288 255 0
68 504435712 503 0
69 505236087 352 0
70 504330855 175 0
71 504924578 756 0
72 504877569 492 0
73 504802951 289 0
74 502786182 746 0
75 502796886 410 0
76 502787651 692 0
77 502851678 220 0
78 503122205 784 0
79 502789183 730 0
80 503834835 743 0
81 502799494 418 0
82 502799697 261 0
83 502795408 770 0
84 504852746 578 0
85 505052788 680 0
86 502791109 194 0
87 505068396 138 0
88 502794188 517 0
89 503208855 783 0
90 503073499 250 0
91 504731115 400 0
92 504707950 603 0
93 502786899 737 0
94 504762213 497 0
95 502795382 235 0
96 502787465 284 0
97 502788471 314 0
98 504854137 386 0
99 502787414 331 0
100 505171506 664 0
101 502794984 109 0
102 502794704 291 0
103 503561366 188 0
104 504830517 119 0
105 502791554 484 0
106 502791081 247 0
107 502789441 540 0
108 504332253 554 0
109 502787837 253 0
110 505081702 531 0
111 502797817 118 0
112 502801039 315 0
113 502791061 623 0
114 504389725 401 0
115 502787070 745 0
116 505022938 416 0
117 504314748 269 0
118 503304580 438 0
119 502799713 448 0
120 505218119 713 0
121 503239635 298 0
122 505180671 417 0
123 502792427 322 0
124 504556010 722 0
125 505227837 632 0
126 502802134 704 0
127 502786053 281 0
128 502789708 690 0
129 502789160 411 0
130 502785913 671 0
131 502951707 331 0
132 503555058 628 0
133 502785856 218 0
134 505242930 256 0
135 502796575 648 0
136 502970892 481 0
137 503821777 664 0
138 504767007 782 0
139 505064501 600 0
140 502791656 759 0
141 505137557 546 0
142 504692552 248 0
143 503262469 640 0
144 505229205 267 0
145 505039793 740 0
146 504804143 347 0
147 505244402 318 0
148 503663503 434 0
149 502791944 715 0
150 505154686 688 0
151 502787428 206 0
152 503181769 354 0
153 505161750 404 0
154 504884938 346 0
155 504467511 313 0
156 505002276 568 0
157 502797344 727 0
158 502800060 504 0
159 504660446 648 0
160 502785852 117 0
161 505195372 665 0
162 502785801 180 0
163 503134808 518 0
164 505113419 669 0
165 502792115 214 0
166 502786889 184 0
167 503058102 194 0
168 503687493 649 0
169 502786974 452 0
170 505198338 411 0
171 502789111 533 0
172 504731126 494 0
173 505244395 639 0
174 503053688 603 0
175 503240587 595 0
176 505123006 214 0
177 502801869 770 0
178 504924574 279 0
179 505231571 435 0
180 502789997 222 0
181 504386608 607 0
182 505081659 376 0
183 502878271 361 0
184 504800635 142 0
185 502798412 365 0
186 502798846 482 0
187 505150247 751 0
188 503595611 338 0
189 502802061 423 0
190 503584764 115 0
191 505142534 374 0
192 505137551 310 0
193 504804145 426 0
194 504549586 713 0
195 502797210 130 0
196 504777883 675 0
197 502793597 486 0
198 505242941 630 0
199 502862607 324 0
200 503288264 447 0

[Speed 0]
0.81
30.0 60.0 0.0 0.6
90.0 150 0.0 0.4
300.0 540.0 0.0 0.81
570.0 630.0 0.0 0.6
660.0 720.0 0.0 0.4
750.0 840.0 0.0 0.81

[Speed 1]
1.33
30.0 60.0 0.0 0.8
90.0 150 0.0 0.6
300.0 540.0 0.0 1.33
570.0 630.0 0.0 0.8
660.0 720.0 0.0 1.3
750.0 840.0 0.0 2

[Speed 2]
1.33
30.0 60.0 0.0 1.0
90.0 150 0.0 0.8
300.0 540.0 0.0 1.33
570.0 630.0 0.0 0.8
660.0 720.0 0.0 0.6
750.0 840.0 0.0 1.5

[Speed 3]
1.5
30.0 60.0 0.0 0.9
90.0 150 0.0 0.8
300.0 540.0 0.0 1.5
570.0 630.0 0.0 0.9
660.0 720.0 0.0 0.8
750.0 840.0 0.0 1.5

[Speed 4]
2
30.0 60.0 0.0 1.1
90.0 150 0.0 0.9
300.0 540.0 0.0 2
570.0 630.0 0.0 1.1
660.0 720.0 0.0 0.9
750.0 840.0 0.0 2

[speed choose matrix]
4 4 4 4 4 4 4 4 4 4 4 4 4 4 4 4 4 4 4 4 4 4 4 4 4 4 4 4 4 4 4 4 4 4 4 4 4 4 4 4 4 4 4 4 4 4 4 4 4 4 4 4 4 4 4 4 4 4 4 4 4 4 4 4 4 4 4 4 4 4 4 4 4 4 4 4 4 4 4 4 4 4 4 4 4 4 4 4 4 4 4 4 4 4 4 4 4 4 4 4 4 4 4 4 4 4 4 4 4 4 4 4 4 4 4 4 4 4 4 4 4 4 4 4 4 4 4 4 4 4 4 4 4 4 4 4 4 4 4 4 4 4 4 4 4 4 4 4 4 4 4 4 4 4 4 4 4 4 4 4 4 4 4 4 4 4 4 4 4 4 4 4 4 4 4 4 4 4 4 4 4 4 4 4 4 4 4 4 4 4 4 4 4 4 4 4 4 4 4 4 4
4 2 4 4 3 1 0 0 1 1 0 2 0 2 3 1 1 4 1 2 0 0 0 1 1 1 4 1 2 2 1 3 3 1 3 1 3 0 4 0 2 4 1 3 3 2 4 2 2 4 0 4 2 4 3 4 4 3 0 1 1 0 3 0 0 4 1 1 3 0 1 0 3 2 1 3 4 0 0 0 2 3 2 0 4 2 3 4 2 0 2 1 1 0 4 3 1 4 0 0 3 4 3 0 3 4 0 4 2 2 0 2 0 3 3 4 2 3 1 2 2 0 3 3 1 0 3 4 0 2 3 1 2 0 1 4 2 3 1 0 3 0 1 3 1 1 4 4 0 2 0 1 1 4 4 3 3 3 1 1 2 0 2 0 1 3 3 1 4 2 0 3 1 1 2 1 1 3 0 0 1 3 3 1 1 1 2 4 0 0 3 2 4 2 1 4 1 2 0 2 0
4 4 4 0 4 2 1 1 1 0 4 2 3 1 2 0 3 4 1 0 3 3 3 4 0 1 4 3 3 2 0 3 2 4 1 0 4 0 1 3 2 1 2 4 3 1 3 4 4 2 0 1 3 4 4 1 4 2 0 4 1 4 0 1 4 2 3 4 1 3 2 2 4 0 2 4 1 3 2 3 0 1 1 4 4 0 2 1 4 4 3 4 2 4 0 0 3 1 3 4 0 3 0 1 3 3 4 3 1 4 0 0 0 1 2 4 4 2 2 0 2 0 3 2 2 1 4 2 2 2 1 0 0 0 0 3 2 2 2 4 2 2 4 3 1 0 4 1 0 1 3 0 0 0 4 0 0 0 1 1 2 3 4 2 1 2 3 1 1 1 3 3 2 0 4 1 4 1 0 0 2 2 2 2 1 0 2 3 1 3 1 4 4 1 2 3 4 4 2 4 1
4 2 3 3 4 1 3 2 3 3 3 4 0 2 1 1 4 4 2 3 0 2 0 4 1 2 4 2 1 1 0 0 4 2 1 4 4 0 2 2 4 4 3 1 2 4 3 4 0 1 2 4 2 4 3 0 3 4 4 4 4 2 2 2 2 3 0 1 1 2 2 3 2 4 0 2 1 2 2 0 3 4 2 4 0 0 1 4 3 3 3 1 2 1 1 2 0 0 0 1 0 2 4 4 1 2 2 2 2 2 1 2 0 1 2 4 1 3 1 4 0 1 4 2 4 1 3 4 0 2 2 3 3 0 1 4 2 2 4 0 1 4 4 3 3 2 2 2 0 3 4 4 0 0 3 2 0 4 0 2 4 1 2 0 4 0 2 4 0 2 2 1 0 1 0 3 1 2 3 3 0 3 4 3 2 3 4 2 2 0 0 0 4 4 4 4 0 0 4 3 1
4 3 4 0 0 4 0 1 4 2 3 3 4 3 3 2 2 2 2 2 2 3 0 3 2 2 1 1 0 4 4 1 3 2 4 1 4 2 3 0 1 3 4 1 0 4 0 4 3 4 0 0 4 3 3 1 1 1 4 1 4 4 3 4 2 4 4 1 0 1 4 2 2 2 2 3 4 1 1 4 4 2 0 2 1 3 0 3 4 0 2 0 0 3 0 2 1 3 3 4 1 2 0 3 2 2 4 1 4 3 2 2 2 3 2 0 1 2 1 2 4 4 3 1 0 2 4 2 1 4 1 3 1 4 2 0 0 0 3 1 0 1 1 0 2 1 4 0 3 4 2 3 2 0 4 2 2 0 0 3 4 3 1 1 2 4 0 1 2 1 4 4 3 1 1 2 3 3 0 1 0 4 0 2 4 4 2 2 3 1 0 2 2 2 1 1 4 3 4 0 1
4 2 1 2 3 1 2 4 1 1 1 3 4 1 4 4 4 2 3 3 1 0 2 1 3 1 3 4 0 4 4 3 2 0 4 4 4 2 3 1 0 1 1 3 2 2 0 0 1 0 4 1 2 0 3 4 2 2 1 1 4 0 2 2 2 1 2 0 2 1 3 1 0 1 1 0 0 3 4 2 0 0 4 2 0 2 1 3 0 2 2 2 4 4 0 3 4 0 1 2 1 1 0 0 2 4 1 4 1 0 0 4 0 4 2 1 3 4 0 0 2 2 2 3 0 1 3 2 4 1 2 4 4 2 0 0 2 1 3 4 3 2 1 2 0 1 1 2 2 2 2 1 1 2 1 3 3 0 3 4 0 3 0 1 2 4 3 2 1 1 0 0 0 1 1 1 1 3 4 3 4 2 3 0 3 0 4 3 2 4 3 4 2 0 2 1 3 1 2 2 1
4 0 0 3 2 0 0 0 1 3 1 3 0 1 2 2 4 0 2 1 3 2 0 2 2 3 3 4 2 3 2 3 0 1 0 0 4 4 2 4 2 0 0 4 0 1 4 4 4 4 0 0 3 3 2 2 4 0 2 0 2 3 1 1 4 0 0 3 2 1 0 4 0 3 3 0 1 4 2 3 1 4 0 1 4 4 1 3 1 2 2 2 2 3 4 3 0 2 0 4 3 4 2 4 1 1 2 4 0 4 4 0 1 0 2 4 4 0 4 0 3 4 0 1 3 3 3 0 3 4 1 2 2 4 0 1 2 2 3 2 2 3 4 2 2 2 1 1 1 1 2 2 4 3 3 3 3 4 4 0 1 3 4 1 0 1 0 3 3 0 4 0 2 0 4 3 2 3 3 4 0 3 0 0 1 0 4 1 1 4 2 0 0 2 3 0 0 0 0 0 0
4 1 4 0 4 0 0 3 4 1 2 2 3 4 4 3 3 3 3 2 2 1 4 2 4 4 2 3 0 1 2 3 3 1 4 0 4 3 0 3 2 3 2 4 1 1 0 1 3 4 4 1 1 2 3 3 3 3 4 0 4 2 1 0 2 2 0 0 4 2 1 1 2 3 1 0 3 1 4 1 0 3 1 0 2 1 0 4 3 0 2 4 0 3 2 3 2 3 1 2 4 1 0 4 2 1 3 2 1 2 4 2 0 1 2 1 2 3 4 2 0 2 1 3 0 2 4 0 3 4 2 2 1 4 0 3 4 1 4 1 2 1 1 0 1 0 0 0 2 2 0 3 0 3 0 2 2 1 2 2 3 1 2 1 0 2 0 2 4 4 4 4 3 3 4 1 4 2 2 4 3 0 3 0 1 3 0 0 2 0 2 3 0 2 2 0 1 4 1 1 2
4 3 4 2 2 2 1 4 1 0 2 2 4 4 0 0 3 3 3 4 0 4 2 4 2 1 4 1 2 1 3 4 3 0 4 1 2 2 0 1 1 1 2 0 0 1 1 2 1 1 4 4 1 1 3 4 1 4 2 4 1 1 4 2 0 0 1 3 0 2 1 4 0 4 4 1 2 3 3 1 2 1 3 3 2 2 1 2 3 1 2 1 2 3 3 1 1 1 1 2 1 4 1 0 0 2 0 2 1 3 3 3 1 1 3 4 3 4 3 1 1 1 3 1 3 2 0 1 0 0 3 0 2 3 1 0 2 4 2 3 2 4 4 3 2 4 0 4 3 1 2 4 0 1 4 2 3 1 2 3 1 4 1 3 1 0 1 1 0 4 0 0 2 2 2 0 1 4 0 2 2 2 4 2 0 2 3 1 2 0 1 4 3 0 4 3 0 0 3 2 1
4 3 4 3 4 4 2 2 1 4 4 1 1 2 0 0 0 0 4 3 4 1 1 4 0 2 2 2 0 0 0 0 2 2 2 0 3 3 3 4 2 4 0 3 4 0 4 4 0 0 4 3 0 0 2 1 0 1 2 3 4 1 1 0 1 3 2 2 1 4 0 0 1 3 1 1 1 3 0 0 1 3 0 4 2 0 3 2 4 4 2 0 1 4 1 3 1 1 0 3 4 2 1 0 0 4 4 3 3 1 3 2 0 3 0 4 0 0 4 2 0 4 1 4 1 0 0 1 0 0 0 1 4 3 1 3 0 0 0 4 1 4 4 2 3 4 0 2 0 3 2 4 1 3 3 1 2 4 1 4 3 4 4 1 2 0 3 3 1 3 2 2 1 0 3 1 2 1 3 3 4 3 0 4 4 1 0 1 2 3 4 1 0 0 3 1 1 3 2 2 0
4 0 2 2 0 4 3 1 1 3 0 4 0 0 1 3 2 1 1 4 3 0 4 0 2 3 0 3 3 4 3 2 3 0 3 2 3 4 2 0 3 0 0 1 4 4 2 0 2 2 0 3 3 3 4 4 0 4 0 1 2 4 1 4 2 4 0 0 1 3 0 0 1 0 3 0 3 1 1 2 1 1 2 2 2 2 0 3 3 2 3 2 1 4 3 0 4 3 3 3 1 2 3 0 1 3 4 2 2 2 1 0 2 1 1 0 4 0 3 3 4 0 4 0 2 0 4 2 4 0 2 2 0 3 0 0 3 2 3 1 0 3 1 1 3 0 1 4 4 3 4 4 1 3 1 2 3 2 4 2 3 0 1 0 2 4 0 1 3 3 1 1 1 3 3 1 3 2 0 0 1 0 0 2 3 4 2 2 2 3 1 4 3 0 0 0 3 0 2 3 1
4 2 3 3 4 2 0 4 4 4 2 3 2 3 3 4 1 4 3 0 2 0 1 0 1 0 1 0 0 1 1 1 2 1 1 0 1 4 2 4 4 0 2 1 1 4 3 3 3 1 4 4 0 2 1 3 3 4 0 2 4 4 4 3 2 1 1 4 3 0 0 0 1 1 0 3 1 2 1 0 3 2 2 2 1 1 0 3 4 1 4 2 0 0 4 0 3 2 0 0 2 1 2 0 0 3 4 3 0 4 4 4 0 0 3 2 1 4 0 0 0 1 2 4 0 1 4 2 4 4 3 1 4 0 3 2 4 4 3 2 3 2 0 1 0 1 4 2 1 1 2 1 0 0 0 0 0 2 0 2 0 1 4 2 3 2 2 0 4 0 0 2 1 3 2 4 1 3 2 1 4 3 4 0 0 3 4 2 3 4 0 0 4 2 1 0 0 4 4 4 4
4 1 0 3 4 2 3 0 3 4 4 4 4 1 1 2 4 1 0 2 0 0 0 3 3 0 1 0 1 3 2 0 4 4 4 2 1 1 0 4 0 3 4 3 4 3 4 3 2 1 2 3 3 3 3 1 2 1 4 3 3 1 3 2 4 4 2 4 4 1 2 3 2 4 1 2 0 0 3 0 0 4 2 0 2 2 0 4 2 0 1 3 3 1 2 1 4 4 3 1 3 4 4 1 0 2 1 4 1 3 2 2 1 1 3 2 3 2 4 4 4 3 4 4 0 4 1 3 4 3 0 1 3 2 1 4 2 4 3 3 4 2 4 1 0 4 4 4 0 3 4 2 0 3 0 1 0 2 1 1 3 0 4 4 3 3 3 4 0 3 2 0 0 2 2 1 2 2 0 3 2 3 3 1 0 4 3 3 1 4 3 4 2 3 0 3 0 3 1 0 1
4 2 4 3 2 2 4 3 3 0 3 3 0 3 4 1 0 1 1 0 2 4 1 2 3 0 4 3 1 3 3 3 1 0 4 2 2 3 1 0 2 0 0 1 0 4 1 1 0 4 0 3 3 2 3 0 0 3 1 1 0 4 1 4 2 0 4 4 4 0 0 4 3 0 2 3 3 0 4 1 4 3 0 4 1 0 4 3 1 0 2 4 1 1 0 1 4 0 2 3 4 2 0 0 2 3 3 0 2 4 0 1 4 1 4 4 1 2 0 0 1 2 3 4 0 3 3 3 4 4 2 4 2 1 1 3 4 4 3 4 1 3 1 2 2 2 0 0 4 3 3 4 2 0 0 4 3 3 2 0 0 0 0 4 2 2 2 4 0 3 1 1 0 2 3 0 2 2 0 4 0 1 3 2 2 2 3 1 1 1 0 2 4 0 0 4 2 1 2 4 3
4 2 4 0 1 0 4 2 1 4 1 0 1 3 2 1 1 0 2 0 3 0 3 1 1 3 4 0 4 4 3 0 0 1 2 3 3 1 3 3 0 1 0 4 1 0 0 3 2 3 1 3 0 1 3 2 3 4 4 4 3 3 2 3 1 2 3 4 1 2 4 3 0 0 0 3 0 2 2 0 3 2 4 0 2 3 3 4 3 2 1 1 4 4 0 0 1 0 3 1 1 2 3 3 3 3 1 2 3 0 0 2 4 0 0 0 4 3 3 4 2 3 0 3 4 4 2 2 1 1 4 4 4 0 3 0 4 1 3 4 4 4 2 2 3 4 1 0 0 0 0 0 0 0 0 3 4 0 4 1 0 2 1 0 4 1 1 4 3 3 2 4 3 1 4 3 2 1 0 3 2 4 0 2 0 3 0 4 2 3 1 1 2 0 1 3 3 2 3 3 4
4 2 3 4 0 4 0 3 2 0 0 4 2 4 1 2 4 1 3 4 3 4 0 1 4 0 2 2 1 0 4 3 0 0 4 1 3 3 3 0 0 3 0 1 2 3 3 0 2 3 1 2 1 3 2 4 1 0 2 2 0 3 1 2 0 0 3 3 0 1 2 0 2 0 1 2 0 2 0 2 1 3 0 4 2 2 0 2 4 4 0 4 3 4 4 4 3 1 0 1 0 2 0 0 0 0 3 3 3 4 4 2 2 3 1 2 3 0 2 1 1 2 4 2 0 0 4 0 0 0 3 4 0 1 0 0 3 4 3 0 3 3 4 1 0 2 1 1 4 0 4 4 2 0 2 2 3 1 2 2 1 0 2 4 0 3 2 4 3 1 2 3 3 2 0 1 0 1 4 4 2 0 1 4 3 1 0 3 4 0 0 4 3 3 1 3 3 2 4 0 0
4 1 0 4 3 4 3 4 0 0 0 1 4 0 3 2 2 1 4 0 3 2 1 2 1 1 3 4 3 0 0 2 0 0 3 1 4 4 1 2 3 0 4 0 3 0 4 0 4 4 1 0 0 0 2 3 4 1 4 0 1 1 0 4 4 0 4 2 4 1 0 4 2 3 1 4 1 2 3 2 3 0 4 2 1 4 3 2 3 4 3 2 1 2 3 2 0 4 4 1 0 3 0 3 3 4 3 3 4 2 2 2 2 0 2 2 0 3 4 1 1 1 2 3 0 0 0 3 3 0 4 1 1 4 4 0 1 1 4 4 4 0 2 2 0 2 3 0 4 2 4 4 0 0 3 2 1 0 2 2 0 0 0 4 0 4 0 3 3 2 2 1 1 3 3 2 3 0 2 2 4 1 2 2 0 3 1 0 0 2 4 2 2 4 3 0 1 2 3 3 1
4 0 4 1 1 3 1 0 4 1 3 1 0 4 1 3 1 4 4 3 0 2 3 0 4 3 0 1 4 0 0 1 2 0 3 4 4 1 0 1 3 4 2 4 4 0 2 2 4 3 1 3 2 3 2 4 3 4 1 1 3 4 2 1 1 2 0 0 2 2 4 0 3 2 3 1 0 2 0 2 1 0 0 0 3 2 4 2 3 4 0 2 4 0 1 1 2 4 2 2 2 2 3 2 4 1 1 0 1 3 4 4 1 1 2 2 1 1 3 2 4 0 3 2 1 4 0 0 4 4 3 4 0 2 2 1 1 1 2 2 0 2 0 2 0 4 0 2 2 0 0 3 2 3 1 2 0 3 1 3 3 1 3 1 1 4 4 1 0 1 3 4 4 0 3 1 1 3 1 3 4 1 2 1 3 2 0 2 0 0 0 2 2 1 1 3 3 0 0 1 2
4 0 0 0 0 2 4 0 2 2 1 2 2 4 2 2 4 3 3 1 0 0 1 1 0 1 4 4 4 2 1 2 4 4 0 2 2 1 0 0 3 2 1 0 0 4 1 2 3 3 0 3 4 2 2 1 1 1 2 3 3 4 2 1 3 4 0 1 4 4 3 1 0 0 3 0 2 3 2 1 1 4 0 0 2 4 0 1 0 4 0 4 3 4 1 1 2 3 2 3 2 2 1 1 1 3 1 4 1 2 3 1 0 2 4 2 2 0 0 3 2 2 2 3 2 4 0 3 2 2 2 2 4 0 1 1 4 4 3 0 3 0 4 2 1 2 3 2 3 3 2 4 4 1 3 2 1 0 2 2 2 0 0 1 2 3 3 1 3 2 2 3 1 4 4 3 4 3 4 3 1 0 3 4 4 2 2 2 4 0 3 1 3 0 2 0 1 2 2 4 2
4 1 0 0 3 2 2 4 4 4 3 4 2 0 1 4 4 4 2 4 0 1 3 2 0 3 2 4 4 2 3 3 3 3 2 3 2 0 2 1 4 4 0 2 0 2 2 0 1 3 4 3 3 4 0 4 2 3 0 0 3 0 2 4 2 3 1 3 4 3 3 4 4 3 3 2 1 3 1 0 1 0 4 1 4 2 2 3 3 0 3 0 2 3 2 4 0 0 4 2 4 2 4 2 1 3 1 4 2 3 2 2 0 2 3 2 2 4 4 1 1 1 2 1 4 4 3 0 0 2 2 2 1 1 4 4 2 4 4 4 2 1 2 0 4 0 4 0 4 1 3 1 1 4 1 3 0 0 3 3 1 1 3 2 3 0 0 4 4 0 3 2 3 1 3 0 3 4 1 2 3 2 1 0 0 2 4 3 0 1 3 3 0 3 2 3 3 1 4 1 1
4 3 2 2 2 4 2 0 0 1 1 4 0 0 3 1 2 4 4 0 2 4 4 2 4 0 0 3 0 4 2 4 4 1 4 2 0 1 1 4 1 0 4 0 0 1 0 2 4 4 2 2 3 2 0 0 2 0 4 1 4 0 0 3 4 2 0 1 2 3 0 2 4 0 4 3 1 0 1 0 4 0 3 2 0 0 2 4 0 4 1 1 2 4 2 1 3 3 4 3 2 4 0 4 0 4 4 4 3 4 3 4 1 3 2 0 2 2 0 1 3 3 1 2 3 3 1 3 3 0 1 1 3 0 1 2 3 0 2 3 3 2 0 3 2 2 0 4 1 4 1 2 1 0 4 4 4 0 4 4 2 3 4 3 0 4 4 2 1 0 3 4 4 2 3 3 0 4 4 4 0 3 1 4 0 4 2 4 2 2 1 2 3 1 0 2 4 3 1 1 0
4 3 4 0 1 4 2 0 0 4 4 1 2 0 2 1 1 3 3 4 1 1 4 3 1 4 2 2 0 1 3 3 3 4 4 0 4 4 0 2 1 4 4 2 2 3 1 3 3 3 2 4 3 2 4 3 2 3 1 2 4 4 0 4 1 0 1 2 0 2 3 0 3 4 2 4 2 3 2 4 2 0 4 2 3 0 4 4 1 4 3 1 3 0 4 0 4 2 1 2 1 3 0 2 4 1 3 0 0 4 2 3 1 4 4 0 0 4 3 4 2 3 4 4 4 0 4 1 4 2 1 3 0 2 1 2 0 1 2 3 2 0 0 1 4 4 4 3 4 2 4 0 1 0 3 0 3 0 2 4 3 0 0 1 2 3 3 1 4 4 1 3 0 3 4 4 1 4 4 2 4 4 4 2 1 1 0 0 2 3 4 1 1 2 0 4 3 0 0 0 3
4 3 4 0 1 4 2 2 0 0 0 0 3 3 0 2 0 0 3 4 0 3 4 4 1 1 0 2 3 0 1 4 4 4 1 0 3 0 4 4 4 1 1 0 4 2 0 0 3 3 2 4 0 3 1 0 0 1 4 1 2 4 1 4 1 0 1 0 2 2 0 4 0 2 3 3 2 1 2 2 3 0 0 4 4 1 4 0 4 0 3 3 0 0 2 2 0 1 0 3 3 1 4 0 0 3 1 1 2 3 4 1 4 4 1 1 2 1 2 1 2 1 3 0 4 2 0 1 1 4 2 0 2 0 0 4 3 2 2 1 3 3 2 3 0 1 0 2 0 0 0 4 1 1 4 4 1 2 3 2 2 0 1 0 1 0 2 1 1 2 1 4 0 4 4 1 1 4 1 0 3 0 1 1 2 4 2 4 3 0 1 4 1 3 1 0 4 0 4 4 1
4 2 4 1 1 1 1 3 3 4 3 3 1 1 3 3 1 4 1 3 2 4 0 3 1 3 2 3 3 3 4 2 0 1 0 4 0 4 3 4 4 0 0 3 0 4 0 3 4 1 4 4 2 0 4 4 0 0 3 3 4 0 3 3 1 3 3 1 1 0 2 2 1 4 4 2 3 3 4 2 1 3 1 4 1 4 0 0 0 2 4 1 3 1 2 4 1 0 3 1 2 0 1 0 0 0 0 1 0 0 2 1 2 0 0 2 3 0 3 4 2 3 1 3 4 2 4 4 3 2 1 3 1 3 4 1 0 3 3 1 4 1 2 2 2 2 3 1 4 4 0 2 4 3 4 0 4 0 4 4 2 0 3 4 0 1 2 3 3 2 3 0 0 0 3 2 2 1 3 1 0 3 4 1 4 3 4 1 1 1 2 3 2 1 0 4 3 3 3 4 0
4 3 0 1 2 1 2 4 1 4 3 0 1 4 2 1 0 4 3 3 2 2 3 2 0 0 1 0 1 1 2 0 1 3 4 1 1 4 1 0 1 1 2 0 2 4 1 2 1 0 3 0 3 3 2 4 4 3 0 1 0 1 3 3 3 4 1 2 3 1 4 2 0 2 2 4 2 0 1 2 0 3 1 2 0 2 1 0 0 4 1 1 0 0 2 2 3 3 2 1 0 4 0 1 4 1 2 2 1 3 4 3 1 0 0 2 2 0 4 3 3 3 1 2 1 2 3 0 2 0 0 0 4 2 2 2 3 2 4 1 0 3 4 2 3 0 4 1 2 2 2 1 2 1 2 1 4 1 2 0 0 3 0 1 1 4 0 1 0 4 2 3 2 2 4 3 4 3 3 0 4 3 0 4 4 1 2 1 0 3 2 2 4 1 3 2 1 0 2 1 1
4 2 2 1 3 4 4 2 3 3 2 1 4 3 4 4 0 1 2 1 3 1 2 3 1 1 3 4 0 2 4 4 0 1 4 2 4 0 4 3 4 1 1 1 1 3 2 3 0 0 0 2 1 3 0 4 2 4 2 2 3 1 2 1 3 0 2 3 3 3 4 3 1 1 1 3 4 1 0 0 3 1 4 4 4 0 2 1 3 2 3 1 2 2 2 4 0 4 0 3 1 2 0 2 0 0 1 1 1 0 3 4 1 1 2 0 4 0 4 2 2 0 2 1 1 3 1 3 2 1 4 1 4 1 0 0 1 4 4 4 3 1 1 2 0 1 2 1 3 2 0 2 3 2 2 0 4 1 3 0 2 3 2 2 2 4 4 2 1 1 4 4 3 3 1 2 2 4 4 1 1 1 3 0 2 3 1 4 0 3 4 0 0 1 4 1 0 4 4 3 2
4 4 1 0 1 0 2 4 2 2 0 4 3 2 1 2 2 3 0 0 0 3 0 1 3 2 0 3 1 1 2 4 2 0 1 0 0 2 3 4 0 2 2 1 2 1 4 2 4 4 1 1 4 3 1 1 4 2 2 4 3 0 2 4 3 3 4 3 3 0 3 0 2 2 0 0 3 2 4 3 2 2 2 3 1 1 4 0 1 4 4 2 3 3 2 1 3 1 2 3 2 4 2 4 3 2 4 3 0 4 3 2 2 4 3 4 2 3 1 4 0 3 3 1 4 2 2 2 2 3 4 1 0 3 1 4 2 2 4 0 0 3 2 2 2 4 3 3 1 0 2 3 3 4 0 1 3 3 3 0 4 4 3 4 2 4 1 0 1 0 2 0 1 2 1 4 3 3 0 0 3 0 2 0 1 3 3 0 0 0 1 1 3 2 4 4 2 1 3 4 4
4 4 0 1 4 4 0 3 2 1 0 0 4 0 3 3 3 1 2 4 2 4 2 3 4 0 3 1 3 3 0 2 1 1 3 4 1 1 2 3 1 1 2 2 3 1 1 0 1 2 0 3 0 4 4 0 3 1 2 3 4 2 2 1 3 4 1 2 4 4 0 4 4 4 4 1 4 1 2 0 1 1 1 2 3 4 2 1 2 1 3 0 2 4 2 3 2 0 0 1 1 0 0 2 1 3 2 0 0 2 0 0 1 2 0 3 3 2 2 0 1 1 1 4 3 4 0 4 0 2 0 4 1 3 4 0 2 2 1 2 4 2 0 2 3 3 4 0 4 2 3 3 1 1 3 1 2 3 4 1 3 3 2 4 2 1 0 0 4 0 2 2 2 4 4 1 1 3 3 0 3 0 0 3 3 4 0 2 0 4 4 0 1 4 4 2 1 3 3 1 0
4 2 2 2 1 1 1 1 4 0 3 2 0 1 1 3 1 1 4 4 4 4 1 3 1 2 0 1 2 4 4 4 2 4 2 2 4 4 3 1 0 0 2 3 2 2 4 2 3 4 2 0 4 2 3 1 3 0 2 2 4 3 0 2 1 1 0 2 3 4 3 4 2 1 0 1 0 2 0 2 2 3 4 3 1 2 3 0 3 1 3 4 2 0 1 0 0 1 0 4 2 2 1 3 0 2 1 2 0 3 4 3 4 0 4 4 3 3 4 4 0 0 1 4 2 4 3 3 4 2 0 1 4 2 0 4 4 0 1 3 0 2 4 0 0 2 2 4 1 1 3 1 1 3 4 2 4 1 0 1 0 2 4 0 0 3 0 4 3 2 0 1 0 4 1 1 4 0 4 0 1 1 2 3 1 3 0 0 3 2 2 3 0 3 2 1 3 1 4 4 0
4 2 4 4 3 2 0 3 0 1 1 2 0 3 0 0 2 0 1 3 0 1 0 0 3 4 3 0 2 3 1 3 1 4 4 0 3 0 0 2 1 2 0 3 4 3 3 3 2 2 4 3 0 2 1 0 3 0 2 3 4 4 4 2 0 1 4 2 1 0 2 3 4 1 2 4 4 1 0 3 4 4 1 1 2 3 1 2 1 4 0 4 0 3 3 4 3 4 4 2 1 4 2 2 1 4 1 3 1 2 0 1 4 3 3 3 1 1 1 3 3 4 4 0 3 4 1 4 1 2 3 0 1 3 4 2 0 4 0 4 1 1 4 3 1 2 1 0 2 4 3 4 2 3 3 0 3 2 0 2 3 4 0 4 2 4 3 0 1 2 0 0 4 4 4 0 1 3 3 2 1 0 1 1 4 1 1 3 1 4 0 0 1 4 1 1 2 3 4 3 1
4 3 4 3 2 1 3 1 1 0 0 0 4 1 1 2 4 3 4 4 2 2 3 2 1 0 3 3 4 0 4 0 2 1 3 0 3 1 1 1 4 2 1 4 2 3 3 1 2 1 4 2 2 3 1 0 2 4 4 0 2 1 1 1 0 3 3 3 4 1 2 4 4 3 1 3 0 3 0 1 1 0 1 0 3 2 2 1 1 4 0 1 2 4 3 4 2 2 1 0 0 3 2 1 4 2 1 2 1 3 2 4 3 1 1 4 1 1 1 2 1 1 3 4 1 2 2 4 0 3 1 3 3 2 3 4 2 0 4 0 4 4 3 0 0 2 0 0 2 4 3 3 2 0 4 1 4 2 1 1 2 1 1 4 4 3 2 1 2 3 3 0 4 3 3 1 0 1 1 3 2 4 4 3 4 0 1 3 4 3 0 4 1 1 2 2 1 3 2 1 3
4 1 1 4 1 2 2 2 1 1 3 0 1 3 0 4 3 2 2 0 1 0 4 4 4 3 4 1 0 3 1 4 3 0 3 4 0 4 3 4 0 4 3 2 0 2 2 0 1 1 1 4 2 3 3 4 0 4 3 3 4 1 1 3 4 1 1 0 4 4 4 2 2 0 2 1 3 0 3 3 1 2 2 3 1 2 3 3 4 1 1 0 4 1 2 3 4 2 1 3 1 4 2 1 3 1 0 3 4 3 1 1 2 0 4 1 4 1 1 3 1 0 3 2 1 1 4 0 3 4 4 3 3 3 0 4 0 2 3 4 4 3 3 4 3 0 0 0 0 3 4 1 3 3 2 4 0 3 3 0 0 3 2 0 0 1 3 1 2 0 0 0 4 3 4 0 3 0 2 4 0 0 4 0 4 0 1 2 4 1 1 0 1 0 3 2 0 3 0 3 1
4 1 4 0 1 4 2 0 4 4 3 3 2 2 1 0 2 1 1 3 3 2 2 1 3 4 4 4 2 0 4 1 1 2 0 2 0 3 2 1 4 1 0 1 0 1 1 4 4 1 1 3 4 4 1 1 4 3 1 1 1 2 3 2 4 3 3 1 2 4 1 3 3 2 4 1 3 0 1 2 2 3 3 3 0 3 3 2 4 4 0 4 1 1 2 3 0 1 2 4 0 3 4 0 4 4 4 2 3 2 4 4 1 2 1 0 0 2 4 3 3 1 0 3 2 2 4 3 2 0 1 3 1 4 1 3 1 3 4 1 1 4 3 3 0 3 3 4 4 4 1 1 1 3 4 3 4 2 1 0 1 3 2 4 4 0 4 2 2 0 2 4 3 3 4 2 4 0 4 1 2 0 1 3 1 4 0 2 2 0 3 0 3 0 4 4 4 1 0 0 1
4 0 1 2 4 4 0 2 4 3 3 2 1 1 2 3 0 4 0 0 2 0 4 0 2 2 3 4 4 2 0 0 1 2 4 2 2 4 1 4 0 2 4 2 3 3 0 0 3 1 0 1 0 4 1 2 0 3 2 0 3 0 2 2 3 2 4 3 0 2 4 2 3 2 4 3 0 2 3 1 0 1 1 0 4 1 0 0 4 1 3 1 1 2 4 1 3 3 4 1 0 2 4 1 3 0 0 0 1 3 0 2 3 0 2 3 4 4 0 1 4 3 0 3 1 2 3 4 4 3 1 1 2 3 1 2 0 3 1 1 1 3 3 1 3 4 1 4 4 3 1 4 2 3 1 3 1 2 3 4 4 0 0 3 2 4 3 2 1 4 2 2 0 4 2 2 0 4 4 0 2 4 3 3 3 0 1 2 1 2 1 0 2 4 4 4 2 1 2 1 0
4 3 2 3 1 1 4 2 4 4 4 0 1 2 3 1 3 0 0 1 2 4 3 2 3 2 1 2 2 0 0 0 3 4 1 2 0 1 1 3 0 4 0 3 1 0 1 3 4 1 4 3 2 3 4 0 1 2 3 0 4 1 2 0 4 4 4 1 2 1 0 0 2 2 1 1 1 1 2 4 1 4 0 0 3 3 4 1 3 2 0 0 3 4 2 1 4 4 0 2 2 1 3 3 3 0 3 3 3 3 2 1 4 4 4 4 0 1 2 2 4 3 2 1 4 1 2 2 0 0 2 4 3 2 2 3 4 3 1 2 2 4 3 4 0 2 4 2 3 3 3 3 3 0 0 0 4 0 1 1 4 2 2 4 0 1 3 1 3 3 3 4 1 3 0 0 4 2 2 1 3 0 3 0 3 1 2 4 0 1 4 0 2 0 4 2 0 0 1 1 3
4 3 0 4 4 2 3 3 2 2 4 4 2 4 4 2 0 1 4 3 2 1 3 4 0 4 3 4 1 4 1 3 3 1 2 0 0 3 1 1 1 4 4 4 0 0 2 1 0 1 4 2 2 2 4 2 0 2 3 4 2 2 4 3 2 2 0 3 3 4 4 0 4 1 1 4 1 4 0 1 1 0 3 2 3 0 4 2 2 3 0 2 2 1 1 4 4 3 3 0 2 1 4 4 0 3 1 4 3 2 2 4 1 1 4 3 3 4 2 3 3 0 2 1 3 4 3 3 3 1 4 0 4 2 2 3 2 2 2 1 1 1 4 3 2 0 3 0 0 1 2 1 0 2 2 2 1 0 0 3 4 3 2 3 1 2 1 4 1 4 0 0 3 2 1 0 0 1 1 1 0 1 4 3 2 2 3 0 3 2 0 3 1 1 3 0 0 0 0 2 0
4 0 4 4 2 0 3 2 2 0 2 4 1 0 1 2 1 4 4 4 1 3 2 1 2 3 0 1 4 2 0 3 2 2 2 4 1 3 4 3 0 2 3 0 2 4 3 1 3 4 1 2 1 4 3 3 2 2 0 0 4 0 2 3 0 4 2 0 4 1 3 3 0 3 1 4 0 4 3 4 4 0 1 0 2 2 2 2 1 4 0 0 4 0 1 3 2 3 4 0 3 2 3 2 3 1 0 4 4 3 3 3 1 1 3 3 4 3 4 0 2 3 2 1 4 1 1 4 2 4 4 0 3 0 3 4 3 1 3 3 4 3 2 3 1 4 3 0 4 1 1 1 0 1 4 3 4 4 3 2 2 0 0 3 0 1 2 1 0 1 4 0 2 0 2 2 3 3 2 2 2 2 0 2 4 2 4 1 2 2 3 3 1 4 2 2 4 1 4 0 3
4 3 4 0 3 2 1 0 3 2 2 3 4 1 0 4 2 0 0 3 4 1 1 0 2 0 0 2 1 4 0 1 0 2 1 3 4 2 4 1 2 0 0 3 2 0 3 2 4 1 4 2 3 1 1 3 1 0 1 1 0 2 3 4 4 1 1 3 2 0 2 3 3 2 2 1 1 2 2 1 1 4 3 3 3 3 0 1 2 1 4 4 0 3 4 0 3 4 3 3 4 0 0 2 4 2 2 2 1 0 1 3 3 4 1 1 1 3 1 1 3 3 2 4 1 0 3 1 3 1 2 2 1 2 0 4 3 2 3 4 3 4 2 2 3 2 1 2 3 4 2 1 2 0 4 3 1 0 3 3 0 1 4 1 3 2 3 3 1 4 2 2 2 0 4 3 2 3 1 3 2 0 0 3 4 1 4 1 4 1 2 0 2 0 3 3 4 0 3 1 2
4 3 2 3 3 2 2 3 1 4 0 3 2 2 4 1 0 4 2 3 1 3 0 3 2 2 3 2 4 3 0 4 2 2 3 3 3 4 1 3 0 3 1 4 3 3 0 4 2 0 2 2 3 3 1 0 4 3 1 1 4 3 2 3 1 3 2 4 0 1 0 4 3 0 1 3 4 1 4 0 1 4 3 1 3 3 0 2 4 3 4 3 1 4 3 1 4 1 0 1 3 4 3 4 3 3 1 2 3 0 0 3 4 1 0 3 1 2 1 3 1 1 0 1 4 1 1 2 2 3 3 4 1 1 3 2 0 4 4 1 1 1 0 1 4 1 4 4 0 0 4 3 3 3 3 0 2 0 3 4 3 1 3 0 2 1 2 4 2 0 3 2 3 1 4 1 1 4 3 3 1 3 1 1 2 2 0 3 1 4 3 3 4 2 1 1 2 3 1 4 3
4 4 2 3 2 3 1 3 1 0 2 2 1 0 1 1 3 4 0 2 3 1 0 1 0 0 2 0 0 0 3 1 1 3 2 1 2 1 4 3 0 2 4 0 3 4 2 1 0 2 3 4 0 4 3 3 0 2 1 3 3 4 4 2 2 3 2 3 3 0 3 2 3 0 4 3 4 3 1 1 3 0 4 0 2 4 2 1 2 4 0 1 0 1 1 3 2 0 2 3 3 2 0 0 3 1 0 3 2 2 2 4 1 1 4 1 1 3 3 0 4 4 0 3 0 3 3 4 0 1 4 2 0 3 3 0 0 3 2 4 1 3 0 0 1 3 4 1 1 1 0 1 0 3 3 1 3 3 4 0 2 3 4 3 4 2 3 1 3 3 3 4 0 1 1 3 3 3 1 0 3 1 3 4 4 2 2 0 2 4 3 2 0 1 4 3 3 2 1 2 1
4 3 3 4 2 4 2 1 4 1 3 1 3 4 2 1 4 4 3 4 3 0 0 2 3 0 1 3 4 2 0 4 0 1 2 3 3 4 4 2 1 1 0 4 2 1 2 0 0 0 2 0 0 2 4 4 4 4 0 4 3 3 1 0 4 3 1 3 0 0 1 0 2 0 3 1 2 3 0 4 1 3 1 0 2 2 2 0 1 1 1 3 3 4 1 0 4 4 3 3 3 4 3 0 2 4 2 4 4 1 2 3 2 2 4 0 1 1 0 3 0 4 1 4 1 1 4 2 0 3 1 3 2 2 2 1 4 3 1 0 1 4 0 1 2 2 0 1 3 2 3 4 4 0 2 4 2 4 4 1 0 3 4 0 1 3 0 1 1 3 4 4 3 2 1 0 3 1 3 4 1 0 3 2 2 3 1 3 4 2 4 4 3 4 2 0 4 2 3 0 1
4 1 2 2 1 2 2 2 2 2 4 1 4 3 1 4 2 0 1 4 4 0 0 1 2 2 0 4 0 1 4 4 1 1 1 2 2 1 2 0 4 3 2 4 4 0 3 1 3 0 0 4 3 1 4 3 2 2 1 1 1 4 4 0 1 1 4 0 1 1 3 2 0 3 2 0 2 4 2 1 0 4 0 3 4 3 2 4 4 0 2 1 2 3 0 3 4 1 3 0 1 0 1 1 0 3 1 2 3 3 1 2 4 1 0 2 4 1 0 4 1 1 1 0 2 3 4 0 3 3 3 1 2 1 0 0 2 1 0 1 4 1 2 3 2 3 1 3 0 2 3 2 4 2 1 1 0 3 3 2 0 2 4 0 4 1 0 0 2 0 2 0 2 4 2 2 4 2 1 3 1 3 3 1 1 2 0 2 4 4 0 4 4 4 1 1 2 1 4 3 2
4 3 0 2 4 0 0 2 1 3 2 2 1 2 4 4 3 2 0 1 3 0 2 2 0 1 1 2 1 3 3 2 1 3 2 3 1 3 3 3 4 3 0 0 3 0 4 1 4 2 3 3 0 4 1 4 4 0 3 3 4 3 2 0 0 0 2 0 3 0 4 1 2 3 1 1 4 0 3 0 0 1 3 2 2 1 3 3 0 0 1 3 0 4 4 0 2 3 1 2 4 1 3 2 0 4 1 2 2 4 4 3 4 0 3 3 4 3 1 3 0 1 1 1 3 3 1 1 0 2 4 4 1 3 1 3 0 0 1 3 0 0 3 3 4 1 4 3 4 4 0 2 1 3 1 4 4 2 1 0 4 2 0 4 4 1 2 0 0 3 3 2 4 1 4 2 2 1 0 4 2 2 4 0 4 1 3 0 2 1 3 1 4 1 2 1 4 1 4 4 1
4 0 1 2 1 1 1 3 3 4 0 2 3 0 1 2 4 1 1 0 2 0 4 0 3 0 4 3 1 1 1 4 0 3 4 0 0 4 2 3 0 0 1 4 4 2 4 2 0 1 1 4 0 2 4 1 2 0 3 1 4 1 1 1 4 0 3 4 1 1 4 0 1 3 4 2 2 1 2 3 1 4 1 3 3 0 1 3 0 4 4 0 1 2 0 4 2 3 2 2 4 2 3 4 3 2 3 1 0 2 2 0 0 0 1 0 4 0 1 4 1 0 2 4 2 1 1 4 4 3 4 2 2 1 3 2 3 2 3 0 2 4 2 2 2 3 2 3 0 4 3 4 3 0 4 2 2 2 1 2 1 2 4 4 0 3 4 1 2 0 4 3 1 1 4 2 2 2 1 2 0 3 2 1 2 3 1 2 3 3 0 2 3 1 0 4 3 1 4 2 3
4 0 0 4 0 2 2 0 0 2 1 2 3 2 1 1 4 2 1 0 0 1 1 1 2 4 0 4 1 4 1 2 4 0 3 3 3 4 4 2 0 2 0 0 4 2 3 1 0 1 1 0 1 1 1 0 4 1 0 1 2 4 0 4 3 4 1 3 0 4 0 3 1 2 1 2 3 2 1 2 3 3 2 0 3 2 2 3 1 4 1 0 4 0 0 3 2 2 1 1 1 2 1 4 2 2 4 4 3 3 3 0 1 1 2 2 3 0 4 4 1 4 3 1 2 4 2 4 1 1 4 4 4 4 2 3 1 1 4 3 3 2 1 3 2 0 4 4 2 4 3 4 1 0 1 2 4 2 3 4 0 4 1 2 2 4 2 0 4 4 4 3 4 1 2 2 0 1 3 3 0 4 4 3 2 2 2 3 3 0 3 0 1 0 0 2 2 1 3 1 1
4 2 4 4 0 2 1 1 3 1 2 4 2 1 1 0 3 1 3 0 0 0 0 1 1 2 3 0 4 0 1 4 4 3 0 0 1 3 0 2 0 3 4 4 4 2 3 4 4 0 4 4 2 1 4 2 1 4 2 1 1 0 1 0 4 2 1 0 2 4 2 2 1 4 3 4 0 3 4 4 3 0 2 2 0 2 3 0 1 0 4 2 0 1 2 3 1 3 2 1 2 4 2 3 4 0 1 0 4 4 3 0 2 3 3 0 3 0 3 1 4 3 3 2 3 1 2 3 3 4 2 3 3 3 0 1 1 4 1 3 2 4 2 0 3 2 0 4 2 3 4 0 2 2 2 3 4 1 4 0 0 3 0 2 4 1 4 2 2 0 3 1 1 4 1 0 1 1 4 1 3 0 4 0 0 1 3 1 4 4 1 3 2 0 4 3 0 4 3 4 1
4 3 0 0 4 2 2 3 2 0 2 3 2 3 0 1 2 4 4 3 1 4 4 3 0 1 1 2 0 2 2 0 0 4 1 3 1 2 3 1 4 0 1 4 0 4 2 2 2 0 4 1 3 4 4 4 3 3 3 1 2 3 3 2 3 2 1 1 3 3 0 4 2 2 1 3 0 1 0 1 3 4 0 2 4 1 2 2 3 3 2 2 4 0 4 4 2 1 2 2 2 1 4 2 1 2 0 0 4 4 4 0 0 1 1 4 3 3 3 3 4 3 0 2 3 3 1 0 3 3 3 4 3 4 3 3 3 3 3 2 1 3 0 0 4 2 0 2 3 4 1 2 2 2 4 3 4 3 1 4 1 2 3 0 2 2 4 3 2 1 0 4 4 3 0 3 2 1 0 3 0 2 3 3 3 3 0 4 4 0 1 2 1 0 4 2 2 4 2 0 1
4 2 3 4 1 4 3 2 2 4 3 3 0 4 3 0 2 0 1 1 0 2 3 0 4 0 4 1 4 3 3 2 3 3 1 0 1 2 2 2 4 3 3 1 0 0 2 4 4 1 4 2 1 0 3 1 4 0 3 0 4 3 1 3 3 0 1 2 3 1 3 2 3 0 3 3 2 1 3 2 0 4 4 3 3 2 2 2 3 1 0 3 4 3 4 3 4 2 1 1 2 2 3 4 3 2 4 0 2 2 3 2 2 0 4 0 1 0 3 4 4 2 2 1 4 1 4 1 1 2 2 0 2 0 2 3 1 0 0 2 2 0 1 3 0 0 2 4 2 2 4 3 0 4 3 0 2 4 1 4 0 0 4 4 4 1 2 3 4 2 0 1 2 0 0 4 1 3 3 3 4 4 4 0 2 0 3 0 0 1 3 2 3 1 4 0 3 0 3 4 1
4 2 0 3 1 4 0 3 0 2 1 0 2 1 0 0 0 4 0 3 4 1 2 2 0 2 1 1 1 1 0 1 3 3 3 4 0 1 1 4 3 2 2 0 1 3 2 1 2 3 0 3 2 4 2 2 4 1 0 0 1 2 1 3 0 2 4 0 2 1 1 4 0 3 2 0 4 2 3 2 4 1 1 0 3 2 1 3 0 2 0 4 3 0 4 2 4 3 2 2 4 0 2 4 1 0 4 4 2 3 4 4 3 3 2 3 0 0 4 3 0 2 0 4 2 3 4 2 2 1 3 1 3 2 4 1 2 0 2 1 3 3 1 4 2 1 0 3 1 2 3 2 1 2 2 0 0 3 0 2 4 1 2 2 2 4 3 1 1 3 3 1 4 0 2 0 2 1 1 2 2 0 4 1 4 3 0 4 4 3 3 0 0 0 1 0 0 1 0 4 1
4 4 2 3 4 1 4 1 0 0 2 4 2 3 2 4 4 4 1 1 1 1 0 4 0 2 4 3 4 2 1 3 3 3 2 1 2 3 2 2 1 4 0 0 1 3 4 4 2 3 4 4 4 2 0 3 2 0 1 3 1 1 1 4 3 3 0 1 0 1 4 3 3 1 2 3 4 2 1 3 2 0 3 2 3 3 3 1 3 3 4 1 4 0 3 2 4 2 4 3 4 3 1 4 2 3 2 4 3 4 0 2 3 2 2 3 0 3 2 1 1 1 4 0 0 0 3 2 3 4 0 4 0 3 4 4 2 1 3 4 3 2 0 1 1 1 4 0 1 4 2 2 3 3 4 4 3 1 1 2 4 3 4 4 3 2 1 3 0 3 0 0 2 1 3 4 4 3 0 1 4 0 1 0 3 0 4 4 3 1 0 4 4 4 1 3 2 3 1 1 3
4 4 1 2 2 4 3 0 3 0 0 2 0 1 1 3 0 3 0 3 0 3 3 2 0 4 4 0 3 0 4 2 3 3 1 3 1 0 3 4 3 3 1 2 0 4 1 3 1 3 2 3 1 2 2 0 4 4 4 3 3 0 2 0 0 4 2 3 0 2 4 1 1 1 4 4 0 2 0 4 2 1 4 3 4 0 1 2 4 0 1 3 3 4 3 0 1 3 3 0 0 4 4 1 0 2 3 0 0 3 1 0 0 1 3 0 2 1 0 3 4 3 3 2 3 3 2 2 2 3 0 4 2 0 0 4 3 3 3 4 4 4 0 0 1 4 0 4 1 2 0 1 2 3 4 2 4 1 2 2 4 3 3 4 1 0 0 0 3 2 2 4 3 3 0 3 3 1 4 1 0 0 2 1 2 3 3 1 4 0 0 1 0 0 1 2 1 1 2 3 0
4 1 2 0 0 0 4 1 3 4 1 0 0 1 1 1 4 2 1 3 4 2 1 0 2 4 0 3 3 3 2 4 0 2 4 0 4 0 1 0 1 2 2 3 4 2 3 4 0 1 2 3 4 0 0 2 1 3 1 4 3 0 2 4 2 0 2 1 2 0 3 0 0 2 1 2 4 3 0 1 0 3 0 1 2 0 4 3 1 4 1 0 3 3 4 0 2 3 2 4 2 0 3 1 2 3 1 1 1 4 3 0 3 2 2 0 4 0 0 2 0 0 0 4 0 0 1 3 0 1 4 2 4 2 3 3 1 4 2 4 3 2 1 0 4 1 0 0 0 3 4 2 2 3 3 2 4 3 4 0 3 0 3 0 4 3 3 3 4 4 0 1 1 1 1 0 1 1 3 0 4 1 0 4 0 4 1 1 2 0 0 2 1 4 0 2 3 1 4 3 2
4 0 2 2 2 1 4 4 4 1 1 0 4 4 0 0 0 4 4 0 4 0 3 1 0 3 4 4 0 4 1 3 0 3 3 4 4 4 2 1 2 4 4 3 4 3 4 1 2 2 3 1 3 3 2 2 4 1 0 1 2 0 2 0 1 2 0 4 0 0 4 2 2 3 0 4 2 1 0 2 1 4 3 3 4 1 1 1 1 4 2 3 3 2 2 2 0 0 0 0 0 2 1 2 2 4 3 2 4 1 2 2 0 2 3 1 2 2 4 2 3 1 0 2 3 1 3 2 4 0 0 1 1 4 4 1 4 3 1 3 3 1 2 3 3 4 0 4 0 2 1 0 4 4 3 3 1 1 2 2 2 3 4 4 2 3 1 4 1 4 3 2 3 3 2 0 1 0 1 2 1 0 4 0 3 1 3 4 0 1 2 3 3 0 1 2 1 2 3 0 2
4 2 1 2 4 1 1 1 0 3 4 2 3 3 4 4 3 2 4 3 1 3 0 1 2 4 1 2 3 2 4 3 4 4 1 1 1 2 2 3 1 4 1 3 4 2 1 0 2 3 0 2 1 3 3 4 0 4 4 2 4 3 3 0 0 0 3 2 4 4 1 4 2 0 1 4 3 1 2 4 0 3 0 3 4 4 4 4 0 0 2 0 1 2 1 2 0 2 0 2 3 0 2 0 0 4 2 4 0 3 3 1 4 2 2 1 1 2 2 4 3 2 3 1 3 0 3 3 1 0 2 2 4 4 1 3 3 0 1 4 0 0 2 0 4 1 1 0 0 3 3 1 3 2 0 3 3 2 2 3 4 2 2 4 4 0 2 1 3 1 4 0 1 2 4 4 4 4 2 4 3 4 4 0 2 2 2 1 3 2 3 3 1 0 0 1 3 1 0 0 2
4 2 0 1 3 0 3 3 3 1 2 3 1 4 4 1 0 1 4 2 3 1 3 4 2 3 3 3 0 3 4 1 2 0 3 3 1 1 0 3 3 3 4 3 0 0 3 4 1 0 3 2 3 4 4 4 1 3 2 4 4 2 0 0 4 4 4 1 1 4 2 4 1 3 1 3 2 0 3 1 0 3 2 1 0 4 3 4 1 4 4 2 3 4 0 1 4 3 3 4 1 4 1 1 1 1 3 1 3 3 3 3 0 2 1 3 0 2 2 0 0 2 1 0 0 3 0 1 3 0 1 2 1 2 3 4 4 3 2 3 4 1 0 0 0 0 4 4 1 0 3 1 3 0 0 4 2 2 4 4 2 4 3 3 3 3 1 1 3 1 3 1 0 1 0 3 3 4 1 2 1 0 1 2 4 4 3 2 2 3 1 0 0 4 0 2 3 1 3 2 0
4 1 1 0 3 3 0 0 2 0 3 2 4 1 4 1 2 3 3 4 4 0 3 2 2 1 0 1 0 0 4 0 0 1 1 0 1 3 0 2 2 1 1 3 2 1 4 3 0 0 3 3 3 1 2 4 3 0 4 3 2 2 4 1 3 3 1 3 1 2 1 0 1 4 3 0 1 4 3 4 4 3 2 3 4 2 3 0 3 1 1 3 3 4 0 3 4 3 1 2 0 0 0 2 0 1 4 0 2 1 1 3 2 3 0 4 3 1 1 3 1 1 0 0 1 2 1 3 4 1 3 1 0 1 3 4 0 0 0 4 4 3 1 4 0 4 2 2 3 1 4 1 3 4 4 0 2 4 0 4 1 0 0 1 4 4 0 2 1 4 2 1 2 1 2 1 2 0 3 0 0 0 0 0 0 1 4 3 1 0 3 0 4 2 4 2 0 1 1 1 1
4 2 0 2 1 3 3 4 1 0 0 3 1 4 4 3 4 2 3 0 0 3 4 2 0 2 3 4 4 3 4 2 3 4 1 3 2 2 1 4 3 4 1 1 0 2 3 1 0 0 4 1 2 0 1 1 3 3 2 0 2 0 2 3 0 2 3 0 0 0 0 4 0 3 3 2 4 1 3 2 3 3 2 2 0 3 3 0 2 3 4 0 0 2 2 4 4 1 3 1 3 0 1 2 0 1 3 4 1 4 1 1 0 3 3 1 3 0 3 3 4 1 0 4 0 1 1 3 1 4 4 3 2 3 0 4 3 3 3 1 4 0 3 1 0 4 1 0 4 4 4 4 2 4 2 1 3 3 1 4 2 0 2 4 0 2 4 4 0 2 1 1 3 0 0 1 0 1 0 1 4 0 2 2 1 3 0 4 0 2 4 2 2 4 3 1 4 1 0 3 3
4 3 2 0 2 2 0 2 2 1 0 1 4 0 0 2 0 3 4 4 3 1 3 2 2 2 0 0 3 1 2 1 2 3 4 0 3 4 2 1 2 1 0 3 1 3 3 0 2 4 1 3 3 3 4 0 0 2 1 4 2 1 2 1 4 4 0 3 0 0 2 1 3 0 3 1 3 4 4 3 0 4 0 0 1 2 4 0 4 3 3 4 4 1 1 3 3 1 2 3 4 2 4 0 3 0 1 2 1 0 2 2 4 4 1 2 1 3 2 1 1 0 0 4 2 3 4 4 4 1 1 2 4 1 0 0 1 0 0 3 3 1 3 4 0 4 0 2 3 0 2 0 2 2 0 4 1 0 4 1 0 4 2 3 1 1 3 4 2 1 4 0 3 0 1 1 0 3 3 1 3 0 3 0 3 3 0 0 1 1 2 3 4 2 3 0 4 0 0 1 1
4 4 1 4 4 2 3 1 2 4 3 3 3 1 4 3 4 3 3 2 3 1 3 3 1 1 0 3 3 4 0 0 1 0 1 4 1 4 4 1 2 1 0 2 3 4 3 0 2 1 4 1 1 2 4 4 4 0 4 3 2 3 2 2 1 3 4 2 0 1 4 2 4 1 2 2 0 0 1 0 0 4 4 2 3 3 3 1 1 0 3 4 2 1 2 0 2 3 1 4 2 1 2 3 0 0 3 4 1 4 1 3 4 3 0 0 2 2 3 3 3 2 4 0 0 0 4 3 4 1 4 1 0 4 2 4 3 2 4 1 4 0 1 0 1 4 0 2 3 3 3 2 1 0 3 1 0 3 3 3 3 2 0 3 2 4 3 1 1 2 3 3 4 0 0 0 4 1 2 2 4 4 4 4 3 0 3 3 4 4 3 0 0 2 0 1 4 4 3 0 1
4 0 1 4 1 3 2 1 1 1 1 3 0 4 3 0 1 4 2 0 4 4 2 2 4 0 3 4 1 3 0 4 0 0 1 3 2 0 4 3 3 2 1 3 4 3 4 0 2 3 2 4 3 2 4 1 1 4 2 4 3 2 1 1 4 3 3 3 2 4 1 4 0 4 3 4 1 4 4 1 4 1 0 2 0 2 2 2 2 1 1 3 0 1 0 1 3 2 1 3 1 4 4 3 2 3 3 3 4 3 2 1 4 1 0 2 3 3 4 4 1 1 1 3 2 4 3 1 1 4 4 0 4 0 4 2 3 2 1 3 2 2 0 2 1 3 0 3 2 4 4 4 2 4 4 0 2 1 1 3 0 3 3 1 0 0 1 2 1 4 2 4 4 3 3 4 2 0 4 0 1 2 1 3 1 2 4 1 0 2 4 3 1 4 2 3 2 2 0 1 4
4 1 1 2 3 1 1 3 2 2 0 0 4 0 0 1 1 2 4 4 2 2 1 1 4 2 1 2 2 2 0 0 2 2 4 0 4 2 0 2 2 2 3 4 4 3 1 4 2 3 3 1 4 4 1 1 3 0 1 0 1 4 1 1 0 2 1 1 0 1 0 2 0 2 1 2 1 3 0 4 4 2 0 3 2 4 0 4 2 1 1 0 2 2 2 3 2 2 0 2 1 2 2 1 2 3 4 0 4 2 1 3 2 0 0 0 3 0 2 0 2 3 2 4 2 2 2 4 3 0 0 4 3 2 0 2 3 0 3 2 2 1 4 0 0 1 0 2 0 4 0 2 0 0 1 0 4 2 2 0 0 0 0 0 3 2 1 0 1 4 3 4 0 2 4 0 1 3 4 2 1 1 3 2 4 4 2 4 4 0 2 3 1 3 1 2 0 3 1 3 3
4 3 2 2 1 3 0 4 0 0 0 0 3 1 1 1 4 4 1 3 1 0 0 4 2 3 0 4 0 0 3 3 0 4 1 0 0 3 4 1 1 3 0 4 3 1 3 1 0 1 4 0 3 2 4 0 0 2 1 3 2 3 3 4 0 3 4 3 2 1 3 0 3 2 1 2 0 0 1 3 3 0 2 1 1 1 1 0 2 4 0 1 1 0 4 3 0 2 4 2 1 4 1 3 4 3 0 2 4 4 4 2 4 3 1 0 2 2 2 4 3 3 2 4 4 3 1 4 0 4 4 2 0 0 2 0 2 1 4 4 4 3 2 4 0 0 4 4 2 1 1 4 1 4 2 1 1 4 4 1 4 2 3 0 1 0 3 2 0 3 3 0 1 3 1 1 0 3 3 1 1 1 3 1 4 2 3 0 1 4 1 3 2 0 0 3 2 1 1 4 0
4 4 4 0 2 1 1 1 0 0 1 4 0 0 3 2 1 0 3 0 4 4 3 4 2 1 1 1 1 0 4 2 3 4 2 0 1 0 0 3 2 1 4 1 4 3 2 0 1 4 1 2 1 3 4 3 4 2 3 3 1 1 4 0 1 1 1 0 4 2 3 1 1 0 4 0 2 0 4 2 4 1 4 1 0 2 3 3 3 0 0 1 1 0 3 2 2 4 4 0 3 4 1 2 1 0 4 4 4 2 4 4 3 0 1 3 2 1 2 1 1 0 0 3 4 3 3 3 4 0 3 3 2 2 2 1 4 4 0 1 2 2 3 4 1 2 0 4 2 4 0 2 2 2 2 0 1 1 4 2 0 2 4 0 2 1 1 2 2 0 1 3 2 1 0 0 0 0 2 2 4 2 1 0 3 1 0 3 1 0 1 1 4 0 4 1 3 3 1 2 3
4 0 3 3 1 1 4 0 1 4 1 0 2 3 1 2 1 4 4 3 1 2 2 3 1 2 3 2 3 1 2 1 0 0 4 2 3 2 3 4 1 3 0 0 3 3 0 1 0 4 1 0 4 4 3 4 3 4 3 2 2 4 2 2 2 1 0 1 0 1 1 4 0 1 4 2 3 3 1 4 2 4 3 2 1 3 0 2 4 1 2 3 4 0 3 2 2 4 1 3 1 4 0 0 3 2 1 4 2 3 0 1 1 1 4 3 2 4 0 3 1 1 2 1 2 3 3 0 3 3 3 4 3 0 2 3 4 2 1 1 0 1 3 2 1 0 1 2 0 4 3 3 1 2 3 1 1 0 2 4 1 3 4 3 3 1 2 2 3 4 0 3 2 2 2 3 3 0 1 0 1 4 1 1 0 0 4 0 1 1 4 4 1 3 1 2 0 3 2 3 1
4 0 1 0 1 1 0 3 0 2 2 1 3 0 2 3 3 2 4 3 3 4 0 4 1 0 0 1 1 1 2 4 4 3 2 0 1 3 1 1 4 2 2 2 1 3 4 2 2 0 2 2 0 1 4 2 2 2 0 3 1 0 1 4 3 1 4 1 3 2 0 3 4 4 1 3 2 2 4 0 0 0 2 3 1 0 0 1 0 1 2 3 0 0 1 4 3 0 2 1 2 3 0 1 1 3 4 4 4 3 4 1 3 2 0 2 0 0 0 1 3 1 1 2 4 4 4 2 3 0 2 3 2 3 2 2 3 2 4 0 2 3 0 2 3 4 3 0 3 3 3 2 2 1 1 1 1 2 4 3 2 4 4 3 0 3 0 1 4 2 4 2 1 4 0 1 4 1 3 3 2 1 1 1 3 0 3 0 1 0 3 1 0 1 0 4 0 2 4 0 1
4 3 0 0 1 2 2 0 2 3 3 3 2 3 3 1 3 2 2 3 2 1 4 0 1 4 2 2 3 1 4 1 4 4 4 3 2 2 3 0 1 0 4 3 2 2 1 0 1 2 1 0 3 1 0 0 0 0 3 1 2 4 2 1 3 3 1 0 1 1 1 4 0 2 0 2 3 4 1 2 4 4 3 1 1 0 3 1 0 3 4 2 4 4 4 0 2 2 1 3 0 1 2 0 3 2 1 1 1 4 0 2 0 1 3 1 4 0 0 1 1 2 1 4 4 3 3 2 4 2 2 1 1 4 1 4 3 1 3 2 1 0 2 1 0 4 1 3 4 0 3 1 1 4 0 4 0 3 0 0 1 3 0 4 1 2 1 4 4 2 1 3 4 0 4 0 0 2 4 1 3 3 2 1 4 4 2 4 3 2 1 2 0 2 2 1 2 0 0 0 3
4 4 2 4 1 0 2 3 3 3 4 3 3 1 0 0 0 4 3 3 4 2 3 0 1 4 2 4 1 4 1 2 4 4 2 1 1 1 2 0 4 3 4 4 0 4 3 4 2 3 1 3 4 0 3 4 1 1 3 3 4 1 4 2 2 1 2 0 3 3 2 1 2 2 3 2 2 1 3 0 3 0 2 4 3 1 0 3 1 3 3 3 2 0 4 2 1 4 1 4 3 3 3 1 2 2 1 1 1 4 4 2 4 4 3 2 3 0 1 2 1 3 2 2 1 3 2 4 1 2 2 4 0 3 1 0 2 2 3 3 2 1 3 3 4 0 0 2 1 4 0 1 2 0 0 4 4 4 4 2 4 0 4 2 3 2 1 2 4 1 0 3 4 0 3 3 1 4 4 4 1 0 4 2 3 4 4 0 1 0 1 2 3 2 2 4 0 4 2 3 2
4 3 4 3 0 0 1 2 2 0 4 0 1 2 1 4 2 0 1 3 2 0 0 2 1 2 1 4 4 3 1 1 4 3 1 0 1 0 2 1 4 4 1 1 3 4 2 2 1 2 1 2 1 4 3 0 1 2 3 0 3 4 4 3 0 1 0 4 4 2 3 4 2 0 4 1 2 1 2 4 4 0 2 4 0 4 3 2 0 4 1 4 1 4 0 0 4 0 0 4 3 0 3 1 3 2 4 0 4 1 3 4 3 2 1 2 4 4 0 2 0 4 3 3 1 0 1 2 1 0 1 0 4 1 3 4 0 3 2 1 4 3 3 0 1 1 2 4 4 2 1 2 0 1 2 4 0 3 3 3 2 1 2 1 3 4 1 3 3 4 3 3 2 4 1 3 2 0 1 4 0 0 0 3 3 4 4 1 0 3 4 4 3 0 4 4 0 3 4 3 0
4 3 4 2 0 2 0 3 4 0 4 3 2 3 3 1 4 1 1 4 2 3 4 4 2 1 1 2 2 0 4 3 0 4 3 4 4 2 2 0 3 0 4 2 2 3 2 3 1 2 0 2 2 2 2 1 2 4 2 4 4 2 1 1 2 4 1 2 4 0 0 4 2 4 0 0 4 1 1 4 4 1 3 1 2 3 1 0 2 1 4 3 1 2 2 0 4 1 4 3 4 0 2 4 4 4 0 1 3 2 0 1 4 2 0 3 4 4 4 3 1 2 4 0 0 1 2 0 3 4 4 3 3 0 3 2 4 1 2 4 1 0 0 1 2 3 4 1 0 3 2 0 3 1 0 1 0 4 0 0 2 1 3 3 2 1 1 2 0 3 3 3 0 3 4 4 2 2 4 4 2 0 3 3 4 2 3 0 4 3 0 1 4 4 1 4 2 2 1 2 3
4 1 1 2 3 0 1 1 3 0 3 3 1 2 3 1 1 1 2 4 3 2 2 2 0 4 0 3 0 3 3 3 4 3 1 2 1 3 2 1 2 1 2 2 1 2 0 4 4 1 2 4 4 3 3 2 4 4 3 2 1 1 4 4 3 3 1 3 0 0 4 4 1 0 4 1 3 0 1 1 0 3 1 2 0 1 4 1 4 1 0 2 4 0 3 4 0 3 4 3 0 3 4 1 3 0 0 2 0 3 1 2 0 3 4 3 2 4 4 0 0 3 4 0 4 0 4 3 2 2 0 1 0 2 4 0 2 4 1 4 2 3 0 0 2 1 0 4 0 2 2 2 3 3 1 0 1 1 0 4 0 1 0 4 3 1 2 3 2 4 3 3 3 2 0 0 1 4 3 0 0 3 4 0 4 3 3 3 1 0 3 0 2 2 2 3 4 0 1 1 3
4 0 2 2 1 0 3 2 3 3 1 2 3 0 1 4 3 2 3 4 3 0 2 2 2 1 0 0 3 0 0 4 3 3 3 4 0 3 0 4 3 0 1 4 4 2 2 1 1 2 1 1 3 2 0 3 4 4 1 3 3 4 0 4 1 2 0 2 2 1 1 4 0 0 1 2 2 3 3 2 0 3 0 0 3 1 4 0 4 3 0 0 1 4 4 2 0 4 3 2 0 0 1 2 2 0 4 2 1 3 3 4 4 2 0 3 0 4 3 0 2 4 0 1 3 1 2 1 4 3 2 4 1 4 0 2 1 0 0 3 4 0 0 4 2 2 3 3 4 0 2 2 1 0 0 0 0 3 2 0 4 1 3 2 3 0 1 1 2 1 4 0 4 3 1 0 1 1 3 2 2 1 4 2 4 3 4 1 1 4 4 0 0 0 2 1 3 2 4 1 0
4 0 0 4 0 0 2 4 4 2 1 3 3 4 2 1 1 0 4 3 1 2 1 3 3 4 0 1 3 2 1 4 0 3 4 3 1 3 4 3 2 3 2 2 3 2 2 0 3 0 4 2 1 4 2 4 3 4 0 1 1 0 3 1 2 0 0 3 1 4 4 0 0 4 2 0 2 4 3 4 0 1 4 0 2 4 0 1 0 0 4 4 4 0 0 4 2 3 4 4 2 0 0 0 3 4 0 0 4 1 2 0 0 3 0 4 3 3 0 4 0 4 2 0 4 1 1 2 4 3 1 2 4 1 0 0 3 4 4 0 0 0 2 2 3 1 0 4 0 2 2 2 0 3 1 3 3 1 3 1 1 1 4 3 1 1 0 1 3 2 4 3 4 3 2 2 0 0 4 0 2 1 2 3 3 2 0 1 3 0 1 3 1 1 4 1 4 0 4 1 3
4 3 0 1 4 4 2 2 3 4 0 3 4 2 1 3 2 2 2 0 1 1 4 0 2 1 1 3 3 0 4 4 2 0 3 2 4 0 3 0 3 4 1 4 4 3 2 1 4 1 3 1 4 4 4 3 3 0 2 1 3 0 1 2 0 3 0 1 2 1 1 4 1 3 1 2 1 2 3 0 3 4 0 4 0 1 0 3 0 1 4 1 4 4 4 4 3 3 3 1 4 3 4 2 1 3 2 0 0 2 0 3 1 1 4 3 3 0 0 3 2 1 3 1 0 2 4 2 0 4 3 1 2 0 3 3 3 3 2 2 2 0 0 1 0 2 4 1 0 2 2 4 4 3 4 4 2 4 0 0 4 4 4 1 1 4 3 2 1 1 1 0 2 2 2 1 4 1 4 4 0 0 4 4 2 2 4 4 3 4 0 3 2 3 0 2 4 4 3 0 2
4 0 3 1 2 2 3 0 1 3 3 1 4 2 2 3 2 1 4 1 1 0 2 4 1 2 0 0 1 2 4 4 3 0 0 4 0 4 2 0 0 1 2 2 1 3 1 2 4 0 1 3 4 4 2 2 0 1 3 3 1 2 4 0 1 3 4 2 4 2 4 4 3 1 3 3 3 3 3 0 0 1 4 1 3 2 0 2 0 0 1 1 2 3 4 1 4 4 2 3 4 2 0 4 2 2 1 0 3 3 1 1 3 3 4 2 0 0 0 3 3 2 4 1 3 4 2 3 2 0 3 2 1 2 4 1 1 0 1 3 1 0 2 3 4 2 0 3 4 0 4 0 3 2 4 4 3 3 1 0 3 3 0 2 1 3 1 2 1 0 3 2 4 3 4 4 3 2 2 4 4 4 0 0 2 1 1 1 4 3 1 0 0 0 2 2 1 0 4 4 1
4 1 0 4 4 3 0 0 2 0 3 3 4 3 3 2 2 1 0 2 3 0 3 0 0 1 2 4 0 3 4 4 4 1 2 4 3 2 0 4 4 0 4 2 3 3 2 2 4 0 1 1 1 2 3 3 1 0 4 1 4 2 1 0 2 3 4 2 4 3 3 4 1 2 2 2 4 3 1 0 1 3 0 2 1 1 0 1 0 0 4 2 3 0 3 1 4 1 0 2 4 4 4 2 2 2 2 4 3 3 0 0 4 3 3 0 1 0 4 1 0 3 2 1 3 1 3 2 4 1 4 2 2 1 3 0 1 4 3 0 2 3 4 1 1 2 2 3 4 3 3 4 2 4 1 2 2 4 3 0 2 1 2 0 0 4 2 4 0 0 0 4 2 1 4 2 0 3 4 2 0 0 4 0 0 1 0 4 3 0 3 3 1 0 3 1 2 1 3 2 0
4 4 1 0 4 4 0 0 2 4 4 4 0 0 2 4 1 3 4 3 1 2 1 1 2 3 2 2 2 4 1 1 1 0 1 0 1 0 0 0 2 0 4 1 4 2 2 3 3 2 0 0 0 2 1 3 2 2 2 4 0 0 0 3 4 2 0 0 3 0 1 1 1 1 2 3 0 3 0 2 3 0 1 0 0 2 3 2 0 0 3 2 1 0 4 1 2 2 3 2 1 3 1 3 1 2 2 0 2 0 2 2 4 4 0 0 0 3 1 1 3 1 1 4 2 0 4 3 4 1 2 0 4 4 0 2 3 4 2 0 1 2 1 2 1 4 4 2 3 3 2 2 4 4 3 3 3 2 1 1 0 4 0 2 1 0 1 2 2 4 0 1 1 0 4 4 2 1 1 3 0 1 0 4 1 0 1 2 4 3 0 3 1 2 3 2 0 2 3 1 0
4 1 2 3 4 1 0 0 2 4 4 3 1 1 4 2 1 3 2 2 4 3 1 2 2 2 2 2 2 3 3 1 4 4 2 1 2 4 3 0 4 1 0 0 2 4 2 4 1 3 0 4 0 1 3 0 0 0 3 2 0 3 3 3 2 0 0 4 3 3 0 4 3 0 4 4 0 4 3 3 1 3 0 2 3 0 3 4 2 0 0 4 4 2 2 3 2 2 0 3 3 3 0 2 0 0 3 0 3 4 0 0 0 3 3 4 1 1 4 4 1 1 2 3 0 0 0 4 4 4 4 0 0 0 4 3 0 3 4 1 1 4 3 2 4 0 2 3 0 4 0 0 0 0 4 3 1 1 0 4 4 4 4 0 0 4 4 0 2 4 2 4 3 0 4 0 2 3 3 0 2 2 1 0 2 4 3 3 3 1 4 0 0 3 2 4 3 4 3 3 1
4 3 2 0 3 3 4 0 2 4 4 1 4 3 2 4 1 2 3 0 0 3 4 1 1 4 0 4 4 4 4 2 2 3 1 1 3 3 2 3 2 0 4 4 4 3 2 2 3 2 4 2 3 0 0 3 2 0 1 1 3 2 2 0 4 2 3 4 4 0 0 2 2 3 0 1 4 0 4 2 2 0 4 4 2 2 1 0 0 0 1 3 1 2 1 2 4 1 3 0 1 3 4 1 2 0 3 4 3 4 3 2 1 2 1 2 4 1 1 1 0 1 4 0 1 2 1 1 2 2 0 3 4 4 3 0 0 3 1 3 0 1 3 3 3 3 0 2 0 1 1 3 4 3 3 2 1 2 0 2 1 2 0 0 1 4 3 2 0 1 0 2 2 0 0 0 0 3 2 4 0 1 3 0 4 0 4 0 4 3 3 2 0 3 0 0 0 0 4 1 4
4 0 2 3 3 2 0 1 0 4 4 1 1 1 4 4 1 1 4 0 4 1 3 0 2 2 4 0 3 1 3 0 3 0 1 0 0 2 3 0 4 2 4 3 1 2 3 3 2 0 1 3 2 1 1 3 1 1 3 4 1 2 1 4 1 4 0 4 0 2 1 0 4 4 2 2 3 2 3 2 1 0 1 1 4 0 1 4 4 2 4 2 3 2 2 3 0 4 1 0 3 0 2 1 2 3 1 2 3 2 1 0 2 1 0 4 0 3 0 3 3 2 4 4 0 4 3 2 0 4 2 2 2 1 3 1 4 2 4 4 0 1 4 3 2 4 4 0 1 0 4 0 0 3 2 3 0 3 4 4 0 1 4 1 0 0 0 1 1 1 2 2 1 1 1 2 0 0 4 3 2 0 1 2 1 0 3 3 4 1 2 3 1 1 4 4 3 1 1 2 1
4 0 3 2 4 0 0 1 0 3 4 2 1 3 4 1 1 1 0 3 3 1 3 1 1 1 1 0 2 4 0 2 3 3 0 4 1 0 3 3 2 4 2 4 2 0 4 3 4 0 2 2 4 0 1 0 0 4 1 2 3 1 1 1 0 4 4 1 1 1 4 0 1 3 0 2 2 1 1 2 1 3 4 4 0 3 3 4 3 2 1 4 4 3 3 4 2 4 1 0 4 0 4 0 0 4 0 3 1 2 2 3 2 2 3 2 4 2 4 3 3 3 3 3 2 4 3 3 1 4 4 1 0 1 4 0 0 1 0 3 1 2 0 3 2 3 3 1 3 1 3 1 1 2 4 1 0 0 3 1 2 3 2 0 2 1 1 3 3 0 4 2 4 3 3 4 0 2 4 0 3 0 1 0 2 2 4 2 1 3 0 0 0 0 3 1 1 2 2 1 1
4 4 2 4 3 0 3 3 1 0 4 0 2 1 3 3 2 3 3 3 4 2 1 2 3 1 3 2 2 1 1 2 0 2 0 0 3 4 3 1 4 0 0 1 1 3 2 3 2 4 1 0 4 3 4 3 4 0 3 4 3 0 0 3 0 0 3 2 0 2 2 3 2 2 1 3 4 1 3 4 4 1 0 4 3 4 2 3 0 0 4 0 3 1 2 1 4 2 2 1 0 0 3 3 4 1 4 3 0 4 2 2 3 2 3 3 0 4 4 3 1 4 3 1 1 0 2 4 2 4 3 4 3 0 1 1 0 3 1 4 4 1 4 4 0 3 3 3 2 1 4 3 2 0 3 1 2 1 4 1 3 2 4 0 2 2 2 0 1 4 3 2 1 1 4 2 1 3 4 4 0 3 3 2 3 3 0 1 0 1 3 0 2 4 4 3 4 1 4 0 0
4 3 2 0 1 4 1 1 1 2 2 1 4 4 0 2 1 3 2 4 4 3 1 3 4 0 1 4 0 1 2 0 3 0 4 4 4 4 2 3 3 0 1 1 3 1 4 0 4 0 1 0 0 4 1 1 2 1 1 4 0 1 3 1 1 3 2 3 3 2 1 2 4 0 3 2 0 2 0 1 0 1 4 4 1 0 0 2 0 0 0 1 4 1 2 1 4 2 2 1 1 4 2 2 4 4 2 3 2 4 3 2 3 0 4 4 2 3 4 1 2 4 3 4 0 2 4 3 0 2 2 4 4 2 4 4 3 2 0 4 3 0 2 0 2 1 1 1 3 1 3 4 3 0 2 0 0 2 2 3 2 2 2 1 0 3 2 1 4 1 2 2 2 1 4 2 1 4 1 4 3 1 2 2 3 3 3 2 0 0 3 0 2 2 2 1 4 0 1 3 2
4 1 4 4 0 3 1 0 2 4 3 1 3 4 0 4 0 4 1 1 0 4 0 2 2 2 4 1 2 1 0 2 1 4 4 3 3 0 3 0 4 2 2 0 0 2 2 2 4 2 0 2 0 0 1 1 2 0 2 0 3 2 1 3 0 3 3 0 3 3 2 3 2 3 0 1 1 0 3 0 0 4 1 3 2 2 3 1 0 2 3 0 4 4 3 4 1 0 0 1 2 0 4 0 3 4 2 4 4 0 3 1 1 1 0 2 0 3 2 0 3 2 2 3 2 2 0 4 0 3 2 4 2 1 4 3 3 3 4 4 1 2 1 1 3 0 3 1 0 1 3 2 1 2 3 2 0 4 1 4 2 2 4 4 1 1 0 2 1 2 2 2 2 0 3 1 3 0 1 1 0 4 1 3 0 2 4 1 4 3 1 3 4 3 4 2 1 0 4 3 3
4 0 4 0 4 3 0 1 1 0 4 0 4 0 0 0 4 0 0 0 1 3 3 2 4 2 1 2 3 2 2 1 0 0 4 2 3 4 3 2 1 4 2 1 2 3 3 1 4 0 0 4 4 0 4 0 1 1 3 2 4 0 4 0 4 2 2 4 0 0 2 1 0 3 3 4 2 0 0 0 1 4 1 3 3 2 3 4 2 0 2 3 2 1 2 3 1 4 4 0 4 0 4 1 0 4 4 1 2 2 4 4 4 2 3 4 3 2 3 3 0 4 1 1 2 3 2 1 2 3 0 1 2 0 1 2 4 4 3 1 2 3 4 0 3 2 3 4 1 2 1 3 3 3 3 2 1 4 2 3 4 3 3 0 1 1 4 2 4 0 4 3 0 0 0 2 3 3 4 2 2 4 0 4 2 4 1 2 4 2 0 3 1 4 0 3 4 1 2 1 3
4 0 4 1 2 1 3 2 1 4 0 1 2 0 1 4 2 2 3 0 4 1 2 2 3 2 2 3 2 0 4 4 4 1 4 2 2 4 4 4 1 4 4 4 4 1 1 2 1 3 2 2 4 3 1 3 3 3 3 0 0 2 1 4 2 2 2 2 1 4 3 2 2 4 1 0 1 3 0 3 4 3 4 1 4 1 2 4 3 0 4 1 2 4 1 1 2 3 4 1 2 4 2 4 1 3 3 0 1 2 0 2 2 4 4 1 3 2 4 2 2 4 2 2 2 1 2 1 0 4 4 4 3 4 1 3 0 1 3 4 1 3 1 4 1 3 0 4 4 0 2 1 4 1 3 3 2 3 3 1 0 2 0 2 0 2 0 4 1 1 4 1 2 0 2 2 1 3 3 4 4 1 2 2 2 4 4 4 4 0 2 4 3 3 1 2 2 0 0 4 3
4 2 3 0 4 3 2 2 0 1 3 4 3 2 0 0 2 3 1 1 1 0 4 2 2 2 0 2 2 1 4 0 2 3 3 0 3 1 3 0 1 3 3 2 1 3 0 2 0 4 4 2 1 2 0 3 4 2 0 4 0 4 4 0 1 1 3 0 3 2 3 4 1 0 3 4 4 0 0 2 0 0 0 3 2 0 3 2 0 1 0 4 3 1 4 3 4 4 3 4 2 4 1 3 1 3 2 1 1 0 1 1 0 3 4 4 1 4 0 4 1 4 3 1 3 3 1 2 3 4 2 2 1 1 3 3 2 0 3 0 0 2 2 2 4 0 3 0 1 0 4 3 1 4 3 2 4 2 4 0 3 0 3 3 0 1 4 0 1 3 2 0 0 0 1 3 4 2 1 0 3 3 4 3 0 3 2 4 1 4 4 2 3 2 0 1 2 1 3 2 2
4 2 1 3 0 1 3 0 1 2 0 2 2 0 4 0 4 0 0 4 2 1 4 0 0 2 4 3 0 0 1 0 0 1 3 4 1 3 2 4 0 0 4 2 2 3 3 1 2 4 2 3 0 3 1 4 3 2 2 0 0 0 3 2 3 4 0 0 1 3 1 2 2 2 2 4 0 4 3 3 2 2 3 0 4 3 2 0 4 2 4 4 4 4 0 1 1 0 1 2 1 2 3 0 3 2 0 3 2 1 4 2 4 3 4 1 1 4 3 3 4 4 4 2 2 3 3 2 0 0 4 0 2 1 2 0 4 4 0 4 2 4 1 0 0 1 2 1 2 3 1 0 4 1 4 0 4 2 3 2 0 4 1 0 1 3 1 2 3 4 3 2 2 2 1 3 2 4 3 1 2 4 2 1 3 0 2 1 0 3 2 2 2 0 4 2 1 0 0 3 4
4 3 2 3 0 2 0 3 3 2 0 1 1 3 3 2 2 4 1 0 2 4 1 4 1 1 1 2 4 2 3 1 0 1 2 0 4 0 3 2 4 2 1 2 2 4 1 2 1 4 2 3 2 0 4 4 2 1 0 0 0 4 1 2 3 3 1 4 4 3 0 2 3 3 2 0 1 3 4 0 4 3 1 3 4 0 1 3 3 3 4 0 3 0 0 2 4 0 2 0 1 4 2 0 0 3 3 0 2 3 1 3 1 4 1 1 1 2 0 0 1 2 4 2 2 3 1 4 1 0 4 3 4 2 1 3 3 3 0 0 1 1 2 2 2 4 4 4 1 3 3 4 1 2 4 0 1 2 3 1 1 4 4 0 1 3 1 4 4 4 3 3 2 3 3 4 1 0 2 1 4 2 1 1 4 2 3 1 0 0 4 0 4 3 2 1 2 0 0 0 3
4 3 3 0 4 2 4 3 2 4 0 3 4 3 1 3 3 1 0 2 1 0 2 2 2 3 3 0 0 4 4 3 3 2 2 4 3 3 3 4 3 3 4 4 1 3 0 3 0 4 0 0 4 4 4 4 3 2 1 1 1 0 1 3 0 0 2 1 0 1 0 0 0 4 1 4 2 4 1 3 4 4 1 4 4 4 1 0 3 3 2 0 3 3 1 1 2 4 3 0 0 0 1 4 2 4 0 3 3 3 3 0 4 3 0 1 1 2 2 2 3 4 2 3 2 1 2 3 4 0 1 1 1 2 0 4 3 1 0 2 1 4 3 4 4 0 2 0 1 1 1 1 4 0 4 1 1 3 0 4 3 3 0 3 2 2 2 3 0 0 4 0 2 3 0 0 1 0 1 0 3 3 4 2 4 0 3 4 1 3 4 2 3 0 2 0 1 4 2 4 0
4 0 1 4 0 3 1 4 0 0 0 1 1 4 4 1 3 4 2 1 2 1 3 2 0 2 1 0 4 1 4 4 2 3 0 3 4 4 1 4 1 3 0 4 1 0 4 2 1 2 1 4 0 4 4 4 2 1 4 1 0 2 0 3 2 3 1 2 3 2 2 1 0 4 3 1 0 2 2 4 1 1 1 1 3 0 2 4 1 2 3 3 2 1 0 0 4 0 0 4 0 4 1 2 4 3 4 3 4 1 3 2 1 1 0 0 2 2 1 0 0 3 3 1 1 0 2 1 0 2 1 1 4 3 0 1 0 3 3 0 3 2 0 1 0 0 3 0 2 1 1 1 1 4 1 0 2 1 2 0 4 4 1 4 3 0 1 1 4 0 0 2 2 1 4 0 3 1 2 3 0 0 2 4 4 4 2 1 4 4 0 2 3 3 0 4 2 4 3 4 2
4 4 4 1 4 0 4 3 1 1 4 0 4 0 0 4 1 2 0 4 1 3 2 1 0 1 2 3 1 1 2 3 2 0 4 2 3 1 2 3 4 0 4 1 3 0 2 1 1 3 0 0 2 4 3 2 2 2 2 3 4 4 0 3 1 0 0 0 4 0 3 2 2 1 1 4 2 1 4 3 4 1 3 4 4 2 3 3 4 0 4 3 0 0 4 3 4 2 4 0 3 0 0 0 0 4 0 3 3 3 0 0 1 3 4 4 4 0 0 4 3 2 3 0 1 2 3 1 0 2 1 2 0 3 1 2 4 2 0 4 3 4 3 0 2 3 0 1 4 0 3 2 1 4 0 0 4 3 0 4 1 3 0 3 1 4 1 3 0 3 1 1 0 4 2 2 3 4 2 1 3 0 3 2 1 2 2 4 4 1 4 4 3 3 2 1 0 4 2 4 1
4 1 0 4 0 2 1 4 2 4 0 4 1 1 3 4 3 1 4 1 1 3 4 3 4 4 0 2 3 3 3 0 4 0 3 4 0 3 3 3 3 4 0 0 2 0 4 2 3 1 1 3 4 2 0 4 2 0 3 0 2 2 2 3 1 2 1 1 2 0 0 4 0 4 1 3 2 2 3 1 3 1 4 0 3 1 4 3 2 1 3 4 3 2 2 2 1 4 2 1 2 3 0 2 4 3 2 0 2 4 2 4 1 1 1 2 4 1 0 0 4 2 2 3 2 0 0 3 4 3 0 2 1 0 0 0 1 0 2 1 1 1 4 2 0 4 3 3 3 1 4 1 0 0 2 2 2 0 1 4 3 0 1 2 4 2 2 1 2 3 3 0 2 0 1 3 1 4 4 2 1 2 4 1 2 0 0 3 2 2 4 4 4 4 3 4 0 2 2 3 1
4 3 4 4 3 1 3 3 2 1 3 3 1 0 2 1 3 0 4 0 2 3 3 0 0 1 2 2 3 2 4 4 1 1 3 3 1 4 0 2 4 3 3 4 3 0 4 1 3 0 1 2 0 1 3 0 1 4 3 4 4 1 0 1 4 0 2 4 3 4 2 4 2 0 4 4 0 1 3 4 2 4 3 3 0 3 2 4 0 4 0 3 0 3 2 3 4 3 4 0 2 0 3 4 4 2 1 3 4 3 0 2 3 1 4 1 1 1 3 3 0 0 2 4 2 0 1 3 4 1 3 3 1 0 2 1 1 1 3 0 0 3 3 3 2 0 0 0 2 1 3 0 2 1 3 0 0 2 2 4 1 3 3 1 0 4 1 0 2 3 0 1 0 4 3 4 2 4 3 0 4 0 0 4 0 3 3 3 0 0 4 4 1 0 1 0 4 0 0 1 4
4 1 1 0 3 1 2 1 4 3 2 4 4 2 4 4 0 0 4 0 3 2 0 2 3 3 2 1 0 2 0 0 1 1 1 0 0 2 4 0 1 4 3 0 3 0 4 3 1 2 2 3 3 3 3 3 4 0 3 3 1 4 0 2 0 0 2 0 3 3 4 1 3 4 3 2 2 4 2 0 4 1 1 1 3 2 0 0 4 4 4 3 1 3 2 1 1 3 2 3 4 4 2 1 2 2 4 4 0 0 0 0 1 1 2 4 0 0 1 3 3 4 2 0 0 0 3 2 1 3 2 0 0 1 4 4 2 4 0 2 1 4 4 0 1 3 3 3 0 3 2 4 2 2 3 3 3 3 0 0 3 4 4 4 0 3 0 4 0 1 0 3 0 2 0 1 1 1 2 1 2 0 2 3 2 1 4 2 4 2 2 3 0 2 0 1 2 4 1 0 1
4 3 1 2 1 1 4 0 3 1 1 0 1 4 3 4 2 2 2 4 0 1 3 3 1 0 3 3 2 1 1 1 1 3 1 2 2 0 3 2 3 1 0 3 4 1 1 1 4 0 1 2 3 2 1 4 1 2 3 2 2 1 1 0 2 2 0 1 4 1 2 0 1 3 3 1 4 2 1 0 1 4 1 1 1 4 0 4 4 4 2 3 1 3 4 1 1 4 1 4 3 1 1 2 0 2 1 4 2 1 4 0 0 4 4 2 2 3 1 0 4 3 4 1 1 0 0 1 3 4 4 3 4 0 3 4 3 2 4 4 3 2 0 2 0 0 1 0 1 4 4 0 2 3 2 3 4 1 2 0 1 3 0 1 0 1 3 4 3 0 1 0 4 2 4 0 0 4 3 4 4 1 3 4 1 3 3 4 1 3 3 3 1 4 1 3 4 1 4 4 0
4 2 0 0 4 1 0 4 0 3 2 3 0 4 1 1 1 2 4 3 4 0 0 4 3 3 4 3 3 0 0 1 2 3 4 2 0 2 2 0 4 0 0 0 0 2 0 0 3 2 3 1 0 2 0 1 2 2 0 4 0 3 4 2 2 2 4 2 0 2 4 4 3 0 2 3 1 3 4 3 4 3 1 2 1 0 0 4 2 3 0 1 4 2 1 4 3 3 2 1 3 1 3 0 2 4 3 2 4 1 3 3 3 3 1 0 4 1 3 3 0 1 3 1 4 3 0 3 0 2 1 0 1 2 2 4 4 1 3 1 2 1 3 2 3 0 1 0 2 3 0 1 0 1 1 3 3 0 0 3 1 1 4 1 2 4 0 4 4 1 4 2 0 2 3 4 1 3 0 1 3 2 4 1 1 4 2 2 3 0 1 2 0 1 0 4 4 2 1 1 4
4 0 3 3 4 1 3 3 4 2 1 1 2 2 2 2 0 0 0 4 2 3 1 2 4 2 4 3 2 2 4 2 4 1 0 0 4 3 2 3 0 4 2 4 2 1 0 0 0 2 0 4 1 3 2 1 2 3 2 4 4 4 0 1 4 2 2 3 3 4 1 4 0 3 4 0 2 2 2 3 4 2 0 0 4 0 2 2 1 2 2 2 1 0 2 4 3 1 4 0 3 4 3 4 4 2 3 0 3 0 0 4 2 3 4 3 1 1 4 3 0 1 4 3 3 4 4 1 0 2 0 1 2 2 0 1 0 0 3 1 1 2 3 2 2 1 1 4 1 3 3 1 1 4 3 1 1 2 2 3 2 4 4 0 2 3 2 2 1 2 4 3 3 2 3 1 3 3 2 4 1 3 2 2 2 2 2 4 4 4 3 2 0 1 4 2 1 0 3 2 3
4 1 2 3 2 1 0 4 2 0 4 1 2 4 3 0 0 2 4 2 4 1 4 2 4 3 2 3 0 2 2 0 1 1 3 1 2 0 1 4 0 3 4 1 1 2 1 2 0 0 1 2 4 3 2 2 4 0 1 0 0 4 0 4 3 0 1 4 0 1 4 0 1 4 1 1 0 2 4 3 1 0 0 0 3 0 2 2 2 1 4 3 2 3 4 2 2 2 1 1 1 0 1 2 3 2 0 1 0 2 1 0 1 2 1 3 1 0 1 2 0 0 4 3 2 2 2 2 2 3 3 0 4 1 3 0 3 0 0 0 3 3 3 0 1 4 2 3 0 4 4 2 1 4 0 0 1 0 4 3 2 4 0 1 4 1 4 1 3 3 4 4 0 3 3 2 1 2 3 4 0 2 2 4 2 3 3 0 3 0 4 4 3 3 1 3 2 4 0 2 3
4 4 4 2 1 4 1 3 2 4 0 2 3 4 2 1 4 4 2 0 1 2 3 0 2 1 2 1 0 2 4 0 4 2 3 1 1 0 0 3 2 0 3 4 0 1 0 2 4 4 0 2 0 2 2 2 1 3 0 1 3 4 2 1 2 1 3 2 0 0 4 3 4 4 1 4 1 2 3 1 4 4 3 0 0 0 1 0 1 0 3 0 4 2 3 4 1 1 4 0 0 3 4 2 0 3 3 2 1 2 4 0 4 1 2 4 1 4 3 2 2 4 4 2 4 4 4 1 3 0 3 3 1 4 3 4 0 2 4 2 0 0 2 0 2 1 1 0 1 0 4 4 1 3 0 0 0 2 2 0 1 3 2 3 1 3 4 0 0 1 3 2 0 2 1 0 2 3 3 3 3 2 0 2 1 3 4 4 4 1 0 3 1 3 2 1 3 1 4 0 1
4 2 2 0 0 3 4 3 4 4 4 1 2 3 3 3 3 4 4 4 2 3 4 0 1 1 3 1 3 1 1 4 4 2 4 3 0 1 4 1 3 0 4 0 2 1 4 0 4 0 1 2 2 2 0 2 4 1 1 4 2 1 3 0 0 0 4 1 2 4 3 0 1 0 0 0 3 4 0 3 3 0 4 2 0 3 1 2 0 2 2 1 1 3 0 4 3 2 2 4 3 3 3 4 4 4 2 0 3 4 1 3 3 2 0 1 3 4 2 1 4 4 2 3 1 0 1 1 1 1 4 3 1 4 0 2 4 4 2 3 4 4 1 1 4 4 1 3 3 0 1 3 2 3 2 1 4 1 2 0 1 3 3 0 3 1 2 0 3 0 0 0 2 0 0 0 4 4 0 2 1 1 0 3 4 1 4 3 0 1 0 1 2 1 2 4 4 3 1 1 3
4 3 4 0 3 1 0 3 0 3 3 3 2 2 2 2 2 1 4 0 0 2 1 1 4 1 0 0 2 2 4 2 0 4 2 3 3 0 2 2 3 4 2 4 1 0 1 0 3 2 3 0 1 3 0 0 1 2 2 2 0 1 4 4 1 4 3 0 4 0 0 3 1 1 1 3 2 0 2 1 1 1 3 4 4 2 3 2 3 0 2 1 4 0 0 2 1 2 1 0 2 0 3 2 0 4 4 1 3 2 2 3 3 0 1 2 0 2 3 1 3 3 0 4 1 2 4 2 0 2 3 0 3 0 2 1 1 1 3 0 4 0 4 2 1 1 1 1 2 1 1 3 1 3 3 3 4 0 0 1 4 3 4 0 1 0 2 2 2 0 3 1 3 4 4 3 0 1 1 1 3 4 2 0 0 1 2 3 4 0 0 0 1 1 1 2 4 3 4 2 2
4 0 0 4 3 1 0 4 3 3 4 0 0 3 2 1 3 0 3 3 2 3 0 2 1 0 1 3 3 0 0 3 4 2 3 2 3 2 1 3 0 4 4 2 2 3 3 3 0 2 0 1 0 0 3 4 0 0 1 2 4 3 1 4 4 1 0 4 1 1 2 2 4 0 3 4 1 4 4 3 0 2 0 1 1 3 2 3 4 3 4 2 4 0 0 1 4 0 0 0 1 3 4 4 3 1 4 1 1 1 1 2 3 3 1 4 3 4 3 3 3 4 4 4 2 4 3 2 3 1 0 4 2 2 2 3 0 2 4 0 0 0 3 2 0 1 4 2 4 4 2 2 3 1 4 4 0 2 1 4 2 4 2 1 4 4 0 0 1 3 4 0 2 1 3 0 4 3 0 0 3 1 2 2 2 2 2 3 4 3 4 0 3 1 4 1 0 2 1 4 3
4 1 1 2 0 3 4 1 2 4 4 2 4 2 2 0 3 0 4 0 0 3 3 2 0 3 0 3 1 1 3 4 0 1 0 0 3 1 0 2 1 3 2 0 3 0 4 2 3 2 3 2 1 0 0 1 0 2 1 0 0 0 0 3 2 1 2 2 4 4 4 0 2 0 4 2 4 3 2 2 0 0 3 1 1 1 4 3 0 1 0 1 0 3 3 2 0 4 1 2 2 2 1 3 4 4 0 1 4 1 3 3 3 0 2 3 1 1 4 1 0 1 4 2 0 1 4 3 4 2 0 3 4 3 1 4 3 0 4 2 0 1 0 4 1 2 2 2 4 0 4 1 0 2 3 4 0 2 0 4 4 0 0 3 4 1 0 4 0 3 2 3 0 2 1 1 0 1 2 1 1 0 4 2 4 4 4 3 4 4 0 1 1 1 0 2 3 0 2 0 1
4 1 0 3 3 1 0 2 1 2 2 4 4 0 3 2 0 4 3 3 2 4 0 0 4 0 0 3 0 4 4 1 0 2 1 1 0 2 4 0 0 2 4 0 4 0 3 1 1 3 0 0 2 3 1 2 2 1 1 3 3 3 4 0 2 0 0 4 3 3 3 2 2 4 1 3 1 4 4 4 4 0 3 2 2 2 3 1 2 4 0 3 4 0 4 0 2 0 0 1 3 1 4 3 4 0 0 0 2 3 3 2 0 2 3 3 2 3 0 0 1 1 2 1 2 4 1 2 4 2 2 4 0 0 1 4 1 3 2 1 0 0 0 0 3 0 4 0 4 1 1 3 3 4 3 1 4 1 1 0 0 0 2 4 0 3 1 0 0 4 1 2 2 1 2 4 0 0 3 4 1 0 0 0 2 4 4 4 3 0 1 1 4 1 0 0 0 2 1 3 0
4 3 0 0 4 1 1 2 1 3 0 1 4 0 4 4 0 0 1 2 0 1 3 0 2 4 4 0 4 2 0 3 0 1 2 4 3 4 0 4 3 2 3 4 2 1 4 4 0 4 2 0 4 0 0 4 0 0 2 4 2 1 1 4 1 1 0 0 3 1 0 1 2 4 4 4 1 0 0 4 1 3 1 0 3 2 1 4 3 3 2 0 3 2 3 0 1 4 0 4 0 0 0 1 4 1 3 0 2 1 3 1 2 4 0 0 1 4 3 4 4 3 4 4 3 2 2 2 4 0 1 3 0 3 4 2 3 0 4 4 3 3 2 3 3 1 3 3 2 3 4 4 4 2 0 4 0 1 3 2 4 1 0 4 0 3 1 4 1 3 4 2 2 1 3 3 0 4 4 0 3 0 2 0 1 4 4 3 1 1 0 1 3 0 2 2 1 0 1 0 0
4 0 3 3 1 3 1 2 0 4 2 1 3 0 2 3 4 2 1 0 0 1 0 3 3 2 1 3 0 1 0 3 1 4 1 1 1 4 3 0 4 4 2 0 4 1 4 1 0 2 4 2 2 1 4 2 2 3 4 3 2 0 2 2 3 2 2 3 2 4 1 4 3 3 3 0 2 0 4 3 4 2 1 2 1 2 4 4 1 0 0 1 1 3 3 1 1 1 1 2 2 4 3 1 1 1 3 4 0 2 4 1 3 3 2 1 2 2 2 3 0 2 3 0 3 2 3 1 2 2 4 0 1 2 4 2 4 0 0 3 1 4 4 4 3 4 4 3 2 0 1 4 0 3 0 0 3 0 3 1 0 1 2 4 4 4 2 1 0 1 4 0 0 1 1 3 4 3 3 1 1 0 3 0 3 0 4 4 3 1 2 1 0 2 4 0 4 2 0 0 2
4 4 0 3 0 3 4 1 3 1 1 3 0 3 4 3 4 4 1 3 2 4 2 0 2 1 0 3 3 1 4 0 3 2 4 4 2 0 1 3 4 0 2 2 2 2 0 4 3 0 4 4 1 3 4 0 3 3 1 4 3 1 2 2 0 3 0 3 4 1 3 1 0 3 0 2 3 3 4 1 1 4 2 4 4 3 1 4 0 0 2 2 1 1 1 0 4 3 4 2 0 2 3 4 4 0 4 1 0 2 3 3 2 4 3 1 2 0 2 3 0 2 2 2 3 3 2 4 3 3 4 2 3 3 3 0 4 4 0 4 2 3 2 4 2 1 3 4 1 0 2 2 1 4 0 1 2 2 0 2 3 4 1 1 4 1 2 0 1 0 0 4 1 3 4 1 0 0 2 2 2 2 1 2 4 0 4 0 1 3 4 2 3 2 4 4 4 3 3 4 3
4 2 2 2 1 4 3 3 2 4 1 3 1 2 1 1 3 0 4 1 3 1 1 2 4 2 3 1 2 2 3 2 1 1 2 3 0 4 4 1 0 0 4 4 1 0 3 1 0 4 4 0 2 1 2 3 0 2 4 2 0 2 1 1 0 2 4 0 0 2 4 0 2 0 0 4 2 0 1 0 2 0 0 3 0 3 4 0 3 3 4 4 1 3 1 2 4 1 0 0 3 4 3 4 3 2 1 0 4 1 1 2 3 0 3 3 4 4 4 4 0 0 2 0 3 2 1 3 2 2 3 1 3 2 4 4 3 2 2 0 3 4 4 2 3 4 0 4 1 0 0 1 2 3 3 2 0 0 3 0 1 1 2 2 1 0 1 1 2 0 2 0 3 4 3 3 4 4 3 0 4 1 2 0 1 0 0 3 3 4 3 3 2 2 0 2 3 0 4 4 1
4 1 0 4 4 3 3 4 0 4 0 4 4 1 1 3 4 1 1 4 3 0 3 4 1 3 1 3 4 0 3 2 1 1 4 4 1 1 4 2 2 2 1 0 2 0 4 1 3 2 4 4 4 2 4 3 1 4 1 2 2 3 1 4 2 4 1 0 1 4 0 2 1 1 0 3 0 0 1 2 1 2 0 1 3 4 3 2 1 0 0 3 4 1 3 0 0 0 4 1 0 4 3 0 4 2 0 0 3 3 0 1 1 1 3 1 3 3 1 4 1 4 1 2 0 3 3 2 3 3 1 0 3 1 4 3 2 0 4 0 0 2 3 2 3 2 1 4 1 0 4 0 1 1 4 1 1 4 3 2 3 0 0 4 1 4 1 3 0 1 3 2 0 0 2 4 0 0 1 4 2 2 2 1 4 1 2 2 0 3 4 3 3 2 2 4 4 3 4 1 1
4 3 4 0 3 3 4 0 2 1 2 1 4 1 1 0 1 0 1 0 1 2 1 2 2 1 2 0 3 1 3 1 3 4 4 4 4 4 0 2 0 4 4 2 3 3 3 4 1 1 0 3 4 2 1 4 0 3 0 1 1 2 0 4 3 0 1 1 1 1 2 4 2 2 3 4 1 2 4 4 3 3 2 2 4 0 2 0 1 0 4 2 2 3 2 4 0 4 1 0 0 0 1 3 2 3 3 4 3 2 0 0 4 1 4 0 0 2 2 0 2 2 1 4 0 0 0 4 1 4 4 3 4 1 1 2 3 0 1 4 2 1 0 2 4 1 3 1 3 4 4 4 3 4 3 0 4 2 2 1 0 1 1 1 1 2 1 4 2 3 1 3 0 3 1 2 2 4 1 2 0 1 3 3 1 0 1 2 0 3 3 2 0 0 3 0 0 3 0 3 3
4 2 2 3 4 3 0 0 2 3 1 2 1 0 1 3 4 4 4 1 2 3 1 0 3 0 4 1 0 0 3 0 3 0 1 3 3 2 3 3 1 1 3 1 4 0 2 1 4 0 3 2 4 4 2 1 1 1 3 4 2 1 0 3 0 0 3 1 4 1 4 2 3 1 4 3 0 1 3 3 1 0 0 0 3 3 0 4 4 3 4 3 1 0 1 1 0 3 3 4 2 0 2 1 4 1 1 1 2 0 3 3 0 1 4 2 1 2 3 2 1 3 1 3 1 3 3 4 3 1 3 0 0 3 0 2 0 4 4 2 1 0 3 3 0 3 4 2 4 0 0 0 3 1 4 0 2 0 3 4 3 4 3 4 0 4 4 0 1 3 0 1 2 0 3 0 3 2 3 1 2 2 2 2 2 0 4 1 2 3 2 2 3 2 3 0 2 2 2 3 3
4 1 2 4 4 1 4 3 3 3 4 1 0 3 3 1 0 1 3 4 4 0 3 1 1 0 1 3 4 2 4 4 1 4 4 2 3 2 2 1 4 1 4 3 4 3 4 4 3 0 3 0 2 1 4 0 2 1 0 1 3 2 1 0 4 0 1 3 4 3 2 0 2 3 1 4 3 2 1 1 4 2 0 3 0 0 2 0 4 0 4 3 4 1 3 4 3 1 3 0 0 0 3 2 0 0 4 4 1 1 0 3 0 3 3 3 0 1 3 3 3 3 4 4 0 1 2 3 0 0 2 2 0 1 0 0 1 3 4 2 3 3 2 1 1 3 2 1 3 4 2 1 0 2 0 0 4 1 1 2 3 3 1 0 3 0 2 4 3 1 1 1 4 2 0 3 0 0 4 4 0 2 2 2 2 1 1 4 0 3 1 3 1 4 1 4 3 3 2 1 0
4 2 4 3 0 1 0 2 1 3 1 4 1 2 2 4 4 4 2 4 4 2 4 3 0 2 0 1 4 3 3 0 2 3 4 2 0 0 3 4 0 3 4 0 1 2 1 3 0 4 1 2 2 4 4 4 3 0 2 2 2 4 2 0 1 1 1 1 4 4 1 0 0 2 4 1 1 2 2 4 4 3 4 4 4 3 4 1 1 1 1 4 1 3 3 3 2 2 2 3 0 2 4 1 4 3 3 1 1 2 0 3 1 4 4 0 4 0 4 4 3 3 4 4 1 4 0 3 4 0 3 3 2 4 0 4 3 1 2 4 0 3 2 0 4 2 2 1 2 1 1 4 3 4 4 1 0 0 4 4 2 4 3 2 3 3 4 0 3 0 2 2 2 2 4 2 2 0 3 2 2 4 2 2 3 3 4 4 2 1 2 0 3 1 3 3 3 1 2 3 2
4 3 2 3 3 4 0 0 1 4 2 3 4 2 3 1 3 3 1 0 0 0 4 3 3 2 3 0 2 3 3 0 4 0 1 4 4 0 0 2 3 3 0 3 0 1 3 3 3 4 0 3 2 2 1 2 0 3 0 0 0 1 0 0 0 3 2 0 0 2 4 1 3 2 2 1 4 0 0 2 4 3 4 2 2 2 1 3 3 3 1 3 2 1 3 2 2 2 2 1 4 4 4 4 3 2 0 4 0 1 4 0 2 2 0 4 3 3 4 0 0 4 0 2 4 2 3 1 2 1 1 2 3 0 4 1 0 4 3 1 1 1 2 4 4 1 3 1 1 0 0 2 0 4 1 0 1 4 0 1 1 0 2 2 4 0 0 1 1 3 4 4 3 2 0 4 0 1 4 4 2 2 3 3 4 0 3 0 0 2 1 3 3 0 3 3 2 4 0 3 0
4 1 4 1 3 1 1 4 3 1 2 4 3 4 1 3 0 3 3 0 3 4 2 3 0 3 3 2 2 2 0 4 0 4 0 0 3 3 4 2 3 3 1 2 2 3 3 3 0 3 4 3 1 1 3 0 4 1 0 1 0 2 2 2 4 2 0 3 2 4 3 3 1 3 2 3 0 3 4 1 0 4 4 1 2 2 4 3 3 4 0 2 3 4 1 1 4 2 3 0 4 0 1 2 4 3 3 4 1 4 2 3 0 3 4 1 1 0 4 3 3 0 2 4 1 2 1 1 0 3 3 3 1 1 2 0 0 1 4 3 0 2 3 1 3 0 1 3 2 4 2 3 2 3 0 4 1 0 2 1 4 4 2 3 1 0 1 0 4 1 4 1 0 3 0 3 3 1 0 0 1 3 2 4 1 0 0 3 2 3 2 4 2 2 0 4 1 1 2 0 0
4 1 0 1 1 1 1 1 4 3 2 2 0 0 4 1 4 1 0 2 0 3 2 1 3 1 3 4 0 3 3 1 1 1 1 3 1 2 1 0 1 1 0 3 0 3 2 3 3 3 4 1 1 2 2 2 0 4 0 1 2 1 3 0 2 3 1 0 1 3 1 3 2 3 4 0 3 3 0 4 4 1 4 3 0 4 1 3 3 2 2 0 1 3 2 0 1 3 3 0 1 1 4 1 3 2 2 2 4 3 0 0 2 1 0 3 3 4 2 2 3 2 4 1 3 4 3 4 1 3 2 2 3 4 1 4 0 1 2 3 2 4 1 3 3 3 4 2 2 4 3 0 4 3 1 3 4 0 4 4 4 3 4 3 0 4 1 2 0 4 4 3 1 0 0 3 4 1 4 2 1 0 2 4 4 0 2 4 3 1 3 3 4 4 0 4 1 4 1 1 0
4 2 0 2 2 0 3 1 2 0 4 4 2 4 4 4 1 2 4 0 1 0 4 2 1 0 0 3 2 4 0 2 0 1 4 0 1 2 2 2 4 1 0 2 3 4 4 4 3 0 4 1 0 4 2 3 1 2 3 0 0 2 3 0 1 1 1 3 2 0 2 2 1 1 2 4 3 0 0 4 0 1 2 3 0 0 0 2 2 0 1 3 2 4 2 2 4 3 3 1 0 0 3 4 0 4 3 4 0 1 2 1 2 0 4 3 4 2 3 0 0 1 2 1 2 3 0 4 3 0 0 4 0 4 1 4 1 4 0 1 4 2 3 0 3 4 0 3 1 4 4 1 2 2 3 2 0 4 0 0 3 1 3 4 4 0 0 4 0 3 2 0 0 2 2 4 2 3 0 4 3 2 2 3 3 3 1 1 2 1 4 1 3 4 2 3 3 2 2 4 0
4 2 1 3 1 3 1 3 1 2 2 1 1 1 3 3 1 0 0 0 2 3 3 0 0 1 0 4 4 4 3 3 4 0 2 2 3 4 1 3 3 1 1 4 1 1 2 1 1 3 3 2 2 1 0 0 4 0 1 2 1 3 1 1 0 4 3 4 4 4 2 4 4 1 2 2 3 2 3 1 3 1 4 0 3 2 3 4 4 4 1 3 1 3 2 0 0 4 4 1 2 4 4 4 2 3 4 2 2 4 4 0 4 3 3 0 0 3 4 0 3 0 4 3 4 3 1 2 4 4 4 3 0 0 1 1 1 4 0 2 1 0 3 1 3 1 3 2 2 4 2 3 4 1 4 2 2 1 2 2 1 1 1 3 1 0 3 4 2 2 2 4 1 0 0 3 2 2 4 0 4 3 3 1 2 1 2 0 4 4 4 3 4 3 1 4 0 3 1 3 4
4 0 1 4 3 4 3 3 0 1 4 3 1 1 3 0 0 0 0 2 2 4 0 3 1 3 0 0 2 1 2 1 2 0 3 2 3 3 3 4 0 2 0 4 2 2 4 3 2 4 4 4 2 2 2 1 1 2 2 3 2 4 1 2 4 0 4 1 4 2 4 4 1 2 0 4 2 2 4 0 1 1 0 3 1 1 1 3 0 4 3 3 2 2 2 4 1 3 1 2 4 4 3 1 2 2 0 0 1 1 1 3 4 4 4 4 0 3 3 0 1 4 2 1 4 2 3 1 2 4 4 4 1 3 2 3 3 2 1 4 0 0 2 3 1 2 0 3 2 2 4 4 0 2 2 3 0 1 2 1 3 4 4 4 0 0 2 4 3 4 2 0 0 0 3 4 0 0 1 1 0 1 1 1 0 4 2 4 0 1 2 1 1 2 4 2 2 1 4 3 1
4 1 4 0 3 2 4 4 1 0 4 1 0 1 2 3 1 0 2 3 3 2 0 3 1 4 4 1 4 1 2 2 3 0 4 0 2 2 0 4 2 4 1 4 0 2 4 4 2 4 3 3 1 2 0 3 4 1 1 0 4 0 3 4 2 2 4 2 1 1 3 3 4 4 2 2 1 1 1 2 2 2 4 4 0 2 0 1 3 2 3 0 3 1 1 4 0 3 4 3 4 2 3 2 1 2 4 1 2 0 1 4 0 1 0 2 1 4 1 3 4 1 3 2 3 4 4 3 3 4 4 4 3 1 3 0 2 4 3 2 3 3 2 0 2 4 1 2 3 4 1 1 3 2 2 1 0 4 3 1 3 2 4 3 1 2 2 3 1 1 1 1 4 0 3 1 3 4 3 2 4 0 0 3 1 1 0 1 0 1 4 2 3 2 0 0 1 1 0 1 3
4 3 2 0 3 3 4 3 3 4 3 1 2 1 1 1 3 3 0 2 3 3 0 0 4 2 1 2 4 3 2 4 0 0 0 3 0 2 3 4 3 4 0 3 0 0 0 2 1 2 3 4 4 0 1 2 1 4 0 4 4 2 1 0 2 2 1 4 2 4 1 1 2 1 0 0 4 3 2 2 3 1 0 3 3 3 2 4 0 4 4 0 4 0 2 0 2 1 4 4 3 3 4 1 0 4 0 0 0 4 2 4 2 3 0 3 4 2 3 2 1 1 1 2 3 0 3 4 2 2 4 1 3 4 1 0 0 0 3 3 4 4 4 4 1 2 4 2 2 3 2 0 4 1 2 3 1 1 1 1 3 2 2 2 0 1 0 3 0 2 0 4 1 4 2 0 4 0 0 0 0 1 0 0 1 3 2 4 0 1 0 2 2 4 4 2 1 2 4 1 3
4 3 3 4 3 3 4 4 0 3 3 4 2 1 2 0 4 2 4 2 3 3 3 3 3 0 0 2 2 1 0 1 3 1 0 0 3 3 1 1 2 1 0 2 3 4 1 4 4 2 4 1 3 3 1 2 0 3 1 1 0 0 2 3 4 4 3 1 2 1 4 3 3 2 4 1 2 3 0 4 0 2 4 2 2 4 2 3 1 2 2 3 2 1 1 4 1 3 4 1 4 4 3 4 1 3 3 4 4 1 1 4 4 4 2 3 2 0 0 0 2 1 0 0 4 2 4 2 4 2 1 3 3 2 0 0 4 1 2 0 0 1 0 4 1 3 3 3 1 4 4 0 0 0 3 3 4 3 1 4 0 3 4 1 0 0 0 0 3 1 0 2 1 0 1 0 0 1 0 3 1 1 0 0 1 1 4 0 4 2 3 3 3 0 1 2 2 1 1 0 2
4 1 1 3 1 1 0 0 1 0 0 4 0 0 0 3 1 4 4 1 4 0 4 1 4 1 4 4 4 2 3 3 1 1 3 3 1 3 2 0 1 0 0 4 0 0 0 4 4 3 3 3 0 2 2 4 2 3 1 3 4 1 2 2 4 4 2 3 4 0 4 3 3 0 4 4 0 4 4 4 1 4 2 0 1 4 2 1 4 4 1 1 3 2 1 3 2 1 4 0 2 0 2 3 2 4 2 1 1 3 4 0 3 0 1 4 1 0 4 3 0 0 4 3 4 1 3 4 4 0 0 2 3 2 4 1 0 1 3 4 2 2 2 4 3 4 0 2 4 4 1 2 1 2 3 4 1 2 4 2 3 1 3 0 4 2 2 0 1 3 0 4 3 3 0 0 2 2 4 3 3 1 0 0 4 0 0 4 4 1 2 2 0 0 1 4 3 3 3 1 4
4 0 4 1 2 2 4 2 2 0 0 0 4 2 4 2 3 2 3 3 1 1 1 3 4 0 2 2 4 4 2 2 2 4 4 4 3 4 2 0 3 0 1 0 4 2 2 0 3 3 0 3 4 3 4 2 1 3 3 4 0 4 2 2 0 2 2 1 2 3 1 3 4 0 4 0 2 4 0 3 1 0 2 3 3 2 2 3 4 0 3 3 0 0 1 3 2 4 2 2 0 3 3 2 2 4 2 1 1 0 3 3 3 2 1 4 3 0 2 2 3 3 2 2 3 4 4 0 4 4 1 4 0 4 0 4 4 1 3 3 4 2 4 1 4 1 0 0 2 4 2 4 3 1 2 2 4 3 0 1 2 2 2 4 2 0 0 1 4 2 4 0 3 1 0 2 3 1 1 3 3 2 3 2 4 0 0 4 3 4 2 3 4 1 4 0 2 4 3 3 2
4 3 4 0 1 3 3 3 3 1 1 1 4 2 4 2 1 1 0 2 3 2 2 0 2 3 0 1 2 1 0 3 2 4 2 2 3 3 2 3 0 3 2 2 2 3 4 3 1 0 1 2 3 1 4 4 3 3 4 4 1 0 4 0 4 4 0 1 3 3 2 2 1 1 0 0 4 4 3 3 4 0 3 1 0 4 0 0 1 4 1 4 3 0 3 3 0 2 4 3 2 1 1 1 0 1 4 2 4 2 3 3 2 1 3 1 2 2 2 0 2 2 0 1 2 0 0 1 4 3 2 0 1 0 1 2 2 2 4 3 1 2 3 0 3 4 1 0 0 4 4 2 2 1 4 3 3 4 3 3 3 4 2 3 1 0 3 3 4 3 4 2 0 1 1 3 0 3 0 4 0 1 0 2 1 1 4 4 4 3 1 3 0 1 3 4 1 0 2 1 1
4 3 0 2 3 1 2 4 0 1 3 0 3 4 3 3 1 1 4 2 1 0 1 0 4 2 0 0 2 3 0 1 2 4 2 3 4 0 4 4 1 2 1 3 1 0 0 4 4 4 0 3 1 4 0 3 0 2 3 4 0 0 2 4 1 4 3 0 4 1 1 1 4 0 1 0 1 0 4 2 3 2 4 4 2 2 4 2 3 4 4 3 3 3 3 0 2 3 3 0 2 2 1 1 2 1 1 3 0 2 3 3 2 0 3 0 1 3 1 1 1 2 1 1 3 3 4 2 1 3 0 2 3 2 2 2 4 0 3 2 4 2 0 4 1 1 2 2 1 4 3 2 3 3 4 2 1 4 3 2 2 1 3 1 4 4 1 0 4 3 0 1 4 1 0 0 3 1 1 4 4 0 0 0 0 1 2 3 1 2 3 1 1 4 0 3 3 3 0 3 1
4 2 2 1 3 2 4 0 1 2 1 2 1 2 3 3 2 0 1 1 1 2 2 3 1 1 2 3 2 1 1 2 4 0 0 2 3 1 4 1 1 4 3 2 0 4 0 0 2 4 2 1 2 2 2 4 0 3 1 0 4 2 1 1 0 3 3 4 0 4 0 1 0 0 1 2 1 4 3 0 3 3 1 2 1 0 0 0 0 0 1 3 0 2 4 2 1 0 2 3 1 0 3 4 3 1 2 0 0 3 2 1 3 0 1 1 2 0 4 0 0 2 0 3 3 2 0 0 4 3 4 0 1 4 1 1 0 1 1 0 4 3 0 0 1 2 4 4 3 4 2 3 3 3 4 0 1 0 0 4 0 0 4 0 4 4 4 1 2 3 0 3 2 2 4 0 4 1 1 4 0 3 2 3 0 2 4 2 4 3 0 1 1 4 0 0 3 4 1 2 1
4 3 2 3 3 4 2 2 0 1 0 4 4 0 3 3 3 3 3 1 2 2 2 3 1 0 4 4 3 0 0 3 2 2 2 2 4 1 4 4 4 1 1 3 3 4 3 3 0 4 2 0 4 4 2 1 2 3 4 1 4 1 2 3 4 1 1 1 1 4 0 4 3 1 4 1 4 1 1 4 4 1 0 4 3 4 1 1 0 4 4 2 2 2 2 2 4 2 2 2 0 1 1 0 0 4 2 2 4 0 4 2 4 1 2 1 0 2 2 3 3 3 0 0 3 1 1 4 3 1 1 0 3 2 2 1 1 1 0 3 1 0 3 0 2 1 1 3 0 2 2 2 0 3 1 3 2 1 2 0 4 1 3 3 2 3 2 4 4 0 3 0 1 2 1 2 0 1 3 4 2 2 4 4 2 2 2 4 4 2 1 1 2 2 2 1 1 3 0 4 2
4 4 2 1 2 2 3 1 4 2 0 1 4 0 0 1 0 4 1 0 0 4 0 4 0 2 3 1 3 4 0 4 2 2 4 0 4 1 0 3 1 4 4 3 3 3 4 0 2 0 2 0 1 3 1 3 4 0 2 3 2 2 4 4 2 1 3 0 0 4 3 1 2 0 4 0 4 1 3 0 2 3 2 2 0 4 0 0 3 1 0 2 3 4 3 2 0 3 4 0 0 1 2 1 1 0 3 2 2 1 0 4 0 1 3 3 0 3 1 4 1 4 2 0 0 3 1 1 1 4 0 4 0 4 4 4 0 0 2 3 2 1 1 0 0 2 4 3 4 1 3 1 2 1 2 1 3 2 2 4 1 0 4 3 3 3 2 3 1 3 1 4 3 4 2 2 3 0 1 3 4 3 1 4 2 3 4 3 3 1 4 2 2 1 0 4 0 0 0 1 2
4 3 0 2 1 1 3 4 0 3 2 0 0 4 1 3 3 0 0 2 0 2 0 3 3 3 0 2 4 3 4 0 1 0 1 3 2 3 2 1 2 1 1 1 1 0 0 1 2 0 2 3 0 3 3 3 2 4 0 0 3 1 3 2 0 3 0 2 4 4 0 0 2 3 0 0 0 1 4 1 4 1 1 3 1 2 2 2 2 0 3 1 4 4 2 1 3 2 0 2 2 2 4 1 1 4 0 3 4 1 0 1 1 3 2 2 4 0 4 2 1 0 3 4 1 1 3 1 3 3 0 0 1 0 2 1 0 3 0 0 4 0 4 0 3 0 2 0 1 0 1 0 3 0 1 0 3 1 2 3 2 3 2 0 1 0 4 4 4 2 2 3 4 2 4 4 4 2 2 2 4 3 1 0 0 4 4 4 0 1 4 0 3 0 0 3 2 2 0 1 4
4 0 3 2 3 0 1 2 4 1 2 1 0 0 3 0 2 1 0 4 0 2 0 3 2 4 1 1 4 0 4 4 2 4 1 4 4 3 0 2 2 2 2 2 0 1 0 3 4 3 0 0 3 0 3 2 1 0 4 1 2 1 0 2 1 4 2 0 2 1 4 3 2 4 4 2 0 4 2 0 3 4 3 1 0 1 2 1 1 1 2 3 1 0 1 4 2 4 2 0 2 0 2 2 4 0 0 4 3 4 2 4 2 1 0 3 2 4 2 2 2 0 4 3 3 2 3 2 1 3 2 2 0 3 3 0 4 1 1 1 3 1 1 4 4 2 3 2 4 3 0 4 1 1 2 3 2 2 4 4 2 0 0 2 0 0 0 1 4 4 3 3 0 2 2 3 1 0 3 1 4 1 1 3 0 4 3 2 2 3 4 4 4 2 3 0 3 3 3 3 3
4 3 2 1 1 3 2 2 2 3 3 0 4 3 2 1 0 0 0 0 4 3 0 0 4 3 3 1 3 0 0 0 2 1 2 3 4 2 4 2 4 1 2 1 3 3 2 0 0 2 1 0 3 4 2 1 0 4 3 1 4 1 3 4 0 2 0 0 1 2 4 2 3 3 1 2 4 2 3 3 2 4 2 3 1 0 3 1 1 3 1 2 2 4 0 2 3 1 0 2 3 0 2 2 0 0 4 1 0 1 2 4 2 3 3 3 1 4 4 3 3 3 2 3 4 1 0 2 2 3 3 1 1 2 2 3 1 1 0 1 2 3 1 2 0 2 2 4 0 1 4 2 2 0 1 3 1 2 1 3 4 2 1 0 3 1 2 1 1 4 0 1 4 3 1 2 4 3 0 3 3 4 2 4 4 4 4 4 0 3 0 1 4 4 2 0 0 4 3 3 0
4 4 3 0 2 4 2 1 1 1 1 4 3 1 2 3 2 2 0 4 0 4 1 2 3 2 4 0 1 1 4 4 4 4 2 0 0 1 1 4 2 2 3 3 3 3 4 0 4 0 0 2 3 2 1 4 0 1 4 3 0 3 0 4 3 3 0 3 2 1 3 4 0 1 1 3 3 3 2 3 3 1 0 0 4 0 1 4 0 1 0 2 0 4 4 1 4 3 4 0 4 1 4 1 0 0 1 3 3 3 3 4 0 1 3 4 3 1 4 0 0 1 2 2 1 2 4 2 0 0 0 4 3 4 3 4 2 2 2 1 2 4 1 0 1 2 1 0 3 4 4 1 3 2 3 2 0 2 3 3 3 3 3 2 1 1 1 2 3 0 0 1 2 3 3 3 2 0 4 1 4 2 4 2 1 0 3 3 1 1 1 1 2 1 0 1 3 1 2 0 4
4 4 2 4 4 3 2 1 2 1 3 2 2 1 0 2 4 1 3 0 4 0 2 2 0 2 4 0 3 3 0 3 0 2 3 3 3 0 0 2 1 4 2 0 0 3 4 4 0 3 4 3 3 3 2 0 1 1 0 3 2 2 2 2 0 2 3 3 0 0 0 4 2 4 3 1 0 3 2 0 3 4 2 1 0 3 2 1 3 2 2 0 3 0 0 2 2 1 4 1 4 2 0 3 3 3 0 1 0 4 0 3 0 3 3 3 0 1 0 4 4 3 1 3 0 1 2 4 2 0 3 4 0 0 0 1 3 4 4 1 4 3 3 3 0 0 0 3 4 0 4 0 4 2 1 4 0 0 1 2 4 2 3 3 0 4 3 1 3 0 1 2 3 3 0 4 0 0 0 3 3 2 1 0 0 2 2 0 4 1 1 0 0 3 2 0 3 4 3 4 4
4 2 2 4 3 3 2 1 2 4 1 3 2 2 1 1 2 3 0 2 4 1 3 3 0 2 0 0 0 4 1 4 0 4 2 3 0 0 4 3 3 4 3 0 4 4 3 4 4 0 0 3 0 3 0 3 0 0 3 0 1 2 3 1 0 3 4 2 3 0 2 4 3 0 2 1 0 1 2 4 4 2 0 2 3 4 1 1 4 1 2 0 4 3 0 4 3 1 0 1 1 2 1 0 4 1 0 1 2 1 0 0 4 2 2 2 2 1 3 0 4 3 3 4 0 0 4 2 3 0 2 1 4 2 2 4 2 3 1 2 2 0 4 0 3 2 3 4 1 4 1 0 0 0 3 0 1 1 0 2 1 2 4 1 0 1 0 3 1 1 2 2 0 2 1 3 1 1 3 1 0 3 1 3 1 0 3 4 4 0 2 4 1 3 0 1 2 3 2 0 1
4 4 2 4 1 2 4 4 2 4 0 2 3 1 1 1 1 2 3 1 2 2 3 4 0 2 4 4 2 0 0 0 3 0 3 3 1 4 1 3 4 3 3 1 0 4 4 4 3 4 0 1 0 3 2 0 4 3 2 0 3 4 3 1 2 3 1 0 4 2 2 0 3 1 3 1 2 3 3 3 3 3 0 3 1 1 3 4 1 3 3 0 2 1 3 3 0 0 4 1 1 0 3 2 3 0 4 2 1 0 2 1 3 4 4 0 3 2 0 4 3 4 3 2 2 2 0 4 4 1 2 4 3 1 1 2 1 4 2 0 0 3 1 1 2 1 3 1 0 0 2 1 4 0 2 3 3 2 4 0 0 4 0 3 2 0 2 1 3 4 0 3 2 2 1 4 0 2 2 1 3 0 4 1 4 4 0 2 2 3 2 1 3 0 2 1 0 0 0 3 0
4 2 0 3 3 4 2 4 2 3 1 4 2 2 0 3 1 2 2 0 1 3 2 3 2 1 2 4 1 0 2 2 4 0 4 4 0 4 3 2 2 4 0 0 1 2 4 4 0 0 0 3 0 3 3 2 3 4 4 3 0 4 3 1 0 3 1 4 3 2 1 2 0 4 2 4 4 4 4 0 1 4 0 1 1 2 0 4 3 1 1 3 1 0 4 3 3 3 2 0 4 4 3 0 1 4 1 0 0 1 0 2 3 1 1 1 0 2 2 4 3 3 4 2 2 4 0 2 3 1 0 0 1 1 1 0 2 3 3 3 4 4 1 3 4 2 1 2 3 1 3 4 4 2 2 0 2 3 4 0 0 3 2 3 1 0 2 3 0 0 2 3 4 4 4 2 3 3 3 3 0 2 3 4 0 3 0 1 0 2 2 0 1 3 0 1 0 1 2 2 0
4 2 0 0 1 4 2 1 1 4 1 1 4 1 3 4 3 2 4 0 2 4 1 4 2 1 0 0 3 2 2 1 4 1 1 4 4 1 1 4 3 1 0 2 0 0 1 0 0 2 1 0 1 4 4 0 0 3 1 0 4 1 2 2 2 2 1 0 2 2 1 0 4 0 2 1 0 0 3 3 4 3 1 1 3 2 4 3 1 1 1 3 4 1 1 3 2 3 2 2 0 1 0 1 3 1 4 0 1 2 0 0 1 4 2 3 0 4 0 4 0 3 0 0 1 0 0 2 2 4 1 0 1 0 2 4 1 2 4 0 0 4 1 1 2 2 0 0 0 3 1 4 1 3 4 1 0 0 1 2 1 0 4 2 4 3 2 4 3 3 4 2 0 4 1 0 2 0 2 0 3 0 4 3 2 2 4 2 4 3 1 3 3 2 1 2 2 4 0 1 0
4 4 3 0 0 2 2 0 4 2 3 1 1 3 2 1 1 3 1 2 1 3 1 2 4 1 2 0 1 4 1 2 1 1 4 3 1 3 2 0 2 1 4 1 4 0 1 1 4 2 4 4 1 2 3 4 1 2 2 1 1 0 3 1 2 3 1 1 0 2 3 2 0 1 0 4 2 3 4 4 2 4 4 2 1 4 2 4 0 2 0 0 4 1 2 0 4 1 0 4 0 3 1 3 1 4 0 3 3 1 3 2 1 3 0 4 1 2 3 1 4 0 0 3 4 3 0 1 0 2 2 3 1 0 4 1 0 0 3 2 2 1 2 2 2 2 2 2 3 3 4 1 4 1 2 3 2 0 0 1 1 1 0 3 4 3 4 4 2 0 4 3 1 4 1 2 0 4 1 3 0 4 1 2 1 4 4 2 2 0 4 1 1 0 1 0 3 0 0 0 1
4 4 4 0 3 4 0 3 4 4 2 4 3 0 1 3 0 1 4 1 1 3 4 4 1 0 4 2 0 0 4 2 0 0 2 0 1 4 3 2 4 2 4 1 3 3 3 3 2 1 0 0 1 2 4 3 1 4 1 1 0 2 2 3 1 3 3 3 4 1 1 2 4 2 2 3 0 0 2 0 1 1 3 4 1 0 1 0 3 1 1 3 0 3 0 3 1 2 3 0 4 2 0 4 4 4 4 2 1 4 3 3 2 2 0 4 1 1 2 3 2 4 2 3 0 1 0 3 0 2 4 3 0 1 3 2 2 1 0 3 4 2 4 2 1 3 1 0 0 0 0 4 1 3 1 4 2 0 4 4 2 3 2 0 2 4 2 3 1 1 3 0 1 2 4 3 3 4 4 2 1 2 4 4 4 4 2 3 1 3 0 2 1 0 2 4 2 1 0 1 3
4 1 0 1 4 4 1 1 0 2 2 2 2 1 4 2 0 3 0 3 4 1 1 1 0 4 0 2 2 4 2 4 0 2 0 4 2 2 0 0 3 3 3 4 1 3 1 0 0 2 3 3 3 4 3 4 4 2 4 4 4 2 1 1 0 2 2 3 0 2 2 2 1 0 3 4 0 1 2 4 0 4 4 4 2 0 0 4 3 3 1 4 2 4 0 4 4 2 1 0 4 4 4 0 3 2 2 2 0 3 1 0 0 3 0 2 3 3 4 0 0 3 2 1 1 3 0 0 2 4 4 1 3 3 2 1 0 1 2 2 2 2 3 3 4 0 1 2 3 2 0 1 0 1 0 4 2 2 1 0 3 0 3 1 0 0 1 2 0 2 1 3 4 2 0 2 4 1 4 3 3 4 0 4 1 1 2 0 2 4 1 0 4 1 1 1 1 3 0 0 2
4 4 3 2 1 2 1 1 0 3 2 3 1 2 0 1 2 3 3 2 2 1 4 0 2 0 3 3 1 3 4 4 1 2 4 0 4 2 3 3 0 0 1 4 4 1 1 0 1 0 0 4 2 0 3 1 2 4 1 2 2 0 2 0 1 4 0 1 2 0 3 1 4 1 3 0 1 4 0 1 1 0 0 1 0 2 0 2 4 4 0 0 1 2 1 3 0 0 3 0 3 1 3 1 0 4 1 0 3 1 3 0 2 2 0 2 4 3 3 0 1 0 2 2 1 0 0 2 2 0 1 2 0 3 1 0 3 2 2 0 4 3 4 0 2 4 4 2 0 2 0 0 3 4 2 1 1 4 2 2 3 4 0 2 1 1 1 0 2 3 2 3 1 2 2 0 1 4 2 1 1 0 3 1 3 4 1 1 4 1 2 1 3 1 0 4 3 1 1 3 1
4 2 0 2 2 4 2 4 3 2 1 0 3 4 3 4 0 2 2 1 0 3 0 3 2 4 4 3 1 0 2 4 1 4 1 0 2 0 0 4 0 1 0 2 4 3 3 0 2 2 1 4 0 3 1 1 0 2 2 3 4 2 4 1 3 1 1 1 0 1 4 1 2 0 2 3 4 4 2 4 3 1 2 3 0 3 1 4 4 0 2 4 4 1 2 3 0 2 2 2 3 0 2 0 2 1 3 1 2 4 3 0 4 1 0 2 2 0 0 2 2 4 4 4 3 2 1 3 3 3 4 0 4 3 4 1 2 0 2 1 4 0 0 4 3 0 3 4 0 4 4 2 1 2 2 2 2 3 2 4 0 0 3 3 1 1 3 4 2 0 4 2 0 1 2 3 1 4 2 1 4 0 0 1 0 4 4 3 3 2 2 4 2 3 0 4 1 1 1 2 2
4 3 3 3 2 0 0 4 1 2 2 0 2 4 1 4 4 2 1 2 0 0 4 1 4 4 2 1 1 1 3 0 4 2 1 4 1 4 1 0 2 3 1 2 4 0 2 0 4 1 3 2 4 4 4 4 2 4 0 2 3 2 2 3 1 1 1 0 1 4 3 4 3 3 2 4 4 4 2 1 0 1 2 0 4 2 1 2 0 4 4 2 3 2 2 4 0 3 4 2 2 3 3 4 3 0 0 1 4 0 3 0 0 0 4 2 3 2 4 1 2 3 4 0 1 3 1 1 2 2 4 3 2 1 3 1 4 1 1 2 3 3 1 4 4 4 3 4 0 1 2 4 1 0 3 4 4 3 0 3 0 3 0 4 4 2 2 0 4 1 0 3 0 0 1 3 4 0 1 0 4 1 1 2 3 4 3 3 0 2 3 3 2 2 3 0 2 0 0 2 0
4 1 2 3 2 1 1 3 4 3 1 1 2 2 4 4 0 4 1 1 4 1 4 1 1 1 2 3 1 1 2 0 4 2 1 3 1 4 3 4 4 1 3 1 0 0 3 3 1 0 1 3 1 0 2 4 1 3 0 0 0 2 0 1 0 3 1 3 3 1 2 3 2 3 1 1 1 3 4 4 2 4 2 1 0 2 0 0 0 0 3 4 2 2 3 2 2 1 3 4 1 1 3 1 4 4 4 2 0 4 2 4 3 3 2 1 1 3 3 0 3 4 2 0 0 2 0 2 1 3 1 3 0 4 4 1 2 2 1 4 2 3 2 1 1 0 2 2 2 2 3 1 1 4 1 3 3 0 1 3 0 1 4 4 3 0 1 2 1 4 1 0 3 3 2 1 4 3 3 1 3 0 3 1 0 2 3 2 2 0 3 2 2 4 2 3 4 2 0 0 4
4 0 4 1 3 4 1 4 4 2 3 1 4 0 0 4 4 4 3 3 1 4 3 2 1 0 1 2 2 2 2 2 2 4 0 0 2 0 3 2 3 3 0 3 3 0 1 4 1 2 1 2 0 1 3 3 0 2 3 2 0 2 3 0 3 0 2 1 2 2 3 1 0 3 4 3 2 3 3 4 2 0 2 2 3 2 3 4 3 4 4 3 2 2 0 2 4 2 0 3 3 1 2 0 0 2 2 1 0 0 4 2 4 3 3 3 3 2 4 4 3 0 0 4 0 0 2 3 1 3 1 0 4 0 2 0 3 2 2 0 1 3 0 4 2 2 4 0 1 1 3 3 1 1 4 0 3 0 0 0 4 1 4 4 2 0 0 4 0 0 1 0 4 1 2 3 0 3 4 3 0 3 1 3 4 3 4 3 3 1 4 4 0 3 4 1 0 0 0 4 0
4 3 4 2 2 3 1 3 4 4 1 2 2 1 4 2 2 4 4 2 0 1 4 3 3 2 4 0 0 4 0 3 3 0 1 2 1 3 2 3 3 0 0 3 4 3 4 1 2 0 0 0 2 1 0 3 1 3 0 2 1 2 1 2 3 0 0 3 1 0 0 4 2 0 2 1 1 2 2 4 4 0 1 2 2 4 1 4 1 4 3 2 4 0 4 2 4 3 0 4 1 1 3 3 2 3 2 3 0 3 1 1 1 4 3 2 0 1 0 1 3 1 3 3 0 3 2 3 0 2 2 3 4 0 1 4 3 0 0 1 4 3 4 3 2 4 4 2 0 1 1 3 4 0 4 2 2 1 1 2 4 0 1 3 4 0 0 2 1 1 3 3 0 3 4 4 0 0 1 1 1 2 1 2 4 2 1 2 3 0 3 0 1 4 4 1 2 2 2 4 1
4 4 4 4 1 0 2 3 2 2 3 2 2 0 2 4 1 0 1 1 4 0 0 2 1 3 4 4 1 0 0 0 0 3 4 0 3 3 0 4 0 3 2 0 3 0 2 2 1 1 0 0 3 1 3 3 1 4 2 0 1 1 1 3 2 1 1 4 0 0 2 4 0 0 0 0 1 3 0 4 1 3 4 4 3 2 2 0 3 3 4 1 1 3 0 1 2 1 4 4 1 3 2 0 2 3 0 3 4 2 2 4 0 1 4 4 3 0 1 1 0 0 4 3 4 1 3 2 1 1 1 3 0 1 0 4 2 3 1 0 4 4 3 4 4 4 3 1 0 3 2 3 4 2 1 3 1 2 1 4 1 2 1 3 2 3 3 2 1 4 2 0 2 2 0 1 4 4 1 3 4 2 1 4 1 3 0 0 2 0 3 3 3 0 2 3 2 2 4 0 3
4 3 2 2 4 0 0 2 4 2 3 3 3 3 4 0 0 3 1 4 1 1 1 3 0 4 1 1 0 3 3 4 2 0 3 4 4 3 4 0 2 0 3 2 3 2 0 4 3 0 2 3 3 4 3 2 4 2 4 1 0 0 4 4 4 3 3 3 0 0 1 2 2 1 2 1 0 1 1 2 1 0 1 2 4 1 0 0 2 1 4 3 1 0 1 0 3 3 3 1 4 3 1 4 2 2 3 1 2 0 4 0 3 3 0 1 2 0 0 3 4 3 0 3 3 1 0 1 1 0 2 3 0 3 1 1 3 4 1 3 0 0 0 1 1 3 0 0 2 3 2 0 4 4 0 0 3 1 3 2 1 4 4 3 4 0 1 3 0 3 0 3 4 1 3 4 4 4 2 3 0 2 2 2 3 4 3 4 2 2 4 0 2 4 0 4 2 1 4 1 3
4 0 2 3 0 4 3 3 1 1 2 2 2 3 2 0 3 2 1 0 3 2 0 3 1 3 0 4 4 2 1 2 1 2 2 1 1 3 1 4 3 2 4 0 3 0 1 2 4 3 3 0 4 1 1 0 1 1 0 4 2 0 0 4 2 2 2 0 1 1 0 0 2 2 2 1 2 0 4 4 4 2 3 0 1 1 3 2 4 4 1 3 1 4 3 3 2 4 1 3 3 3 0 2 3 0 4 1 1 4 4 0 2 4 1 2 3 3 4 3 4 4 3 4 1 3 4 2 1 3 2 2 4 0 4 2 3 0 1 3 2 1 0 1 4 0 4 4 2 1 0 1 1 4 3 1 0 2 4 0 4 4 4 3 3 0 0 4 0 1 0 0 0 2 3 0 4 2 3 2 0 3 0 3 3 3 1 4 1 3 3 3 2 0 4 1 0 3 1 0 1
4 4 2 3 2 4 3 3 2 3 4 2 0 1 1 1 0 4 2 1 4 0 0 2 2 0 0 3 0 3 2 1 0 4 3 3 3 4 0 0 0 3 0 3 2 3 0 1 4 1 0 2 4 0 4 2 2 3 2 2 4 1 0 4 0 1 3 1 4 1 1 0 0 4 3 1 1 1 3 3 2 2 4 3 1 1 3 2 0 1 4 2 1 1 1 2 2 0 4 0 4 0 0 1 0 3 0 2 0 0 1 0 4 3 3 0 2 4 1 1 2 0 2 4 1 1 0 0 4 0 1 1 0 3 4 2 0 1 2 3 0 3 3 2 2 0 3 4 2 4 0 4 0 3 1 1 3 1 4 1 1 1 4 0 3 4 4 4 3 1 1 3 0 1 1 4 3 0 4 2 0 1 2 2 0 1 0 4 2 4 3 3 2 0 1 0 4 1 4 1 1
4 0 4 4 0 0 0 3 1 3 2 2 3 1 1 4 2 2 4 1 1 1 0 3 4 2 0 1 3 0 4 4 2 0 0 4 3 3 4 3 1 1 3 1 4 1 4 1 1 3 4 0 0 0 1 2 0 4 4 1 2 1 3 0 2 2 3 3 2 1 4 1 4 3 0 3 2 3 4 0 1 4 0 1 2 0 4 0 3 0 2 4 4 4 2 0 4 0 2 4 1 0 2 1 4 1 0 2 0 0 1 2 4 1 4 2 0 3 0 2 2 3 4 2 3 0 3 0 1 3 1 4 3 3 3 1 3 0 4 1 0 4 4 4 4 4 0 2 3 1 1 1 1 1 1 3 2 3 1 3 3 0 3 0 2 1 2 0 3 3 4 3 1 4 4 4 1 4 2 4 2 3 1 1 3 1 0 0 0 3 2 1 1 2 2 3 2 2 2 4 0
4 2 3 2 2 4 4 4 4 3 4 3 1 2 4 3 4 0 2 1 0 3 4 2 2 4 4 2 2 1 2 2 1 4 0 1 4 2 1 4 3 4 3 1 0 4 2 4 3 4 2 4 3 3 0 4 0 2 3 4 1 3 0 3 0 4 2 2 0 0 4 0 3 2 4 4 4 0 0 3 0 1 4 0 4 1 1 4 3 4 1 1 4 2 3 0 3 2 3 1 0 4 4 3 4 1 3 1 1 0 1 2 2 2 4 4 2 0 1 1 3 0 2 0 1 3 0 0 4 2 2 3 0 3 1 3 3 4 1 2 2 2 4 2 3 4 2 3 4 3 3 1 4 3 3 1 3 2 2 0 1 2 0 4 4 2 3 1 2 1 1 4 2 2 2 3 2 4 3 1 2 1 2 0 0 1 4 4 4 1 0 3 0 0 0 2 2 3 3 2 0
4 4 2 0 2 4 1 0 0 4 1 2 4 2 2 3 3 4 0 2 3 4 3 0 2 2 2 4 2 1 3 4 4 4 4 0 1 2 2 0 0 3 0 1 1 0 4 0 2 1 4 4 1 0 1 1 2 4 2 1 3 4 2 4 4 3 2 3 4 1 0 1 3 2 2 1 4 3 1 3 2 4 0 1 3 3 4 2 4 2 4 2 1 2 1 1 4 4 2 4 0 4 2 0 0 3 0 4 0 1 1 2 4 1 4 4 3 3 1 4 4 3 1 1 0 3 0 2 2 4 3 0 1 0 1 0 1 1 0 0 1 1 2 2 1 1 0 4 3 3 3 4 4 3 0 0 2 2 3 2 2 0 0 0 1 0 0 4 3 3 4 0 2 3 2 2 0 3 2 1 2 4 4 3 2 1 0 3 2 3 1 1 2 1 0 3 1 0 4 2 4
4 0 0 1 4 4 1 2 4 0 2 1 3 4 2 4 0 3 1 4 1 1 4 3 3 3 0 1 3 4 4 0 4 3 3 1 1 4 1 3 0 4 3 3 3 3 2 4 0 1 0 3 0 4 1 2 0 1 0 1 4 3 3 2 0 2 2 4 1 0 4 4 1 3 1 2 0 3 2 3 0 3 0 3 1 1 1 0 0 4 4 1 0 2 1 4 0 3 0 2 3 1 1 3 2 4 4 4 3 3 2 3 4 3 4 4 0 4 1 0 1 2 4 4 4 2 3 2 0 3 1 4 1 3 1 3 2 2 4 1 3 1 4 4 2 3 1 1 4 1 1 0 0 4 0 1 0 0 4 3 3 4 0 1 3 4 3 4 4 1 1 4 1 4 3 4 1 1 3 1 3 1 2 2 4 1 0 3 3 1 1 1 4 1 3 1 1 1 0 2 1
4 1 2 4 4 3 3 3 4 0 1 0 3 4 2 3 1 4 2 0 0 3 1 3 2 2 2 4 4 1 4 1 2 0 4 1 4 0 1 0 4 4 2 2 2 1 3 2 3 1 2 1 2 1 2 3 1 0 0 1 1 1 1 0 1 4 4 1 3 4 2 3 2 3 4 4 0 3 0 0 0 4 1 3 4 3 3 3 2 2 3 0 3 3 3 1 2 0 2 1 1 0 0 3 1 1 4 0 3 4 0 1 0 2 2 3 1 1 2 1 2 0 2 2 1 0 3 4 3 2 2 2 2 1 3 0 1 2 4 1 1 3 0 0 0 1 3 1 4 2 3 4 4 1 3 0 0 4 4 0 0 2 2 0 2 0 3 4 2 0 4 0 2 1 0 4 1 2 4 2 4 2 3 0 4 2 3 0 4 2 4 1 4 0 0 3 2 0 1 2 4
4 1 2 3 0 4 2 2 4 1 2 1 1 0 1 2 2 3 4 0 2 0 4 3 2 1 2 0 3 3 4 0 4 1 4 3 0 0 1 3 4 4 2 2 4 0 3 2 3 2 3 1 1 4 2 1 0 1 4 4 1 3 0 4 4 2 3 4 2 1 3 1 0 3 4 3 4 2 4 3 3 3 2 4 0 1 4 2 0 2 1 3 4 0 3 2 4 3 3 1 1 4 2 4 0 2 4 0 1 4 0 4 1 2 0 4 2 1 0 0 3 0 0 3 4 3 0 2 2 1 4 0 4 2 0 1 0 4 1 1 0 4 1 4 1 2 1 4 2 3 1 1 3 2 0 3 2 3 2 4 0 2 4 0 2 4 0 2 3 4 3 1 1 2 3 4 1 1 0 3 2 2 1 4 4 4 1 0 1 3 0 2 4 3 4 4 2 2 1 2 3
4 3 4 0 4 4 0 0 2 4 4 4 2 1 1 0 1 4 3 4 2 1 1 1 1 0 4 0 4 3 2 1 3 3 0 0 4 2 4 3 2 2 0 0 4 0 1 2 4 0 2 3 1 0 2 4 0 1 4 1 0 1 3 3 1 3 3 3 4 1 1 0 1 0 0 3 0 1 1 0 4 2 4 1 4 3 1 4 0 1 1 3 1 3 1 4 4 3 0 2 0 4 4 3 3 4 0 4 4 0 3 1 0 3 0 1 3 3 3 3 4 2 4 2 2 0 3 1 3 0 3 1 3 2 2 4 2 3 4 3 1 4 1 3 3 4 1 0 0 4 0 4 2 4 3 0 4 1 1 0 3 3 2 2 2 1 4 0 1 3 0 0 2 3 3 2 3 4 2 2 0 3 0 1 0 4 4 4 0 3 4 4 1 0 4 1 2 1 1 2 1
4 3 1 3 1 3 3 2 1 2 1 0 3 1 0 1 1 3 3 0 3 2 2 4 1 4 2 2 3 0 3 2 3 3 4 1 3 3 2 3 2 2 1 3 2 3 4 3 1 4 4 3 3 2 2 4 3 4 1 0 1 1 4 0 1 4 4 2 2 2 0 1 1 2 2 1 4 4 4 2 0 0 3 0 4 1 0 4 2 4 0 4 2 0 4 3 2 0 4 2 1 0 1 4 2 2 3 1 0 2 1 0 0 1 0 1 0 3 0 4 0 3 1 2 3 1 2 3 3 4 4 4 0 2 3 0 4 3 2 0 0 3 1 0 0 2 3 4 0 0 3 3 0 3 4 1 0 3 4 4 2 2 4 0 4 4 4 0 0 4 0 4 0 2 1 2 3 3 0 4 4 4 4 1 0 2 1 4 4 0 0 4 4 3 2 0 4 3 4 1 3
4 1 4 0 2 2 1 3 0 4 0 0 3 2 1 1 3 1 4 4 4 2 3 3 3 2 2 2 4 2 1 0 2 2 3 0 4 4 1 0 3 1 1 2 2 3 3 3 3 0 0 4 4 4 1 0 2 0 0 1 0 3 0 1 0 3 1 3 0 0 3 1 2 0 3 3 0 0 3 0 0 3 1 2 4 2 4 1 2 2 1 2 2 3 4 0 2 1 2 0 3 0 4 0 3 0 3 3 2 4 3 3 3 2 0 2 3 0 0 2 0 4 3 1 4 1 3 2 4 2 2 2 1 1 0 3 1 1 4 1 1 2 2 3 3 3 2 3 2 0 3 1 1 4 1 2 3 2 1 2 0 0 2 2 0 3 3 0 0 4 3 2 2 4 0 0 1 0 3 3 4 1 4 0 4 3 0 1 0 3 0 3 0 4 1 0 2 3 3 1 0
4 1 1 0 4 4 3 4 4 2 3 2 2 1 2 4 2 4 3 2 4 2 3 0 1 2 0 2 0 3 3 2 0 1 3 3 0 3 0 4 2 4 4 1 0 2 0 0 1 3 1 0 4 0 2 4 1 4 3 3 0 1 2 3 2 2 2 1 3 1 2 4 0 1 3 1 3 4 2 2 1 0 3 3 4 0 3 0 0 3 3 2 3 3 1 1 0 1 1 2 0 3 3 0 4 4 4 4 3 3 1 3 0 1 1 3 0 2 0 2 0 3 3 2 4 4 3 0 1 2 0 1 3 4 0 0 4 4 0 1 2 1 4 2 3 1 0 0 2 0 4 4 0 0 2 1 4 4 1 3 2 2 4 0 0 0 1 2 2 4 2 1 4 0 3 1 3 3 2 0 3 2 4 3 2 0 0 4 1 1 1 4 4 4 0 0 1 4 1 3 3
4 0 2 0 3 4 1 4 3 4 2 0 1 1 0 4 3 0 3 1 3 2 4 3 0 3 4 0 3 3 1 1 2 3 0 2 3 4 2 2 0 4 0 0 3 2 1 0 4 1 1 2 1 4 4 0 4 2 0 2 2 4 2 1 3 3 1 0 3 2 1 2 2 4 0 4 3 4 4 2 3 3 4 4 2 4 1 2 4 2 0 0 1 0 1 3 0 4 3 3 4 3 0 3 3 2 1 1 0 0 1 4 1 0 2 2 4 4 4 1 4 0 4 4 2 4 1 3 2 1 3 3 2 2 2 4 4 2 3 0 3 3 0 4 3 0 0 2 4 0 3 1 2 1 4 0 3 3 0 2 1 2 2 0 2 2 0 0 1 4 4 2 4 0 3 2 0 2 0 1 1 2 0 1 4 0 1 1 3 4 2 4 0 3 4 2 0 4 2 3 1
4 1 3 4 4 2 1 2 0 0 2 0 4 3 0 1 2 1 1 4 3 2 4 1 0 4 1 3 3 4 1 2 2 3 2 0 3 2 0 1 0 1 4 3 1 4 0 0 3 3 4 4 2 0 3 3 3 3 4 3 2 2 2 1 0 2 4 2 2 2 0 2 1 2 0 4 1 1 1 2 0 2 1 4 2 0 3 0 4 2 1 4 2 3 4 1 3 2 2 4 1 2 1 3 0 1 2 4 3 0 0 3 1 4 4 2 4 0 4 4 0 0 1 4 4 1 0 2 4 1 0 0 0 3 0 3 2 2 0 0 1 3 4 1 0 1 0 4 2 0 0 1 0 3 0 4 3 0 2 3 1 1 0 2 3 1 2 3 4 2 1 4 0 2 4 2 1 3 1 3 3 1 0 1 0 1 4 3 2 4 1 2 2 4 3 4 0 3 4 2 4
4 1 2 1 2 4 1 4 1 4 1 0 0 3 2 3 2 3 0 1 2 4 1 0 3 1 2 2 2 1 1 1 1 2 0 3 2 4 0 4 3 3 2 0 4 3 3 0 2 1 3 2 1 1 0 4 4 0 2 0 3 4 1 2 2 3 4 3 0 4 3 1 1 2 3 2 0 3 4 2 2 0 0 1 1 2 4 2 0 4 1 3 2 2 0 1 1 0 3 1 2 1 1 1 3 4 3 2 0 2 0 0 0 2 3 4 0 3 0 2 1 2 4 2 3 1 1 1 0 1 2 4 0 2 4 0 3 4 3 0 1 1 3 4 4 2 0 2 0 2 1 4 4 2 3 3 3 0 1 2 0 2 0 1 3 2 3 1 3 0 4 3 1 0 1 0 4 3 2 0 2 1 4 3 4 4 3 2 0 0 0 4 1 1 1 0 4 4 3 3 0
4 4 4 3 4 0 3 4 2 1 4 4 0 2 0 2 3 4 0 2 2 2 1 1 2 4 2 2 1 1 1 2 0 3 1 1 1 4 3 4 2 3 1 1 4 1 4 4 3 1 0 0 1 1 2 0 3 1 0 2 3 3 2 1 4 3 0 2 0 2 0 4 4 3 1 2 2 4 4 3 2 3 1 4 1 0 4 4 0 0 1 2 1 4 2 0 0 1 0 0 1 0 4 3 1 1 0 3 0 3 1 4 2 2 0 2 0 0 4 0 1 0 1 3 0 3 1 1 4 4 0 1 0 3 3 3 2 3 3 4 4 0 3 3 2 3 2 4 2 3 0 0 1 4 1 0 0 2 0 4 2 4 0 2 1 2 1 0 4 0 2 1 0 4 3 0 3 4 1 0 0 4 2 3 4 3 1 3 0 1 2 0 2 0 2 0 4 3 4 0 3
4 0 3 4 0 2 4 0 0 4 2 3 2 0 0 4 4 1 3 2 0 4 2 3 2 1 4 0 4 2 0 3 3 2 0 1 3 0 1 0 0 1 4 2 2 3 4 4 4 2 4 2 2 1 4 2 0 0 3 2 1 1 4 0 3 2 1 0 4 3 2 4 1 3 3 4 2 3 4 1 2 0 2 3 4 0 1 2 4 1 2 4 2 1 2 2 4 1 0 1 0 3 1 0 1 2 1 0 2 2 1 2 0 1 2 4 2 0 3 4 2 3 2 4 3 4 3 2 0 3 1 1 1 1 4 4 2 3 2 2 3 1 0 0 4 4 1 2 3 1 0 3 4 3 4 2 2 2 4 3 0 3 1 0 3 3 3 2 2 4 2 1 4 3 3 3 2 2 3 0 4 1 3 0 4 3 2 0 0 1 2 4 1 2 1 1 1 0 4 3 4
4 0 3 0 3 1 1 1 3 1 4 0 4 3 2 4 2 2 2 1 3 0 4 3 4 4 1 3 2 3 1 1 1 4 3 1 0 0 4 4 2 0 3 0 1 1 2 3 3 4 0 3 3 2 0 4 3 1 2 0 3 0 3 4 1 1 3 3 0 1 2 0 0 3 2 2 0 0 0 4 0 3 4 4 0 4 1 3 0 4 3 3 4 4 3 3 0 0 2 2 4 1 3 3 0 0 0 0 4 4 2 0 2 4 0 0 1 0 4 0 1 3 3 3 4 3 1 3 4 4 1 0 3 3 0 3 4 1 0 4 0 3 2 3 3 4 2 0 2 4 0 2 2 0 3 1 1 1 4 4 1 0 0 4 0 3 4 3 0 3 0 4 0 0 0 0 1 0 0 4 1 0 3 3 1 0 2 4 3 4 3 3 2 1 3 3 0 0 2 2 1
4 3 0 1 4 2 3 1 4 4 2 0 4 4 1 0 2 2 1 4 0 0 3 3 3 4 3 2 2 0 1 4 3 1 2 1 0 4 1 4 3 1 3 2 4 0 4 2 0 2 0 1 0 3 1 2 4 4 4 3 0 3 2 4 3 0 2 3 2 4 2 1 3 4 4 0 2 4 3 2 1 3 2 2 0 1 2 1 0 3 2 2 4 0 4 3 3 4 4 0 4 0 2 4 3 4 4 3 2 1 2 1 2 0 3 1 0 0 4 4 0 0 3 2 0 2 0 2 2 4 0 2 1 3 1 1 3 0 4 2 4 2 0 0 3 4 3 3 4 0 2 0 3 1 1 2 3 0 4 2 3 2 0 4 0 0 0 3 1 1 2 3 0 2 4 0 1 2 3 1 2 0 3 1 4 2 3 1 3 2 0 0 4 0 4 2 1 4 0 2 2
4 2 0 2 1 3 3 3 3 3 4 3 0 0 3 1 0 3 4 3 1 4 3 2 4 3 4 4 2 2 1 1 0 4 1 0 4 0 3 3 0 0 0 3 4 0 3 3 4 3 3 0 4 3 4 0 1 0 3 2 0 1 3 0 0 0 3 2 4 4 0 3 1 3 0 1 0 1 0 0 3 0 2 0 0 2 1 1 3 2 1 2 3 2 0 4 0 3 1 0 0 0 4 4 3 2 0 2 3 2 4 4 4 4 0 0 1 4 1 4 1 0 2 3 3 3 3 4 1 0 2 4 4 2 3 2 2 4 0 4 3 3 0 4 2 4 1 4 2 1 4 1 0 4 2 1 4 0 0 4 3 3 0 4 0 3 3 0 4 3 3 1 4 2 2 2 0 0 2 1 0 0 2 3 2 2 4 3 3 0 2 4 3 2 3 2 3 4 4 1 0
4 4 3 0 2 4 0 4 1 4 2 1 4 3 3 2 2 2 0 3 4 4 2 1 0 3 2 3 1 3 1 2 3 4 3 2 0 1 3 4 4 2 0 3 1 3 0 3 1 1 0 3 2 3 2 3 3 2 1 0 3 3 2 1 2 3 4 2 0 4 0 1 3 4 3 0 0 2 4 4 1 4 0 2 1 4 0 3 4 4 2 1 3 2 2 3 0 0 3 2 0 3 0 3 0 2 2 2 3 1 2 0 1 1 1 4 1 3 4 4 2 3 1 2 2 4 1 1 1 3 4 0 4 4 4 3 4 1 3 2 4 4 0 1 4 0 4 3 1 0 1 3 4 1 3 0 1 0 2 2 4 3 2 3 2 4 3 2 1 4 1 1 2 4 1 1 2 1 0 4 4 2 0 4 2 3 2 4 2 4 0 0 1 0 3 0 0 3 4 1 1
4 2 4 3 3 1 3 0 3 3 0 2 0 3 3 2 3 2 4 1 2 0 1 2 4 3 3 2 3 2 3 3 0 4 4 2 0 1 4 4 2 1 2 4 1 1 0 3 2 0 4 2 0 2 4 4 0 2 0 2 4 2 1 3 1 2 1 3 0 1 0 2 1 3 1 3 2 3 1 0 4 3 3 2 4 1 0 2 0 3 0 3 0 1 0 1 1 0 2 1 2 2 3 0 0 3 4 1 0 3 3 4 1 3 0 4 1 0 0 2 4 4 3 0 1 1 2 1 2 3 4 0 0 2 1 1 4 2 4 0 3 3 1 1 4 0 1 4 0 4 1 1 4 2 1 2 3 1 3 0 2 1 2 0 4 0 2 2 4 0 3 0 1 2 3 0 0 2 4 2 4 1 1 3 0 0 3 3 4 3 1 1 3 1 0 2 1 3 1 4 4
4 1 4 1 1 0 1 4 0 1 1 3 3 0 1 3 0 2 0 4 3 1 0 2 0 2 2 2 2 0 1 0 4 2 2 4 2 2 4 3 4 4 2 0 1 4 2 1 3 3 2 1 3 2 1 0 2 1 1 4 4 4 4 4 3 4 0 3 4 0 3 1 2 4 0 1 3 2 3 3 2 4 2 3 3 1 3 1 4 0 4 4 0 4 1 0 4 1 4 2 2 1 3 4 2 4 1 0 1 3 3 0 2 3 2 1 0 1 4 0 2 3 4 1 0 2 1 3 4 1 4 4 3 4 3 1 0 0 4 3 1 0 4 1 4 4 2 2 1 3 1 4 0 1 1 2 4 2 0 3 0 0 0 2 3 2 2 2 0 0 0 4 0 3 4 1 4 1 2 0 3 2 2 0 2 4 2 1 4 1 2 0 3 2 3 1 4 1 3 4 2
4 2 4 4 2 3 2 1 3 2 3 0 4 0 0 1 0 0 2 2 3 2 0 1 0 3 3 0 2 3 4 4 1 0 0 4 1 0 2 3 4 2 0 4 3 2 4 3 3 1 2 0 4 1 3 2 3 2 1 4 3 1 1 0 3 2 1 3 0 2 2 2 2 4 3 1 1 4 4 0 0 2 2 0 4 4 1 0 3 1 0 1 0 1 0 4 1 1 4 2 1 3 2 4 4 2 1 1 0 4 2 1 2 0 1 0 0 1 1 0 4 2 2 3 4 0 3 2 1 4 0 2 3 1 2 0 3 3 4 0 4 3 4 1 1 1 0 1 4 2 3 1 2 1 0 0 1 0 4 1 4 0 4 2 4 3 3 3 1 2 3 4 3 0 0 1 0 3 4 2 3 2 3 3 4 3 1 3 2 4 2 2 1 0 3 1 3 0 1 3 0
4 0 4 2 1 4 2 3 1 0 0 0 4 0 0 2 0 4 3 4 1 1 1 1 3 2 4 2 3 1 4 4 2 1 0 2 1 0 3 4 1 2 3 2 2 3 4 0 2 0 3 2 1 4 0 2 4 2 4 2 3 4 2 2 1 4 3 0 4 4 1 0 0 0 4 2 3 0 3 4 1 1 1 0 3 4 3 2 1 1 3 1 0 3 1 0 2 3 4 2 0 4 0 3 2 3 2 2 0 4 0 2 3 3 2 3 0 4 2 3 1 2 3 4 1 4 2 2 1 4 3 0 4 0 3 0 2 2 0 4 4 1 1 4 4 4 4 0 3 4 4 1 0 3 2 3 0 4 0 2 2 1 3 3 4 3 0 1 3 4 3 4 2 3 3 1 3 1 3 3 0 4 4 3 2 2 0 2 4 2 0 4 0 3 2 1 0 4 1 3 0
4 4 4 0 4 2 1 1 1 4 4 0 0 4 1 3 4 3 2 4 1 3 1 0 0 0 2 4 1 1 1 3 2 0 0 1 2 0 1 1 0 1 3 4 0 0 1 0 2 1 1 1 1 4 4 3 3 3 2 2 4 3 1 3 0 4 4 2 4 4 0 3 4 4 2 0 0 0 4 4 4 0 2 4 3 1 1 2 1 1 3 4 0 4 1 4 3 1 4 0 1 4 2 1 4 4 4 1 3 4 0 4 3 3 3 2 2 1 4 2 3 4 4 0 3 3 2 1 4 2 4 2 3 0 3 3 2 0 2 1 4 0 2 4 2 4 3 2 2 0 3 4 2 2 1 4 1 3 1 0 2 1 2 3 2 3 1 2 3 1 1 2 1 1 4 4 4 1 1 3 2 2 1 0 1 2 0 3 1 3 0 0 4 2 2 1 0 4 3 2 4
4 2 1 3 0 0 0 3 1 3 0 2 4 2 0 2 4 1 2 2 0 3 3 0 1 1 3 0 0 0 4 0 1 2 3 2 3 4 3 2 2 0 4 2 0 2 2 4 0 2 3 0 1 1 3 2 4 2 1 4 4 4 2 2 1 4 3 1 0 4 3 3 0 3 4 4 1 2 2 0 2 0 4 3 1 0 2 2 2 2 2 1 3 2 1 4 1 0 2 2 1 2 3 3 3 4 3 1 4 4 0 0 0 3 2 4 0 2 2 1 4 3 0 1 2 4 0 2 1 2 1 0 1 1 3 0 3 0 2 0 3 4 3 0 3 4 3 0 0 2 1 2 1 3 1 2 4 0 0 3 0 2 1 4 3 0 1 3 4 2 2 0 3 4 1 4 2 1 2 4 0 3 0 3 4 1 1 4 1 3 3 3 2 1 4 1 1 2 2 0 3
4 3 1 1 1 0 0 0 0 4 3 1 3 2 1 1 2 0 4 2 0 0 0 2 1 0 4 1 2 0 1 4 1 4 3 0 3 1 1 2 1 4 1 4 2 1 0 2 4 1 0 0 1 1 1 4 1 1 4 1 3 1 1 4 3 1 4 0 0 2 4 4 1 0 4 4 0 2 3 2 1 1 0 0 2 4 1 0 1 4 1 4 4 2 3 2 0 3 2 0 3 3 1 4 0 4 1 2 3 3 1 0 0 1 3 3 0 4 0 1 1 2 0 2 1 1 2 0 3 0 2 3 2 3 0 1 4 0 1 3 4 2 4 1 2 4 3 3 1 2 4 2 0 4 0 1 1 1 0 3 4 4 1 4 2 2 0 2 4 1 3 0 2 1 1 2 1 3 3 4 0 2 0 0 3 0 2 4 2 4 1 4 0 2 0 4 4 2 3 4 4
4 0 2 3 0 4 1 0 4 0 4 1 0 4 2 2 1 3 2 2 3 3 4 2 2 1 2 2 2 1 0 4 0 3 2 2 0 0 0 0 1 0 4 1 1 2 2 1 1 0 4 2 2 1 3 2 3 0 4 1 0 4 0 4 2 2 1 4 2 4 0 0 1 1 3 4 1 2 4 3 2 2 3 3 0 1 1 4 1 1 4 3 0 2 4 2 4 1 0 4 2 2 0 3 1 3 4 1 3 2 1 4 0 2 0 1 2 1 1 3 2 0 0 4 4 2 2 2 2 4 3 1 4 2 0 0 1 1 3 1 3 0 4 3 0 2 2 0 4 4 2 2 1 2 3 3 1 0 2 1 0 2 3 4 2 1 0 4 1 0 2 2 2 2 4 4 4 0 3 0 2 2 2 0 0 2 3 3 2 0 1 0 0 1 1 1 3 4 0 1 2
4 4 0 4 2 4 4 2 1 3 1 3 2 0 4 4 3 3 4 2 1 0 4 0 2 3 2 3 1 4 0 1 1 3 4 4 2 1 2 2 2 0 0 1 2 4 1 3 1 4 3 4 3 0 1 4 3 1 4 2 2 1 0 0 2 3 1 2 3 1 0 3 0 2 4 4 1 4 0 4 3 1 0 4 1 0 4 1 0 2 0 4 3 4 1 3 4 1 1 0 3 1 1 2 3 0 0 4 1 4 1 4 4 4 3 1 1 1 2 3 0 1 0 2 4 2 3 3 0 4 0 2 0 3 4 0 2 2 4 1 3 2 2 4 0 0 2 3 1 3 1 2 3 4 2 2 0 0 2 4 3 2 2 1 2 0 4 0 4 2 0 2 3 1 0 1 4 1 0 1 2 3 2 0 2 1 1 4 2 0 1 0 4 4 0 3 1 3 4 1 0
4 4 2 2 2 4 0 1 2 0 3 1 0 3 0 4 2 1 1 1 4 1 2 4 3 1 0 2 3 3 3 3 4 4 0 4 4 3 4 2 3 3 2 4 3 3 2 4 2 2 3 4 2 4 2 3 4 0 0 0 0 2 4 2 3 3 2 3 1 4 2 2 0 0 3 2 0 4 1 1 4 3 1 3 1 4 4 1 4 1 0 3 0 2 0 2 4 2 1 3 1 1 0 2 1 2 0 3 0 0 0 4 1 3 4 0 0 3 4 0 2 2 3 3 1 1 0 0 0 4 2 4 1 0 2 1 3 1 3 0 2 1 0 0 1 0 2 4 3 2 0 0 0 0 3 0 1 4 0 1 0 1 2 0 3 0 3 4 0 2 3 2 0 3 4 3 1 1 0 4 0 3 1 1 0 1 2 3 4 1 2 2 2 1 1 2 0 2 3 2 1
4 3 3 1 1 0 4 0 0 3 3 2 2 3 4 3 3 4 1 3 1 0 1 2 1 0 3 1 0 1 4 2 4 1 3 2 3 0 3 0 3 3 0 1 4 3 4 3 2 1 3 0 0 1 1 2 2 0 1 0 1 3 0 0 1 2 2 2 2 2 1 2 3 4 0 1 1 3 0 0 0 4 2 3 2 3 4 2 0 4 3 2 1 4 4 0 4 4 2 4 3 2 4 0 1 1 1 2 1 4 3 1 4 4 2 4 0 4 0 3 0 2 2 4 4 0 3 3 1 3 2 0 2 0 3 0 0 3 4 2 3 2 3 2 4 2 1 2 0 1 0 3 4 1 3 2 4 1 2 1 4 4 0 0 1 1 1 4 1 2 4 2 0 4 1 0 0 2 2 3 3 2 3 2 1 1 3 2 0 1 4 2 3 3 0 3 2 4 2 4 1
4 2 1 0 2 4 3 3 4 3 3 0 3 2 4 4 1 0 0 1 0 4 3 1 3 0 2 3 2 0 1 2 2 2 2 3 2 4 1 1 1 4 3 0 1 1 0 0 4 4 1 4 3 0 3 1 1 2 1 1 1 3 3 2 3 2 0 3 3 2 2 4 3 0 1 4 0 2 0 3 2 2 4 3 2 1 0 2 2 2 4 1 4 1 1 0 2 2 4 3 0 1 2 2 3 0 4 2 3 0 0 3 1 3 2 3 4 4 2 4 0 2 1 4 0 4 1 0 0 4 1 4 0 4 3 3 0 2 4 2 0 1 4 3 0 1 1 3 3 0 2 1 2 0 3 1 0 1 2 1 0 0 0 1 3 1 0 1 1 4 0 4 0 4 3 1 2 2 3 4 4 2 3 1 0 4 0 4 0 2 3 2 2 4 2 1 1 3 1 3 4
4 2 4 2 2 2 2 3 1 1 2 2 3 1 2 4 4 0 2 2 1 4 2 4 1 1 2 0 2 0 0 0 2 4 3 2 4 2 4 4 3 4 1 4 0 0 0 1 4 4 0 0 4 4 2 1 1 4 2 1 0 2 3 0 2 0 4 3 2 4 3 3 0 0 0 2 1 2 2 2 4 0 0 3 3 2 2 4 2 2 3 2 3 3 3 1 1 0 4 3 3 4 3 1 0 4 4 1 2 3 2 4 4 3 3 0 4 0 0 1 4 1 0 3 4 0 0 2 0 0 3 1 0 0 3 2 3 2 4 2 3 2 4 3 2 2 4 2 1 1 4 2 4 1 4 4 4 1 0 1 2 0 0 2 3 3 2 3 4 1 3 4 1 2 4 3 1 0 2 1 1 3 4 2 0 1 3 2 1 0 1 3 4 1 2 2 4 3 4 3 2
4 0 2 4 4 4 1 4 3 1 0 2 3 1 1 2 1 0 0 4 2 1 4 3 3 2 3 2 2 4 2 3 4 2 0 0 2 1 4 3 0 2 0 0 3 4 1 3 2 2 1 1 3 4 0 3 2 4 1 3 2 4 0 1 3 3 0 2 4 3 2 2 0 1 2 4 0 0 0 4 4 0 2 2 0 2 2 3 1 3 3 1 2 0 0 1 3 2 3 4 3 0 0 1 4 0 4 3 4 2 2 4 0 1 4 3 1 4 1 2 0 2 4 3 3 2 3 1 4 3 2 2 3 3 3 0 0 3 0 1 0 3 3 0 1 2 4 2 4 4 3 0 1 3 4 4 1 1 2 2 2 3 2 1 2 2 3 4 0 0 1 3 3 0 2 1 0 3 0 0 4 3 1 2 2 2 2 1 0 4 2 2 0 4 2 2 3 0 0 2 0
4 3 4 1 0 0 2 0 4 0 3 0 1 1 4 4 4 0 1 1 4 4 2 4 3 1 0 4 2 2 0 3 0 2 3 0 2 3 3 1 2 2 0 2 1 3 0 1 1 2 3 3 4 0 3 4 3 3 2 1 2 1 3 1 2 4 4 0 1 1 1 1 0 4 2 3 2 4 0 0 3 3 1 0 0 1 4 0 2 4 1 0 2 4 0 3 0 2 1 2 4 4 0 1 1 3 4 1 3 1 2 2 2 2 2 0 4 0 1 3 2 2 2 0 3 4 1 1 4 4 0 4 1 1 1 0 0 4 3 2 3 4 2 3 0 3 3 3 1 4 4 1 0 0 2 0 0 1 4 4 4 0 1 3 0 2 4 3 3 0 0 2 3 0 1 0 2 2 1 0 4 0 3 1 4 3 0 0 1 4 1 3 2 2 1 0 3 1 1 2 3
4 1 2 2 1 3 1 3 3 1 1 3 0 3 3 1 1 3 2 3 1 4 4 4 1 2 3 4 3 2 0 1 3 4 3 0 0 3 0 4 1 4 2 2 4 4 2 0 2 4 0 4 0 4 1 4 1 0 4 1 3 2 0 1 0 3 4 2 4 0 1 4 2 3 0 3 2 0 2 1 3 2 4 4 1 0 0 1 4 1 1 4 1 4 2 1 0 3 4 2 2 4 2 2 2 0 0 3 3 2 1 4 2 1 2 1 0 0 0 2 3 1 4 4 4 1 1 4 1 3 4 0 0 3 1 1 1 0 4 2 3 3 1 0 1 1 2 3 0 3 3 2 4 3 1 2 4 4 1 4 3 1 0 4 1 1 2 0 3 4 4 0 0 1 1 1 3 1 4 4 2 1 3 3 4 4 1 4 1 3 1 1 4 0 2 4 1 1 0 3 2
4 4 2 0 4 2 3 2 2 4 0 4 2 1 2 1 2 4 1 3 4 1 3 2 1 0 3 3 4 4 2 0 3 1 0 4 0 0 2 0 3 3 4 3 2 0 0 4 2 4 3 4 4 2 0 2 3 3 4 4 2 2 0 2 3 2 4 3 2 4 1 0 2 4 4 1 1 3 4 1 3 0 3 3 2 1 2 3 0 2 3 0 3 2 0 2 1 3 3 0 2 2 0 4 3 2 2 4 4 4 3 2 1 4 1 1 2 3 3 4 2 1 3 4 4 2 1 0 0 0 2 0 3 4 3 1 3 0 2 3 4 2 0 3 2 0 3 4 2 1 3 0 0 1 1 1 4 4 3 3 2 0 0 0 1 2 3 3 3 3 1 0 3 2 4 3 1 1 4 4 1 4 0 3 1 1 2 1 2 1 0 0 0 3 3 3 2 3 4 1 2
4 1 4 1 1 0 0 1 1 0 3 3 0 3 2 4 4 2 2 4 4 4 1 1 3 3 1 2 2 4 0 1 2 1 1 0 4 2 1 4 4 0 4 2 1 2 0 0 0 4 1 2 4 4 2 0 0 3 0 4 1 0 3 0 0 2 4 1 3 2 1 4 2 4 0 2 2 2 2 4 1 2 2 4 3 0 0 4 2 4 0 2 1 0 4 2 3 3 4 4 1 4 4 3 0 0 4 2 1 3 0 4 3 3 4 0 1 4 3 1 3 3 4 4 1 0 0 3 1 1 4 1 4 3 0 1 2 4 0 3 1 1 4 0 2 4 1 3 2 4 3 2 1 2 2 1 1 4 3 1 2 1 2 4 2 2 0 1 3 2 1 4 2 2 3 3 4 2 3 0 0 2 4 3 2 3 4 3 2 2 3 4 4 3 4 0 0 4 3 3 1
4 1 4 3 0 4 1 1 3 2 1 4 4 0 1 3 2 1 3 2 3 2 3 3 1 4 2 2 3 3 4 2 4 3 1 2 1 1 2 4 4 0 1 0 4 4 3 2 3 1 4 2 3 0 2 1 0 4 4 1 4 2 1 3 0 1 0 2 0 1 3 4 3 1 4 0 2 3 1 4 3 0 3 2 3 1 1 2 2 1 3 1 4 1 4 1 3 0 2 2 4 0 2 4 3 1 0 2 1 2 1 0 4 4 0 0 0 2 1 3 2 4 1 1 1 4 1 4 4 3 0 2 2 0 4 3 2 2 4 1 2 3 4 3 3 2 4 4 4 0 2 0 0 0 1 1 0 0 1 1 1 1 1 0 1 2 0 3 1 3 2 3 2 0 1 3 1 1 4 4 3 1 3 3 3 2 0 2 0 0 3 1 3 4 2 2 2 2 3 4 2
4 4 4 4 4 0 0 3 4 0 4 3 3 4 3 4 2 3 3 0 4 2 3 2 3 1 2 3 2 3 4 2 3 1 0 4 3 3 0 0 4 1 4 4 2 0 0 1 4 3 1 0 4 1 4 0 2 3 2 0 0 4 2 1 1 1 4 4 4 1 4 3 1 2 0 3 3 2 0 3 0 4 3 4 3 1 1 2 4 4 0 0 2 3 1 1 0 2 0 1 1 3 3 3 1 4 1 4 4 2 2 3 2 3 0 1 3 3 0 1 3 0 0 1 4 1 1 0 2 0 4 3 2 2 2 0 0 0 2 2 2 0 1 4 1 4 0 2 2 0 2 2 4 2 3 4 3 2 1 3 4 1 4 4 3 4 4 2 3 3 0 0 2 3 2 4 4 1 2 3 2 1 3 0 4 1 1 3 3 0 3 4 0 1 1 4 0 2 1 0 1
4 4 2 2 2 0 3 3 2 0 3 2 0 4 1 3 4 4 2 3 3 1 1 2 4 2 3 2 1 0 3 0 3 2 1 4 4 4 4 1 0 1 4 3 1 3 0 0 0 3 4 4 1 2 1 2 0 4 3 2 0 4 2 3 1 4 4 3 1 1 0 2 1 4 3 3 4 3 0 2 0 0 4 3 3 0 3 3 1 4 4 1 3 3 4 2 4 1 1 4 4 0 2 0 0 2 0 2 3 0 2 2 1 0 1 4 0 4 4 4 2 2 4 3 0 3 2 4 4 0 3 0 0 4 2 0 3 4 3 1 4 1 1 2 0 2 1 3 0 3 2 0 1 3 0 3 3 4 0 0 0 4 0 0 2 0 0 2 0 1 0 2 1 1 1 4 4 2 2 3 3 3 3 1 1 3 0 1 0 3 0 1 3 3 1 1 2 4 2 0 4
4 2 1 0 0 2 3 2 1 4 0 2 0 3 1 4 4 1 4 1 4 4 4 1 1 4 1 4 4 2 2 0 3 0 3 0 3 3 4 2 3 1 1 4 0 2 2 0 3 2 0 1 4 3 3 0 2 2 3 4 2 4 3 1 1 0 0 3 1 2 2 0 3 0 1 0 0 0 0 3 0 4 0 2 0 2 4 3 0 0 0 4 3 1 3 4 3 2 3 2 4 4 4 1 1 3 1 3 3 2 0 2 1 4 0 2 2 4 0 0 1 3 3 4 4 3 4 2 2 4 2 2 4 3 3 0 1 4 3 1 3 1 0 4 4 3 0 0 1 4 4 0 4 2 1 0 2 4 0 3 3 2 2 4 0 4 2 1 2 2 3 2 2 4 0 0 4 3 4 1 2 4 0 0 4 4 1 4 2 1 4 3 2 1 1 0 0 3 1 0 1
4 3 0 0 1 0 2 1 1 0 3 1 2 2 3 1 1 0 4 4 0 3 2 2 2 4 1 2 4 3 3 1 2 4 1 2 2 2 4 1 4 2 3 4 2 3 1 0 4 2 3 2 2 2 2 1 3 2 2 3 2 2 0 2 0 3 4 3 2 1 0 3 4 4 4 2 0 0 3 2 4 2 3 1 4 4 4 3 2 0 3 0 4 4 2 4 1 3 0 3 3 4 0 2 4 0 0 3 2 2 4 2 4 2 1 0 0 3 1 2 2 2 3 2 0 0 0 3 4 0 3 0 4 0 0 4 0 3 2 3 3 3 0 3 2 3 0 4 2 2 2 1 0 4 0 3 0 4 3 1 3 0 1 4 3 3 1 3 3 3 3 3 2 1 3 0 2 0 4 0 3 0 2 0 0 1 4 4 0 1 0 0 3 4 2 4 0 3 2 1 4
4 1 3 1 4 4 1 3 0 1 0 3 0 0 1 0 4 4 0 1 1 3 0 2 0 4 1 4 0 1 1 4 4 0 0 2 1 4 2 1 1 1 4 3 0 1 1 2 1 4 3 4 0 2 0 1 1 1 4 3 0 4 2 1 2 2 0 0 3 2 4 2 2 4 3 1 0 4 1 3 4 4 4 2 1 3 1 3 4 2 1 4 2 4 3 4 1 4 4 2 2 4 4 0 0 1 0 2 0 4 2 4 4 1 1 1 0 1 0 4 2 4 0 1 1 0 1 4 4 3 3 3 4 0 4 1 2 4 3 0 2 2 3 4 1 1 1 2 2 2 3 4 4 0 2 4 0 3 2 1 2 2 1 0 2 0 2 4 0 0 0 1 4 0 2 0 0 4 4 3 2 3 3 0 0 0 2 0 0 2 3 1 1 1 2 0 1 1 3 0 4
4 4 2 0 1 4 2 0 3 1 4 0 0 0 4 4 0 4 0 4 1 0 4 0 0 4 1 3 0 3 0 1 4 2 2 2 3 3 2 0 0 3 3 4 2 4 2 2 4 3 0 4 4 0 2 4 2 4 2 2 4 3 1 0 3 4 0 4 4 0 4 1 0 0 1 0 2 1 0 1 0 4 0 4 1 4 3 4 1 4 2 4 1 1 1 3 4 1 2 0 1 1 1 1 2 4 1 2 2 0 1 1 4 1 4 3 3 4 2 0 4 0 3 3 3 4 2 4 1 1 1 0 4 2 0 4 0 3 1 2 4 3 1 2 2 0 3 0 1 0 2 3 4 1 1 1 3 1 4 4 2 1 4 4 0 0 3 3 3 3 2 3 4 3 2 0 2 2 4 0 4 3 2 4 1 4 4 0 1 2 0 1 1 4 0 3 0 2 0 3 2
4 4 0 2 1 4 0 3 4 3 0 3 0 4 3 0 1 4 3 2 3 4 1 3 3 3 2 1 3 0 1 4 1 0 4 2 1 4 0 4 3 4 1 3 1 0 4 0 0 1 2 2 4 0 1 3 0 4 3 3 2 1 1 1 2 2 0 0 3 4 2 1 4 4 2 2 2 3 0 4 0 2 3 0 1 2 4 4 2 2 3 0 0 1 2 1 1 0 2 2 2 0 1 3 2 0 2 4 2 1 4 2 3 0 2 3 2 0 2 4 4 1 1 4 3 0 2 2 3 1 1 0 0 1 3 1 0 0 3 2 3 4 3 1 2 4 2 4 0 2 0 3 1 1 4 2 3 4 1 0 1 0 4 1 4 2 2 2 4 3 1 4 0 0 3 1 2 4 2 4 1 0 4 3 0 2 2 0 1 3 1 3 3 3 3 0 2 4 0 4 4
4 4 3 2 2 1 1 1 3 3 2 1 3 3 0 2 1 2 3 0 0 2 1 1 0 2 3 4 4 4 2 2 2 3 3 0 0 1 0 1 2 3 4 0 4 1 2 1 2 4 0 4 1 1 1 3 3 0 0 3 4 0 2 0 4 0 0 3 3 4 2 1 4 0 3 2 4 4 0 2 3 4 4 1 4 3 2 2 1 3 3 1 3 2 3 4 1 4 2 4 1 1 0 4 2 1 2 2 1 0 4 2 4 2 0 3 1 1 1 4 3 2 3 4 3 3 4 4 0 1 2 2 1 3 0 0 4 1 1 3 0 3 0 2 4 3 2 3 0 4 1 3 3 4 1 1 3 3 3 0 4 4 3 2 2 4 2 0 3 2 2 3 0 4 0 0 1 0 0 1 2 2 0 4 2 4 0 0 4 3 1 0 0 1 1 2 0 0 1 0 2
4 1 3 4 4 0 4 3 0 0 0 4 4 2 3 3 2 0 3 1 2 3 4 3 3 2 3 3 0 1 4 3 3 4 0 1 0 0 2 0 1 4 4 2 1 1 3 0 1 0 0 3 2 4 3 3 1 2 4 3 0 0 2 3 4 3 0 4 0 1 3 4 1 3 1 2 3 4 1 2 1 1 0 4 0 4 1 2 4 4 4 2 4 2 1 2 0 1 1 4 2 4 4 3 4 3 1 0 0 0 2 3 2 0 0 1 4 3 2 1 1 0 4 1 2 2 3 4 3 3 0 3 4 3 1 2 4 1 3 0 1 2 1 1 4 2 0 2 3 3 2 4 3 0 1 0 1 2 1 4 1 4 4 4 3 2 0 0 3 1 4 3 0 2 0 3 0 3 2 1 3 4 3 2 2 0 3 1 0 3 1 1 4 4 2 2 1 1 0 0 3
4 1 2 1 4 2 2 4 4 3 3 0 1 1 3 1 4 2 1 3 0 3 2 0 2 2 0 4 3 2 3 0 1 1 4 1 0 4 1 3 3 1 4 1 4 1 4 0 3 0 3 2 2 0 0 2 1 3 1 0 4 2 3 2 0 4 4 1 3 0 1 0 1 3 2 2 0 3 3 1 2 2 1 4 1 4 4 2 2 2 0 3 0 0 2 1 2 3 1 3 4 1 0 0 4 0 2 3 1 2 0 3 0 2 1 2 2 3 2 0 2 2 3 4 2 4 2 0 0 4 1 4 3 1 0 4 4 0 4 4 4 3 0 4 2 4 0 4 4 3 1 2 2 0 1 3 4 1 4 1 4 2 1 2 3 2 0 1 3 1 1 4 3 4 4 4 1 2 2 2 1 0 2 0 3 2 4 4 2 4 3 1 3 3 3 2 1 0 2 2 4
4 4 2 3 2 2 3 0 2 0 1 2 0 0 0 0 3 4 1 3 4 1 3 0 2 0 1 2 0 3 4 2 0 1 1 4 3 3 0 2 4 3 0 3 1 4 2 4 2 1 1 3 2 0 2 4 4 4 3 1 3 2 0 0 2 4 3 1 4 3 4 3 2 4 3 4 3 4 3 0 2 1 1 2 2 3 1 1 2 3 1 1 0 2 0 4 1 4 1 1 1 1 0 0 0 3 3 3 4 1 0 2 3 2 2 3 2 3 3 1 0 2 1 1 3 4 0 1 3 2 2 0 2 3 3 0 2 0 2 4 4 1 4 2 3 0 2 3 2 1 4 0 0 3 4 0 2 0 4 3 4 1 4 3 0 3 0 4 2 4 2 4 4 1 0 2 0 4 4 4 0 2 2 0 2 3 3 1 3 3 4 0 3 1 1 1 2 1 0 1 4
4 3 0 0 0 0 4 2 0 1 3 0 0 0 3 4 2 0 2 4 0 3 1 4 1 0 1 3 0 3 1 1 1 4 4 2 2 2 0 1 0 2 1 2 4 4 1 4 4 3 3 1 1 2 3 4 1 4 1 1 1 2 4 4 4 4 2 2 0 3 4 2 4 3 3 4 2 3 3 3 3 3 3 1 1 1 4 1 4 2 0 2 0 1 3 2 1 0 4 2 1 4 4 2 0 1 4 2 3 3 3 2 2 2 4 4 4 1 4 2 3 4 3 1 3 4 4 0 0 2 0 1 3 3 4 1 0 1 1 3 1 3 4 2 0 3 3 0 4 3 3 3 4 0 4 1 2 4 2 3 3 3 2 4 4 2 2 2 0 0 2 4 0 3 0 3 1 2 3 1 2 1 3 4 0 2 1 0 1 1 3 0 0 3 4 0 0 1 3 2 1
