200
1000
200

[Node]
0 0 0 0 0
0 0 0 0 0

[pickup]
1 504121734 276 0
2 502796839 409 0
3 503630086 798 0
4 502799567 238 0
5 504834083 309 0
6 502790348 193 0
7 502800395 475 0
8 504910068 374 0
9 502786974 227 0
10 505049445 276 0
11 505045728 187 0
12 503138976 454 0
13 503819061 413 0
14 504411160 208 0
15 504835361 506 0
16 502792385 229 0
17 505008224 520 0
18 504705167 153 0
19 502798824 685 0
20 504619162 290 0
21 502878271 177 0
22 504725759 590 0
23 502799475 155 0
24 505082921 667 0
25 504780302 712 0
26 502791463 560 0
27 505044383 545 0
28 505026644 722 0
29 505136951 439 0
30 504549590 289 0
31 505079993 238 0
32 502787113 749 0
33 504449420 245 0
34 502792419 200 0
35 502787444 799 0
36 505154679 695 0
37 504628218 299 0
38 502794704 711 0
39 503691119 672 0
40 504878140 597 0
41 504944875 426 0
42 504960928 611 0
43 504654398 767 0
44 502791586 455 0
45 503284246 537 0
46 505183803 605 0
47 503232827 744 0
48 502794067 299 0
49 502792409 595 0
50 504766185 218 0
51 502791082 797 0
52 502786118 219 0
53 504749113 488 0
54 502804546 214 0
55 504619160 169 0
56 503286783 717 0
57 504806607 728 0
58 502793092 247 0
59 504731099 728 0
60 502789069 723 0
61 505126632 782 0
62 504386608 234 0
63 504339256 380 0
64 503744883 375 0
65 502799493 167 0
66 502793194 669 0
67 505128430 622 0
68 505021384 631 0
69 504930126 622 0
70 504706103 567 0
71 502788519 176 0
72 505015379 167 0
73 502786180 764 0
74 503257871 679 0
75 504449423 278 0
76 502799492 682 0
77 503136759 287 0
78 505137551 212 0
79 503853490 676 0
80 504943779 698 0
81 503299568 649 0
82 502786917 651 0
83 505136955 388 0
84 503903333 649 0
85 503099555 198 0
86 502787100 322 0
87 505125143 301 0
88 505062128 680 0
89 503070817 421 0
90 502796872 470 0
91 503827824 294 0
92 503632453 617 0
93 504696820 480 0
94 504095458 246 0
95 503307582 672 0
96 503291782 334 0
97 504930822 702 0
98 504941835 690 0
99 505037661 669 0
100 502796817 330 0
101 505122626 146 0
102 504782597 594 0
103 503031298 727 0
104 504846860 615 0
105 505103061 556 0
106 502843183 628 0
107 502851695 298 0
108 504601102 413 0
109 504940819 750 0
110 502798017 777 0
111 504713375 186 0
112 504924574 611 0
113 503657458 137 0
114 502791061 376 0
115 504876075 115 0
116 504030009 548 0
117 502787823 146 0
118 502789156 199 0
119 502798146 216 0
120 504944067 425 0
121 502800532 102 0
122 502790320 512 0
123 502798244 305 0
124 502788856 546 0
125 505036444 741 0
126 504856538 296 0
127 504750392 492 0
128 504888673 188 0
129 502799494 702 0
130 504869961 145 0
131 505090899 342 0
132 502789608 771 0
133 502787236 162 0
134 504822040 260 0
135 503663509 602 0
136 504038539 681 0
137 502787423 574 0
138 502787670 317 0
139 504330879 634 0
140 504936686 574 0
141 502796633 683 0
142 502796886 101 0
143 504835356 154 0
144 502786892 302 0
145 502790062 255 0
146 502797193 168 0
147 502789180 486 0
148 504459921 640 0
149 504904607 324 0
150 502787862 628 0
151 503074303 569 0
152 505158222 128 0
153 503122202 154 0
154 504944072 152 0
155 505170070 212 0
156 502798846 422 0
157 505068396 546 0
158 503136754 172 0
159 505158233 207 0
160 503635633 731 0
161 505154688 476 0
162 503644298 407 0
163 504705178 200 0
164 504910067 583 0
165 505037261 508 0
166 502798617 124 0
167 504731103 765 0
168 504031091 580 0
169 503939896 561 0
170 504765222 188 0
171 504827639 558 0
172 502791448 666 0
173 505242929 483 0
174 505214147 654 0
175 505119238 435 0
176 504783123 523 0
177 503184278 540 0
178 502788470 141 0
179 502795302 564 0
180 504135074 294 0
181 502796457 161 0
182 505217030 165 0
183 504851317 202 0
184 504826545 614 0
185 502794879 460 0
186 505170466 644 0
187 505185205 320 0
188 505186937 346 0
189 502786050 637 0
190 502785866 176 0
191 504800636 253 0
192 505231571 649 0
193 504914985 790 0
194 503906892 669 0
195 503120141 626 0
196 502794467 566 0
197 502792854 749 0
198 504461230 666 0
199 502789874 722 0
200 505181867 302 0

[Speed 0]
0.81
30.0 60.0 0.0 0.6
90.0 150 0.0 0.4
300.0 540.0 0.0 0.81
570.0 630.0 0.0 0.6
660.0 720.0 0.0 0.4
750.0 840.0 0.0 0.81

[Speed 1]
1.33
30.0 60.0 0.0 0.8
90.0 150 0.0 0.6
300.0 540.0 0.0 1.33
570.0 630.0 0.0 0.8
660.0 720.0 0.0 1.3
750.0 840.0 0.0 2

[Speed 2]
1.33
30.0 60.0 0.0 1.0
90.0 150 0.0 0.8
300.0 540.0 0.0 1.33
570.0 630.0 0.0 0.8
660.0 720.0 0.0 0.6
750.0 840.0 0.0 1.5

[Speed 3]
1.5
30.0 60.0 0.0 0.9
90.0 150 0.0 0.8
300.0 540.0 0.0 1.5
570.0 630.0 0.0 0.9
660.0 720.0 0.0 0.8
750.0 840.0 0.0 1.5

[Speed 4]
2
30.0 60.0 0.0 1.1
90.0 150 0.0 0.9
300.0 540.0 0.0 2
570.0 630.0 0.0 1.1
660.0 720.0 0.0 0.9
750.0 840.0 0.0 2

[speed choose matrix]
4 4 4 4 4 4 4 4 4 4 4 4 4 4 4 4 4 4 4 4 4 4 4 4 4 4 4 4 4 4 4 4 4 4 4 4 4 4 4 4 4 4 4 4 4 4 4 4 4 4 4 4 4 4 4 4 4 4 4 4 4 4 4 4 4 4 4 4 4 4 4 4 4 4 4 4 4 4 4 4 4 4 4 4 4 4 4 4 4 4 4 4 4 4 4 4 4 4 4 4 4 4 4 4 4 4 4 4 4 4 4 4 4 4 4 4 4 4 4 4 4 4 4 4 4 4 4 4 4 4 4 4 4 4 4 4 4 4 4 4 4 4 4 4 4 4 4 4 4 4 4 4 4 4 4 4 4 4 4 4 4 4 4 4 4 4 4 4 4 4 4 4 4 4 4 4 4 4 4 4 4 4 4 4 4 4 4 4 4 4 4 4 4 4 4 4 4 4 4 4 4
4 2 2 4 1 3 3 1 1 2 3 1 3 2 1 0 4 3 0 3 4 3 2 2 2 4 2 4 2 2 4 0 0 3 2 3 1 4 0 0 2 1 4 1 4 0 0 3 4 2 1 3 4 2 2 0 2 3 0 4 2 2 0 3 3 1 2 3 4 2 1 4 2 0 1 2 1 2 0 2 3 0 2 2 3 4 0 4 4 2 1 0 4 1 3 3 3 3 3 4 2 0 3 1 2 3 4 0 1 3 0 3 4 0 3 4 1 3 3 2 1 1 4 2 0 4 4 3 2 0 4 3 3 4 4 1 2 0 1 3 1 2 4 1 4 3 2 3 4 2 4 2 3 3 1 2 1 0 2 0 4 3 0 3 3 4 1 4 4 4 3 1 0 1 1 0 2 1 1 2 4 2 4 1 4 4 0 2 2 0 1 4 2 4 0 4 3 0 0 1 0
4 1 0 2 3 0 2 0 4 2 4 4 2 1 1 4 0 4 4 1 2 0 2 3 1 1 3 0 3 3 3 3 0 1 2 0 1 2 0 2 0 2 4 4 4 3 3 3 1 1 1 4 3 3 2 2 0 2 2 2 1 1 2 1 3 3 2 4 2 0 3 3 1 4 2 1 4 2 3 2 2 4 2 0 3 4 0 0 1 4 1 3 0 3 4 4 4 2 2 3 0 4 2 3 1 1 4 1 1 2 1 4 4 0 1 3 2 3 0 2 0 2 3 0 3 1 1 2 3 0 3 4 3 3 1 1 1 3 3 3 0 0 0 3 0 3 1 2 4 3 4 1 4 1 2 0 4 1 2 2 1 0 4 1 1 1 1 0 2 1 0 1 2 3 2 0 2 0 3 1 3 4 1 0 2 4 3 3 0 1 4 3 1 1 1 4 4 1 2 2 3
4 3 0 1 4 1 3 0 3 0 4 1 2 2 4 2 3 4 1 4 4 3 3 3 1 1 2 1 3 4 4 1 4 3 3 4 0 3 2 0 2 0 3 4 1 2 4 3 1 4 3 0 1 1 2 0 2 1 4 2 4 2 3 0 0 3 4 1 3 3 3 2 2 0 1 0 1 2 0 1 2 2 3 4 1 0 4 2 0 0 0 2 1 2 2 2 2 0 2 0 0 3 0 2 2 0 1 3 2 2 4 0 4 3 0 2 2 0 4 1 3 2 3 3 4 2 1 3 3 2 1 4 2 2 1 4 2 2 3 0 3 0 2 0 3 0 0 2 3 2 4 2 0 4 0 3 2 0 3 0 1 2 1 4 0 3 0 2 2 3 4 0 3 2 2 1 0 1 1 4 4 0 3 0 4 3 3 3 0 2 1 2 2 4 3 3 3 2 4 2 4
4 2 2 2 1 2 1 2 4 2 3 3 0 0 3 1 2 2 2 1 0 0 4 2 2 0 3 4 2 3 3 0 0 2 0 4 0 0 3 1 1 3 3 2 3 3 3 2 0 1 1 2 0 4 0 0 1 2 3 4 4 1 3 1 4 1 0 0 3 0 3 3 3 1 1 3 0 0 0 4 2 1 0 2 2 4 4 2 1 3 1 4 1 0 4 3 4 3 3 1 1 0 0 3 3 0 4 2 2 2 3 0 3 0 4 1 3 2 2 4 2 1 3 3 1 4 2 2 3 2 1 3 1 2 2 4 1 0 1 2 2 4 4 0 4 2 1 2 4 1 0 1 3 1 1 3 2 2 3 2 4 1 2 3 0 1 0 0 0 4 0 4 0 1 1 3 3 2 1 0 2 4 2 0 1 2 1 4 2 3 1 1 0 2 4 1 4 2 3 1 4
4 1 2 1 2 1 1 2 4 3 3 0 2 0 2 1 1 1 0 4 4 4 2 2 1 3 0 2 2 4 0 2 1 3 3 3 0 2 2 0 1 0 3 4 2 4 1 2 3 3 0 2 3 2 2 4 2 2 0 2 3 1 2 2 0 1 3 4 4 3 3 2 1 2 2 2 1 1 2 3 3 4 2 2 2 0 1 1 0 4 0 4 0 3 3 4 2 4 1 2 3 2 0 3 2 1 3 2 2 0 4 3 2 1 0 1 4 3 1 4 0 1 4 3 0 1 3 1 1 0 2 1 3 0 2 4 4 1 0 4 4 1 2 1 0 1 0 4 2 0 3 1 3 2 2 3 0 2 4 3 3 3 3 4 2 1 2 3 1 0 3 4 2 0 0 0 3 0 1 3 3 0 3 1 1 3 1 3 1 1 4 2 1 1 4 0 0 3 0 2 3
4 2 4 4 4 4 3 3 1 1 2 1 0 0 2 1 3 2 4 1 3 4 0 0 0 1 1 2 1 0 4 0 3 4 3 3 0 0 2 2 2 0 4 2 4 1 3 4 3 0 2 3 4 0 4 2 1 1 3 4 2 0 3 2 4 2 1 0 1 1 4 4 1 4 0 2 1 0 4 0 4 1 4 4 1 3 1 4 0 3 2 1 3 4 2 0 2 1 0 1 3 0 4 1 0 3 0 0 2 2 1 4 2 0 4 0 1 3 3 3 4 3 1 4 4 3 4 2 3 3 1 1 1 0 0 4 1 0 1 0 0 1 0 4 4 0 2 0 2 2 3 4 4 1 1 2 2 1 4 3 0 3 1 0 0 2 2 1 4 1 2 3 3 4 2 4 2 2 2 1 3 2 0 1 4 3 2 4 3 4 0 1 1 3 1 2 2 2 3 4 1
4 2 4 0 4 1 3 3 4 0 0 4 3 2 3 1 3 4 1 0 2 3 2 4 2 2 0 4 1 0 4 3 2 3 0 2 4 0 0 1 4 4 2 1 4 2 2 4 4 0 1 3 0 3 0 4 4 3 0 1 3 0 1 0 3 2 0 1 2 0 3 1 3 4 4 3 1 4 1 3 1 3 0 2 3 0 4 4 3 2 2 2 2 2 2 4 2 3 4 1 1 2 2 2 0 3 0 0 1 1 1 2 0 3 3 3 4 3 1 0 0 2 2 3 3 3 2 3 0 2 4 0 0 3 0 4 1 1 0 1 0 0 0 0 1 3 4 1 1 2 4 1 1 1 0 1 0 3 3 2 3 0 1 0 1 4 2 1 2 0 4 0 0 3 1 2 4 0 0 3 4 1 3 1 0 2 0 1 2 4 0 4 4 3 2 2 0 3 1 0 4
4 3 3 3 1 1 0 1 3 3 3 2 4 2 2 0 3 1 4 4 3 4 0 4 3 4 0 0 4 3 3 0 0 4 3 0 1 4 3 1 3 2 2 1 2 4 3 4 4 4 0 2 0 2 4 3 3 4 4 0 3 4 0 4 3 0 1 1 4 3 3 0 4 2 3 1 2 2 4 1 4 1 3 4 2 2 2 3 0 0 0 3 3 2 2 1 4 2 1 4 3 2 1 4 2 4 3 1 2 4 0 2 4 4 2 3 0 3 2 2 0 3 1 4 1 4 3 4 1 1 3 4 0 4 2 0 1 4 3 0 1 2 0 2 4 3 1 4 1 2 3 1 3 2 2 4 0 0 2 1 4 1 0 0 0 0 0 1 4 3 0 1 2 4 2 1 2 3 4 3 2 2 0 0 0 4 0 1 0 3 4 0 4 2 2 2 0 4 2 1 0
4 4 0 2 0 3 1 1 2 3 1 2 1 1 4 0 0 0 0 3 4 0 0 0 2 2 2 0 1 0 1 0 0 2 3 0 4 4 3 0 2 3 2 4 1 3 3 4 2 0 2 1 0 3 1 4 4 2 0 3 3 2 3 4 3 0 4 3 4 2 4 2 2 3 1 1 3 0 0 4 4 3 4 3 4 4 2 3 1 2 3 1 0 3 3 0 4 1 2 4 0 4 0 1 3 3 4 3 0 2 3 3 1 1 4 0 4 2 1 0 1 4 4 4 1 4 3 4 0 0 4 4 3 4 2 1 2 4 0 3 4 3 3 4 0 2 3 1 0 3 1 3 1 0 4 1 3 3 0 4 0 3 2 2 1 4 0 4 1 4 0 4 3 2 4 0 3 4 0 0 0 4 3 3 0 1 4 0 1 2 0 2 1 2 1 3 0 4 4 0 4
4 0 2 1 1 2 4 4 3 3 0 1 2 4 0 2 3 1 2 4 1 2 3 1 2 0 2 1 0 2 0 2 4 0 2 1 2 2 3 2 2 0 2 4 2 3 4 2 4 1 3 0 2 1 3 1 3 1 2 1 1 3 3 1 2 0 2 0 2 4 3 4 3 4 3 3 1 0 3 2 2 3 1 3 1 2 4 3 3 4 0 4 3 3 4 0 4 4 4 3 3 2 2 4 3 3 4 4 0 1 4 4 1 2 3 1 3 0 3 3 3 4 2 1 4 4 2 3 4 4 4 1 1 1 0 1 0 2 2 1 2 3 0 0 4 1 4 1 2 2 0 1 4 0 1 3 1 0 2 2 2 4 1 1 4 1 0 4 2 4 2 2 0 2 4 3 0 2 4 3 1 0 4 1 2 0 1 2 4 3 4 0 3 2 2 2 4 2 0 0 4
4 3 3 1 1 0 1 3 1 2 2 0 0 1 1 1 1 4 0 2 2 2 2 3 0 0 1 1 2 2 4 2 4 1 4 1 0 2 2 1 0 3 0 0 2 3 0 2 0 4 0 1 0 0 3 0 0 1 1 0 4 4 4 3 4 3 2 0 3 3 3 4 3 2 3 3 1 4 4 1 2 4 2 2 1 1 4 0 3 1 4 3 2 4 4 1 4 2 1 2 1 1 2 3 3 1 3 2 3 3 4 4 4 2 4 2 2 1 0 0 3 4 0 0 4 0 2 2 0 2 0 0 2 4 2 4 1 4 1 3 2 1 1 4 1 4 1 0 0 3 2 3 3 1 1 3 3 4 2 0 2 2 2 4 4 2 2 3 1 1 3 3 1 4 4 0 0 1 2 1 1 1 3 1 4 1 1 1 2 4 4 1 0 1 0 1 3 0 3 2 0
4 0 1 2 0 2 3 1 2 0 2 0 3 4 3 0 2 4 1 1 4 1 2 1 3 3 2 3 0 1 4 3 0 1 2 4 1 3 3 1 3 4 3 1 4 4 1 3 0 4 4 4 2 2 3 2 1 2 1 2 1 3 3 1 2 2 4 0 3 1 0 1 3 4 2 3 3 3 0 2 4 4 4 4 4 0 2 2 4 2 0 3 2 1 2 1 1 2 0 1 3 0 3 0 2 4 1 2 1 1 2 0 4 3 1 3 1 3 3 0 4 1 1 2 0 1 0 0 2 0 2 4 1 3 4 0 2 1 4 2 1 2 3 1 1 4 3 3 4 3 1 2 4 2 0 4 2 1 2 0 4 0 2 1 0 0 3 4 2 3 4 2 1 2 1 0 0 1 3 4 0 0 1 0 2 1 3 1 3 2 1 1 1 2 1 3 4 3 0 3 1
4 3 2 3 2 1 4 0 2 3 2 4 3 0 1 1 4 3 3 0 3 3 4 4 0 4 4 0 1 4 4 0 1 4 1 4 4 2 2 1 3 1 1 3 0 1 1 4 2 1 1 4 0 3 0 4 2 2 2 0 4 3 1 1 0 3 4 3 1 1 4 0 1 0 1 1 3 0 2 3 1 0 3 2 0 2 1 3 0 2 4 1 0 4 1 0 1 2 4 1 3 4 0 3 2 0 4 3 0 1 3 3 4 3 4 3 3 3 3 4 0 4 0 1 3 2 2 2 0 0 1 4 4 0 0 4 3 1 3 4 4 0 0 2 1 3 3 3 0 4 4 3 4 3 2 0 1 3 1 3 4 4 1 3 2 0 3 4 2 2 4 3 2 3 1 1 3 4 3 0 4 2 0 3 4 0 1 3 4 3 4 3 0 4 1 0 3 0 3 2 0
4 2 1 4 1 1 3 4 0 0 0 2 3 3 1 2 3 1 0 0 0 3 0 0 0 0 4 2 2 3 2 4 0 1 2 3 2 1 1 0 4 4 4 2 1 4 1 3 3 1 2 1 2 4 1 3 4 0 2 4 3 0 4 3 1 2 3 4 1 0 1 2 0 4 3 3 4 0 0 0 3 4 1 0 3 4 4 0 2 2 1 3 1 1 4 4 4 3 1 4 0 2 1 1 4 4 1 1 4 0 3 1 3 1 1 1 4 0 2 4 1 2 3 3 1 1 1 3 1 3 3 1 4 4 1 2 3 1 1 4 1 2 1 4 3 4 3 2 0 0 2 4 4 2 4 0 2 1 3 2 4 0 3 0 0 4 2 1 4 3 0 3 4 3 2 1 2 1 0 3 2 1 3 1 4 2 4 1 0 0 0 0 1 2 4 3 4 0 0 2 0
4 3 3 4 2 4 0 3 3 2 2 2 2 0 3 3 2 0 0 2 4 2 1 3 1 3 3 0 1 2 4 2 2 1 2 1 3 2 3 1 3 3 3 2 1 2 4 1 2 3 1 0 1 4 2 1 1 2 2 0 0 0 2 3 4 2 0 4 4 3 4 3 4 3 2 2 4 1 0 1 4 0 3 1 3 0 0 4 1 2 4 4 2 1 3 1 4 0 0 4 0 4 4 3 1 4 2 2 3 0 0 2 3 2 4 1 4 3 4 3 1 3 2 2 2 2 4 1 1 4 1 1 3 3 0 2 4 3 0 2 2 2 4 0 3 1 3 3 4 0 1 1 0 2 1 2 4 3 4 2 4 1 1 1 0 0 3 3 4 0 0 1 3 0 0 0 2 4 2 3 0 3 4 0 3 2 4 4 0 3 1 1 0 3 4 2 0 2 3 1 3
4 4 1 2 0 1 0 3 3 2 0 0 0 3 1 0 2 0 2 3 1 1 4 3 0 2 1 4 3 4 0 2 3 2 2 3 2 0 4 1 1 1 3 4 1 1 1 0 3 1 4 2 3 4 2 3 0 4 1 2 3 3 1 0 3 2 4 1 4 3 1 4 0 1 2 0 3 0 0 2 2 4 2 1 2 0 0 1 4 1 2 3 0 3 3 3 4 3 0 0 1 2 1 3 3 4 2 3 3 1 4 0 4 0 2 3 1 3 0 3 1 3 0 4 0 3 2 0 1 3 4 2 0 1 2 3 3 1 1 4 0 4 2 1 1 4 2 4 3 0 1 2 0 4 2 3 0 2 1 1 0 2 2 4 0 1 1 2 4 3 2 3 0 1 2 2 3 1 4 0 0 3 3 4 0 3 0 0 4 4 1 3 2 3 0 3 0 1 3 4 0
4 3 2 1 3 4 3 3 4 0 1 4 0 3 3 1 4 3 1 0 0 2 3 0 4 4 3 2 0 3 4 1 3 2 0 0 1 1 3 4 2 0 0 0 3 3 1 4 4 0 3 3 2 0 3 0 2 2 1 0 0 2 2 2 3 4 0 4 3 2 1 1 1 0 2 1 4 0 3 3 0 3 1 1 4 1 1 4 0 4 4 2 4 0 4 3 4 2 4 1 2 4 4 4 3 0 0 2 4 0 1 2 3 0 2 0 0 1 2 0 0 4 1 0 2 1 0 2 3 3 4 1 2 0 3 0 4 3 2 2 3 1 2 4 2 3 0 4 3 4 1 4 4 4 4 0 3 0 1 3 2 1 3 2 4 0 3 1 1 4 0 2 2 1 3 3 3 2 4 1 2 2 4 0 2 0 1 3 1 1 1 3 1 1 0 3 0 1 4 3 1
4 2 1 2 0 4 0 1 3 3 2 0 1 2 4 2 4 4 2 3 1 2 0 0 1 0 0 3 2 4 1 3 1 0 2 0 4 3 2 3 1 3 3 2 3 4 4 4 1 4 0 1 0 4 2 2 2 2 1 3 0 1 4 1 1 4 4 3 0 4 3 3 3 4 3 3 3 3 4 0 4 0 3 3 2 2 3 4 4 3 4 2 3 4 1 3 0 3 1 4 3 4 2 1 1 1 0 4 1 3 2 3 3 3 1 1 1 2 4 4 3 4 3 3 2 1 4 0 0 1 3 2 4 0 3 1 2 3 1 3 3 3 3 1 1 1 3 0 3 1 4 2 3 3 2 0 1 3 0 0 2 1 2 4 4 4 4 1 3 4 3 4 3 4 1 3 0 3 0 3 3 0 0 0 1 2 1 3 4 3 3 2 0 3 2 3 3 0 4 3 1
4 4 4 0 3 4 4 4 3 1 4 1 4 0 3 0 3 4 1 0 1 3 1 3 0 2 1 1 3 1 0 2 4 2 2 4 2 0 3 4 3 4 4 0 2 3 3 3 4 3 2 1 3 3 1 4 1 0 2 3 4 4 2 1 0 0 1 0 4 2 3 2 0 1 2 3 4 0 0 1 3 0 2 3 0 4 0 4 1 0 2 2 4 1 2 3 4 2 2 1 1 4 1 4 0 4 1 2 0 0 3 3 1 2 2 2 0 4 2 2 2 3 0 0 1 0 2 4 1 1 0 0 3 2 1 3 4 2 2 1 4 0 3 3 1 2 3 0 4 4 2 4 2 3 2 2 1 2 3 4 2 0 1 2 4 3 2 1 2 2 1 1 2 3 2 4 0 0 2 1 0 1 0 3 0 1 4 0 4 0 4 3 2 2 0 2 2 0 2 0 0
4 4 0 0 2 1 0 3 3 2 1 4 2 3 0 4 1 0 0 2 4 3 3 1 2 3 3 3 1 2 3 0 3 2 3 0 3 2 2 1 1 1 4 4 1 0 1 3 2 4 1 3 3 3 3 0 3 4 4 3 1 2 4 1 4 0 1 3 1 1 4 3 3 2 2 0 1 4 1 2 3 0 4 0 4 3 1 2 2 2 2 4 2 3 1 4 3 1 3 3 2 2 4 1 0 1 4 2 0 3 1 0 3 0 1 2 3 2 4 1 1 0 0 2 0 4 4 1 3 1 1 1 3 0 3 1 3 2 4 4 0 3 0 1 1 0 2 2 0 0 3 4 3 2 3 1 2 2 3 2 4 4 2 1 2 3 2 4 1 0 2 4 0 1 1 4 1 2 2 0 4 4 4 2 3 1 0 3 4 2 0 1 4 0 3 3 1 2 2 0 4
4 3 4 0 1 3 2 3 3 2 3 0 3 0 0 0 1 3 1 2 2 3 2 3 2 0 3 3 0 1 3 1 3 0 2 2 2 2 1 1 4 3 1 1 0 2 1 2 4 4 3 3 3 4 2 3 0 0 1 2 0 2 3 0 2 2 4 0 2 3 0 4 4 4 1 0 3 3 3 4 4 1 1 3 4 0 1 2 3 4 0 0 2 4 0 0 4 0 4 1 1 2 1 2 0 2 2 3 1 2 0 3 1 2 1 4 0 1 3 3 2 0 3 1 3 1 1 2 0 4 1 0 0 1 3 3 1 3 3 2 3 2 0 1 0 0 2 0 0 3 4 0 0 0 2 3 2 2 1 4 4 1 4 3 1 1 1 0 1 2 0 0 4 1 4 1 4 0 4 0 2 2 1 3 0 4 0 1 4 4 4 1 2 3 0 0 1 2 4 3 1
4 0 1 0 2 4 3 3 4 1 4 0 2 4 4 1 4 4 4 1 1 2 2 4 4 3 2 0 0 3 4 4 4 0 2 1 4 1 3 4 2 0 3 4 2 1 2 0 2 4 2 0 1 2 3 3 4 1 2 2 1 3 1 0 3 1 3 1 0 1 3 3 4 0 2 2 2 2 0 2 4 3 3 1 1 4 1 0 4 0 1 3 3 0 1 1 1 4 3 2 3 2 3 1 1 0 0 1 1 3 3 2 3 4 4 1 2 2 0 2 4 0 3 2 4 2 0 1 0 0 2 4 3 2 2 0 3 4 3 2 0 3 2 4 0 3 4 0 2 1 0 3 0 1 3 0 2 0 1 0 1 1 4 2 2 2 4 0 3 1 0 1 3 1 4 0 2 2 1 4 3 4 3 4 1 0 1 2 3 3 1 2 0 1 2 2 2 3 2 0 4
4 2 2 4 0 2 1 0 2 2 3 2 1 1 1 4 0 0 2 3 4 4 0 3 1 4 2 2 0 4 3 1 2 4 2 3 0 2 0 1 3 4 1 4 1 3 0 4 1 1 4 0 2 3 3 1 4 1 1 0 3 1 3 3 3 3 4 0 0 2 3 1 4 4 2 0 2 4 4 3 1 0 1 2 2 2 1 2 0 1 4 2 4 4 3 2 3 4 2 1 2 4 4 4 1 3 4 1 1 4 0 0 1 2 4 1 3 4 1 0 0 0 4 4 0 2 1 1 4 1 0 3 3 3 3 2 1 1 3 1 0 4 1 2 3 0 1 0 1 4 1 0 0 4 1 1 3 3 4 2 2 4 2 0 4 4 1 1 2 4 1 2 0 2 4 1 3 1 3 3 2 2 4 2 3 3 1 2 2 2 3 1 4 3 4 1 0 1 0 1 0
4 1 3 0 4 0 3 4 1 1 4 0 1 4 4 4 2 4 2 0 2 3 3 0 4 3 3 1 0 2 2 1 0 3 0 0 3 2 3 4 3 4 1 1 1 3 3 2 3 3 1 1 3 1 0 2 2 2 4 0 0 1 4 3 2 2 4 4 1 1 4 4 2 0 2 4 4 4 4 4 4 3 0 2 2 4 2 1 0 4 3 4 2 1 2 3 2 4 4 2 3 0 0 0 2 3 0 3 2 3 3 4 1 0 0 2 3 0 4 1 0 1 2 2 1 0 0 1 2 4 3 4 1 1 0 2 1 0 2 0 2 2 1 2 0 4 2 4 3 3 4 1 2 4 3 4 0 2 4 1 2 4 0 3 1 0 2 3 1 3 2 3 0 2 1 4 4 0 2 0 3 1 1 2 3 0 1 2 4 3 3 0 4 4 3 0 0 3 4 1 2
4 4 0 4 1 3 1 4 3 1 1 1 2 2 0 2 3 2 1 0 1 2 0 0 1 2 3 4 1 2 4 1 1 3 3 1 0 1 4 1 0 3 1 1 3 3 1 0 0 2 1 2 4 3 4 3 3 0 3 3 4 3 3 1 0 4 3 4 0 4 4 0 3 1 0 2 1 0 0 0 0 4 4 3 2 2 0 4 0 2 2 2 2 3 1 4 1 2 0 4 3 0 3 1 4 3 2 1 4 4 1 2 1 3 2 4 1 3 1 3 2 2 3 3 2 0 1 2 3 1 0 2 0 3 3 3 4 1 0 3 2 4 2 0 4 1 4 2 4 4 4 2 1 3 3 0 1 4 2 1 4 1 3 1 2 1 2 2 0 1 0 3 2 3 4 4 2 4 0 3 1 4 2 4 0 1 0 0 3 0 1 0 3 3 0 4 3 3 4 0 4
4 0 0 0 2 3 1 4 0 1 1 3 4 1 2 4 2 0 2 4 4 0 3 4 3 1 2 3 0 3 1 3 3 4 2 3 4 3 1 4 1 0 3 1 0 1 4 1 4 1 0 0 2 1 3 4 3 2 0 4 3 4 3 1 2 0 2 3 3 1 1 3 4 2 3 2 0 0 1 3 0 1 4 0 3 2 4 3 4 2 4 3 4 3 0 0 2 3 2 2 3 1 4 2 2 2 4 1 1 3 0 2 4 2 0 4 1 3 4 1 0 2 4 2 0 3 3 1 2 4 0 4 2 0 2 3 2 4 3 0 0 1 1 0 3 3 4 4 4 4 0 0 1 3 2 1 4 4 4 3 3 0 4 3 0 4 3 4 2 4 0 0 3 3 2 3 3 4 1 4 2 1 1 2 4 2 0 2 4 3 3 4 0 4 3 4 0 1 0 0 3
4 3 3 1 3 2 1 0 3 0 1 0 0 4 3 4 1 2 4 4 2 3 0 1 4 0 2 1 2 2 0 1 1 3 3 1 0 1 0 3 0 3 2 1 3 1 2 2 3 1 3 3 4 1 3 1 3 3 2 2 2 0 1 3 4 3 1 2 4 1 4 3 3 2 0 2 2 2 2 3 0 3 2 3 3 2 0 3 2 3 3 1 1 1 0 3 4 0 1 0 4 0 4 4 4 4 1 1 4 0 4 1 3 2 2 4 3 0 0 2 3 3 0 3 0 2 4 3 0 3 1 1 1 4 1 1 4 4 2 2 1 2 4 3 3 2 0 3 3 0 4 2 2 1 2 4 2 2 2 2 1 0 3 3 4 2 1 1 1 1 1 0 0 2 4 2 4 2 3 0 1 1 1 3 1 4 4 2 4 1 1 4 1 2 2 0 2 0 2 3 2
4 4 1 1 4 1 4 4 0 3 4 3 3 2 0 1 4 3 1 4 2 1 3 2 4 1 4 2 4 2 1 3 2 4 0 4 4 2 4 0 2 4 0 2 1 3 0 3 2 3 3 1 3 4 1 2 3 1 4 4 2 1 2 1 2 0 1 2 1 2 1 3 4 3 3 2 0 0 0 3 0 4 2 0 0 0 3 4 0 0 2 0 4 2 4 2 4 4 0 4 1 3 3 2 1 3 1 0 2 0 4 4 2 0 1 2 0 3 3 2 3 4 2 0 4 4 3 2 1 3 1 4 4 2 2 1 2 1 3 0 0 2 1 1 2 2 4 4 4 2 0 2 0 0 4 0 0 3 1 1 1 4 2 3 3 2 0 1 0 3 2 3 0 4 0 4 3 1 4 1 3 3 0 1 2 3 1 3 0 4 4 0 1 2 0 0 1 1 3 3 1
4 2 1 2 0 1 0 2 4 4 3 2 0 0 1 3 2 4 4 2 0 0 1 2 2 3 4 3 0 4 3 2 3 4 3 4 4 0 3 3 2 3 2 1 3 3 3 1 4 1 4 4 4 2 3 2 0 0 0 1 3 0 1 1 2 0 2 0 0 0 4 0 1 0 1 1 4 2 4 2 3 0 0 0 2 1 4 0 2 3 1 3 4 1 3 0 1 4 2 1 0 2 2 3 4 3 4 4 4 2 2 0 4 1 2 3 1 0 3 0 4 3 4 0 0 4 1 1 3 4 4 3 4 0 0 1 2 1 0 1 3 1 1 1 2 2 4 0 0 1 3 0 4 3 4 0 4 0 0 1 3 4 0 1 4 4 3 0 3 1 3 4 2 1 0 2 4 4 1 3 2 3 2 1 3 3 1 3 2 3 1 2 4 1 3 4 2 0 3 3 1
4 1 4 3 1 1 1 3 0 1 3 3 2 3 2 0 1 2 3 3 1 2 4 4 0 1 4 1 4 3 1 0 2 1 3 1 0 0 0 2 1 1 4 1 4 4 0 0 3 2 1 1 3 1 3 4 1 4 3 4 4 3 0 3 1 0 4 4 2 1 2 2 0 1 4 1 2 2 0 1 4 2 1 4 4 4 1 2 0 0 1 3 0 1 4 1 1 2 1 4 4 4 2 4 4 4 2 2 0 4 2 0 4 1 4 2 1 3 0 1 2 2 3 4 0 2 3 2 2 1 2 4 0 1 3 4 3 2 2 3 1 1 0 3 0 3 2 2 2 1 3 1 1 4 3 1 2 4 2 3 4 2 3 1 0 2 0 3 2 0 0 1 2 2 4 3 1 0 0 4 0 1 4 3 1 2 3 3 1 2 3 2 3 2 1 4 4 0 0 4 4
4 3 4 2 1 4 4 4 4 3 2 0 2 4 0 0 3 4 4 4 4 0 4 4 0 3 0 3 0 4 1 4 1 4 3 0 1 3 3 3 2 3 3 0 2 1 2 2 3 3 1 1 0 3 1 1 1 2 4 2 4 1 0 2 0 3 4 3 4 2 1 3 2 3 3 3 1 1 2 3 2 1 2 4 2 0 3 2 0 4 3 4 0 4 3 2 3 4 4 0 2 2 0 3 3 0 2 0 1 4 4 3 1 2 3 1 3 0 2 0 1 0 1 1 4 0 4 0 2 0 3 4 3 2 3 3 3 1 3 1 2 1 4 1 4 3 0 0 3 3 1 1 1 3 0 3 1 4 3 0 0 2 1 4 2 0 2 4 4 3 3 4 2 3 1 3 4 3 3 0 0 0 2 2 2 3 3 0 1 4 3 1 2 0 4 0 0 1 0 3 0
4 3 3 2 4 1 0 1 3 2 0 0 0 0 1 1 2 0 4 4 2 2 2 2 0 4 3 2 1 2 1 0 3 3 3 3 2 0 3 1 0 4 1 4 1 1 1 3 3 4 0 0 0 1 4 4 4 3 3 4 4 3 2 1 0 1 4 4 3 1 4 0 4 0 4 2 1 1 1 2 0 0 2 4 3 2 2 2 1 2 1 1 3 1 4 0 2 4 0 4 1 0 3 1 2 4 4 2 1 0 2 1 4 0 3 2 2 4 0 4 2 0 2 1 0 0 4 1 4 4 1 3 1 1 2 1 4 0 0 3 0 1 2 1 2 3 4 2 1 1 1 0 1 2 2 4 2 1 0 0 0 3 2 0 4 1 3 3 4 3 2 1 3 4 2 4 2 4 4 1 4 3 3 1 3 3 1 1 4 3 2 2 3 0 4 4 1 3 0 0 2
4 0 4 2 4 1 1 0 3 2 4 3 4 3 0 0 1 0 0 2 2 2 3 3 2 2 3 1 3 2 2 0 3 4 2 2 4 3 2 4 1 0 3 3 1 1 0 1 3 1 0 1 3 1 4 3 4 1 1 2 4 3 3 4 3 1 2 2 4 4 2 3 4 2 2 0 2 1 3 0 3 2 2 2 2 4 4 2 0 0 2 3 3 0 4 3 0 0 2 2 2 2 1 2 4 4 0 0 4 2 3 2 0 3 3 3 0 3 1 1 4 1 0 1 4 0 3 1 1 0 0 0 4 0 3 4 0 1 3 3 1 2 1 1 0 4 1 0 0 4 1 0 0 0 1 4 2 4 2 2 1 0 3 3 3 3 0 1 4 3 0 3 3 3 2 0 0 1 0 0 3 1 4 4 1 1 0 2 0 3 4 3 3 1 4 4 0 4 4 2 4
4 3 2 3 4 0 2 1 1 4 4 0 3 0 1 1 1 3 3 3 4 1 2 4 4 0 2 2 0 3 3 4 2 0 0 3 1 0 0 2 4 1 0 2 3 1 0 0 1 4 4 0 0 3 2 2 1 4 0 1 2 2 2 2 2 1 3 0 4 4 4 4 4 0 4 0 2 3 0 3 3 3 2 4 1 1 4 4 3 3 2 3 1 3 4 3 4 1 3 1 3 0 2 4 4 3 3 1 1 4 3 4 2 3 1 1 2 0 3 0 1 1 4 0 3 2 2 4 4 3 2 3 0 2 2 3 3 3 4 4 4 3 4 3 3 0 2 3 1 2 2 0 4 2 4 0 4 4 0 3 0 0 4 2 1 3 3 0 3 4 1 4 4 3 3 3 3 3 2 4 0 0 2 4 1 3 1 0 1 4 3 2 0 1 3 4 3 2 1 3 2
4 4 0 2 2 3 1 3 3 3 2 3 1 0 3 2 1 1 1 2 2 2 2 1 4 2 1 0 2 1 2 2 0 4 3 3 2 2 2 4 1 3 0 3 1 4 4 2 0 2 1 0 2 4 1 4 2 2 1 2 3 4 0 4 0 0 2 1 3 4 1 3 1 4 4 1 3 1 0 4 4 3 0 4 3 0 2 4 1 2 1 3 2 4 1 1 0 2 0 2 4 0 3 2 4 2 2 4 0 1 2 4 2 4 3 4 1 0 1 4 0 3 1 0 1 1 3 1 4 4 1 4 0 1 2 0 1 0 0 4 4 3 1 2 3 4 3 2 2 0 0 3 0 0 0 4 2 1 4 0 4 2 2 4 2 2 4 0 3 2 0 4 0 0 4 3 1 0 4 4 4 4 1 2 2 1 1 4 3 3 1 4 0 2 4 4 4 2 0 1 3
4 2 4 2 2 2 3 1 2 4 2 1 2 2 4 3 4 0 4 1 3 1 0 3 1 0 1 0 2 1 0 4 1 0 2 0 2 2 1 4 2 4 2 2 0 0 4 3 0 0 4 1 2 1 4 3 3 4 2 4 2 2 0 4 1 3 1 3 2 2 3 1 2 2 1 2 4 0 0 0 2 4 1 2 0 1 2 0 0 2 0 4 4 1 4 2 2 0 2 3 2 3 3 1 2 2 4 0 4 1 4 1 0 1 3 3 1 3 2 4 2 0 4 0 3 0 4 0 2 2 1 4 2 4 3 1 4 2 4 4 3 3 2 3 1 1 3 0 2 1 2 2 2 3 3 4 4 1 2 2 1 3 2 2 2 4 4 1 2 2 2 1 2 4 1 1 3 1 2 0 0 4 4 4 4 4 0 3 3 3 1 3 0 1 2 4 0 2 2 3 0
4 2 2 4 0 0 0 2 1 4 4 3 3 1 4 2 3 0 1 4 0 1 4 3 0 2 2 1 4 2 1 1 3 1 3 1 2 0 1 3 2 3 2 0 0 2 2 2 4 2 0 1 1 4 2 1 2 1 3 4 4 3 3 1 2 2 1 3 2 0 4 1 2 4 0 4 3 0 0 3 1 4 2 3 2 2 3 4 0 2 1 2 0 0 4 3 4 3 0 4 4 4 0 1 1 4 4 4 1 4 2 2 1 3 4 4 4 3 0 0 4 2 0 4 1 2 3 0 1 1 3 1 0 3 4 2 4 2 3 0 0 1 3 4 1 2 1 2 3 4 0 2 0 1 3 4 3 4 0 2 3 3 4 2 4 3 4 0 4 4 1 1 3 0 4 4 0 2 2 3 3 4 0 1 3 1 2 1 2 1 2 1 2 3 3 3 2 3 3 1 4
4 3 3 0 0 2 4 4 1 0 3 1 0 4 0 0 2 4 3 2 0 0 1 0 4 1 3 1 4 4 3 1 2 0 1 4 3 4 2 1 3 0 0 3 0 2 3 4 1 4 4 4 2 1 1 4 3 2 0 4 1 0 4 0 0 2 2 4 2 3 1 1 0 2 1 2 1 4 3 4 1 4 0 3 0 4 3 4 4 0 2 0 2 4 2 4 1 4 2 0 0 0 1 4 0 4 2 1 3 3 0 4 0 3 1 4 1 1 3 4 3 4 0 4 1 4 3 4 1 1 4 1 0 4 3 0 2 4 1 2 0 2 0 1 4 3 2 2 0 4 1 4 2 2 3 2 1 3 1 3 0 3 2 0 0 2 3 1 3 2 2 4 4 0 3 4 4 0 2 1 0 1 2 3 0 3 3 4 1 1 0 1 2 3 2 1 2 0 3 3 1
4 2 0 4 3 3 4 3 1 4 4 4 2 1 0 0 1 4 2 2 0 3 0 1 4 3 4 3 3 3 2 1 0 4 1 4 1 3 3 3 2 4 0 3 2 1 3 4 3 1 1 3 2 3 0 4 1 3 1 4 3 3 3 2 0 3 3 4 0 0 4 1 2 0 3 2 2 1 1 1 0 0 3 2 2 0 0 1 2 1 3 0 4 0 3 4 0 0 1 2 0 0 2 2 2 4 1 3 2 0 2 2 1 4 3 1 2 1 1 0 2 4 3 1 4 2 2 3 4 1 1 1 1 3 2 0 3 1 2 1 0 2 1 3 4 3 2 2 3 2 2 1 0 3 4 1 4 2 3 3 1 2 2 0 2 3 3 3 1 1 2 0 1 1 2 2 1 2 0 0 3 1 4 2 1 4 1 4 2 0 2 3 4 0 1 4 4 1 4 4 3
4 1 0 1 2 2 1 3 0 1 2 2 1 4 4 3 2 3 1 1 4 2 0 4 0 0 3 0 3 4 4 4 3 2 4 4 2 3 3 4 3 0 1 2 1 4 0 4 1 4 3 2 2 0 3 3 3 3 2 3 3 4 4 3 1 3 3 1 1 0 1 3 2 1 4 4 2 4 4 2 0 1 3 0 0 4 2 2 1 1 1 3 3 4 4 1 2 1 3 2 4 0 1 2 3 2 4 0 2 0 1 2 0 1 2 0 1 0 2 1 2 0 1 4 3 0 3 3 0 2 1 1 2 0 1 2 2 0 2 0 2 0 1 2 3 3 0 1 2 0 3 3 4 1 3 0 0 2 1 1 1 4 0 3 4 4 1 3 1 2 4 1 1 2 2 1 1 3 3 4 4 4 2 1 1 4 2 1 2 3 4 4 3 4 2 1 0 1 4 4 1
4 3 2 1 1 4 1 4 0 1 4 1 0 2 2 1 2 2 3 1 3 4 1 1 1 4 0 0 3 3 3 4 1 4 3 4 2 2 0 0 2 2 0 1 1 1 0 2 4 1 1 1 1 2 0 0 1 4 0 0 3 4 4 0 3 0 1 0 3 0 0 2 3 3 2 2 0 4 2 4 4 1 1 1 4 2 0 1 2 3 4 0 0 1 4 1 1 1 3 3 3 3 3 2 4 3 4 2 4 0 2 4 4 2 0 3 4 1 0 1 2 1 0 4 2 3 1 1 1 3 1 0 0 0 3 3 3 2 1 1 0 4 3 4 0 1 1 2 3 2 4 3 0 0 1 4 2 2 2 4 4 2 2 1 3 3 3 3 4 1 3 2 1 2 1 3 2 3 2 0 2 2 3 3 1 1 0 0 3 3 2 3 2 1 4 2 4 3 2 3 0
4 0 0 3 3 0 4 2 1 1 1 4 2 2 2 2 2 2 0 4 2 1 1 1 2 0 4 4 1 3 2 4 3 4 4 1 1 4 2 1 2 0 0 3 4 1 2 2 0 0 4 1 3 4 0 4 2 0 2 3 0 2 1 1 1 3 1 4 4 4 1 4 4 4 3 4 3 3 2 0 4 2 0 4 0 0 3 1 1 2 0 1 3 2 3 3 4 3 1 1 2 2 1 3 3 3 4 2 0 4 0 0 2 2 2 1 4 4 3 4 3 0 1 3 1 3 4 4 0 1 3 2 1 3 4 3 3 0 3 2 4 4 3 0 1 2 1 2 2 1 3 1 0 0 0 2 2 2 4 2 3 0 4 4 0 3 1 3 1 4 4 1 3 0 2 4 4 4 3 2 1 3 1 4 3 4 3 3 4 3 0 1 1 2 3 2 0 1 4 3 1
4 2 2 2 3 1 3 0 3 0 0 0 4 1 4 2 0 3 0 0 1 4 0 2 2 3 3 3 4 0 1 1 3 3 0 3 3 3 4 2 0 4 4 2 4 2 4 4 1 1 3 4 0 0 4 4 0 0 2 3 1 4 0 2 2 2 2 3 0 1 2 1 4 4 3 0 0 2 1 0 1 0 0 3 0 1 1 4 3 2 4 2 0 0 2 3 3 4 2 1 2 4 1 4 1 4 0 4 1 0 4 3 4 2 1 2 2 3 4 2 3 1 2 3 2 0 3 1 3 3 4 2 3 0 4 4 0 4 2 2 4 0 4 3 4 2 2 2 1 4 4 3 0 0 1 1 0 4 1 3 4 3 3 3 0 1 0 2 2 2 0 0 1 1 0 3 0 0 2 4 3 1 1 2 4 4 4 3 2 0 4 3 4 3 2 3 1 4 3 2 4
4 4 1 2 0 1 2 2 3 1 2 3 3 4 0 0 4 4 3 0 4 3 2 0 2 0 0 2 1 0 4 0 1 1 1 4 4 2 0 4 3 1 1 2 3 1 0 1 4 2 1 2 1 2 4 1 1 1 3 2 1 3 1 1 0 3 4 2 0 3 0 3 3 4 3 2 0 2 3 0 3 3 2 0 1 1 0 2 0 0 4 1 1 1 0 0 0 4 0 1 1 4 3 1 3 1 1 3 2 0 3 2 4 2 2 3 2 0 1 0 1 3 3 1 1 3 4 0 0 0 1 1 3 3 1 2 0 2 1 1 3 1 3 3 2 2 3 0 4 3 1 4 1 0 1 2 0 0 3 2 0 3 0 4 3 1 1 0 1 3 1 1 4 4 1 0 2 3 4 0 2 1 0 1 1 2 0 0 3 3 3 1 4 4 4 1 3 3 1 1 2
4 3 3 4 0 0 4 4 0 3 1 4 3 1 2 0 1 2 1 1 3 3 2 4 3 3 3 2 3 3 2 0 1 0 0 4 0 4 4 2 2 2 4 2 1 3 3 3 4 4 0 3 4 3 2 1 4 4 1 3 2 3 4 0 3 3 1 0 4 0 2 0 2 3 4 1 1 2 0 3 3 2 1 2 2 0 2 0 4 0 1 1 1 0 1 1 0 4 0 2 1 1 4 1 1 1 4 4 2 0 1 2 3 3 2 4 3 4 0 4 1 4 4 2 3 3 1 3 0 2 4 4 2 2 1 2 4 4 4 4 1 4 3 1 3 0 1 2 0 1 3 1 2 0 2 0 1 0 1 1 2 0 0 2 3 0 2 2 2 3 3 0 0 1 1 0 4 2 4 3 0 4 0 2 3 3 1 3 2 0 1 4 1 4 2 2 3 0 1 2 1
4 4 4 2 3 2 1 3 1 0 1 0 4 4 0 3 4 2 2 1 0 0 1 4 0 4 4 0 2 3 4 3 3 1 2 3 0 2 3 2 3 2 0 0 0 4 3 0 3 2 3 1 1 1 1 3 1 2 2 0 4 1 3 4 3 2 1 4 0 3 4 3 3 1 1 2 0 2 0 4 2 2 1 3 2 1 1 3 1 3 3 1 2 2 1 1 3 0 4 4 4 1 1 1 4 0 1 3 0 3 2 0 2 4 2 1 1 1 3 1 1 4 0 4 2 3 0 0 3 3 1 3 3 1 2 0 0 3 0 3 1 3 0 0 2 3 0 0 1 0 1 2 4 3 1 4 1 3 1 0 0 1 4 3 0 2 1 4 2 2 0 2 3 4 3 1 4 4 2 2 2 1 3 0 1 1 0 1 1 0 2 4 3 0 2 1 4 3 2 0 0
4 1 3 4 0 4 0 0 3 4 3 0 4 3 3 3 2 0 3 4 4 3 1 0 3 1 1 1 2 4 2 3 1 3 1 3 2 0 3 0 3 3 0 2 2 3 4 0 0 1 0 0 2 3 4 0 3 2 2 4 1 1 0 3 0 0 1 2 2 0 3 4 4 1 2 1 1 1 0 2 0 3 0 2 3 1 4 3 0 2 1 2 4 3 4 0 2 2 1 4 2 0 1 0 0 2 1 1 3 4 3 2 3 4 2 2 0 1 4 3 3 4 2 3 0 3 4 1 2 2 1 1 4 0 4 2 0 4 4 3 3 3 1 0 1 0 1 0 2 1 2 2 2 3 2 3 3 3 1 3 2 3 1 0 1 1 3 0 3 1 1 3 1 3 3 2 0 2 0 3 4 2 4 3 2 2 3 4 4 1 1 1 3 4 4 3 1 2 1 3 3
4 3 1 0 1 1 2 2 2 2 3 4 3 1 1 0 0 2 1 0 2 4 4 0 3 1 4 0 0 4 1 3 0 4 3 3 4 1 3 4 0 4 4 2 3 3 3 4 0 2 0 2 0 2 1 3 1 1 1 1 1 2 2 3 4 4 0 0 3 0 2 0 4 4 0 4 3 1 2 1 4 1 2 1 4 4 2 3 1 2 3 3 0 1 4 4 2 1 2 0 0 4 2 1 0 3 1 1 2 2 0 3 2 3 1 3 1 3 4 3 0 0 2 0 0 1 0 1 4 1 1 3 2 0 3 4 3 0 2 2 4 3 4 1 0 0 2 2 4 1 1 1 3 0 3 1 0 1 2 1 3 2 0 4 2 3 0 1 2 1 2 0 0 2 3 1 3 0 4 3 1 0 1 4 0 4 2 1 3 4 2 1 2 3 0 1 2 2 4 4 0
4 2 0 0 3 2 1 2 4 1 1 0 2 4 4 3 1 4 2 3 1 0 3 1 0 0 1 4 3 0 3 1 1 4 4 0 2 0 4 3 0 0 4 1 4 2 1 4 1 4 0 2 1 2 0 2 1 3 2 2 0 2 2 0 0 4 3 3 1 2 4 4 2 2 0 3 0 1 1 0 1 4 2 1 3 1 0 3 2 0 4 1 4 2 3 1 2 3 4 1 0 4 1 1 1 0 2 3 1 0 0 1 3 3 4 1 3 4 1 1 3 4 2 4 4 4 0 1 4 2 3 2 0 0 4 0 3 2 2 3 0 0 3 4 2 3 3 4 3 1 0 1 4 3 1 4 2 3 2 0 4 0 4 4 2 3 2 1 0 1 0 4 2 0 3 2 1 0 2 3 1 3 0 1 3 4 3 4 1 2 1 1 0 3 3 0 2 3 1 1 3
4 3 3 0 2 4 0 0 3 4 4 0 4 3 1 3 3 3 4 4 4 0 2 0 1 1 3 4 1 2 2 2 0 0 4 1 2 0 0 0 2 4 2 0 1 2 2 1 1 3 3 2 0 2 0 1 3 0 3 0 2 3 1 4 1 4 4 2 1 1 1 3 4 1 4 0 1 2 3 3 1 0 2 2 0 2 4 1 3 3 4 2 1 0 4 2 1 1 1 3 4 1 2 2 0 1 0 4 2 2 3 1 2 2 3 1 0 4 1 4 3 1 4 4 3 2 2 4 2 2 2 0 1 4 2 4 2 3 4 0 4 3 0 1 1 3 4 2 2 3 3 1 1 2 1 0 2 3 1 2 0 2 3 2 2 2 0 4 0 2 1 2 0 1 0 0 4 4 3 2 4 3 1 2 4 4 0 3 1 1 1 1 1 1 3 3 3 3 2 0 1
4 0 3 0 0 2 2 2 3 3 3 4 2 3 0 3 3 1 4 0 2 2 0 4 0 1 0 2 2 4 1 3 1 4 2 3 1 0 2 4 0 2 0 4 3 1 4 0 0 0 0 4 1 3 2 3 1 4 4 0 3 0 2 1 3 4 1 2 2 4 3 0 3 3 4 3 3 3 3 1 1 3 2 4 2 0 0 1 4 3 1 1 0 2 1 2 2 0 3 0 1 3 1 1 3 1 0 3 3 4 3 3 4 4 1 0 0 1 4 1 2 4 0 3 1 1 1 2 3 2 2 1 2 3 0 1 1 4 1 3 0 0 1 4 0 1 2 1 4 4 0 1 2 0 3 4 2 0 2 3 2 1 2 2 1 1 4 4 0 3 3 1 0 3 4 3 3 1 2 1 2 1 4 3 3 4 1 0 0 3 3 1 2 3 3 1 4 2 3 0 0
4 4 4 2 3 3 1 2 3 0 3 2 3 3 1 2 0 4 1 4 2 1 4 0 1 1 2 0 3 2 2 2 2 4 2 2 0 0 2 0 2 0 3 0 4 3 4 0 1 0 2 2 2 3 0 0 1 0 2 3 4 3 2 1 4 0 2 2 2 2 4 3 3 1 3 4 2 1 4 4 3 2 1 3 3 2 4 0 2 1 2 2 4 1 2 1 1 2 3 4 1 2 4 2 0 2 0 1 3 2 0 1 1 0 1 0 1 0 0 2 2 4 2 3 2 2 3 3 3 3 2 2 3 4 4 4 4 3 2 1 4 3 1 2 0 3 1 3 2 0 0 2 4 0 0 2 1 4 4 0 4 2 3 4 2 1 2 0 1 0 3 0 0 3 2 1 2 4 3 2 2 2 4 3 1 1 4 2 2 0 1 4 2 4 3 1 3 2 4 3 0
4 2 4 1 3 4 1 2 1 2 4 0 2 4 2 4 3 2 1 2 4 4 0 0 1 4 0 0 4 0 3 4 2 3 2 0 2 3 1 4 1 0 3 0 1 4 4 3 4 0 1 1 0 4 2 4 3 3 4 4 4 1 1 2 2 2 2 3 3 3 4 1 3 0 2 2 3 1 0 0 1 1 3 2 3 2 2 1 3 2 0 0 3 3 0 0 4 0 4 0 0 0 2 2 0 3 2 4 4 1 4 0 3 4 0 3 1 4 3 1 2 1 0 1 3 4 2 3 4 3 1 1 2 3 1 4 3 3 2 4 2 3 2 4 0 3 2 1 4 4 4 2 3 4 4 4 3 0 1 1 2 0 2 2 3 1 2 4 4 1 4 3 1 1 4 0 1 1 3 1 0 4 0 3 2 1 2 2 4 2 1 2 1 0 1 3 2 4 0 3 1
4 2 3 0 0 4 0 4 0 0 4 2 0 0 4 4 0 2 1 4 0 1 3 4 3 1 0 4 3 2 1 3 4 1 0 2 1 2 0 0 0 4 2 4 0 4 1 3 4 0 1 2 3 3 4 1 3 4 0 2 0 4 1 1 0 4 3 3 0 3 0 0 0 2 1 0 0 0 3 3 3 4 1 2 0 3 4 1 3 4 2 0 2 4 4 0 4 3 0 0 0 4 3 4 2 4 1 3 3 1 0 4 2 2 1 0 2 0 0 1 2 4 1 2 1 3 3 1 1 4 1 2 3 1 4 1 3 3 0 1 1 1 3 2 1 2 1 2 2 1 4 4 2 2 0 0 0 4 1 2 1 0 1 0 1 3 1 3 0 0 3 0 2 2 3 0 4 1 0 4 2 4 3 1 4 0 3 0 4 3 0 0 4 1 4 2 4 1 0 1 2
4 4 0 4 0 1 2 1 2 2 1 0 3 3 1 4 4 1 2 3 1 3 4 0 4 3 1 0 0 2 1 1 4 1 3 2 2 2 0 3 1 0 2 3 0 0 1 1 2 0 2 4 0 1 1 4 2 2 0 0 4 1 1 2 3 2 3 1 1 2 1 0 2 4 0 0 4 1 0 3 1 3 3 0 4 1 3 1 2 1 2 2 3 3 4 3 0 2 2 4 3 4 1 0 2 2 0 4 0 1 3 0 4 3 1 4 3 0 1 2 4 3 4 1 2 0 3 1 2 3 2 1 3 4 3 3 4 0 2 4 4 3 2 0 1 2 4 4 4 1 4 1 4 3 0 4 4 0 3 1 3 0 4 4 0 1 3 3 4 1 0 1 1 0 1 3 1 1 3 4 0 1 1 3 0 0 2 1 1 0 2 1 3 0 2 2 2 4 4 0 4
4 4 2 1 1 4 2 0 3 3 1 0 1 3 1 3 0 0 1 0 1 0 4 2 0 2 0 0 4 4 1 4 4 1 3 3 0 1 2 1 0 1 0 4 3 2 3 2 3 4 2 4 0 2 1 0 2 4 2 1 0 0 3 4 1 2 1 4 2 0 1 0 1 3 0 1 4 4 0 4 1 1 2 2 4 0 0 1 4 3 1 4 0 3 0 2 2 2 2 4 3 0 4 2 1 1 3 3 0 0 3 3 3 2 2 0 2 4 1 1 0 3 0 2 1 4 4 2 3 4 4 0 2 3 0 0 1 4 2 0 4 2 1 2 4 2 4 2 3 3 4 2 1 1 2 3 0 3 1 1 0 2 0 1 4 1 1 0 3 1 0 0 2 4 1 2 1 3 2 1 1 1 2 4 3 1 2 4 0 4 3 4 0 1 3 2 0 1 4 0 1
4 1 1 4 4 3 1 1 4 4 2 4 2 0 2 4 2 0 1 2 2 0 4 3 4 0 1 0 2 0 0 3 4 2 1 0 0 4 4 1 4 1 1 2 4 2 1 2 3 1 0 3 4 1 3 1 1 2 0 3 4 2 0 1 3 2 2 1 4 4 4 3 0 1 1 0 2 2 2 3 3 4 0 3 1 1 4 2 0 1 0 1 1 3 3 3 2 1 4 1 3 2 1 1 0 2 1 1 4 3 2 4 0 4 4 1 2 1 0 0 2 4 3 3 0 2 3 0 1 1 2 1 0 2 0 4 1 2 2 1 0 0 2 3 2 2 3 1 1 1 3 3 4 0 2 4 1 0 1 4 0 0 0 4 0 4 4 0 4 3 3 0 4 2 2 1 4 1 2 0 4 1 3 0 0 2 1 2 2 0 2 4 3 2 2 3 1 2 1 2 0
4 2 1 1 4 1 3 0 1 2 2 4 4 4 1 3 3 1 3 0 2 3 4 3 0 0 1 0 2 1 0 2 3 2 4 2 3 2 2 4 4 3 3 1 1 4 1 2 3 1 1 2 3 1 3 2 1 2 4 4 3 2 0 0 2 1 1 1 0 1 1 2 0 2 1 0 4 4 4 3 4 2 1 2 3 2 4 1 0 3 4 3 1 3 3 4 0 2 2 3 4 4 3 4 2 4 3 2 1 3 0 3 1 1 0 0 4 2 4 4 4 1 2 3 4 0 1 2 1 2 3 0 4 3 4 2 2 1 3 2 0 4 0 1 0 1 0 2 3 4 4 0 4 0 0 3 3 2 4 1 4 1 1 3 2 1 2 2 1 4 0 4 0 4 3 4 2 1 4 3 3 0 2 4 4 2 3 2 3 4 1 0 0 1 4 4 0 3 3 3 2
4 4 0 0 1 1 4 3 1 3 3 0 4 2 2 2 1 4 0 0 0 0 3 1 4 1 0 1 3 2 1 4 0 3 1 1 3 2 3 3 0 2 2 1 2 1 0 4 4 1 0 2 2 0 2 1 3 2 3 0 4 2 3 4 2 2 1 2 3 1 4 1 1 4 1 0 1 0 0 3 0 1 3 0 2 4 0 3 4 4 2 2 3 4 1 0 4 2 3 0 2 3 2 1 1 3 3 4 1 4 1 2 2 0 4 0 3 0 2 0 3 2 2 1 4 4 1 1 4 0 1 4 0 2 0 1 4 3 3 4 1 4 3 1 2 2 1 2 0 0 4 0 4 2 1 1 4 0 1 4 0 3 0 3 4 1 2 1 1 4 4 4 1 3 0 3 3 1 1 2 2 4 2 4 4 3 2 4 0 2 1 4 2 3 0 0 1 0 3 1 0
4 1 4 3 1 0 1 1 1 3 3 4 3 2 2 1 0 3 3 4 4 3 2 3 2 2 0 0 0 3 4 4 3 1 4 4 1 0 4 2 0 3 3 2 3 3 1 0 0 3 0 3 4 4 3 0 1 2 4 3 1 4 2 3 0 1 0 0 2 0 4 1 3 2 1 2 1 0 1 1 2 0 3 2 0 4 2 0 0 4 1 3 1 3 3 2 2 4 4 1 0 2 4 1 4 2 0 3 2 2 2 0 0 1 1 2 0 2 4 1 1 1 3 2 0 2 1 3 3 0 4 3 4 0 1 0 0 0 4 1 0 3 1 4 3 4 3 3 1 0 3 3 0 0 4 2 2 3 3 4 3 3 0 1 4 2 3 4 0 1 1 1 1 1 3 4 2 1 3 2 3 0 4 1 2 1 1 0 1 4 0 3 3 1 2 3 0 3 2 4 2
4 1 4 2 1 1 0 2 0 1 0 1 1 2 3 2 0 2 4 0 2 4 4 0 3 2 2 1 0 3 3 3 2 3 3 2 2 1 2 1 1 4 1 0 1 1 1 1 3 0 4 1 4 3 1 1 1 1 1 3 0 4 1 0 0 2 2 4 3 3 4 4 4 0 4 3 1 3 4 4 0 3 3 0 3 3 1 2 2 3 0 4 3 1 4 1 2 2 1 2 4 1 3 2 4 3 3 1 3 1 2 2 1 3 0 4 1 1 1 4 2 2 4 0 0 3 2 0 0 4 0 1 2 0 2 4 0 1 4 2 0 4 2 4 2 0 1 4 0 2 1 1 3 4 4 3 4 2 1 4 4 3 0 3 2 2 4 3 1 3 3 2 4 1 4 2 1 2 3 0 3 1 3 4 4 1 2 0 2 1 0 2 3 4 3 3 3 2 2 1 0
4 0 1 4 1 0 0 3 0 1 1 3 2 0 0 0 4 4 4 3 4 2 1 0 3 1 3 4 3 1 4 4 1 2 1 2 3 4 4 1 3 3 3 2 2 2 0 2 1 2 4 1 2 0 1 4 0 2 1 4 0 2 0 4 3 3 2 4 4 1 4 2 0 2 3 4 0 2 4 3 0 1 0 1 4 1 3 1 2 4 3 2 1 2 1 4 4 3 2 2 3 1 0 2 4 4 2 0 4 4 0 4 2 3 3 4 0 4 3 4 3 1 3 0 3 4 2 1 0 0 4 4 3 1 2 3 3 3 0 2 3 4 1 2 0 1 0 3 4 0 4 0 0 2 2 4 3 0 2 1 3 2 0 3 2 4 0 1 4 1 4 1 3 4 4 3 2 4 1 2 1 4 2 3 1 0 3 2 0 1 2 1 4 0 3 2 3 0 3 2 2
4 4 3 1 4 2 2 0 0 1 4 1 1 2 0 0 1 2 3 1 0 3 4 4 0 4 4 3 2 1 1 0 4 0 4 2 1 4 1 0 2 0 0 1 4 0 4 3 3 3 3 2 3 4 1 0 1 0 3 3 3 4 4 3 3 3 2 4 4 4 2 1 0 3 2 3 4 4 2 0 3 0 0 4 4 4 0 0 1 0 4 2 3 0 1 0 1 0 1 4 1 1 1 4 4 0 3 0 2 3 2 1 4 2 2 0 0 3 2 1 0 4 2 4 3 3 3 4 0 0 3 3 2 4 4 2 4 1 4 0 4 2 0 2 1 0 3 1 2 4 1 0 0 1 4 2 2 0 3 3 0 0 2 1 1 3 4 2 3 4 1 2 1 1 1 2 2 2 2 3 4 0 1 0 0 3 2 4 3 1 4 1 3 2 3 2 4 4 1 1 0
4 0 4 4 3 4 3 2 3 3 2 3 3 4 0 0 1 2 0 1 0 4 4 1 2 0 1 2 0 2 3 3 2 0 4 2 1 0 3 1 0 0 2 1 0 4 3 0 2 2 3 0 0 4 1 0 1 4 1 4 1 1 4 2 0 1 1 2 1 1 2 0 1 2 1 4 4 4 0 3 4 1 2 1 0 0 0 1 2 2 3 0 0 4 0 0 1 3 1 4 2 2 1 4 3 0 3 2 0 3 4 3 0 4 3 0 2 3 3 2 0 0 4 1 2 0 0 4 4 2 0 0 0 3 2 4 0 0 4 0 2 0 1 4 2 3 0 2 2 0 0 3 4 4 1 3 0 2 0 4 1 1 0 3 0 3 2 2 2 0 4 2 3 2 1 2 0 1 0 3 1 2 1 2 3 2 2 3 4 0 2 3 4 3 2 1 4 0 0 3 1
4 3 1 2 3 4 3 0 4 4 2 4 3 1 1 1 1 3 2 4 3 3 0 0 0 3 3 0 3 2 0 1 0 4 3 2 4 3 3 0 4 2 1 0 2 0 4 1 3 4 0 1 2 1 2 4 2 3 2 0 1 4 0 3 0 1 1 1 3 4 2 0 1 4 1 3 2 3 4 1 2 0 1 3 3 2 1 3 4 4 4 0 2 4 4 1 0 1 4 0 1 0 3 1 3 3 1 1 4 4 4 3 0 3 2 3 2 0 1 1 3 4 0 0 4 2 4 4 0 4 4 4 3 4 2 1 1 3 2 4 0 4 0 1 0 1 1 3 3 1 4 0 2 3 2 3 0 3 2 0 0 2 1 0 1 4 1 4 3 4 3 4 3 2 3 2 0 2 2 4 0 4 4 4 1 3 2 0 3 1 3 2 0 4 4 4 3 4 1 2 2
4 3 3 1 1 4 4 2 0 1 0 0 2 4 0 1 3 2 2 0 3 4 2 3 4 1 1 2 2 1 4 0 4 4 1 4 2 1 1 3 4 2 2 4 0 2 2 0 4 1 2 0 3 2 4 0 1 1 0 4 3 1 2 4 4 3 0 1 1 0 3 0 4 1 0 2 4 0 3 4 3 1 4 4 4 4 2 3 0 0 3 1 3 0 4 4 0 4 2 1 1 3 4 2 3 3 2 2 1 1 1 4 1 2 2 0 4 3 4 4 4 2 0 3 4 2 1 2 0 0 4 3 4 2 4 4 0 4 2 4 3 3 2 2 2 3 0 3 2 3 2 3 1 4 0 2 4 3 4 1 0 0 2 1 4 4 1 1 1 4 2 3 1 3 0 1 2 1 4 3 3 3 3 4 2 0 3 0 2 1 0 1 1 3 2 1 2 1 0 1 1
4 2 0 3 1 1 0 2 4 4 2 2 3 2 1 0 2 3 2 4 2 0 0 0 2 2 0 4 2 0 2 3 4 4 1 0 3 1 0 1 4 2 1 4 0 2 0 0 1 1 0 3 3 0 1 4 0 1 3 3 2 4 4 2 2 0 4 0 3 2 1 1 3 1 0 2 4 2 0 2 0 3 4 4 0 0 0 3 0 2 1 2 1 3 1 2 4 1 3 2 4 4 0 0 3 2 3 1 0 1 3 4 2 2 3 0 1 1 0 3 1 4 2 4 0 1 2 1 1 3 0 2 0 0 1 0 3 1 4 3 3 3 3 1 1 1 3 2 1 2 4 4 2 2 3 3 0 2 0 0 2 4 4 4 3 2 0 0 1 1 1 3 0 2 1 3 0 4 1 0 4 1 1 2 4 1 1 3 0 1 0 3 3 3 1 3 0 0 0 0 2
4 3 2 3 1 3 1 4 4 3 1 0 3 3 1 4 1 1 2 4 3 2 3 2 1 4 1 0 3 0 3 1 0 2 2 0 3 3 1 4 3 0 3 3 3 3 1 4 0 2 3 1 4 3 0 1 3 3 2 3 3 1 0 1 2 2 3 4 1 2 2 2 4 4 4 3 0 0 0 2 2 0 3 3 0 2 1 0 2 4 3 4 2 2 2 2 0 3 0 0 0 2 0 0 3 2 4 1 0 2 2 3 1 4 1 0 1 3 2 2 2 4 4 4 1 1 4 2 1 4 1 0 3 3 2 4 2 0 4 3 1 0 1 0 1 4 4 1 0 3 4 2 4 1 2 3 4 0 0 2 0 3 4 4 2 0 4 2 1 2 0 4 4 0 2 4 0 4 2 4 4 2 4 4 1 0 4 2 1 2 0 1 0 2 2 3 3 1 0 0 3
4 2 4 4 2 0 2 3 3 4 2 4 3 2 2 0 1 2 0 3 2 3 3 2 0 0 3 1 2 4 2 2 4 4 4 3 2 2 1 2 2 1 2 1 1 1 3 2 1 0 3 4 3 1 1 4 2 0 3 2 1 3 2 3 2 3 3 0 4 2 1 1 4 3 1 3 4 1 1 3 3 3 3 2 4 1 3 0 3 3 2 2 1 4 4 3 1 2 3 0 0 0 0 2 0 0 1 2 3 1 2 2 3 3 2 3 3 4 0 2 1 1 4 3 1 2 0 2 4 0 1 3 3 2 3 1 4 3 4 4 2 4 3 3 2 0 1 0 3 0 4 0 1 3 2 2 3 3 2 4 4 2 1 3 0 3 4 0 1 2 3 4 4 2 2 2 4 1 2 3 2 4 0 1 2 2 2 4 0 2 2 3 2 0 0 4 0 3 4 1 3
4 4 4 3 3 2 3 3 1 4 2 4 1 3 3 1 3 4 0 0 2 1 1 0 2 4 0 0 2 1 1 3 2 1 1 1 3 2 3 2 3 2 1 1 2 0 1 0 0 4 2 4 3 2 4 2 3 0 2 2 3 3 4 0 2 3 1 4 0 3 4 4 4 3 1 2 4 3 4 2 1 0 0 2 3 1 0 1 2 4 3 1 3 1 3 3 4 2 0 3 1 4 4 2 4 4 0 0 2 1 1 3 1 0 3 0 3 2 0 4 3 4 1 3 2 4 3 2 3 2 3 3 3 3 1 2 2 4 4 0 4 0 0 2 1 0 1 1 0 1 4 2 2 2 2 3 3 3 3 1 0 0 0 1 0 1 0 4 2 0 4 3 0 4 4 2 3 4 0 1 3 3 0 0 3 4 3 4 2 4 0 0 4 3 1 0 3 1 1 0 3
4 4 4 2 1 3 4 4 3 2 1 0 3 4 1 2 4 4 4 2 1 4 3 3 2 4 2 0 1 1 4 0 2 4 2 0 2 4 1 0 1 1 3 2 2 3 3 4 3 1 4 1 1 0 0 4 1 4 1 0 2 3 0 2 2 2 3 2 1 0 0 4 3 0 4 4 3 2 2 3 3 0 3 0 1 4 1 0 3 2 1 1 3 1 3 1 4 3 1 0 0 1 0 3 2 2 4 3 1 2 3 1 4 3 2 3 4 2 1 2 2 4 0 4 2 3 4 3 2 0 3 2 3 2 4 3 0 4 0 4 4 2 4 0 1 4 0 3 3 0 0 0 3 2 0 4 3 4 4 1 0 1 4 2 4 2 3 3 2 1 2 1 3 2 4 2 4 0 0 4 1 3 1 0 3 3 3 0 2 4 0 4 4 3 2 0 2 1 4 1 3
4 1 0 3 4 4 3 0 2 0 4 1 2 4 1 2 4 2 3 1 2 1 0 4 4 1 4 2 3 3 3 3 1 1 0 2 3 0 0 0 2 2 1 1 4 0 1 1 4 1 2 0 0 2 2 3 1 0 3 1 1 1 0 2 2 0 1 0 0 1 1 2 2 3 1 3 3 3 4 4 2 1 4 2 1 2 1 2 3 0 4 1 4 3 1 3 1 4 4 3 0 0 2 2 3 0 4 3 4 0 2 4 2 1 1 1 3 0 1 0 0 2 4 1 1 1 4 2 1 4 1 2 2 3 3 0 1 3 0 1 3 4 4 4 1 3 0 4 2 2 0 1 3 1 2 2 0 2 3 4 3 1 0 4 4 1 1 1 4 4 1 3 3 1 0 2 4 1 0 2 2 4 1 2 3 2 1 1 1 1 1 4 1 0 2 3 4 3 0 3 3
4 4 4 3 1 2 2 2 0 1 3 1 1 1 2 3 1 3 1 4 3 3 3 2 2 0 3 4 2 4 2 3 1 1 0 1 1 4 2 0 4 1 2 4 3 1 0 3 0 3 3 1 3 1 0 4 0 2 3 1 0 2 0 2 3 3 4 0 4 2 1 2 2 4 3 0 0 4 3 2 2 1 1 0 0 4 1 0 1 1 1 3 2 0 1 2 1 1 2 4 2 4 1 2 3 3 0 3 0 0 3 4 4 1 4 1 3 1 3 1 1 0 2 3 2 3 0 2 3 0 4 4 0 4 2 3 1 3 1 4 3 0 3 1 1 2 4 0 4 2 0 1 4 0 4 3 2 1 2 3 2 2 4 0 4 4 0 2 1 2 2 2 4 0 1 1 1 3 4 0 3 4 0 2 3 1 2 3 4 3 2 0 4 0 2 4 3 2 3 1 1
4 0 4 3 4 3 3 0 1 4 2 1 2 1 1 4 4 3 2 1 1 4 4 2 1 4 0 4 4 0 4 0 1 0 3 4 0 0 0 1 2 0 3 3 0 3 1 1 1 2 1 0 2 1 3 1 3 4 2 0 2 4 3 1 2 0 0 0 1 4 2 4 3 4 3 4 3 4 2 3 1 0 2 2 2 0 1 4 3 2 4 1 3 0 4 3 3 4 4 3 3 2 4 4 3 0 3 4 0 4 3 4 1 2 1 1 1 3 0 3 3 0 2 0 1 3 1 4 0 0 4 2 4 1 1 2 3 3 2 3 3 4 4 1 0 1 3 0 0 4 4 0 4 2 2 3 3 1 1 3 4 3 3 0 0 0 3 4 3 3 2 1 0 2 2 4 0 4 3 0 0 1 3 3 3 4 4 1 0 3 2 3 1 2 4 4 2 4 1 0 2
4 0 4 1 0 2 1 4 2 4 2 4 1 2 0 2 3 3 2 3 3 2 3 4 2 3 2 2 4 3 0 1 3 2 3 4 1 3 4 2 2 0 3 0 2 3 3 0 1 4 2 3 1 2 2 0 3 0 0 0 4 3 0 0 3 2 3 0 4 1 0 3 3 4 2 3 4 1 2 0 1 3 2 1 1 4 2 3 0 0 4 1 4 2 2 4 3 1 3 1 2 3 4 3 2 4 4 3 2 2 0 1 4 3 3 2 3 0 0 4 2 3 4 4 2 0 0 4 2 4 2 2 3 2 4 0 3 2 3 2 0 1 4 4 0 0 2 0 3 1 0 4 2 1 3 0 0 0 1 3 3 1 1 3 4 3 4 2 3 4 1 0 0 4 2 0 1 1 3 1 4 3 4 3 2 3 3 2 0 2 1 2 1 4 3 0 3 3 3 3 0
4 3 3 3 1 1 2 0 3 2 3 2 4 1 2 0 4 0 1 3 3 1 0 1 2 1 0 2 3 3 0 4 3 4 2 2 2 0 2 3 3 2 1 0 2 2 1 0 1 1 1 2 3 0 1 0 4 2 3 4 1 1 3 2 2 4 1 3 2 3 0 3 2 2 1 4 1 2 0 0 2 3 3 1 3 0 0 2 0 2 1 2 3 2 0 1 0 1 2 2 2 2 3 1 1 1 2 4 3 2 2 0 3 1 4 3 4 3 0 4 2 0 1 3 3 1 2 4 2 1 0 4 4 0 0 3 1 0 3 1 0 1 0 0 0 2 2 1 1 1 1 0 1 3 3 0 4 2 1 2 1 2 1 0 2 1 2 3 4 1 0 1 3 0 2 0 3 3 0 1 0 3 4 3 2 1 0 3 1 4 4 2 4 4 1 1 0 3 4 0 3
4 0 2 0 2 3 4 1 2 3 2 0 4 3 1 1 2 4 1 2 4 3 3 3 0 2 4 4 2 2 0 0 0 1 3 2 3 0 1 4 2 3 0 0 3 2 2 2 2 4 1 0 1 2 4 0 1 4 0 2 1 1 2 2 2 2 4 4 4 2 4 1 0 3 2 1 0 3 3 1 1 1 2 3 0 3 1 1 0 4 3 2 3 3 0 1 4 0 3 1 2 2 4 4 1 0 1 4 2 4 0 0 4 4 3 3 0 3 0 4 4 0 2 2 1 1 3 0 3 0 0 3 1 1 4 4 0 4 4 1 3 2 0 2 4 1 3 2 1 4 3 2 2 4 4 3 4 2 3 3 0 3 0 0 2 4 2 2 1 1 0 3 4 2 2 4 4 3 1 0 1 0 4 2 3 0 0 1 3 1 2 3 3 2 1 4 2 4 1 3 3
4 4 3 3 0 4 3 0 0 2 2 3 0 4 4 0 4 3 1 0 2 1 3 2 3 3 2 4 2 3 3 3 3 4 3 4 4 3 2 4 3 1 2 2 2 3 3 1 1 1 0 2 2 4 1 1 2 1 2 3 1 4 4 2 1 0 0 4 0 3 4 4 0 2 4 4 0 1 0 1 2 1 4 0 4 3 0 2 1 0 4 1 2 2 0 4 1 4 0 3 0 3 2 3 1 3 4 3 1 0 4 2 1 0 4 2 2 2 1 1 4 2 4 4 2 0 1 1 0 0 1 4 3 0 1 3 2 4 0 0 4 4 2 4 0 1 2 0 1 4 2 0 2 1 3 4 3 4 4 0 0 2 1 2 4 0 1 0 4 4 0 3 2 3 1 3 2 2 1 2 3 4 1 3 1 1 3 3 4 0 4 4 0 3 0 1 0 3 4 1 4
4 3 1 3 0 2 3 1 4 1 1 3 4 0 0 0 2 4 3 0 0 4 2 4 0 3 3 1 1 4 3 3 3 2 1 2 3 3 2 4 3 1 2 0 4 1 4 3 1 2 1 4 4 2 0 3 3 2 0 0 0 0 1 2 0 1 2 4 4 3 1 4 1 3 1 4 0 1 2 1 4 0 1 3 2 2 2 1 4 2 0 2 0 0 4 3 1 3 3 4 2 3 0 0 1 0 3 0 0 4 3 2 1 3 4 2 1 3 2 1 0 4 3 2 2 1 3 0 0 0 0 1 2 4 0 2 3 2 4 2 0 1 0 2 2 0 1 4 3 2 4 1 3 2 2 1 2 1 4 4 0 4 0 2 3 2 0 4 0 2 3 4 3 1 0 3 4 0 0 4 2 4 3 2 0 2 4 2 0 2 1 2 0 0 4 2 1 4 2 0 1
4 1 1 1 3 2 1 1 0 3 4 1 2 3 3 2 3 3 1 3 0 1 2 2 4 0 3 2 1 4 0 1 3 4 0 0 1 2 3 2 0 3 2 2 1 0 4 1 3 4 4 4 1 4 0 0 3 3 3 4 1 4 4 3 4 1 2 4 3 0 2 3 4 3 2 3 3 3 3 0 1 3 1 2 0 4 2 4 2 1 2 2 4 2 2 1 2 4 1 1 2 0 4 4 4 3 4 2 2 0 0 2 2 2 0 0 1 2 4 1 0 0 2 3 3 0 2 2 1 2 3 3 2 4 1 3 2 4 4 1 0 2 2 0 1 3 4 1 4 4 0 2 1 4 2 0 3 0 3 3 2 2 1 3 4 4 4 3 1 3 4 3 0 1 2 0 0 3 3 1 4 2 0 3 0 1 1 4 0 0 2 2 3 3 2 3 3 4 1 0 0
4 0 0 4 3 2 4 0 4 2 1 2 4 4 1 1 1 1 3 1 2 3 3 0 4 1 4 1 4 4 1 0 0 2 2 1 2 1 4 2 2 2 1 3 1 1 4 2 4 0 0 0 1 0 2 2 4 0 0 1 3 4 1 3 1 0 1 1 1 1 3 2 0 1 4 2 1 2 1 0 1 1 1 0 0 1 3 0 1 1 0 0 1 2 4 1 2 0 2 3 3 0 3 2 0 3 4 3 4 3 4 2 4 3 0 1 0 4 3 4 1 2 1 2 4 0 0 0 2 2 2 4 4 3 1 1 1 2 2 0 1 1 0 0 3 1 1 4 3 3 0 0 1 4 0 3 1 3 2 0 1 2 1 3 4 2 3 2 0 4 2 0 2 3 4 1 4 4 4 4 0 1 3 1 3 4 3 3 4 1 4 4 3 3 0 2 3 3 1 0 0
4 0 3 2 1 4 3 2 1 3 1 3 4 2 0 3 1 0 2 1 3 4 0 2 0 1 4 1 3 1 3 4 0 1 4 0 0 4 2 4 0 4 0 2 1 4 0 2 0 0 1 2 0 2 3 4 0 3 3 2 3 4 0 4 4 1 0 3 0 0 3 3 2 2 2 3 0 3 1 2 1 4 4 0 0 4 0 3 4 3 0 3 1 0 3 2 2 3 3 4 3 2 2 0 2 1 3 0 4 4 1 0 2 3 0 4 4 3 0 4 0 3 2 0 0 4 2 3 1 4 2 4 4 1 1 4 1 1 4 1 4 0 1 4 1 2 2 0 4 1 4 1 3 0 3 1 0 3 4 0 4 0 0 0 1 0 2 2 0 4 3 2 0 1 3 0 3 4 2 2 3 0 1 1 3 3 3 2 3 2 2 2 1 2 1 4 2 4 3 3 0
4 0 2 2 0 2 4 0 1 0 1 3 0 4 2 3 0 3 0 2 1 1 1 4 0 2 3 0 4 4 0 0 0 1 1 2 1 0 0 0 0 0 1 2 1 0 4 0 0 0 1 3 1 2 3 2 4 2 2 4 3 3 4 0 0 0 2 3 0 3 4 2 3 0 1 4 4 3 0 1 4 1 3 2 0 1 4 4 3 2 1 2 2 1 0 4 4 4 0 2 1 3 0 4 4 3 4 1 2 0 1 3 1 4 4 0 0 4 1 2 4 1 0 0 0 1 4 4 4 0 2 4 0 0 0 4 3 2 1 2 4 2 2 2 0 1 1 0 3 0 4 1 3 4 4 2 3 3 1 3 0 0 0 2 1 0 4 3 1 1 4 3 0 1 4 3 0 1 0 2 0 2 1 2 0 2 2 2 0 0 0 4 1 2 1 2 4 0 1 4 4
4 2 3 4 2 3 1 1 3 1 2 0 1 2 3 4 0 0 3 1 2 2 0 3 4 3 0 0 0 4 0 1 2 3 4 3 0 4 1 1 2 3 1 4 2 2 2 1 3 1 2 0 1 4 1 4 2 0 3 3 3 4 0 4 1 2 4 2 0 0 4 0 1 2 1 0 2 1 2 3 4 2 4 4 2 2 3 0 3 0 0 1 1 3 2 3 1 3 4 0 3 2 2 1 0 4 0 4 2 3 3 0 2 0 0 2 3 4 0 3 2 4 4 3 0 2 3 1 0 0 4 1 0 3 4 1 2 1 0 1 4 1 1 0 4 0 2 4 4 0 3 2 2 1 0 0 3 1 3 3 1 3 1 3 1 2 3 0 2 4 1 2 0 3 1 0 3 2 1 1 0 4 2 2 2 0 4 0 0 3 4 0 0 1 1 1 0 4 0 0 0
4 0 4 2 1 3 2 0 1 3 1 0 3 3 1 2 3 1 4 2 2 0 4 3 1 0 4 2 2 0 4 0 0 2 1 1 3 4 2 4 0 3 3 2 3 4 3 2 0 1 2 2 4 4 0 4 0 4 3 4 3 2 1 3 2 2 4 1 4 3 4 3 4 2 3 4 2 3 3 1 3 1 0 2 0 0 4 4 4 4 3 0 1 4 3 1 0 4 3 3 0 2 1 0 4 0 0 1 3 2 0 2 3 0 0 2 4 2 3 3 0 2 3 0 3 2 2 0 0 1 2 0 2 1 1 4 4 2 4 3 4 4 1 1 4 4 3 3 0 0 4 0 0 0 2 0 3 2 1 1 0 4 0 4 0 4 3 3 2 0 0 3 1 2 2 3 3 0 2 1 4 2 1 4 2 1 4 4 2 3 0 4 1 2 0 3 2 2 0 3 1
4 1 3 0 3 3 0 2 2 2 0 2 4 2 1 0 0 1 4 0 4 3 3 3 1 4 0 3 0 2 4 1 1 0 3 1 2 4 0 0 1 4 0 3 1 4 1 1 2 4 1 2 1 3 3 4 2 3 0 1 1 1 3 1 0 4 4 3 4 1 2 2 3 3 3 4 0 1 3 2 0 2 4 0 3 1 3 0 1 0 3 1 0 0 3 4 0 3 4 3 1 4 3 3 3 4 3 0 4 4 4 0 1 1 2 3 0 1 0 0 4 1 2 3 4 3 2 2 3 2 3 4 0 2 0 3 1 1 3 2 0 4 2 2 2 4 1 4 2 3 2 3 0 4 1 2 2 4 0 0 4 1 0 1 3 1 0 2 1 2 1 2 4 4 0 0 0 1 0 0 0 4 1 2 3 3 4 2 2 1 3 0 0 2 2 3 0 0 0 2 2
4 1 4 3 2 3 0 4 4 1 3 0 2 1 4 0 2 1 0 0 1 4 0 2 1 1 3 4 3 3 1 0 2 1 0 2 0 1 1 2 1 3 3 1 3 4 3 2 2 3 2 1 4 4 1 4 1 1 1 0 3 1 3 3 4 1 1 4 2 3 3 1 4 0 0 3 2 4 3 0 1 1 2 4 0 0 4 2 1 1 4 1 0 3 2 4 3 1 1 3 2 0 3 2 4 1 1 4 4 0 0 4 2 0 2 4 0 2 2 4 0 3 0 4 1 3 4 1 0 1 0 2 1 1 0 2 1 2 0 0 0 4 3 0 4 4 3 1 1 3 2 3 2 3 0 1 0 4 0 2 0 1 3 2 0 1 0 1 2 3 3 2 2 1 4 3 3 0 0 0 2 1 2 0 4 0 1 4 4 2 3 1 2 4 1 3 1 1 4 2 2
4 3 4 0 0 3 1 3 4 1 4 2 2 4 4 1 2 2 4 2 1 0 4 1 1 3 3 0 0 0 4 0 4 2 1 3 1 2 4 1 2 4 4 0 1 2 0 0 1 2 2 4 1 4 0 1 0 3 1 4 0 0 3 2 3 2 3 4 4 1 0 3 2 3 4 4 0 2 4 4 0 3 4 1 0 0 1 1 0 2 0 2 1 4 2 2 4 4 4 2 3 3 4 0 0 1 2 0 4 4 1 1 1 0 2 1 2 2 1 1 1 1 1 4 1 1 3 3 0 2 0 3 0 2 2 0 4 4 4 2 2 1 4 2 2 0 0 4 3 4 0 1 1 0 3 4 3 3 3 4 1 2 1 1 2 4 4 1 4 4 4 1 4 0 1 1 1 0 0 0 0 3 2 3 0 4 1 1 4 2 0 4 4 0 2 0 0 3 3 2 0
4 4 2 4 3 4 0 0 4 0 1 3 4 0 1 3 0 3 4 0 3 3 1 2 4 0 4 1 1 2 3 1 1 1 3 1 1 1 3 1 0 2 0 3 3 0 2 1 1 3 1 4 0 0 3 2 4 3 3 0 0 0 0 4 3 1 0 3 4 4 2 4 3 3 2 3 0 4 0 1 2 0 0 4 1 4 3 4 1 0 1 1 2 2 2 0 1 0 1 1 4 4 0 1 1 4 4 0 0 4 2 0 4 3 2 3 0 1 0 4 0 4 0 4 1 1 3 0 4 2 2 0 2 3 3 1 0 3 3 3 3 0 4 3 3 1 1 3 0 0 2 1 4 3 3 1 4 0 3 3 3 2 2 0 2 4 3 4 4 2 2 0 0 1 2 3 4 2 1 2 1 1 0 4 3 2 2 3 3 2 0 0 4 4 0 4 4 0 0 0 1
4 1 2 4 2 1 1 0 1 2 1 0 0 0 0 1 3 3 1 2 2 3 4 4 4 3 0 0 3 4 4 3 0 0 4 3 0 0 3 2 1 2 2 4 3 0 2 0 0 0 4 4 1 3 1 4 1 1 4 2 1 4 0 0 3 0 4 0 4 3 3 0 2 4 4 0 3 3 1 1 2 2 2 3 2 2 2 0 3 2 3 0 0 1 1 2 0 1 2 3 1 3 3 2 3 2 2 0 0 4 0 3 1 1 2 4 0 0 1 3 3 3 0 4 0 4 0 1 3 2 3 4 1 2 1 4 3 4 3 4 2 0 2 1 3 3 2 1 4 2 4 0 2 3 0 4 2 4 4 2 4 1 4 0 2 2 0 0 0 3 3 4 3 2 2 0 1 2 3 0 4 2 1 0 0 1 2 1 3 3 3 4 2 4 0 1 2 3 4 3 2
4 1 1 3 2 1 0 3 3 2 0 0 2 1 2 0 2 2 2 0 3 4 1 0 3 4 1 1 0 3 1 0 3 0 0 4 3 2 0 1 0 1 0 4 2 3 1 1 3 4 2 3 1 1 2 1 1 3 0 3 3 4 2 3 1 0 4 3 1 3 4 3 1 1 1 4 3 1 0 3 1 1 0 0 2 3 4 3 3 2 3 0 1 3 2 2 3 0 3 3 0 4 3 3 4 1 2 3 1 1 4 2 1 4 0 3 1 0 1 4 0 2 0 0 0 2 1 0 0 0 0 3 2 2 2 0 1 2 3 0 3 3 4 2 3 2 3 4 0 3 3 3 2 0 2 4 2 4 2 4 2 0 1 4 0 2 2 4 4 0 2 0 1 1 2 1 3 3 4 4 3 4 3 1 0 1 3 2 0 2 0 2 0 3 4 2 3 4 3 1 3
4 4 1 3 2 0 2 4 0 1 4 0 0 4 0 0 0 1 4 3 2 4 1 4 4 2 0 4 3 3 0 1 0 4 3 4 4 3 3 4 4 1 1 1 2 4 2 0 3 1 0 2 1 3 0 4 3 2 4 1 2 4 0 1 0 1 2 0 0 3 1 1 1 3 3 3 2 3 0 3 3 3 3 1 4 3 1 4 3 2 2 0 1 0 3 4 4 4 1 4 0 3 2 1 4 0 1 4 4 4 1 4 2 4 2 3 0 4 3 4 4 3 4 3 4 2 0 3 1 4 2 3 4 3 4 4 0 0 3 2 1 4 2 0 1 4 0 4 2 0 2 4 3 0 4 1 4 3 4 3 4 2 3 4 0 1 3 1 0 3 4 1 1 4 2 0 2 1 4 1 1 4 2 4 1 0 3 4 1 3 2 0 0 0 0 4 2 2 0 2 3
4 2 4 4 4 1 2 2 3 4 2 1 0 3 4 4 1 2 3 1 1 4 2 4 3 4 2 3 0 3 3 1 0 4 0 4 0 2 0 4 1 0 4 0 0 1 2 2 0 4 1 0 4 0 4 2 0 2 4 1 3 4 0 1 0 0 4 0 4 3 0 2 1 0 2 4 4 1 2 1 1 2 0 4 1 3 0 3 0 2 2 4 4 4 4 4 2 2 3 3 1 0 4 1 4 2 1 2 3 4 4 3 0 2 1 4 0 1 1 4 4 3 3 1 2 3 4 3 4 0 1 1 2 4 1 1 4 0 1 0 2 2 4 0 2 3 1 2 4 3 1 2 1 3 1 1 2 0 0 1 4 4 0 4 0 3 1 3 0 0 4 3 3 1 1 3 1 2 1 1 3 0 2 4 0 3 0 4 1 2 1 1 0 1 2 1 4 3 4 0 0
4 1 2 2 1 3 1 0 3 4 4 2 3 2 2 2 4 4 4 2 4 0 1 1 3 1 4 1 0 0 2 1 4 3 3 0 3 4 2 4 3 4 2 1 3 3 3 1 4 3 0 1 0 2 4 4 0 2 1 2 2 0 3 0 4 1 2 4 3 4 2 1 2 4 1 3 3 3 1 0 1 4 4 3 2 3 2 2 2 0 1 1 0 3 3 0 4 0 0 4 3 0 0 3 4 3 1 3 1 4 4 1 0 4 3 4 4 0 2 3 3 1 4 2 3 2 4 2 3 3 0 2 3 4 1 1 4 4 4 3 0 2 1 2 0 0 3 2 2 3 1 0 2 2 4 1 1 1 2 0 0 1 1 1 2 0 3 0 4 2 3 3 0 2 3 3 3 4 1 4 3 4 1 3 2 3 2 3 3 1 0 1 4 1 0 2 0 2 3 0 4
4 2 3 4 3 1 4 0 0 0 2 0 3 3 4 4 1 0 4 2 1 3 1 0 2 2 0 0 2 2 0 4 1 4 0 4 2 4 2 0 0 2 4 2 4 0 0 4 4 4 2 0 2 0 1 0 3 1 3 2 2 1 2 0 3 3 4 0 1 0 4 3 4 3 3 4 1 3 1 3 0 3 3 2 1 2 1 2 2 0 0 3 4 3 1 4 4 2 2 1 0 1 0 3 4 2 0 4 3 0 4 0 3 3 0 1 4 2 3 1 4 0 4 2 3 3 2 2 2 0 0 4 0 1 0 3 2 0 3 0 2 3 1 3 3 1 4 1 1 2 1 0 0 3 4 4 0 4 0 2 0 0 2 4 3 1 4 2 0 4 2 1 1 4 1 3 4 3 4 3 4 1 2 3 4 4 1 3 3 2 1 3 2 3 3 2 3 2 4 2 3
4 0 0 4 0 1 0 3 2 2 0 1 2 1 0 3 1 4 3 0 3 1 3 4 4 0 2 4 1 3 2 0 2 4 2 2 4 4 4 3 2 4 1 1 2 0 1 3 3 3 2 0 2 4 2 1 1 1 0 1 3 3 1 0 0 4 4 2 1 1 4 3 0 3 4 4 4 2 1 3 0 4 1 3 2 1 2 1 3 4 2 0 2 2 4 3 0 3 4 2 0 0 4 2 1 3 0 0 1 0 4 2 4 2 2 4 3 1 0 3 1 4 1 3 1 1 1 4 2 1 4 0 0 4 3 3 0 3 2 4 0 4 1 4 4 2 4 0 1 4 2 4 0 4 4 2 1 1 4 4 3 1 0 2 2 1 1 1 1 4 1 1 3 3 3 2 1 1 0 1 1 0 2 1 1 4 1 4 0 4 3 2 0 3 4 4 4 2 3 2 0
4 4 4 1 1 2 3 2 0 0 0 0 4 3 2 1 2 1 0 3 2 4 1 2 1 0 2 3 0 0 2 1 4 4 4 0 2 4 3 3 2 1 3 3 1 2 1 1 2 3 1 0 2 4 1 3 4 2 1 3 0 0 0 3 3 0 4 0 0 3 1 4 1 3 3 0 2 0 1 1 1 3 2 4 3 3 0 0 4 2 2 4 1 4 2 4 2 4 2 2 1 1 0 2 1 4 1 2 0 2 4 3 2 4 4 0 2 0 1 0 1 2 4 4 1 3 1 4 3 3 0 0 0 1 0 3 3 3 0 0 0 3 4 3 4 3 3 4 0 0 2 4 2 2 3 0 2 0 4 4 3 0 3 4 4 4 1 1 2 0 3 1 0 4 3 4 0 1 1 3 3 0 2 0 0 2 2 4 3 4 2 1 3 2 4 3 4 1 4 4 3
4 1 4 1 4 1 3 1 4 1 2 4 2 0 0 4 0 2 0 4 0 3 2 0 2 3 1 1 2 3 4 2 2 1 3 3 4 1 3 2 0 3 3 3 1 3 1 1 1 1 1 1 4 1 1 4 1 0 4 1 1 1 0 4 2 4 4 1 1 2 4 3 1 0 2 1 4 1 0 0 1 1 1 0 3 4 0 3 1 3 3 1 0 4 2 2 4 0 1 2 1 4 2 2 2 4 4 4 0 0 3 0 1 2 4 2 3 2 2 3 0 3 4 0 2 0 4 1 4 2 4 3 0 4 3 3 1 1 0 3 0 0 2 4 2 2 0 0 2 0 3 2 4 0 2 1 2 1 1 2 1 2 4 0 4 4 0 4 4 4 2 1 0 1 4 2 4 2 3 1 0 0 0 1 2 3 2 0 0 0 1 3 4 0 2 2 3 2 0 2 3
4 2 2 1 4 2 4 4 3 3 0 0 3 2 0 0 0 1 3 2 2 4 4 0 0 1 2 2 0 4 4 4 4 2 3 3 3 1 3 1 0 2 3 1 3 4 2 1 4 4 2 1 4 0 0 4 0 4 0 0 3 2 1 2 4 3 4 0 2 3 4 3 3 2 1 2 0 0 2 0 3 4 2 1 0 4 0 3 0 2 1 2 3 0 4 2 4 2 4 0 2 1 0 1 3 4 2 2 2 1 0 0 0 4 2 4 3 3 1 0 3 2 3 2 1 1 3 4 4 0 4 1 1 1 1 4 1 1 0 1 4 3 2 2 0 3 4 0 4 0 2 1 3 1 4 2 3 3 0 3 1 0 0 4 0 3 4 2 0 3 0 1 4 2 0 1 1 4 1 0 2 1 0 0 2 0 2 1 1 0 1 4 2 0 1 4 2 2 3 1 0
4 2 2 3 0 1 0 3 3 1 0 2 2 3 0 1 3 0 3 2 2 3 4 1 1 2 1 0 4 0 2 0 1 1 3 4 2 1 0 1 4 0 1 1 1 0 1 3 0 0 2 3 1 3 3 2 3 1 1 1 3 1 0 2 3 1 4 3 2 1 2 4 3 4 4 0 1 4 4 1 3 2 0 2 2 1 4 4 2 2 2 3 2 4 2 4 1 2 1 2 3 1 4 2 4 0 0 3 3 3 2 0 1 2 4 2 1 3 1 1 4 1 3 0 4 0 1 2 0 3 3 1 2 4 3 4 0 2 4 0 1 2 2 0 0 3 0 4 1 2 1 0 2 1 1 2 1 2 0 2 3 0 3 1 2 3 2 2 1 0 4 4 3 2 4 0 3 2 4 0 2 3 2 0 1 4 0 1 1 4 2 3 3 0 2 1 1 0 0 2 4
4 4 0 3 4 0 4 4 4 3 0 4 0 1 2 2 0 1 2 2 1 2 0 0 2 4 1 4 0 0 4 1 1 4 0 3 0 0 3 1 0 2 2 4 1 2 3 4 1 1 4 2 0 1 3 0 1 0 2 3 1 1 3 2 4 0 3 1 1 1 1 1 3 2 1 2 3 0 1 0 0 1 3 4 0 2 0 2 4 4 2 2 3 0 3 4 4 0 1 3 4 1 3 3 0 2 3 0 0 4 4 2 4 4 4 1 1 3 1 3 4 3 0 0 2 2 3 0 4 3 3 1 3 4 1 1 2 3 0 0 0 0 4 0 1 1 1 2 2 1 1 2 4 4 4 4 2 3 1 2 1 3 4 4 0 2 2 2 1 0 0 4 3 3 0 0 3 4 4 0 3 4 1 1 4 1 4 2 1 2 2 3 3 1 1 3 0 3 4 1 4
4 4 2 1 0 4 1 3 1 3 4 3 2 4 0 2 4 3 4 1 1 1 1 1 2 3 4 4 0 2 2 4 1 3 1 0 4 1 3 1 2 1 1 0 3 1 2 3 4 0 4 3 4 3 1 2 3 2 0 0 4 2 4 4 4 0 0 0 0 0 1 1 2 3 1 2 0 0 3 1 1 0 0 3 3 1 2 2 4 4 0 1 1 1 0 4 4 1 4 2 4 3 3 2 3 2 0 3 4 0 0 3 3 4 0 1 2 1 4 0 3 2 4 0 2 2 0 0 1 3 4 4 3 2 4 0 0 3 0 0 1 3 0 2 1 3 0 1 1 0 2 0 4 1 3 0 2 3 0 4 4 0 4 3 2 2 4 1 2 1 3 2 3 2 1 2 3 4 3 2 3 3 1 0 0 0 3 1 1 4 3 0 1 0 0 0 2 4 0 0 3
4 0 0 3 0 3 3 3 3 2 1 0 2 0 0 2 2 0 0 3 4 0 3 4 3 0 4 2 4 4 1 3 3 1 0 3 0 2 3 3 1 4 3 0 2 0 3 3 4 2 0 3 1 4 3 2 4 4 3 4 1 1 4 3 0 1 1 0 2 0 2 4 2 3 1 1 4 3 2 0 2 3 2 0 2 0 1 2 4 2 2 4 3 0 0 2 3 3 0 3 2 1 0 3 1 0 0 3 3 3 3 2 1 4 4 0 2 2 0 2 1 1 1 4 2 1 1 4 1 3 4 1 4 1 1 1 3 4 2 0 0 1 2 0 3 1 1 3 4 3 2 1 2 1 1 1 3 0 1 0 2 1 4 4 3 4 1 2 3 4 2 1 1 1 2 0 0 3 0 1 3 2 4 1 3 4 4 2 4 3 3 1 2 2 4 0 0 1 4 2 2
4 0 1 1 0 2 4 2 3 3 2 0 3 1 3 2 1 4 0 3 4 2 3 4 3 2 0 3 2 2 2 1 2 2 4 4 1 0 3 1 4 4 1 2 1 1 1 4 4 4 0 0 3 4 3 3 4 1 2 4 4 3 4 0 2 2 1 2 4 0 0 0 4 0 3 1 1 4 4 1 3 0 4 0 3 4 2 1 2 3 0 1 2 2 4 1 3 0 0 0 0 2 4 2 0 1 4 2 2 1 2 3 1 2 2 0 3 2 4 2 4 4 3 4 3 3 4 0 0 3 4 2 3 0 4 2 0 1 3 1 0 4 2 4 3 0 2 4 4 1 0 2 3 2 3 1 4 0 4 2 0 1 1 2 4 4 3 2 2 2 4 2 2 4 3 3 3 0 2 0 0 1 2 3 2 1 4 4 0 1 0 3 4 3 4 3 4 0 0 4 1
4 0 4 3 0 4 3 1 4 0 3 3 4 3 3 0 0 1 2 3 2 2 1 0 4 4 1 4 2 4 3 1 4 1 1 1 3 3 2 2 1 3 2 1 2 2 3 0 1 2 1 2 2 1 4 3 1 3 2 0 1 1 2 0 3 0 3 2 1 4 0 4 4 4 4 2 4 3 3 1 0 4 3 4 4 0 2 1 2 3 2 0 1 1 0 4 3 2 4 4 0 0 3 4 2 4 0 3 1 4 1 3 3 1 2 3 2 4 1 0 0 2 3 4 1 2 2 0 1 2 0 1 2 2 0 2 0 2 2 0 3 3 1 0 4 4 4 3 1 1 1 1 1 3 4 0 4 0 0 2 4 3 4 0 2 2 1 2 1 2 3 2 1 1 3 1 1 2 4 0 3 4 0 2 2 1 1 1 3 0 2 0 0 0 3 4 3 4 2 2 4
4 3 4 3 3 3 1 0 3 3 1 2 2 0 3 1 2 1 3 3 4 1 0 2 4 4 0 0 2 2 3 0 1 1 2 1 3 4 4 3 1 2 1 4 2 3 2 4 3 1 3 4 2 4 0 2 1 2 2 4 0 0 1 1 2 1 0 1 1 4 1 3 0 4 1 2 0 0 1 3 2 3 1 3 0 0 2 0 1 2 3 4 1 4 2 3 2 4 4 0 3 4 2 4 2 0 4 1 3 0 1 3 4 4 2 3 0 4 2 2 4 3 4 1 0 0 2 1 2 1 0 2 1 2 4 2 4 3 0 4 1 2 2 2 4 0 1 3 4 3 0 4 3 0 3 0 3 3 0 0 0 4 2 0 4 2 4 1 0 1 3 0 0 4 3 3 4 2 4 4 1 0 0 4 0 1 1 3 4 0 3 3 3 3 4 0 0 0 3 3 1
4 0 3 4 2 0 2 2 0 0 4 3 2 3 0 2 1 1 4 3 4 3 2 1 4 3 1 0 4 0 1 0 4 4 4 2 2 0 1 0 4 3 1 2 4 4 3 4 4 4 4 0 4 4 3 3 1 1 0 4 1 1 4 1 3 3 1 0 2 4 4 4 1 0 2 1 0 0 0 1 0 0 0 3 1 4 4 2 0 0 4 4 1 1 3 3 3 1 4 0 4 1 1 0 3 1 1 3 4 4 4 3 1 3 4 1 2 3 4 1 3 0 2 1 1 3 4 0 3 3 1 1 2 4 1 3 0 2 3 0 1 0 4 3 1 3 2 3 4 4 4 2 1 0 3 3 4 3 0 1 3 2 2 3 0 2 4 2 3 2 2 3 3 1 3 3 4 1 2 2 2 1 2 2 3 4 2 1 4 4 2 0 1 0 0 1 4 4 3 2 0
4 4 2 3 4 2 3 3 3 2 3 2 1 4 1 2 2 3 0 2 3 0 4 2 4 0 3 0 0 4 3 4 0 4 1 0 1 3 4 2 3 0 2 0 3 0 2 0 2 1 0 2 2 3 2 3 4 1 2 4 1 3 3 2 4 4 2 3 1 1 1 2 1 0 0 4 3 4 0 1 1 2 1 4 4 0 3 4 2 2 1 0 4 1 3 1 0 4 3 4 2 0 3 1 2 2 4 1 4 2 0 1 3 4 1 1 1 1 0 2 3 3 3 1 3 2 3 0 2 1 0 3 1 0 2 2 0 4 0 0 1 4 2 4 3 0 0 2 2 4 2 1 2 1 2 1 4 1 1 3 0 0 2 2 3 0 4 0 0 3 2 3 1 1 1 4 4 3 4 3 1 1 1 2 1 3 4 2 2 4 3 2 2 0 0 4 1 1 0 1 4
4 4 2 4 2 2 0 2 4 1 2 4 3 2 1 3 3 0 4 2 1 0 4 2 3 3 1 1 4 2 0 4 1 4 2 2 1 4 0 1 1 4 1 1 2 2 0 4 2 2 3 0 3 2 4 2 3 2 0 4 3 0 2 0 3 3 1 3 0 2 1 3 2 2 4 4 3 2 4 2 3 0 1 1 3 3 4 2 1 3 0 1 1 3 2 4 4 1 1 4 1 2 4 3 3 3 2 4 0 2 0 4 2 2 3 4 0 4 3 2 0 1 0 3 3 0 1 4 0 4 2 1 2 3 0 3 3 1 3 1 2 3 1 0 1 0 2 4 1 0 4 2 1 1 3 4 4 0 3 2 2 0 3 2 0 4 4 0 3 4 2 0 4 4 2 3 3 0 0 2 2 3 1 4 3 3 2 4 1 4 0 0 2 4 2 0 0 1 0 1 1
4 2 0 2 2 4 4 3 2 4 4 3 4 0 0 3 4 4 4 1 2 4 0 3 1 2 0 4 4 0 0 0 4 2 0 3 0 2 3 3 3 2 0 3 0 0 3 3 0 0 2 3 1 2 2 2 3 0 0 3 4 0 3 1 1 1 2 1 2 4 1 3 2 3 2 2 4 0 2 1 0 2 2 3 1 0 2 4 0 0 1 2 4 3 3 4 2 4 2 0 4 4 3 2 1 2 0 2 2 3 0 1 0 3 1 0 0 4 2 3 1 4 0 1 1 3 4 3 3 0 3 1 3 2 4 0 1 3 4 1 1 4 1 1 1 4 1 0 4 3 1 4 2 3 3 0 4 4 0 2 2 1 3 2 4 1 1 4 3 2 4 2 4 4 4 1 3 1 3 4 3 0 4 3 0 4 1 4 0 2 0 0 4 4 0 1 2 0 0 0 3
4 4 4 4 4 0 0 0 4 1 0 4 2 4 3 0 4 1 2 1 2 2 2 0 4 3 1 3 1 3 1 4 1 2 4 2 1 0 2 2 0 4 0 3 0 3 0 2 2 2 1 2 0 3 2 0 2 0 3 3 3 1 2 2 4 3 4 0 3 2 1 0 0 0 4 0 2 0 1 4 1 4 3 2 0 2 4 3 2 2 4 2 0 4 2 0 4 0 3 1 3 3 2 2 1 4 3 4 2 0 0 1 1 3 1 2 1 4 0 3 1 0 3 1 1 4 3 0 1 0 0 3 4 4 4 1 1 3 2 4 1 2 4 1 3 2 1 2 1 3 1 4 4 2 1 2 4 1 1 4 0 2 3 2 1 1 2 3 4 2 4 0 1 2 4 4 1 4 2 3 4 2 3 4 3 4 4 3 1 3 4 3 1 0 1 3 1 2 1 3 2
4 1 0 3 1 0 0 3 1 1 1 0 1 4 4 3 3 3 2 0 0 4 4 3 1 0 1 0 0 1 0 3 3 4 3 0 2 2 2 0 2 4 0 0 3 3 0 2 3 2 2 3 0 1 4 1 2 4 1 1 4 2 2 2 1 0 3 3 3 2 1 0 1 0 3 2 4 4 0 2 3 0 0 4 4 0 2 4 3 4 2 0 3 4 3 2 2 0 4 4 1 4 2 2 2 4 2 4 1 1 2 2 1 0 0 4 2 1 0 3 1 3 4 3 0 3 2 3 4 0 0 2 2 1 1 2 3 2 2 2 4 4 4 3 0 4 4 3 2 1 3 3 3 3 2 1 2 3 4 4 4 3 1 4 1 2 2 3 2 1 0 4 0 3 0 4 1 1 1 2 4 0 3 1 4 1 4 3 3 1 2 2 2 1 2 4 4 1 2 1 4
4 1 2 3 2 1 1 2 0 1 4 1 4 3 3 4 4 4 2 4 4 3 4 4 4 2 3 2 3 3 0 0 4 1 2 4 2 0 4 1 1 3 1 3 3 0 4 1 4 3 2 0 0 4 0 4 0 0 0 2 1 2 2 3 3 4 3 1 2 0 4 2 1 0 3 2 2 4 1 2 1 3 3 3 2 3 4 1 1 0 0 3 2 3 0 2 2 3 2 0 4 1 0 0 1 0 2 2 3 4 2 3 1 3 3 0 2 0 4 4 0 4 2 0 4 2 0 2 4 3 0 3 4 4 0 2 3 2 4 3 1 3 1 1 0 3 2 2 2 3 2 0 2 3 3 4 4 3 4 4 3 1 4 3 0 4 4 2 3 4 0 4 0 0 2 4 4 2 4 4 1 4 2 0 0 3 3 0 0 1 3 1 4 1 0 4 3 4 1 0 1
4 2 4 4 1 3 3 4 3 2 0 4 1 0 1 1 1 4 2 1 1 0 4 0 2 0 4 0 3 4 0 2 3 2 4 4 4 0 4 2 2 4 1 0 1 3 1 0 3 0 1 1 1 0 4 3 2 2 0 0 4 0 0 0 1 3 3 2 2 1 2 3 1 2 1 1 4 4 1 0 0 2 0 1 2 2 3 4 1 2 4 4 2 1 3 0 3 4 2 3 0 2 0 1 3 4 1 4 4 1 0 1 0 3 4 1 1 4 2 1 1 1 4 2 4 4 0 1 2 1 4 2 3 1 1 1 2 3 1 0 1 3 4 1 3 2 0 3 3 3 2 4 2 2 2 1 4 2 0 0 4 0 3 0 2 0 3 4 0 3 1 2 4 0 3 1 3 0 3 0 1 0 0 1 1 0 3 0 0 3 2 3 1 2 3 3 3 3 3 0 0
4 0 2 2 1 2 2 1 0 3 3 3 2 3 2 4 4 0 1 1 1 0 2 2 0 1 0 1 4 1 4 0 2 2 1 3 1 1 3 1 4 3 4 3 3 2 1 4 3 2 1 4 2 2 1 0 2 3 4 1 0 3 4 2 3 0 1 2 0 1 2 4 2 3 0 3 0 4 3 0 2 0 3 0 1 2 2 3 3 3 0 3 3 1 1 2 3 4 2 3 2 1 4 2 3 3 1 0 3 1 1 1 0 0 1 4 1 0 0 4 2 0 4 2 3 2 4 2 2 4 0 3 3 3 1 0 3 4 3 1 3 2 2 2 2 4 1 3 2 3 3 2 4 1 1 1 4 2 2 3 2 2 0 4 2 0 3 2 1 4 2 2 1 3 4 0 3 0 3 0 4 4 1 2 0 0 2 2 3 3 4 3 3 4 1 3 1 0 2 0 4
4 0 0 4 0 3 2 0 3 3 3 1 0 4 3 4 3 0 2 2 4 3 1 2 1 0 0 0 2 4 1 4 3 1 0 0 0 4 0 2 1 0 3 1 0 3 1 1 3 0 4 1 4 2 0 2 0 3 3 3 0 1 4 0 1 3 2 2 2 3 0 3 4 2 4 4 3 0 2 3 1 0 2 1 4 1 4 4 4 2 0 3 1 0 0 4 1 2 0 2 4 4 1 3 4 0 3 2 1 4 4 3 3 3 1 3 4 4 4 3 0 4 0 4 4 3 1 3 3 2 0 0 1 2 4 0 0 1 2 0 2 0 4 3 0 0 4 2 3 4 0 1 0 2 1 4 0 0 4 0 0 1 0 4 4 2 1 1 1 0 4 2 2 4 3 0 4 4 0 2 0 0 3 2 1 3 4 1 0 2 1 1 4 4 3 1 0 2 3 1 3
4 0 0 1 2 3 3 0 1 4 4 4 3 4 4 1 2 2 4 1 2 0 3 1 0 1 3 4 0 1 2 2 2 2 4 1 2 4 2 1 4 3 4 2 3 0 4 1 1 1 1 2 3 4 1 0 1 3 3 1 1 2 0 2 4 4 4 2 0 3 3 4 2 4 2 4 1 0 1 1 3 3 0 1 3 4 2 0 2 2 2 4 1 3 3 4 1 0 4 3 3 4 0 3 4 3 0 0 3 0 0 4 2 4 0 2 0 1 1 0 2 2 1 1 3 2 0 2 2 1 2 4 1 2 4 3 4 2 2 0 2 2 2 3 1 4 0 1 2 4 2 3 4 1 2 0 1 0 1 4 0 1 2 2 2 3 3 0 2 4 2 3 4 4 0 2 0 4 2 0 4 3 0 2 0 1 3 4 3 3 4 2 3 3 4 0 2 3 2 0 3
4 3 0 4 1 1 1 3 1 0 3 4 1 3 1 1 0 4 0 0 0 4 0 3 1 1 0 3 4 2 4 4 3 1 4 0 1 1 4 2 3 0 3 0 0 2 2 3 4 1 4 1 0 4 3 3 4 0 0 4 2 2 3 4 2 2 1 4 1 1 4 1 2 4 3 3 1 1 0 4 4 3 3 1 0 0 0 1 3 4 3 4 3 3 1 0 4 4 0 1 4 4 3 3 1 1 4 0 2 3 0 2 4 4 1 0 2 3 4 0 3 1 2 0 0 1 4 3 3 1 4 1 2 0 2 1 4 2 2 2 4 1 3 4 3 2 1 3 1 0 2 4 0 3 3 1 1 4 2 0 0 2 2 0 2 2 0 0 3 0 0 0 3 3 3 3 0 0 0 3 4 2 4 4 0 2 1 3 3 2 1 4 4 1 2 0 2 1 0 3 2
4 3 4 3 0 3 4 1 3 4 4 0 3 3 2 1 0 1 4 4 3 4 1 1 3 4 1 4 0 4 1 1 0 4 4 1 4 0 4 1 2 0 2 4 0 2 3 0 4 3 2 3 4 3 2 2 3 0 3 1 3 0 2 2 0 1 2 2 0 0 0 4 3 4 2 2 2 0 0 3 1 3 3 3 0 4 1 0 4 3 4 1 0 0 1 2 3 0 1 2 3 1 0 2 2 4 2 3 3 3 0 4 3 4 0 1 0 4 4 4 0 3 4 3 2 3 3 3 4 1 0 2 2 3 1 2 4 2 0 4 4 3 1 4 0 0 0 4 1 2 2 0 0 2 1 2 2 2 3 4 4 4 2 0 0 1 3 0 3 3 2 2 2 4 0 2 2 2 1 4 0 0 2 0 0 4 2 4 4 0 4 1 2 4 4 3 3 1 4 3 1
4 1 2 3 3 1 4 2 1 1 0 3 4 0 4 1 0 1 0 4 1 1 3 4 3 0 2 0 4 1 4 0 1 4 3 2 0 0 3 2 3 4 1 4 4 4 1 4 1 4 2 3 0 1 1 1 4 3 4 3 4 0 1 2 0 0 0 2 1 1 0 3 0 0 3 1 4 0 2 0 2 3 3 3 0 4 4 0 4 3 3 4 1 3 3 1 0 4 1 4 4 1 0 0 4 3 3 3 1 3 4 3 0 0 4 1 4 2 0 1 2 2 3 4 3 2 0 4 0 4 1 4 1 1 3 1 3 3 1 3 4 2 0 4 1 2 4 0 3 0 2 0 4 0 0 4 4 3 3 2 4 3 0 0 1 0 4 0 0 0 1 2 3 0 0 3 3 2 0 0 2 1 2 2 4 2 1 2 0 3 1 4 2 3 3 0 0 4 0 0 1
4 0 2 2 3 3 1 4 2 2 4 0 2 4 1 0 3 2 4 2 2 2 2 4 1 1 3 0 2 2 3 3 3 0 1 4 0 3 0 3 4 3 3 3 1 2 1 0 3 1 3 4 3 2 1 3 3 3 3 0 0 3 0 3 3 1 2 1 0 2 4 4 4 0 4 4 1 0 2 0 2 2 3 3 0 2 2 4 3 3 3 0 0 2 1 0 2 3 2 4 3 4 2 3 2 4 4 4 3 0 2 4 2 2 2 2 1 2 1 1 0 4 2 1 1 0 2 3 4 1 2 4 0 3 1 4 0 1 3 2 1 4 1 2 4 0 4 2 1 2 2 2 1 4 0 4 1 4 2 2 0 3 0 1 4 4 3 0 1 3 1 1 1 3 1 2 2 1 1 1 3 1 2 3 1 0 4 0 1 3 0 4 3 1 0 4 3 2 4 4 1
4 1 3 3 2 1 4 2 3 3 0 1 4 0 3 0 3 3 3 3 4 1 0 2 0 4 3 4 3 3 4 4 3 3 1 2 0 3 0 0 3 4 2 1 3 2 3 2 3 3 0 2 0 4 1 4 4 3 3 1 1 3 1 3 4 0 2 2 0 1 0 1 2 1 0 4 2 0 2 3 2 4 4 1 3 1 1 4 4 2 3 1 4 1 1 2 0 0 0 1 2 4 3 3 2 3 2 0 0 1 4 0 2 4 1 0 2 4 3 2 0 2 2 0 0 2 4 4 2 3 3 3 1 0 3 1 4 0 3 0 2 0 1 0 2 1 0 3 3 3 4 0 1 1 0 0 0 2 3 3 0 0 1 3 1 4 1 1 3 0 3 1 0 3 0 3 3 0 2 3 0 4 1 2 4 3 1 0 0 2 0 4 3 1 2 1 4 3 4 4 2
4 2 4 4 0 0 4 2 4 0 0 4 0 2 2 0 3 3 0 2 4 1 3 2 1 3 4 1 4 0 0 2 2 1 0 1 1 2 2 2 1 2 3 4 2 4 4 1 4 4 4 0 2 1 1 3 4 1 0 3 1 4 2 3 4 0 2 1 0 3 0 4 0 4 4 0 0 3 1 0 3 1 0 3 2 0 4 2 2 2 2 0 1 3 2 0 1 1 1 0 4 0 0 4 4 4 3 4 0 0 3 4 3 2 4 0 0 3 2 0 0 0 3 4 1 0 4 1 4 3 3 1 0 2 3 0 0 3 4 0 3 3 0 2 1 1 2 1 4 4 1 0 4 0 0 0 2 1 1 4 0 0 2 3 4 3 0 4 1 0 3 0 3 0 4 1 2 1 2 1 0 2 1 2 1 2 2 0 0 0 2 1 4 0 0 3 2 0 3 1 4
4 1 3 2 3 3 0 4 4 0 4 3 2 4 2 2 2 0 3 0 0 1 0 3 2 4 0 0 0 4 2 3 2 1 1 4 4 1 2 2 3 0 0 2 0 2 2 3 0 4 2 4 1 4 0 0 2 2 4 1 1 3 3 3 1 0 0 4 2 1 4 3 1 1 1 2 4 4 3 2 3 2 2 1 0 1 2 1 3 3 1 2 3 0 4 3 0 3 4 3 1 2 4 2 4 3 1 2 4 3 2 2 2 4 2 2 1 3 0 4 0 0 2 0 4 0 4 3 1 1 3 2 4 3 1 2 1 2 0 2 4 0 3 4 2 1 2 0 4 0 3 3 1 0 1 0 3 3 0 2 0 2 0 4 1 3 4 3 0 3 0 0 3 2 4 2 2 0 3 1 0 2 2 2 2 3 4 1 4 1 1 0 0 1 3 4 1 0 4 4 0
4 3 1 3 0 1 3 1 1 4 3 2 3 4 3 2 3 1 2 0 0 2 3 2 2 4 2 0 2 2 3 2 0 0 1 3 4 4 3 3 3 3 2 1 4 3 2 3 2 0 0 0 2 0 4 2 4 3 3 1 3 1 3 4 0 3 1 0 3 2 3 4 2 3 2 2 1 3 1 2 4 0 0 3 4 2 4 2 2 0 0 3 3 3 3 3 3 1 4 3 1 1 2 4 2 0 2 2 3 1 2 1 1 1 4 3 4 1 0 1 1 2 3 1 3 4 4 4 3 1 1 2 1 4 2 1 1 0 0 4 3 0 0 4 0 4 0 1 2 0 1 3 0 2 2 2 4 3 4 1 2 3 4 0 0 4 3 1 3 0 3 0 2 1 4 1 0 4 1 0 3 4 2 0 3 1 2 0 3 4 4 3 0 4 0 4 0 0 3 2 2
4 0 0 4 3 4 1 2 4 2 4 4 0 4 4 0 4 0 4 3 3 4 2 3 0 3 4 1 3 4 1 1 3 1 4 3 0 3 3 3 0 1 3 2 3 0 2 2 2 3 0 4 0 3 0 3 2 2 2 1 0 2 0 3 4 3 4 1 0 0 3 2 3 4 1 2 4 0 2 2 1 1 4 1 0 3 0 0 4 4 1 3 2 0 0 1 0 2 1 4 2 0 3 1 3 3 4 1 3 3 4 2 3 4 3 3 2 4 0 3 0 2 3 2 1 1 1 1 4 3 3 3 4 4 2 1 0 1 3 1 1 4 2 4 1 3 4 0 4 3 0 0 1 2 1 1 0 2 2 3 2 4 2 0 0 2 4 2 3 4 4 2 4 1 3 2 1 2 2 0 4 2 4 3 3 0 3 2 4 3 2 3 2 4 4 1 3 3 2 4 2
4 4 0 3 0 4 3 1 4 3 2 2 3 0 3 4 2 3 1 3 3 4 4 0 4 0 4 1 2 2 3 3 2 1 0 3 4 3 1 1 3 2 0 3 1 0 2 4 0 1 1 4 2 1 2 1 3 2 4 1 3 0 0 0 0 4 1 2 2 4 4 3 2 1 2 2 2 3 1 4 2 0 3 3 4 3 4 4 4 1 4 0 1 3 2 1 0 2 4 2 4 1 4 4 2 0 4 2 2 2 3 1 1 3 3 1 0 4 3 3 2 1 3 4 4 4 3 4 2 3 3 3 1 1 1 2 4 1 0 2 3 0 3 2 2 4 3 2 2 0 3 0 2 1 2 0 2 4 3 1 0 4 2 3 0 0 4 1 1 1 0 2 1 1 2 2 1 0 1 1 0 3 1 0 1 2 1 2 1 1 2 2 4 1 0 0 3 4 2 2 4
4 3 3 3 2 3 2 0 4 3 1 0 3 0 0 4 2 2 1 3 2 2 4 1 0 3 0 4 1 3 4 2 3 2 2 3 1 3 3 3 0 3 3 1 1 4 4 2 4 0 2 2 4 0 2 1 0 2 2 2 1 1 4 3 2 3 3 3 3 0 1 2 2 0 2 1 3 2 1 1 0 2 1 4 1 4 4 4 0 2 1 2 3 2 1 3 0 4 0 3 0 2 2 3 2 1 4 0 1 3 3 4 3 4 1 3 1 3 4 4 1 3 0 0 0 2 1 3 4 0 4 0 0 1 2 3 0 4 3 2 3 4 2 4 4 1 1 1 0 4 0 3 3 0 0 0 3 1 3 1 2 3 2 3 4 0 2 4 1 2 2 1 3 2 3 2 2 2 0 2 1 2 1 0 1 2 1 4 1 4 2 3 2 1 4 3 3 0 0 0 0
4 2 2 0 0 1 0 2 3 4 1 2 0 0 1 4 0 0 0 0 2 1 3 1 0 3 3 1 2 1 1 0 2 4 4 0 2 4 3 4 3 0 2 4 3 3 4 0 4 3 3 2 4 2 3 1 4 4 4 4 3 1 3 0 2 0 3 4 0 0 4 3 3 2 4 3 2 2 4 3 3 4 0 0 0 2 4 2 2 0 0 2 0 4 4 1 3 3 2 3 4 2 3 2 1 2 1 4 4 3 4 1 2 2 2 4 4 4 0 2 0 3 1 1 2 0 2 1 0 0 3 2 4 0 4 1 0 3 4 4 1 2 0 4 2 2 4 2 1 1 3 0 1 2 3 0 3 2 2 0 2 1 1 0 2 3 2 0 0 3 3 1 2 2 1 0 2 4 1 4 2 4 1 1 1 4 0 2 2 2 1 0 2 4 1 0 0 2 0 1 1
4 3 3 0 4 1 2 2 2 3 3 4 3 2 1 4 3 2 0 4 0 1 2 1 3 1 0 2 3 0 3 4 4 0 4 3 2 0 1 2 0 4 4 1 2 0 0 0 4 1 4 3 3 2 0 0 3 4 1 4 2 4 3 0 3 2 3 2 0 1 4 1 4 0 1 2 0 4 1 4 4 1 2 2 0 3 3 0 3 0 1 1 0 3 4 0 1 0 0 0 4 2 2 1 0 1 1 1 3 3 4 1 3 4 1 0 4 1 4 4 2 0 1 4 0 3 1 1 3 1 1 4 4 3 0 2 4 2 0 0 1 3 2 1 1 4 3 2 1 3 2 0 4 3 3 3 3 2 4 3 1 4 3 1 1 2 2 0 3 1 4 0 1 3 2 4 3 2 4 2 0 3 1 3 1 1 0 1 0 3 3 4 0 1 2 1 4 2 0 1 1
4 4 1 0 1 3 1 1 2 1 3 2 0 3 4 0 0 0 3 0 4 0 3 4 3 3 1 1 2 3 3 0 1 0 3 3 4 2 0 4 4 2 3 0 0 2 3 1 2 3 1 1 4 4 3 3 3 4 1 3 0 2 0 1 4 0 1 2 1 3 2 0 3 1 4 1 3 2 3 4 0 3 1 4 4 3 2 4 1 1 3 3 4 3 3 2 4 4 0 4 2 3 0 1 1 2 4 4 4 3 2 4 0 0 2 2 0 0 4 0 2 3 3 2 3 2 2 3 2 4 4 4 2 4 3 3 0 0 0 3 0 1 4 3 2 4 0 1 1 2 3 2 4 1 1 4 2 1 4 1 0 4 4 4 0 0 0 4 1 0 0 2 4 3 3 3 3 4 4 4 2 2 4 3 3 0 4 2 4 0 1 3 4 4 3 2 2 2 1 0 4
4 3 3 4 1 0 4 0 3 1 0 4 4 0 1 2 2 3 0 3 0 0 2 2 1 0 3 0 0 2 2 0 1 4 1 3 2 1 3 2 0 0 3 0 1 1 0 2 0 0 1 0 4 2 0 0 2 0 1 1 4 2 2 0 2 1 0 4 0 0 3 0 1 3 4 4 1 0 1 4 1 1 0 4 1 2 0 4 1 1 0 4 4 2 2 3 3 4 4 0 0 4 0 3 2 2 2 4 3 2 1 1 4 3 4 3 3 4 0 3 3 2 3 2 2 3 4 0 4 4 1 0 0 0 0 2 3 1 4 2 4 0 0 0 2 2 4 2 0 2 3 2 2 2 1 1 4 1 0 1 4 0 1 0 1 0 0 1 1 1 1 1 2 3 0 2 3 3 1 3 2 1 1 0 2 4 0 3 1 1 4 1 1 2 3 1 0 4 3 3 2
4 3 3 1 4 2 0 4 3 3 3 2 0 4 4 4 2 2 0 4 2 3 1 4 4 4 2 3 4 2 2 4 2 2 0 0 0 1 4 1 4 2 4 1 4 3 0 2 3 2 3 3 2 4 4 0 4 0 1 0 2 0 1 0 4 1 2 4 3 2 4 3 2 4 4 4 2 1 1 1 2 1 2 3 4 2 0 4 0 0 1 1 4 3 0 1 0 0 4 0 1 1 2 0 1 3 0 1 4 4 0 4 2 0 1 4 2 3 1 1 0 2 1 4 0 4 1 0 4 3 0 3 4 0 2 3 2 4 4 0 3 4 4 4 4 4 1 4 0 0 3 1 1 4 3 0 3 0 4 4 4 1 3 4 0 3 2 2 3 0 0 0 3 3 4 3 4 1 0 2 0 1 4 0 4 3 1 1 2 0 4 0 3 4 3 4 4 0 3 0 3
4 1 0 1 2 1 4 2 1 2 1 2 1 0 2 4 2 4 1 4 4 0 3 3 0 2 1 4 0 0 1 1 1 3 1 1 0 4 3 2 3 3 1 4 4 0 1 4 2 3 2 1 1 1 1 2 2 4 3 2 1 2 3 3 1 0 3 1 0 3 0 2 1 3 4 3 1 0 4 4 3 4 4 1 2 3 3 3 1 0 0 4 1 3 1 1 0 1 0 2 0 0 1 0 3 1 0 1 4 2 3 2 0 4 0 2 0 4 3 1 3 0 3 0 1 0 2 2 1 3 3 3 0 1 1 1 1 2 1 3 2 3 3 0 2 4 3 4 3 3 2 1 4 0 2 0 4 0 0 3 3 3 3 2 1 2 4 4 3 0 3 4 3 1 3 2 2 2 0 0 2 0 4 2 0 1 3 0 3 2 4 1 2 0 3 3 4 2 3 1 3
4 1 0 2 0 3 3 4 2 4 1 1 3 3 3 0 0 0 4 0 4 2 0 2 1 0 0 2 4 0 1 2 3 4 3 0 0 4 3 3 3 1 4 3 0 1 4 2 0 4 1 0 3 2 2 0 4 3 3 2 4 2 2 3 0 4 4 4 1 4 0 4 1 0 1 1 0 3 2 3 3 1 1 0 2 3 2 3 1 0 1 1 0 4 4 4 4 4 0 0 3 2 0 0 0 2 4 2 1 2 4 0 4 3 2 4 1 4 2 2 1 3 2 1 2 1 3 0 3 4 2 3 4 4 0 0 1 3 3 3 3 4 1 0 1 0 3 4 0 3 2 4 4 3 3 3 2 0 4 2 0 1 4 1 1 1 0 4 4 3 2 4 4 0 1 3 1 4 4 0 0 2 3 0 4 1 4 4 3 0 1 0 1 3 0 4 2 4 3 4 4
4 4 0 1 4 3 2 3 1 3 1 4 2 3 1 1 0 2 0 0 1 0 3 0 3 3 1 3 0 1 3 1 4 0 3 3 3 2 0 3 3 1 0 2 2 0 3 3 2 1 0 2 3 2 3 0 3 2 4 4 2 1 1 4 4 2 4 1 0 3 2 2 0 2 0 2 3 4 3 0 4 2 3 1 1 1 4 3 0 0 3 1 4 4 0 0 4 1 4 2 1 1 1 3 1 3 1 2 1 1 4 1 2 0 2 2 1 4 0 1 3 0 1 4 2 4 2 2 3 2 3 4 3 2 2 1 1 3 2 3 1 0 1 3 4 1 4 2 3 1 0 0 3 2 4 1 2 0 1 2 4 0 3 0 1 1 1 4 3 1 2 4 1 4 1 4 0 0 2 3 4 3 2 4 3 0 3 3 1 3 0 3 3 0 0 0 1 4 2 3 4
4 2 1 3 1 2 2 0 2 0 0 2 4 2 4 1 2 2 1 0 2 0 2 2 2 4 4 1 2 4 3 2 4 3 1 1 1 3 1 4 2 0 2 1 1 0 2 4 0 4 3 0 0 0 4 2 1 0 1 4 3 2 3 3 3 1 3 1 1 4 4 2 2 2 2 0 2 1 3 4 0 2 0 1 3 2 0 1 2 4 3 2 4 1 4 4 1 3 0 3 3 2 4 2 0 1 2 3 2 4 4 2 0 2 2 2 0 3 4 1 2 4 3 3 0 0 0 0 0 0 3 3 1 0 2 4 1 2 3 4 0 2 2 0 3 4 0 4 3 2 3 3 3 2 1 0 4 2 3 0 2 2 1 0 4 4 4 3 4 2 1 2 4 1 2 0 0 2 1 3 2 3 0 0 1 0 0 0 2 0 0 4 1 4 0 1 0 4 0 4 3
4 1 1 4 3 4 1 4 0 0 4 0 1 1 0 3 1 3 2 1 0 4 0 0 2 4 2 0 4 2 2 1 0 3 2 4 2 4 0 2 2 3 2 1 4 2 2 2 1 3 4 4 0 4 0 2 2 0 0 1 3 4 4 2 0 4 4 2 0 2 0 4 1 2 2 0 3 0 2 2 2 1 1 1 2 4 2 3 0 1 4 2 3 4 3 1 3 1 1 0 3 1 4 1 0 2 3 4 1 1 2 2 0 2 2 1 4 4 3 1 4 1 2 2 2 3 0 3 3 3 0 2 1 0 4 4 0 1 1 2 2 0 3 1 4 3 2 4 2 2 1 3 0 4 1 1 2 2 2 3 2 1 2 0 4 1 3 3 3 2 4 2 4 1 1 4 2 2 3 3 4 2 0 1 3 4 2 0 3 4 2 4 1 2 3 0 2 4 2 3 3
4 0 0 3 1 1 2 4 1 0 2 2 0 4 1 1 0 0 3 2 4 2 1 4 1 0 3 0 0 4 2 1 1 3 3 4 4 3 1 1 2 3 2 0 0 3 2 3 1 2 3 2 4 1 4 4 1 0 3 2 0 1 2 0 4 4 3 4 0 2 2 2 4 0 2 4 2 1 1 3 4 0 3 4 4 2 3 0 3 1 4 2 0 2 4 1 3 3 2 0 4 2 0 1 4 0 0 1 0 0 1 0 0 1 0 4 3 4 1 4 2 1 4 1 3 4 3 2 2 0 2 0 1 1 3 2 1 2 1 4 3 4 4 2 0 4 0 1 1 3 1 3 2 1 2 3 4 1 4 0 3 1 1 2 0 2 3 2 4 3 2 3 2 0 4 3 0 4 4 1 3 0 1 1 3 2 1 0 0 0 0 1 2 4 2 1 3 4 0 4 0
4 1 2 1 1 0 1 3 3 1 0 1 3 1 1 2 4 0 3 1 1 2 0 0 1 3 2 1 2 2 1 2 2 2 3 2 2 3 1 4 0 2 3 4 3 0 2 3 4 3 2 4 4 4 1 3 3 3 4 4 0 2 3 1 3 1 2 1 2 1 1 2 0 0 0 1 3 2 1 1 2 2 4 0 4 0 1 2 0 0 0 3 2 4 3 0 4 3 2 4 0 3 3 1 4 1 1 0 4 2 4 3 3 2 0 3 0 4 2 3 0 3 3 4 0 3 1 0 2 3 0 2 4 2 1 1 1 2 3 0 4 4 0 4 2 0 1 2 1 4 1 4 0 3 0 0 1 2 2 2 3 2 4 4 4 1 2 2 4 1 2 3 4 1 1 3 2 2 1 1 2 2 0 2 4 4 4 1 4 3 4 0 2 0 3 1 1 0 1 1 1
4 1 4 1 0 4 0 1 4 0 2 3 3 4 4 4 0 3 2 1 1 3 0 0 1 3 2 0 1 2 4 1 1 4 0 3 0 3 0 4 0 3 3 4 1 4 3 3 1 4 2 0 3 4 4 1 1 0 1 1 0 2 2 4 4 0 1 0 0 3 0 0 2 1 4 0 0 3 3 2 2 1 2 4 3 3 4 0 0 1 1 2 2 0 4 1 2 4 3 3 3 4 0 1 3 4 3 2 1 3 0 0 0 0 1 4 1 4 0 2 3 3 4 0 2 2 3 3 3 0 1 2 3 4 0 3 4 3 0 4 0 2 0 1 3 3 2 3 2 2 0 4 3 2 1 2 3 3 2 2 4 3 2 0 4 2 2 1 0 4 1 1 0 3 0 1 3 0 2 1 3 4 3 0 1 1 2 2 0 0 4 1 4 0 1 4 1 1 2 0 3
4 4 0 3 0 2 2 0 3 2 4 1 3 1 3 1 1 4 1 0 2 4 3 3 2 1 2 2 3 4 3 1 4 3 1 0 4 2 3 3 3 2 1 0 0 0 4 1 2 3 0 2 1 3 3 2 1 4 0 1 3 1 2 2 2 3 0 3 4 1 0 1 3 4 3 1 1 1 1 0 3 3 3 2 3 4 4 2 0 3 1 4 4 4 2 4 0 3 0 2 1 3 2 0 2 1 2 1 3 2 0 4 4 3 1 0 2 2 3 3 3 0 3 1 4 1 3 1 0 4 2 3 2 4 1 1 2 3 3 3 1 2 3 3 1 1 4 1 1 2 0 2 4 4 1 0 4 1 3 3 0 1 0 2 0 4 2 2 2 4 0 2 2 1 1 4 1 3 2 0 0 2 2 4 0 4 4 1 0 0 0 4 1 4 0 0 4 2 4 1 0
4 1 2 2 4 2 2 2 3 4 4 0 2 4 4 0 1 0 2 0 2 0 2 0 3 4 2 1 1 3 3 1 4 2 0 4 3 2 4 1 4 1 0 0 3 0 4 4 4 2 4 4 2 3 1 0 1 4 3 4 2 1 0 2 1 3 3 4 1 3 2 3 0 4 4 0 1 3 4 2 3 4 3 2 1 0 3 0 1 2 3 0 3 3 0 3 1 3 4 2 2 0 2 0 1 4 1 0 2 1 0 2 1 1 4 2 4 1 1 1 2 3 4 1 1 2 2 0 2 3 3 4 3 1 3 2 0 4 2 4 4 2 3 4 0 3 4 0 0 4 4 1 3 1 1 1 3 1 3 3 1 3 4 1 1 0 2 3 2 1 0 2 0 4 3 2 1 0 0 1 4 3 2 1 0 0 3 2 1 3 3 3 2 4 0 2 0 1 2 0 2
4 0 2 0 2 4 0 2 3 0 4 4 4 2 4 1 2 3 1 4 1 4 1 0 1 2 2 1 0 3 3 2 0 3 0 1 4 3 3 2 2 4 1 0 2 1 3 1 1 1 1 0 3 0 2 1 3 1 4 1 1 0 3 2 2 4 4 4 3 4 4 0 0 1 0 2 1 3 0 0 2 1 1 4 0 3 2 3 3 3 2 3 2 3 2 4 4 3 1 0 0 1 4 0 3 2 2 4 2 1 1 0 1 0 3 1 1 0 2 3 0 0 4 1 1 4 3 3 1 1 4 1 3 0 0 3 2 4 2 3 1 4 2 3 0 1 2 2 3 4 0 2 3 1 0 0 2 4 1 4 0 4 1 0 4 3 1 1 2 0 3 0 0 1 1 0 1 0 3 0 3 4 1 1 0 1 4 1 4 2 4 3 2 0 2 3 2 0 4 2 1
4 3 4 0 4 1 3 3 2 3 2 3 2 3 0 4 0 3 0 4 2 2 2 4 0 4 0 3 4 0 4 2 1 0 4 2 1 3 1 1 4 4 0 1 4 3 3 1 3 1 2 1 1 3 2 3 4 4 1 4 1 4 1 3 1 3 3 2 0 4 2 2 3 4 4 0 4 1 3 3 2 3 4 3 4 3 1 4 0 0 3 4 0 0 1 2 0 3 3 0 2 3 3 1 0 4 0 0 0 3 4 0 0 0 4 0 4 1 4 0 2 1 2 3 3 2 0 3 1 3 3 0 0 2 3 4 4 1 4 4 4 1 1 4 0 1 3 2 4 1 1 4 0 4 3 3 4 3 3 0 3 4 4 3 0 0 3 0 3 1 1 1 3 4 1 2 2 4 1 1 1 0 1 2 1 2 0 1 2 0 2 1 0 3 0 4 1 3 4 2 2
4 0 3 3 0 0 1 0 4 0 1 1 0 0 0 3 3 0 4 0 0 2 3 1 2 2 2 4 1 4 2 0 4 4 4 2 4 0 3 4 4 4 1 4 3 4 1 4 1 0 3 3 4 0 1 4 1 2 1 2 0 4 4 2 3 1 3 0 1 1 2 4 4 3 1 1 1 1 2 3 2 4 3 4 4 0 4 2 2 1 3 1 1 4 4 0 4 3 0 3 4 2 1 4 0 1 1 1 1 2 2 2 2 3 4 1 2 0 2 0 4 0 1 1 1 1 0 4 1 1 1 3 1 3 2 2 0 3 0 0 3 1 0 0 3 0 1 1 2 4 4 4 4 1 0 2 0 3 3 0 1 3 1 0 2 1 1 0 3 3 4 4 4 4 1 2 4 0 4 0 3 1 2 1 2 0 0 2 4 2 3 4 2 4 1 1 0 4 2 3 0
4 0 4 3 2 3 2 2 3 4 3 1 1 3 1 4 1 0 1 3 2 3 1 0 2 0 0 3 2 4 3 4 0 1 4 4 4 0 1 1 0 3 3 2 0 4 1 3 0 1 1 2 1 2 2 0 3 2 4 3 4 2 3 2 3 4 1 2 3 2 4 1 4 2 0 2 2 3 2 0 3 0 2 1 1 4 3 1 3 1 3 2 3 3 1 4 1 4 1 2 1 4 1 0 4 0 4 1 4 0 4 4 2 2 1 2 3 1 2 4 0 2 3 3 4 1 4 3 0 2 0 2 0 0 1 1 3 2 1 1 3 4 0 0 0 1 0 1 0 1 4 0 4 0 1 3 2 1 1 4 4 2 2 1 2 1 3 1 4 1 4 2 2 1 0 4 4 2 0 0 4 1 1 0 2 3 2 1 2 3 2 2 0 3 2 1 2 3 2 4 0
4 3 0 2 2 0 4 1 3 3 3 2 0 3 0 0 0 2 2 1 3 1 0 2 4 4 4 2 4 4 0 3 3 1 2 0 3 4 1 2 4 1 3 2 4 2 4 1 2 2 1 0 1 4 2 1 0 0 0 2 4 4 4 1 3 3 1 4 1 0 3 3 4 2 2 1 1 3 2 1 1 3 3 0 2 4 2 2 2 1 4 2 4 4 0 0 1 4 4 3 4 3 2 4 1 2 1 4 4 4 3 4 4 1 4 0 1 4 2 2 4 3 4 2 4 2 4 4 1 4 0 2 4 0 3 0 4 1 4 3 1 4 0 4 2 4 3 0 0 2 0 4 2 3 0 2 4 0 1 2 0 4 2 2 2 4 3 3 3 3 4 2 4 2 4 4 3 4 1 4 4 2 2 0 2 0 0 2 0 2 0 2 3 3 0 0 0 4 1 0 3
4 4 4 1 2 3 1 4 3 0 4 0 3 0 1 3 3 3 1 2 2 0 1 3 4 0 0 3 1 3 1 1 0 3 4 1 2 4 3 1 4 2 2 4 2 3 3 4 0 3 2 4 3 4 4 0 4 0 2 1 3 2 4 4 1 3 2 2 3 1 1 2 2 2 4 3 3 1 0 4 0 2 2 0 2 4 3 2 4 2 2 0 0 0 3 1 3 3 2 3 1 2 4 4 4 0 3 4 2 3 4 2 4 1 0 4 4 1 2 2 1 0 4 0 2 1 0 4 2 0 4 2 0 0 1 0 3 2 0 1 0 0 1 1 0 3 4 4 4 2 3 3 0 0 4 4 1 0 1 2 2 0 2 4 4 2 4 1 2 2 1 3 3 3 1 3 4 4 0 2 2 1 1 0 4 0 2 4 2 3 4 2 2 0 4 1 0 2 1 0 1
4 1 0 3 2 4 1 4 3 0 0 3 4 4 0 1 4 3 0 1 2 4 4 1 4 1 1 2 4 4 1 3 4 2 0 0 2 2 1 2 0 2 3 2 3 3 2 0 1 3 0 2 2 4 0 1 4 1 3 2 0 3 4 1 4 2 2 0 1 3 0 3 4 4 1 3 4 3 1 0 4 3 2 1 4 3 3 2 4 0 1 0 1 0 0 3 2 3 4 4 1 2 3 2 2 3 1 0 1 2 2 4 1 2 2 1 0 0 3 3 4 3 1 3 3 2 1 2 3 4 2 2 1 0 0 1 3 2 2 2 2 1 2 0 0 0 2 4 3 4 4 1 3 3 2 3 2 0 2 1 3 2 4 4 4 2 0 4 4 2 4 1 3 2 2 1 4 4 4 2 1 4 3 1 2 2 4 1 0 4 4 4 0 4 3 1 4 0 1 3 2
4 4 3 3 2 3 3 4 4 1 0 1 3 0 3 3 0 2 0 2 2 4 2 1 1 0 3 1 4 1 0 0 1 3 0 4 3 3 1 2 4 2 1 2 3 0 3 0 4 4 3 4 1 0 3 3 3 3 4 1 4 0 2 0 1 1 4 3 3 3 0 0 0 4 1 2 2 1 0 3 1 3 2 1 3 3 0 3 1 0 1 3 3 0 2 2 1 4 0 0 1 0 3 4 0 1 3 0 1 0 0 0 4 3 3 0 1 0 2 4 1 1 0 1 3 2 4 1 1 3 4 4 4 3 4 1 3 2 3 4 1 0 0 1 4 1 2 3 3 0 2 4 4 4 0 4 0 4 4 1 1 1 0 3 0 3 1 1 4 1 2 4 2 3 1 4 4 1 2 0 4 2 0 2 1 0 1 4 0 3 0 0 1 4 2 4 4 0 0 4 0
4 4 3 1 2 4 1 0 2 0 0 0 1 3 1 2 3 1 0 1 0 4 4 4 2 2 2 4 2 2 1 1 3 2 3 2 3 1 0 4 4 4 4 4 2 4 1 1 2 3 1 1 2 2 0 4 0 4 4 3 4 4 0 1 3 3 4 4 2 4 0 1 4 3 4 4 1 2 1 0 2 4 2 4 4 1 2 0 0 0 0 4 1 0 2 3 0 2 4 0 2 4 0 3 1 2 3 1 3 3 2 0 3 2 4 3 1 2 4 0 4 4 3 2 3 4 2 3 3 1 0 0 1 4 0 4 2 3 1 0 0 1 2 3 4 3 1 0 0 0 2 2 2 0 3 2 2 4 3 0 4 0 1 3 1 2 4 3 0 1 2 0 4 1 0 1 3 4 3 0 3 2 0 0 1 3 1 1 4 0 4 1 3 1 0 2 2 3 3 3 4
4 1 1 3 1 4 3 1 3 2 0 0 3 1 0 2 2 1 0 1 2 0 2 4 1 0 1 4 1 3 2 2 3 4 2 3 4 4 4 4 3 2 2 1 3 2 0 1 4 2 3 1 1 2 1 4 3 2 0 4 4 0 2 1 3 1 1 2 0 4 4 0 0 4 3 2 2 4 1 2 1 4 3 4 4 1 2 0 2 3 1 2 3 2 4 1 0 0 4 0 4 3 3 1 4 0 3 1 3 3 2 3 1 4 2 4 3 1 3 0 4 0 2 0 1 4 0 2 0 0 4 4 0 4 0 2 4 3 4 0 0 2 4 2 4 0 1 4 3 1 1 1 0 0 2 0 2 4 0 2 1 2 0 3 0 3 3 2 3 4 4 0 0 1 1 1 1 3 4 4 3 4 3 4 0 3 1 3 4 1 2 2 1 1 0 1 4 2 0 1 2
4 0 2 0 0 1 1 2 4 3 3 0 3 2 1 1 0 0 3 1 4 4 4 1 2 4 3 1 0 0 2 4 1 3 3 4 0 1 2 0 3 3 2 1 2 2 3 3 4 0 4 0 1 2 4 4 2 4 0 2 2 2 0 3 2 4 1 2 0 4 2 1 0 4 4 4 1 1 0 3 4 1 0 0 3 2 1 0 4 3 3 0 2 2 1 1 4 0 1 1 3 1 0 0 4 0 3 0 3 0 4 0 3 4 4 2 1 0 4 3 4 4 3 4 3 2 4 0 1 1 1 3 3 0 1 4 2 1 2 1 4 0 2 0 1 1 0 0 4 4 1 1 3 4 4 0 2 4 1 0 2 4 2 4 2 3 4 4 3 2 1 1 3 2 1 1 3 1 0 2 3 2 1 4 3 0 0 3 0 3 1 3 1 2 2 3 4 1 1 4 0
4 4 3 4 3 1 0 1 2 3 2 4 4 2 1 0 1 1 2 1 4 0 1 3 2 0 3 1 3 1 4 3 0 4 3 4 1 3 3 1 0 1 2 0 2 1 3 4 2 1 1 0 4 0 0 1 2 0 1 3 4 1 4 4 4 2 0 1 3 3 0 4 3 0 1 2 1 1 3 1 1 4 2 4 4 0 0 1 1 4 2 1 4 3 4 4 4 2 0 4 3 4 4 4 1 3 1 1 0 1 3 1 3 1 2 3 1 2 0 3 3 2 1 3 1 2 1 1 0 2 2 1 4 0 3 3 1 2 4 4 3 3 2 0 1 4 4 0 3 2 1 4 0 4 1 1 0 0 2 0 3 3 3 0 3 3 0 4 2 0 1 2 3 0 0 2 3 2 1 2 2 2 1 3 2 0 2 3 2 0 0 2 1 1 1 0 3 2 3 1 2
4 0 4 3 3 2 2 4 2 2 1 4 3 2 0 3 3 0 1 3 1 4 2 4 1 2 1 1 1 3 0 3 1 0 3 2 4 0 4 2 0 3 1 3 3 1 4 3 4 0 0 1 2 4 2 1 4 4 0 4 4 4 4 4 4 2 2 4 4 3 0 4 0 3 1 0 0 1 1 4 0 3 3 2 2 0 3 4 2 2 4 2 2 4 0 2 4 0 2 0 1 4 4 4 4 1 2 3 0 0 3 4 0 3 1 1 4 1 4 2 2 0 3 3 2 1 1 2 0 3 4 0 4 3 4 2 1 2 1 1 4 0 2 1 1 4 3 0 1 3 1 3 1 4 2 0 2 1 2 0 3 3 0 2 2 2 2 2 3 4 1 3 3 2 3 1 2 1 4 0 4 2 3 0 4 3 2 0 2 4 3 1 1 2 0 0 0 1 1 0 2
4 0 1 4 4 1 4 4 3 3 3 0 4 4 2 0 0 1 2 3 3 2 3 2 3 0 1 1 0 1 2 3 2 0 4 3 0 2 0 0 0 0 4 2 3 3 1 3 2 2 2 2 1 0 1 4 1 1 3 3 3 1 2 0 3 4 4 4 0 1 0 1 3 2 1 0 4 3 2 4 3 2 1 4 2 4 4 1 1 4 3 0 3 0 4 1 2 1 0 2 1 1 2 1 0 0 2 0 1 1 3 0 4 2 3 1 4 0 4 2 2 2 2 1 0 0 4 4 1 1 2 4 0 0 4 2 2 3 0 2 3 3 0 2 1 2 4 3 2 3 2 0 4 4 1 3 2 2 3 0 2 2 0 2 2 1 0 2 3 1 4 4 2 2 1 0 2 3 2 0 1 4 0 0 2 2 2 3 4 2 2 2 3 3 0 1 2 2 4 0 0
4 3 1 2 0 0 0 4 4 4 2 0 3 1 2 4 3 3 3 1 1 4 4 2 1 4 3 0 2 2 1 4 3 3 0 4 1 3 4 0 1 0 3 3 3 2 4 2 2 4 1 0 2 2 3 0 4 2 1 1 0 0 2 3 3 4 2 0 2 3 3 2 0 4 0 3 0 2 0 1 4 0 3 2 0 0 2 0 3 3 1 0 2 3 2 3 3 2 1 1 0 2 3 0 2 1 1 4 0 2 1 1 2 2 0 3 0 3 3 1 0 1 4 3 1 3 0 4 3 0 1 3 3 1 0 2 4 1 1 1 0 0 1 1 3 4 2 1 4 4 4 4 1 0 3 3 1 1 3 2 4 1 1 2 0 2 4 2 4 1 4 4 0 1 1 1 3 4 3 1 1 1 0 3 0 1 0 3 1 1 0 0 3 0 2 4 4 1 3 4 1
4 0 3 1 1 2 3 3 4 3 4 2 2 3 1 3 1 1 0 0 1 4 1 0 0 4 1 1 4 2 4 4 0 1 4 2 1 0 0 2 0 1 1 3 3 1 2 3 0 3 0 2 4 2 2 3 2 0 2 4 3 4 4 4 3 2 4 4 1 4 4 3 2 3 1 3 0 0 1 0 0 2 4 1 0 0 2 4 4 0 4 2 0 2 3 1 0 3 0 4 4 4 3 1 0 1 4 3 4 2 4 0 3 1 1 4 0 4 3 3 4 4 3 3 2 0 3 3 0 3 2 1 3 1 1 4 4 3 4 2 3 1 1 1 0 0 1 0 0 0 2 3 2 4 3 4 4 2 3 3 4 0 2 4 3 3 4 1 1 4 2 0 2 2 0 4 3 2 2 4 4 4 3 4 1 1 1 4 1 3 0 2 2 1 4 1 4 2 1 2 3
4 0 1 4 2 1 2 0 1 1 0 4 3 4 3 1 2 0 0 4 1 2 3 0 4 0 0 2 4 2 2 4 1 0 1 3 3 1 4 3 4 0 0 2 4 4 2 0 3 0 4 3 3 4 2 3 2 4 0 4 3 4 1 3 2 3 4 4 1 2 4 0 1 2 1 2 2 2 0 0 0 4 4 3 0 4 2 4 4 2 2 4 1 3 4 0 3 4 2 0 2 0 0 3 0 3 3 4 2 4 0 1 4 0 0 4 1 4 0 0 0 2 3 3 4 3 0 1 1 2 2 2 3 0 1 3 3 3 2 0 4 3 0 2 0 0 3 4 3 4 3 0 4 1 3 1 0 3 3 2 3 2 1 1 3 2 3 3 0 1 3 0 4 2 0 3 1 4 4 2 4 2 2 2 0 0 3 1 4 1 1 1 4 3 2 3 3 4 2 0 4
4 4 4 4 3 1 1 0 2 1 1 2 4 4 4 2 3 4 2 4 4 0 4 4 4 4 4 3 4 0 3 1 3 0 1 0 4 2 4 2 3 4 0 4 0 1 3 2 1 3 1 2 1 0 3 3 4 0 0 1 3 0 1 1 2 2 1 2 4 0 0 2 2 2 0 0 4 2 4 2 2 2 0 2 3 4 2 2 0 4 4 1 2 4 3 3 4 2 3 2 2 4 0 0 0 2 1 2 2 4 2 3 4 1 4 0 1 4 3 0 2 4 3 2 2 0 2 4 0 3 0 2 0 1 2 1 0 3 1 4 1 2 3 2 3 0 2 3 3 1 3 3 3 2 1 0 2 0 0 2 3 2 3 0 1 3 4 1 1 4 2 3 1 4 3 3 2 4 0 1 2 1 3 1 2 4 3 0 1 1 0 3 2 4 4 0 0 3 4 2 3
4 0 0 1 1 4 2 0 3 0 1 2 1 2 1 1 3 1 4 2 1 0 2 4 4 0 2 4 4 2 1 3 0 3 1 1 2 4 0 3 0 3 2 3 1 2 0 4 3 3 3 3 3 4 2 1 3 3 0 2 3 3 0 2 1 0 2 4 0 1 1 4 3 4 4 1 2 4 0 4 0 0 3 1 3 3 4 2 2 1 2 3 1 1 3 2 3 1 1 0 1 0 0 3 3 4 0 2 3 0 0 3 2 4 2 4 1 0 3 2 3 1 1 1 4 1 0 0 3 0 0 1 2 1 1 0 1 3 1 2 4 1 3 2 1 2 2 1 1 2 2 3 2 1 1 2 2 4 2 4 2 2 1 3 3 0 1 4 0 1 0 4 4 1 1 0 1 0 4 3 4 1 1 1 1 1 1 1 2 2 4 4 1 2 4 3 0 0 1 0 3
4 0 0 3 0 4 4 3 3 4 3 1 1 3 3 0 1 3 2 2 2 3 1 2 1 0 4 2 3 1 2 4 3 0 0 0 0 1 0 4 4 0 0 4 3 1 3 1 1 2 4 2 3 1 1 2 0 0 3 2 0 2 0 1 1 2 1 1 0 0 1 2 4 4 0 2 3 2 1 4 3 4 1 4 3 4 2 4 4 4 1 0 2 4 1 1 0 4 0 2 2 3 3 0 0 2 3 0 4 0 3 1 0 0 2 3 4 3 0 3 1 1 0 0 1 3 4 1 3 0 1 4 2 4 1 2 3 2 1 4 1 4 4 0 3 0 1 0 3 0 2 1 4 1 4 3 3 4 0 4 4 4 2 1 4 2 0 0 1 1 0 2 1 3 1 3 4 2 3 3 1 4 4 4 2 0 0 2 0 3 2 4 0 3 4 4 1 0 0 3 0
4 0 3 3 2 4 2 0 0 0 3 4 2 1 3 0 4 0 1 0 1 2 3 1 4 3 3 3 1 2 3 4 0 1 0 3 2 4 4 0 0 3 0 1 1 1 4 4 0 3 2 1 0 2 1 2 1 3 2 3 4 0 1 2 1 0 2 3 3 3 1 2 0 0 2 4 3 1 1 3 2 1 2 4 2 0 2 0 1 0 0 4 0 3 1 2 1 1 0 3 0 4 4 1 0 0 0 2 1 2 0 0 3 4 3 1 0 4 3 1 1 1 4 1 3 1 4 1 4 3 3 3 0 2 0 4 1 4 4 3 1 1 2 4 4 1 1 4 0 4 2 2 4 4 3 0 3 4 4 1 0 2 4 1 1 2 4 4 2 2 3 4 1 0 2 0 1 4 4 1 2 4 2 0 3 4 3 4 4 1 2 2 4 0 4 4 1 0 1 4 0
4 0 4 0 4 4 2 2 0 0 0 1 1 0 4 3 0 0 3 0 1 3 3 1 2 0 4 4 0 3 2 2 4 1 3 2 4 2 3 4 0 4 0 2 1 0 1 0 2 0 2 4 0 3 2 1 0 0 2 0 4 3 0 3 0 3 0 4 4 3 0 1 4 3 3 1 3 0 4 4 3 3 1 0 1 2 0 1 4 2 1 0 2 1 2 4 3 0 1 4 2 0 0 0 2 1 3 0 4 2 2 1 4 2 4 1 1 4 1 1 0 4 1 1 4 0 2 4 1 0 0 3 0 2 2 3 3 4 1 2 2 1 0 3 1 2 0 4 2 4 1 2 3 2 1 0 0 2 3 4 3 1 4 1 1 4 2 4 0 3 3 2 0 4 2 2 2 1 1 0 1 0 2 1 1 4 0 2 0 1 2 3 3 1 0 0 0 1 2 1 2
4 1 2 0 4 1 0 1 1 4 1 4 3 2 3 2 4 1 4 0 3 2 1 1 2 0 4 1 1 0 2 3 2 4 1 0 2 2 0 3 4 1 4 3 1 0 0 2 3 3 0 3 0 0 2 2 1 2 4 4 2 2 3 2 4 2 1 1 0 2 3 4 1 1 0 4 0 0 3 1 3 1 2 1 2 2 3 3 4 2 2 1 1 4 3 3 0 3 4 0 4 3 3 4 1 2 3 1 1 3 1 2 1 4 0 4 4 4 1 0 4 0 1 4 3 1 2 4 1 3 0 0 4 3 2 0 4 1 4 0 2 4 3 1 4 2 2 1 1 4 0 4 0 4 1 0 1 3 4 0 4 0 4 0 4 3 0 0 3 2 2 0 2 1 0 4 4 1 3 1 4 0 4 4 1 4 4 4 0 4 3 4 1 0 0 4 2 3 4 2 3
4 0 4 3 3 1 2 2 4 0 2 0 3 3 3 3 4 0 1 3 0 2 1 4 1 3 2 4 0 0 2 2 1 1 3 4 4 0 1 2 4 2 2 2 2 2 2 3 3 4 4 1 4 3 3 4 1 1 1 4 4 2 1 2 0 0 3 3 2 2 1 4 3 3 0 0 0 2 4 2 3 0 4 0 3 1 3 1 3 4 1 1 1 4 1 0 0 3 2 4 1 4 2 3 0 1 1 3 0 3 1 1 3 3 4 0 3 1 2 2 1 2 1 4 1 1 3 3 1 1 3 1 4 3 3 4 2 2 4 3 1 0 4 4 3 1 1 4 0 0 4 4 4 1 0 4 0 0 0 4 2 0 4 3 2 1 2 0 0 0 1 3 3 4 4 0 3 1 0 2 2 0 1 4 2 0 2 0 3 4 2 4 0 1 2 0 3 2 3 0 2
4 3 4 3 1 3 2 2 3 3 2 0 3 2 2 0 0 1 3 0 0 1 2 0 2 0 0 0 3 0 0 1 0 0 4 4 1 2 1 1 2 1 2 0 1 4 1 0 4 3 1 2 4 2 0 3 4 4 0 2 3 1 2 4 3 4 4 4 4 0 2 3 0 1 1 1 4 2 1 2 1 4 1 1 1 4 2 1 1 1 0 1 0 2 2 0 0 4 2 4 3 3 0 1 3 3 1 4 1 3 0 4 4 4 0 3 1 2 0 0 3 1 1 2 1 3 4 1 4 0 1 3 3 2 0 0 4 2 1 3 4 3 0 1 2 3 0 1 0 3 1 1 2 2 2 3 3 1 1 0 0 3 3 2 0 2 1 2 1 0 1 4 4 1 2 0 1 4 2 4 3 2 0 2 3 3 3 0 4 1 0 4 2 1 3 0 0 1 3 1 1
4 0 4 4 3 1 0 0 2 2 3 1 3 0 3 0 1 0 1 2 2 2 1 0 0 4 4 3 2 1 3 4 3 2 1 3 1 4 2 1 0 1 3 2 0 1 1 4 3 3 2 4 4 4 1 4 1 0 4 2 2 3 1 1 1 4 2 0 1 1 2 4 1 1 2 2 2 4 3 4 1 2 4 3 4 3 3 0 3 3 1 0 0 4 3 3 4 0 0 4 2 4 4 2 4 2 4 0 1 1 3 2 4 4 1 2 3 1 4 3 1 2 3 4 0 2 0 4 0 1 4 4 2 3 1 2 2 4 1 4 2 3 4 1 0 4 0 2 3 3 1 4 1 0 0 2 3 4 3 1 2 2 3 3 3 4 4 3 0 1 4 4 1 2 0 3 0 0 3 1 0 0 1 3 4 4 3 3 1 1 2 1 3 3 1 0 1 4 1 0 2
4 1 1 2 2 1 1 4 2 3 2 1 1 2 3 1 1 4 0 0 3 0 2 4 2 0 1 2 2 3 1 0 1 0 1 1 4 2 3 3 0 3 1 3 1 4 2 0 2 0 1 2 4 2 2 2 1 3 2 4 2 4 0 3 3 1 3 2 4 2 0 4 4 4 1 0 3 2 1 2 0 2 0 4 3 4 4 4 1 1 0 4 1 0 3 2 1 4 4 4 0 3 4 3 3 2 0 3 3 1 0 3 1 0 1 4 0 4 4 1 2 0 1 4 3 4 3 0 3 1 0 4 1 4 1 0 4 2 2 3 0 3 0 3 3 4 2 2 3 3 3 0 3 0 0 1 4 2 2 0 2 1 4 2 2 0 1 1 4 2 3 0 0 2 3 1 3 1 0 3 3 2 0 2 1 1 1 0 1 3 3 3 1 1 2 0 4 1 3 3 3
4 2 3 2 4 3 4 4 2 4 1 3 1 3 4 3 0 3 2 2 4 1 1 2 4 3 4 1 1 2 0 3 2 1 1 2 1 0 0 0 1 0 0 4 3 0 1 4 2 2 0 1 2 1 0 0 3 2 4 3 4 3 3 3 3 2 4 3 4 3 2 2 2 2 3 3 1 1 2 3 1 0 0 0 0 3 0 1 2 3 3 2 0 3 2 4 2 2 4 0 4 0 0 4 0 2 1 2 2 3 0 3 4 3 0 3 4 3 4 1 1 0 1 3 0 3 1 4 3 4 3 2 3 1 4 3 0 3 3 2 1 4 2 4 0 2 2 1 3 4 1 3 3 0 2 3 1 3 4 2 1 3 2 2 0 4 0 4 3 4 0 2 3 4 2 1 0 2 2 1 3 1 0 4 2 4 3 4 4 0 0 2 0 1 4 4 2 3 1 1 4
4 1 3 0 1 3 0 2 3 3 2 3 1 3 1 0 2 3 2 4 2 0 4 3 2 0 1 0 1 0 1 0 0 2 2 4 0 1 0 4 3 4 4 4 1 1 1 4 3 3 2 4 3 2 4 0 2 4 4 2 0 4 0 0 1 4 2 1 3 4 3 0 2 0 4 4 2 2 1 2 3 4 2 4 1 0 4 3 2 1 3 0 3 3 4 4 2 2 2 4 4 3 4 4 2 2 1 4 4 0 1 3 3 4 0 3 4 1 0 2 2 3 3 1 1 2 4 2 1 4 0 4 3 4 0 2 3 2 4 2 3 1 0 0 3 2 2 1 1 1 3 1 1 4 4 4 3 2 0 0 1 4 0 1 4 1 0 3 0 0 0 2 3 3 0 2 4 2 2 0 0 4 3 1 4 4 0 2 1 1 1 2 0 3 1 0 0 2 3 4 0
4 0 4 2 0 0 4 2 3 3 2 3 3 0 0 3 3 1 1 0 1 1 3 4 2 0 1 0 2 1 1 1 0 1 0 3 3 0 4 2 2 3 3 3 3 1 3 2 4 3 3 2 4 2 1 3 1 0 4 1 3 4 3 3 0 1 3 2 2 0 2 4 3 3 2 4 4 1 0 4 0 2 1 4 2 3 3 4 1 3 0 0 2 0 1 4 1 3 0 2 0 4 1 0 2 0 3 0 2 4 4 3 0 3 4 2 4 2 0 1 4 0 1 1 3 2 4 4 3 2 1 0 2 2 1 2 1 1 3 4 0 3 3 1 0 0 2 2 2 0 4 4 3 2 3 0 2 3 4 4 4 3 0 1 1 4 0 3 1 4 1 1 1 1 0 0 1 0 0 4 3 1 4 4 1 4 1 2 3 4 1 2 4 2 4 3 3 0 3 2 1
4 4 0 1 4 0 0 1 4 1 2 1 3 3 2 4 4 4 2 0 3 1 3 0 1 2 2 0 2 4 0 2 2 4 4 4 4 1 4 1 1 3 0 1 0 4 3 0 4 2 1 1 4 1 1 4 4 3 4 3 0 1 4 3 3 2 3 4 0 4 3 0 0 3 4 2 4 3 4 3 4 2 4 3 1 3 2 3 1 2 3 2 2 0 2 1 1 4 2 2 1 3 1 0 3 3 1 3 2 0 2 2 4 0 1 3 4 1 4 4 3 1 4 1 2 3 1 3 0 4 3 4 4 4 4 2 1 4 0 3 1 2 4 4 4 4 0 0 3 4 4 0 2 2 4 3 1 2 4 0 3 4 2 4 0 4 2 3 1 1 0 4 0 0 1 4 0 0 1 2 2 1 1 4 4 4 4 2 3 2 4 3 4 4 0 4 4 1 1 4 0
4 1 0 3 1 3 2 0 0 0 1 1 0 3 2 4 4 2 4 1 0 2 3 2 4 4 4 1 1 0 4 0 0 3 0 1 4 3 1 3 2 0 4 0 3 2 3 4 4 2 3 1 2 0 4 4 2 1 0 3 0 3 3 3 3 3 4 4 2 3 1 0 2 4 1 1 1 3 4 4 3 0 4 1 4 4 1 3 0 1 4 2 1 2 3 4 4 2 1 0 2 1 0 2 3 0 1 4 1 0 2 0 0 1 0 2 4 2 0 0 0 4 2 0 0 1 3 3 3 1 0 1 1 4 3 4 4 1 3 3 4 2 0 3 4 3 2 4 4 2 0 0 2 2 1 0 2 3 3 1 2 0 2 4 4 2 1 1 1 3 4 2 4 3 0 4 3 4 2 2 4 4 4 3 3 2 0 0 3 2 1 3 2 2 3 3 1 2 3 2 3
4 0 3 0 0 0 2 1 4 1 2 3 0 1 3 1 4 1 4 2 1 2 3 0 0 0 1 4 2 2 2 0 1 1 2 4 3 0 4 1 3 3 2 4 0 3 3 4 4 2 3 0 1 3 4 1 1 2 1 4 4 3 0 0 3 1 3 0 3 4 3 3 4 0 0 4 3 3 2 4 4 1 1 2 3 0 4 2 3 1 3 1 0 4 3 2 4 2 3 0 0 3 1 2 4 2 2 3 2 2 0 3 4 1 1 0 1 0 0 3 2 1 3 2 1 4 3 0 1 1 3 0 3 1 3 3 4 4 0 2 3 0 0 2 0 0 3 0 0 2 3 1 4 2 4 3 0 2 4 0 4 4 1 0 2 0 1 3 1 3 0 2 0 4 2 4 4 4 4 0 1 2 1 4 3 4 1 2 0 0 2 2 0 2 4 4 3 0 4 4 4
4 1 2 0 3 4 4 0 3 1 4 3 2 4 1 2 2 1 2 3 3 3 4 2 2 4 3 4 2 2 1 3 2 1 3 0 2 0 0 2 2 2 3 1 1 3 0 3 1 3 0 2 2 4 1 0 0 3 1 4 3 0 4 2 0 0 4 0 1 4 4 4 3 3 0 2 4 0 4 1 2 0 1 3 3 1 3 0 3 3 3 1 0 3 2 0 0 0 4 1 3 3 1 2 3 1 1 4 3 3 1 3 1 2 2 3 2 4 0 1 2 2 3 3 3 0 0 3 2 3 0 0 4 4 3 2 0 4 3 4 3 4 1 4 4 2 1 4 4 2 4 3 0 0 4 4 2 1 0 1 2 3 3 3 1 4 0 2 3 2 4 0 0 4 0 2 4 3 2 3 2 4 4 3 3 4 3 2 3 1 1 3 1 2 0 3 3 3 4 4 0
4 0 3 2 3 1 2 2 2 2 1 4 3 1 1 1 1 2 0 2 3 4 0 1 4 3 2 3 2 4 4 3 1 4 0 3 1 3 3 2 0 1 0 4 2 0 0 3 3 2 2 3 3 1 0 2 2 0 0 0 4 3 4 1 0 2 2 1 4 2 4 1 3 4 3 1 4 3 2 3 0 2 2 4 4 1 4 1 2 1 3 1 1 0 2 3 3 0 1 2 1 4 4 4 3 1 2 1 4 1 4 4 0 4 0 2 0 1 1 3 1 4 2 1 4 3 2 1 4 3 1 0 1 2 2 3 0 1 0 2 2 4 2 1 3 0 1 4 0 4 3 0 0 0 0 2 1 1 0 3 1 1 0 2 3 2 4 4 0 3 0 3 3 4 3 2 4 1 2 3 0 3 1 0 3 3 4 2 1 2 3 3 2 3 3 3 4 1 1 2 0
4 0 3 1 0 0 0 3 4 2 3 4 1 4 1 0 0 1 0 2 2 4 4 0 0 3 3 2 3 0 4 1 3 4 1 3 3 0 2 3 3 4 0 2 4 3 1 1 1 2 0 3 1 2 0 4 2 0 3 1 3 4 2 1 1 4 4 2 0 1 2 1 3 4 0 3 2 3 0 0 1 3 4 0 1 2 4 3 1 3 2 4 2 0 1 1 0 0 3 3 2 2 3 2 2 4 3 3 3 4 4 0 1 4 2 0 0 0 4 1 3 2 0 3 0 3 3 0 4 3 1 1 1 2 3 0 2 4 4 2 1 3 1 4 4 0 3 4 4 4 4 0 3 4 3 3 4 2 4 3 1 3 2 0 1 3 3 3 1 2 2 3 0 2 1 0 0 1 1 2 2 0 4 3 2 1 3 1 1 1 3 3 0 3 0 1 1 4 0 4 1
4 2 1 1 4 1 2 4 2 3 1 2 4 3 3 3 1 0 2 4 0 2 1 1 0 0 2 0 0 4 1 0 0 2 2 1 0 1 3 3 2 1 2 3 3 0 1 3 2 2 3 1 4 4 4 3 2 3 3 0 0 1 1 2 1 4 3 2 3 0 0 1 4 4 0 2 3 0 0 1 0 3 4 4 2 2 4 2 4 1 0 3 4 1 1 0 1 3 3 2 4 0 0 4 3 3 0 0 1 2 3 1 0 1 0 4 2 0 2 0 4 1 2 1 0 3 3 1 4 3 3 0 0 4 2 2 4 2 2 2 1 2 1 4 0 4 4 4 2 0 2 4 3 1 2 4 1 0 1 3 2 2 3 1 3 3 0 3 1 1 1 0 2 2 4 3 1 1 1 0 1 3 1 3 2 2 0 2 4 2 2 4 3 1 4 4 1 1 0 3 3
4 0 4 1 0 0 3 3 4 3 2 2 3 1 4 1 2 0 4 0 0 2 4 2 3 3 4 0 1 2 4 4 0 4 4 4 2 4 2 4 3 0 2 0 1 1 3 2 0 3 0 2 1 3 1 3 2 3 4 2 1 0 1 0 1 3 2 3 4 0 3 0 4 2 1 4 2 0 3 4 3 0 1 0 1 2 1 2 4 4 4 1 3 4 2 4 2 2 1 0 1 1 1 2 2 0 4 3 4 2 1 1 3 3 2 2 1 0 2 0 3 1 0 1 2 2 0 4 4 2 2 1 1 2 3 0 3 2 2 3 2 4 3 2 4 0 4 1 1 3 0 3 0 2 0 3 4 4 3 0 2 1 3 3 0 2 4 3 2 3 2 3 1 1 2 0 2 4 4 3 0 1 2 0 1 0 0 2 1 4 0 1 4 3 2 0 4 4 2 0 0
4 2 1 2 4 4 0 2 1 1 3 4 1 1 0 2 1 1 3 2 2 0 4 1 3 3 0 3 3 2 1 4 2 1 4 1 2 1 0 3 0 4 4 0 3 3 0 1 1 4 0 0 0 1 3 1 0 1 4 1 0 1 3 3 3 2 4 4 1 0 3 1 3 3 4 0 1 4 1 0 4 1 2 4 0 3 2 3 2 3 4 3 0 2 2 4 1 4 1 3 0 3 2 0 0 1 4 4 3 2 4 4 0 2 0 3 3 1 3 1 0 3 3 0 3 2 0 0 0 4 4 4 1 3 0 1 3 1 4 0 0 1 0 1 1 4 3 3 1 2 4 4 1 4 3 2 1 0 4 1 2 3 3 2 3 0 4 3 3 0 3 0 4 0 2 0 3 0 3 1 2 2 3 4 4 4 3 3 1 2 2 2 2 1 0 0 0 2 3 0 0
4 0 0 3 2 4 4 2 2 2 4 2 1 0 2 1 1 1 3 4 2 3 3 2 1 4 0 3 1 4 2 3 0 1 3 3 2 4 1 2 3 3 2 1 1 3 0 1 3 2 4 0 4 1 3 2 2 3 1 1 0 0 1 0 3 2 1 0 2 3 4 3 2 0 0 3 4 1 4 2 0 2 0 4 4 0 2 4 3 0 0 3 2 4 3 0 4 1 0 4 1 2 3 0 1 4 4 3 1 4 0 3 2 4 3 2 2 4 0 3 1 1 3 4 3 2 2 4 4 2 4 3 1 3 4 2 4 2 0 0 2 0 4 1 0 1 0 4 4 2 1 2 0 3 3 2 4 0 4 4 0 2 1 4 3 2 3 2 3 4 1 1 4 0 2 3 0 2 4 1 1 1 2 2 0 4 3 0 1 2 3 3 3 3 4 3 0 3 4 4 0
4 0 3 4 4 1 1 4 3 3 3 2 1 1 1 0 1 1 0 0 3 4 0 4 3 2 2 3 4 4 1 4 1 3 3 2 1 0 1 3 1 2 4 2 4 1 3 0 2 0 1 0 0 3 1 0 1 0 3 4 2 2 4 4 3 4 1 3 2 2 4 4 0 3 2 1 0 3 1 1 0 4 1 0 1 4 1 3 3 4 2 0 4 3 1 0 1 1 3 2 1 4 1 2 0 3 2 3 4 1 4 3 3 3 0 0 3 1 3 4 4 0 1 2 4 0 4 3 3 1 0 0 1 1 1 4 0 0 3 1 0 1 4 3 4 4 1 3 4 0 0 2 2 4 3 2 1 3 3 3 4 0 3 1 0 2 0 0 2 4 4 0 3 3 3 1 0 2 0 2 1 2 0 3 3 3 0 4 2 4 2 1 4 1 2 2 1 3 1 0 0
4 0 4 1 3 2 4 3 2 1 1 4 4 0 3 2 3 0 2 2 4 3 2 0 4 4 0 3 2 1 4 1 2 2 2 0 0 3 1 3 1 3 2 2 1 1 2 4 0 4 4 2 2 1 1 1 4 2 0 3 0 0 2 0 4 0 4 0 4 4 4 0 0 0 4 4 0 4 2 2 3 2 0 2 2 0 0 4 2 4 3 2 3 4 0 0 1 0 1 4 3 3 4 4 0 1 2 4 3 0 1 4 3 0 4 3 0 2 1 1 3 1 4 2 2 1 3 1 3 2 2 3 4 0 4 0 2 1 0 3 4 3 0 2 3 1 1 0 1 1 2 1 3 3 3 4 1 2 4 4 3 2 0 3 1 1 2 3 2 1 1 1 3 4 1 1 0 1 0 3 0 0 2 2 3 4 4 2 2 3 3 1 1 3 4 0 3 3 4 2 4
4 1 1 1 2 3 1 2 1 0 4 3 4 4 1 3 4 4 4 2 2 4 3 3 3 1 0 0 0 0 4 1 3 0 2 1 0 4 0 0 3 4 4 2 1 0 4 2 4 3 0 3 0 0 4 1 1 0 3 1 0 1 1 4 1 1 4 0 3 0 0 2 4 0 3 2 4 1 2 0 2 1 2 2 1 1 3 3 3 1 0 1 1 4 2 1 1 0 4 2 2 4 2 3 1 4 2 4 1 0 4 4 3 1 2 0 2 3 3 2 1 0 2 4 3 0 0 2 0 0 3 0 0 1 2 4 4 1 2 1 0 3 2 3 2 0 2 4 3 3 2 2 0 2 4 4 4 1 4 0 0 2 4 0 1 2 2 3 2 4 4 0 4 0 1 0 0 0 0 2 1 0 4 3 2 3 1 4 2 3 1 4 4 4 3 1 4 0 4 2 0
4 1 2 3 0 1 4 2 4 1 3 1 1 0 1 3 1 2 3 1 3 2 2 1 4 3 3 2 4 4 2 0 2 2 4 1 3 4 3 4 4 4 4 4 1 0 3 2 2 2 2 0 3 3 2 4 1 3 4 1 3 3 3 0 0 3 3 3 1 4 3 1 0 1 3 2 1 2 4 3 3 2 0 0 4 0 3 2 3 1 4 3 1 4 1 1 2 4 2 3 3 2 2 4 1 0 3 0 2 2 1 1 2 3 3 1 0 4 2 3 3 3 4 1 0 4 2 2 4 0 4 1 0 1 2 2 0 0 3 2 3 0 0 2 3 4 3 2 1 1 3 3 3 0 1 1 4 3 1 4 3 1 0 2 4 4 4 3 3 1 2 3 4 0 4 1 0 4 3 2 1 3 2 4 2 4 1 1 1 4 2 4 3 2 2 3 0 4 3 2 0
4 2 2 1 0 3 3 2 2 2 3 3 3 2 2 3 2 2 3 0 0 2 3 4 0 4 0 0 0 4 2 4 2 2 2 1 0 1 3 3 0 1 4 0 0 1 1 3 1 3 3 2 2 0 3 2 0 2 3 3 0 2 1 0 2 2 2 0 2 1 3 3 3 2 3 4 0 2 3 1 2 3 0 1 3 4 2 2 3 2 2 3 2 4 0 3 3 0 2 1 4 2 0 2 0 1 2 4 3 3 4 1 4 2 0 3 4 0 1 1 1 3 2 2 0 3 4 0 2 2 2 3 0 4 3 1 3 1 1 1 1 1 4 3 2 1 0 1 3 3 0 3 4 1 4 0 0 1 0 2 0 4 3 4 1 4 1 4 3 3 1 1 3 0 1 3 4 4 4 1 2 1 1 1 1 2 3 3 0 2 4 0 0 2 3 4 0 2 1 3 0
4 0 1 3 0 2 3 0 3 1 1 2 0 3 0 4 3 2 1 1 3 3 0 3 0 1 1 3 1 1 2 1 1 4 4 0 1 1 3 3 0 2 3 0 3 4 4 1 3 3 2 3 3 0 3 0 3 4 1 1 2 2 1 4 0 1 1 2 1 0 2 2 4 0 3 2 1 0 0 4 4 0 4 2 3 0 2 3 3 2 1 1 1 4 3 4 2 3 4 2 4 2 2 1 1 3 3 4 0 3 1 3 4 4 2 2 1 0 1 1 4 0 3 4 3 0 0 2 1 3 2 2 3 3 3 2 1 4 0 4 4 3 4 2 4 4 2 1 1 0 3 2 0 0 0 2 2 3 0 1 0 2 2 2 0 2 0 1 0 1 3 2 3 0 1 3 3 0 2 0 0 2 4 4 2 3 3 2 1 3 0 0 0 3 3 2 2 3 3 2 0
4 0 0 2 3 1 0 4 4 3 2 1 4 0 3 1 3 0 2 4 3 1 3 2 0 3 4 2 0 1 4 0 1 1 2 3 0 1 1 2 1 0 1 2 4 4 2 0 2 1 2 4 1 4 2 2 4 2 0 2 0 4 4 4 4 1 0 1 1 2 4 1 0 0 1 4 4 2 0 0 4 3 3 4 2 1 3 0 4 4 0 1 1 0 1 4 2 1 0 2 0 0 0 0 4 0 4 0 3 4 1 2 1 2 2 2 4 0 1 4 1 2 2 2 1 3 0 3 0 0 0 4 1 4 2 3 1 4 2 4 0 1 4 3 2 1 1 2 3 1 0 3 2 4 4 0 4 4 0 4 1 2 1 3 3 0 0 3 0 2 0 3 1 0 2 0 0 3 4 4 3 2 4 4 2 0 4 4 4 3 1 3 2 1 1 0 2 3 0 0 0
4 3 0 4 3 3 4 4 4 3 1 4 0 2 2 2 3 2 1 0 3 3 1 3 4 3 2 2 2 1 3 0 1 4 0 3 1 3 1 0 1 2 4 2 2 2 4 2 2 2 1 2 1 1 1 0 3 2 1 1 3 1 4 0 3 1 4 2 4 3 1 4 3 0 1 1 2 0 3 4 1 2 4 0 0 0 1 4 0 0 3 3 1 4 3 2 4 4 1 3 0 3 2 2 1 0 1 2 1 1 0 2 4 4 4 4 3 4 1 1 4 0 0 2 1 1 3 1 1 0 4 1 0 1 2 3 4 4 2 0 1 4 0 1 2 0 0 0 3 2 2 0 4 2 2 3 3 2 0 4 3 3 2 3 3 4 2 3 2 3 4 0 1 3 0 3 2 4 3 0 3 2 3 2 3 2 2 2 1 1 0 1 1 1 2 1 3 3 0 2 3
4 4 0 2 0 2 3 4 0 4 3 4 3 1 0 4 4 1 2 2 4 3 1 2 0 3 2 3 4 2 4 0 1 4 0 4 4 4 2 3 4 1 2 0 0 0 2 3 1 1 1 0 1 3 0 4 3 4 4 3 2 4 4 2 4 2 4 1 2 3 1 2 0 2 2 4 1 3 3 3 0 0 4 0 2 0 3 4 1 0 2 3 3 4 4 1 0 0 4 1 0 0 2 3 0 2 4 3 1 1 0 0 2 2 0 1 0 0 3 1 4 1 1 2 1 1 4 4 4 3 4 4 2 0 0 2 2 1 2 2 4 4 4 3 1 2 4 1 3 1 2 0 0 0 1 3 4 1 0 1 0 3 3 4 1 1 2 2 0 2 4 2 1 2 2 1 2 1 4 0 0 0 0 4 1 3 3 2 3 4 0 0 2 0 0 2 1 3 0 4 4
4 2 4 2 2 1 3 1 1 4 0 4 0 0 2 3 2 3 3 1 2 4 4 2 2 3 2 0 0 2 0 3 0 1 0 4 0 3 1 2 1 0 2 2 1 0 1 3 0 4 3 2 3 2 3 2 3 4 0 4 0 1 2 2 2 1 3 3 3 2 2 1 1 3 2 4 0 3 0 1 2 2 1 1 2 1 1 1 0 2 2 1 4 0 2 4 4 2 0 2 3 1 1 1 2 2 1 2 0 3 2 4 0 1 2 2 1 0 3 2 4 4 0 3 0 1 3 3 1 1 4 2 2 1 4 1 4 4 1 3 2 3 2 3 0 0 2 0 0 4 1 0 0 2 1 4 0 2 4 3 1 3 1 4 1 3 0 1 0 2 1 0 3 4 1 4 3 1 0 1 2 2 4 2 2 0 1 2 3 4 0 0 1 1 4 0 4 2 4 0 0
4 0 0 0 1 2 3 1 1 1 3 3 1 1 2 0 0 0 0 3 0 4 0 1 4 0 1 0 2 3 2 2 3 2 4 4 2 2 1 2 4 3 0 0 4 4 3 1 1 3 1 3 1 3 3 4 0 3 0 3 4 4 1 1 0 4 4 3 3 0 2 2 1 3 3 1 4 1 0 3 1 2 0 3 3 0 1 3 1 3 4 3 3 3 4 1 1 0 0 1 0 0 0 0 0 2 3 1 0 2 1 0 2 1 2 2 2 4 3 0 0 4 0 1 1 4 3 2 1 1 3 4 4 4 3 4 2 4 0 1 1 0 2 4 1 4 0 3 4 0 1 0 4 0 2 3 4 4 2 0 2 0 4 2 2 4 2 1 1 2 4 1 4 3 0 4 2 4 1 2 3 0 4 3 3 4 0 0 1 3 2 1 3 1 3 0 1 4 1 2 2
4 1 0 0 4 4 2 2 4 0 4 2 4 0 3 1 0 3 4 0 0 1 2 0 1 4 4 3 0 2 1 4 3 1 0 0 2 2 1 0 3 4 1 0 3 3 4 2 0 0 1 4 2 3 0 1 2 0 4 1 1 4 4 0 0 4 0 3 2 1 4 4 0 4 1 4 1 3 0 0 2 2 4 4 2 1 2 2 1 0 4 0 1 1 0 0 4 3 4 1 2 2 0 2 0 3 4 2 0 1 4 4 3 0 0 2 2 2 0 1 2 0 4 3 4 4 3 0 1 3 1 2 3 3 2 2 1 0 1 4 4 1 4 1 2 4 0 0 0 1 4 3 4 4 1 0 4 0 2 2 3 4 4 4 0 1 4 4 1 0 3 0 1 2 4 4 0 3 0 3 4 4 4 4 0 4 3 1 2 4 3 1 1 1 3 4 3 2 2 4 0
4 0 3 3 2 4 1 1 2 4 4 4 4 2 3 0 3 0 0 4 3 4 2 3 1 4 2 2 3 3 4 0 2 2 0 1 1 0 3 4 2 3 4 3 1 0 1 0 4 3 3 0 3 2 1 0 4 4 1 0 0 2 4 3 2 4 2 1 0 4 4 1 0 2 3 0 4 2 4 1 4 3 2 4 3 4 4 3 0 1 3 1 2 4 4 3 3 0 4 0 0 3 4 4 1 4 2 2 0 1 2 3 0 2 2 1 1 3 2 0 3 3 0 2 1 3 3 2 2 0 4 3 0 0 0 4 3 4 1 2 2 4 1 1 0 0 2 4 4 4 4 1 0 1 4 2 3 4 0 4 4 2 4 3 3 4 0 2 2 4 1 4 3 0 0 4 4 0 0 2 0 1 0 3 4 4 4 3 4 4 0 2 0 4 3 0 0 4 3 3 3
4 0 2 0 4 4 4 0 2 2 4 1 3 3 2 0 4 4 2 3 3 4 0 3 1 2 1 3 0 2 3 3 2 2 1 1 0 4 3 2 0 0 0 3 4 4 3 3 0 2 1 0 0 2 1 4 4 3 0 4 4 3 3 0 3 3 4 1 4 3 1 1 0 3 3 0 2 2 1 3 4 3 0 3 3 3 1 4 4 4 2 1 4 0 2 3 2 3 2 2 0 3 2 0 3 0 2 4 1 3 0 3 2 3 2 4 4 0 2 3 2 0 2 4 2 2 0 1 0 1 2 3 2 0 0 1 3 4 0 4 0 4 3 3 4 4 2 1 0 4 0 4 3 4 4 0 2 2 3 4 1 3 2 4 2 3 1 0 4 0 1 0 1 0 4 2 1 1 2 0 0 4 1 0 4 3 2 2 3 4 2 4 4 2 2 0 3 0 1 2 3
4 4 2 1 0 4 0 0 0 0 1 1 4 0 3 3 3 1 4 0 4 2 0 3 0 3 2 2 1 1 0 1 3 4 1 4 0 4 3 1 2 3 3 4 1 1 0 4 2 2 3 2 0 3 2 0 0 0 4 2 2 2 1 4 2 3 4 0 4 1 2 4 2 3 1 2 2 2 1 2 3 0 1 0 4 0 2 2 2 0 4 2 4 4 3 4 1 0 1 1 1 4 0 3 1 1 3 4 4 1 2 4 0 3 3 1 3 1 0 0 0 0 0 2 4 2 2 1 3 4 1 4 1 0 4 2 3 1 3 2 3 2 0 1 4 0 0 4 4 2 2 4 2 4 3 0 1 1 1 3 2 2 1 3 0 0 3 3 0 0 1 0 0 0 2 0 0 3 1 2 0 2 0 0 0 2 1 2 0 2 3 2 4 3 1 3 2 1 2 3 3
4 0 0 4 4 4 0 4 4 3 4 2 4 1 3 3 1 2 3 0 3 3 4 2 2 3 4 2 0 0 1 0 4 1 1 2 2 0 2 4 4 4 0 2 0 1 2 3 0 2 2 2 1 2 0 1 1 0 1 4 0 0 0 0 0 4 3 0 1 2 1 0 4 2 1 2 1 0 1 1 3 4 4 3 4 1 3 2 3 2 1 1 2 3 0 1 2 3 0 3 2 3 2 2 3 0 1 1 2 1 4 2 0 4 3 1 4 1 2 0 4 3 2 1 0 3 3 1 3 2 1 2 1 1 0 1 1 2 1 4 3 0 0 4 0 0 4 2 1 2 4 0 1 1 1 2 3 3 1 0 1 4 4 2 3 2 3 0 4 2 1 0 2 4 0 2 1 0 3 2 1 1 4 0 1 2 2 0 4 1 4 0 1 3 0 1 3 0 3 0 2
4 3 4 3 1 0 1 3 3 3 4 2 3 0 3 0 4 2 2 1 4 1 1 2 1 0 1 3 0 0 1 0 4 1 3 1 1 0 4 3 4 0 2 4 2 2 2 4 4 0 4 0 2 3 3 1 1 1 3 0 4 4 3 0 3 0 1 3 0 4 0 3 0 4 0 4 0 1 4 4 4 2 4 3 2 3 1 2 1 0 4 1 4 0 0 1 1 1 0 3 2 2 0 3 3 3 4 1 1 1 0 2 0 1 0 2 1 0 4 1 0 3 0 3 2 0 1 0 4 2 4 2 2 4 4 4 3 0 1 0 0 2 4 2 3 0 1 4 4 2 3 1 4 3 3 4 3 1 4 1 1 2 2 4 4 3 4 3 3 1 1 0 3 2 0 4 2 3 1 1 3 0 3 4 1 0 4 0 4 1 4 4 1 4 0 2 3 1 1 0 3
