200
1000
200

[Node]
0 0 0 0 0
0 0 0 0 0

[pickup]
1 502786784 688 0
2 505121631 306 0
3 503171313 698 0
4 503287623 133 0
5 502786499 682 0
6 502789656 238 0
7 502862607 343 0
8 502788548 385 0
9 505038874 181 0
10 502800881 733 0
11 504765224 507 0
12 503624965 339 0
13 505135767 504 0
14 505122095 573 0
15 502786484 428 0
16 502797917 354 0
17 503978903 158 0
18 502793492 742 0
19 502795319 757 0
20 505239866 669 0
21 503643999 496 0
22 502785841 517 0
23 502787617 370 0
24 502801370 528 0
25 503229542 182 0
26 505161966 207 0
27 504876075 266 0
28 504731118 219 0
29 502789570 711 0
30 504725759 471 0
31 503031298 596 0
32 503167442 306 0
33 504549590 261 0
34 503273259 174 0
35 502798846 795 0
36 505236091 721 0
37 502873629 412 0
38 505162674 295 0
39 502796817 605 0
40 502851705 302 0
41 503104208 764 0
42 502788751 126 0
43 502791365 436 0
44 504960933 352 0
45 502785856 552 0
46 505081657 133 0
47 504632589 414 0
48 502791696 387 0
49 504849527 134 0
50 502799493 408 0
51 504339256 405 0
52 504940819 690 0
53 502786867 679 0
54 505102064 381 0
55 502791968 757 0
56 502794614 736 0
57 505247329 220 0
58 502785862 661 0
59 502892639 173 0
60 503584522 694 0
61 503656257 623 0
62 502796885 462 0
63 502791931 767 0
64 503020946 295 0
65 504383817 586 0
66 502796862 338 0
67 502789780 227 0
68 504267335 699 0
69 504558135 344 0
70 504433520 417 0
71 504418023 495 0
72 504449422 752 0
73 505079993 274 0
74 505084618 519 0
75 504748580 674 0
76 505125143 432 0
77 504648565 470 0
78 504385146 732 0
79 502797193 442 0
80 504381435 700 0
81 505207637 586 0
82 505195143 185 0
83 502790927 660 0
84 505137554 753 0
85 502791739 656 0
86 502800050 755 0
87 505190963 703 0
88 505203800 151 0
89 502790879 367 0
90 504705167 657 0
91 504396817 753 0
92 504869954 188 0
93 504843960 234 0
94 502786483 665 0
95 505017164 715 0
96 502788856 259 0
97 504707950 674 0
98 504449423 662 0
99 504971842 662 0
100 504940829 497 0
101 502799567 787 0
102 502791554 583 0
103 504915780 311 0
104 504822040 528 0
105 504512205 736 0
106 505195276 278 0
107 502791081 554 0
108 504732346 333 0
109 505143425 290 0
110 505186931 788 0
111 505161750 411 0
112 504709436 799 0
113 503291816 558 0
114 503614326 423 0
115 503772206 796 0
116 502787448 531 0
117 502792854 782 0
118 502951707 773 0
119 504493144 608 0
120 505246361 355 0
121 505244822 296 0
122 504643066 127 0
123 504362567 451 0
124 502795290 650 0
125 502802134 625 0
126 505100057 231 0
127 503617233 111 0
128 503297152 555 0
129 502786117 619 0
130 504483577 393 0
131 504559657 750 0
132 502797818 473 0
133 505115875 525 0
134 505176369 441 0
135 502791054 142 0
136 502790243 284 0
137 504749113 485 0
138 504783210 315 0
139 502797330 622 0
140 504354573 316 0
141 502786534 196 0
142 502785783 295 0
143 502788438 295 0
144 504869961 127 0
145 504416396 411 0
146 505036437 588 0
147 503899558 283 0
148 503289092 782 0
149 503901700 533 0
150 502792596 770 0
151 504839715 321 0
152 502796205 265 0
153 503691119 285 0
154 502786505 169 0
155 502786707 731 0
156 504591174 105 0
157 504931362 708 0
158 502789085 406 0
159 504729849 759 0
160 502785906 543 0
161 503595240 303 0
162 505171506 430 0
163 504754758 627 0
164 504713805 111 0
165 505244394 196 0
166 504731135 105 0
167 502797344 791 0
168 502794580 629 0
169 503819061 326 0
170 503251699 393 0
171 502786491 514 0
172 504910067 198 0
173 503136754 539 0
174 505230254 473 0
175 505035953 748 0
176 504941276 295 0
177 503249203 351 0
178 505082921 550 0
179 502792385 281 0
180 505210492 433 0
181 502788061 567 0
182 504515389 529 0
183 503235248 407 0
184 503084554 696 0
185 503057441 303 0
186 504726267 430 0
187 505003427 350 0
188 502800132 521 0
189 502787670 469 0
190 505170366 291 0
191 504318938 356 0
192 503075651 772 0
193 502787837 215 0
194 503263235 417 0
195 502798787 587 0
196 503217648 433 0
197 505035947 350 0
198 503629918 412 0
199 502799713 794 0
200 504662211 557 0

[Speed 0]
0.81
30.0 60.0 0.0 0.6
90.0 150 0.0 0.4
300.0 540.0 0.0 0.81
570.0 630.0 0.0 0.6
660.0 720.0 0.0 0.4
750.0 840.0 0.0 0.81

[Speed 1]
1.33
30.0 60.0 0.0 0.8
90.0 150 0.0 0.6
300.0 540.0 0.0 1.33
570.0 630.0 0.0 0.8
660.0 720.0 0.0 1.3
750.0 840.0 0.0 2

[Speed 2]
1.33
30.0 60.0 0.0 1.0
90.0 150 0.0 0.8
300.0 540.0 0.0 1.33
570.0 630.0 0.0 0.8
660.0 720.0 0.0 0.6
750.0 840.0 0.0 1.5

[Speed 3]
1.5
30.0 60.0 0.0 0.9
90.0 150 0.0 0.8
300.0 540.0 0.0 1.5
570.0 630.0 0.0 0.9
660.0 720.0 0.0 0.8
750.0 840.0 0.0 1.5

[Speed 4]
2
30.0 60.0 0.0 1.1
90.0 150 0.0 0.9
300.0 540.0 0.0 2
570.0 630.0 0.0 1.1
660.0 720.0 0.0 0.9
750.0 840.0 0.0 2

[speed choose matrix]
4 4 4 4 4 4 4 4 4 4 4 4 4 4 4 4 4 4 4 4 4 4 4 4 4 4 4 4 4 4 4 4 4 4 4 4 4 4 4 4 4 4 4 4 4 4 4 4 4 4 4 4 4 4 4 4 4 4 4 4 4 4 4 4 4 4 4 4 4 4 4 4 4 4 4 4 4 4 4 4 4 4 4 4 4 4 4 4 4 4 4 4 4 4 4 4 4 4 4 4 4 4 4 4 4 4 4 4 4 4 4 4 4 4 4 4 4 4 4 4 4 4 4 4 4 4 4 4 4 4 4 4 4 4 4 4 4 4 4 4 4 4 4 4 4 4 4 4 4 4 4 4 4 4 4 4 4 4 4 4 4 4 4 4 4 4 4 4 4 4 4 4 4 4 4 4 4 4 4 4 4 4 4 4 4 4 4 4 4 4 4 4 4 4 4 4 4 4 4 4 4
4 4 2 1 4 1 2 1 2 4 2 2 4 2 0 4 2 3 4 1 2 4 2 4 0 4 3 0 1 4 4 0 1 3 3 2 3 0 3 4 0 2 1 4 0 1 3 1 0 4 1 2 1 1 0 2 0 1 3 3 3 4 2 4 0 2 1 3 0 4 4 0 0 1 0 4 3 2 3 2 2 2 2 0 1 2 0 1 2 4 0 0 1 0 4 1 0 2 3 3 0 0 3 0 0 2 3 0 2 2 3 3 2 0 2 3 2 1 3 1 4 0 3 3 2 0 4 0 3 4 0 1 0 0 4 0 2 3 0 2 3 1 1 2 3 3 0 4 0 0 2 4 4 0 0 0 0 4 4 4 1 4 3 4 0 2 4 4 4 1 0 4 0 0 0 4 1 2 0 3 2 4 4 4 2 1 1 1 4 3 0 0 0 3 0 3 0 3 3 3 1
4 4 0 0 4 2 0 2 4 1 2 0 3 0 3 2 3 2 4 2 1 2 2 0 1 0 3 4 3 0 4 4 0 4 4 4 0 1 3 4 4 3 2 4 0 0 4 3 4 4 0 0 1 4 0 4 1 2 2 1 4 2 0 2 1 1 3 3 1 0 1 1 0 4 3 2 0 2 2 1 4 4 2 1 2 4 0 1 2 4 4 4 3 3 0 1 1 0 3 1 1 4 3 4 0 4 3 3 2 1 0 2 3 4 0 2 1 2 3 3 4 0 4 2 0 0 4 4 4 2 3 4 1 4 0 3 1 4 3 2 2 2 3 1 3 0 0 1 2 1 2 2 1 2 2 2 4 0 0 2 1 0 1 0 0 0 1 2 0 1 0 4 2 1 0 2 2 4 1 1 1 0 0 3 1 0 2 1 2 4 2 4 2 1 0 3 4 1 2 1 0
4 3 4 3 0 3 2 1 3 3 3 4 3 4 1 2 4 3 0 4 4 2 2 1 4 2 3 0 2 0 0 4 3 4 2 0 3 3 1 4 1 1 0 0 4 0 4 1 4 3 1 3 4 0 2 4 0 0 2 2 0 4 4 1 3 3 0 1 3 0 3 0 0 2 2 2 3 3 1 2 1 1 4 4 3 3 2 3 2 2 4 2 1 3 2 3 2 4 0 1 4 0 4 1 0 4 1 4 1 1 3 4 2 2 3 0 2 4 3 3 1 0 2 1 1 4 4 0 4 0 3 0 2 4 1 0 4 0 2 1 1 4 1 1 1 3 3 2 1 2 0 3 1 3 0 1 2 0 4 0 3 4 3 0 2 3 0 0 2 1 2 1 4 1 4 3 4 1 3 0 4 4 0 1 4 1 4 4 4 4 0 1 4 3 4 4 0 4 3 4 4
4 4 3 2 0 2 0 3 1 3 2 3 1 0 4 0 1 3 4 0 3 3 1 0 4 2 2 4 4 3 3 4 1 0 1 2 4 2 0 4 1 2 1 0 4 3 1 3 2 4 3 1 1 4 2 3 3 0 1 3 3 0 0 2 3 4 1 2 4 1 1 4 0 1 4 0 4 4 0 3 0 2 1 0 2 1 1 4 4 2 2 0 1 0 0 2 4 4 2 2 2 3 4 1 1 0 2 2 3 3 4 1 4 1 2 4 4 2 1 3 1 0 3 4 4 2 0 4 4 1 0 0 4 1 2 1 1 1 0 0 1 4 2 3 2 1 1 2 2 0 0 4 0 0 3 2 4 3 0 2 1 3 4 1 4 1 4 1 2 4 1 4 2 1 3 4 0 2 1 1 2 1 1 0 4 2 3 2 3 2 1 2 4 4 3 2 2 2 2 2 0
4 1 0 2 4 0 1 1 1 4 4 1 2 2 0 4 3 1 3 2 0 1 3 1 1 0 3 1 4 1 3 3 2 0 2 4 1 4 3 1 1 3 4 4 0 1 3 1 3 1 1 2 0 1 3 2 3 3 4 0 1 2 3 4 2 2 1 2 0 0 3 1 0 2 3 3 2 3 1 0 0 4 3 4 1 1 3 0 4 1 1 2 1 2 1 1 3 4 4 2 2 2 4 2 1 2 4 2 0 3 2 3 2 4 3 1 1 4 2 1 0 2 1 1 4 0 2 1 3 4 1 2 0 2 3 3 0 4 2 2 0 2 3 3 1 2 1 2 3 0 4 2 3 1 0 3 1 4 0 1 0 3 0 1 2 3 2 1 1 0 1 1 2 4 0 3 1 1 0 2 2 2 1 2 0 4 1 0 3 2 2 3 0 0 0 3 2 2 2 1 2
4 1 4 2 2 0 0 0 0 2 3 1 3 4 3 4 1 4 0 4 4 1 4 3 3 2 4 2 3 0 1 4 1 4 3 2 1 4 2 3 0 2 4 1 0 0 0 0 2 0 1 0 1 3 3 2 0 1 1 1 2 3 1 3 3 2 4 3 4 1 1 4 2 2 0 1 2 1 4 3 1 0 0 2 0 2 1 1 3 4 4 2 4 4 1 3 3 3 0 0 3 0 0 1 0 3 0 2 0 3 0 3 1 1 0 2 0 4 4 4 2 4 2 0 0 1 0 1 3 2 2 2 0 0 4 1 1 4 1 2 4 0 1 3 3 0 1 3 4 4 3 4 1 1 4 3 3 2 2 0 4 4 3 3 0 1 3 2 1 2 0 4 1 2 3 0 3 3 2 4 4 1 1 1 2 4 4 0 4 0 4 2 1 1 4 1 1 4 0 1 0
4 0 2 1 1 4 3 3 4 4 2 1 4 1 3 3 4 0 1 3 0 2 1 1 4 4 2 2 3 4 0 4 4 1 3 4 1 0 2 1 4 2 0 1 4 0 2 2 1 0 0 0 3 1 4 0 2 4 0 4 1 0 2 1 3 4 3 3 2 0 3 4 3 0 4 2 4 4 0 4 2 4 1 2 4 1 2 4 4 4 1 0 3 3 3 3 1 1 3 0 0 3 0 4 4 4 1 3 1 2 0 2 4 3 1 3 2 0 0 4 1 2 2 3 2 3 3 2 0 1 1 4 0 2 3 2 0 4 0 3 3 1 1 1 0 3 0 1 1 0 1 0 2 0 3 2 2 1 0 2 3 2 1 1 4 0 2 4 0 0 2 4 0 3 1 0 3 0 2 2 2 2 4 2 3 4 0 1 2 3 1 4 1 3 3 2 2 4 0 4 1
4 2 2 2 0 0 1 4 0 2 1 4 1 1 2 0 1 1 1 3 4 4 2 4 3 2 3 2 0 0 3 3 3 2 2 3 1 3 4 4 2 0 2 4 4 0 3 3 4 2 2 2 2 2 1 0 3 1 4 2 4 4 0 0 2 1 1 1 3 4 4 3 0 1 0 4 0 1 1 0 3 3 4 1 3 2 3 2 2 4 4 1 3 0 0 0 0 0 3 3 1 4 4 3 4 2 2 1 2 2 0 1 0 1 3 3 3 1 3 4 1 0 3 0 0 1 4 3 2 4 4 0 4 3 3 0 0 0 3 4 2 0 4 3 3 0 0 2 0 3 2 4 1 2 4 0 2 0 0 0 1 4 4 3 3 4 0 3 1 0 4 0 3 0 2 3 2 4 1 0 3 4 3 3 2 2 0 2 4 1 3 3 3 1 0 4 1 0 2 0 3
4 2 1 0 0 1 0 2 3 1 1 0 4 1 4 2 0 0 0 1 2 1 1 0 4 4 2 1 2 0 1 3 3 0 1 1 3 4 3 4 4 4 1 2 1 3 2 4 3 0 0 0 1 1 1 1 4 4 2 2 1 0 3 4 0 0 4 0 4 3 4 1 2 3 1 1 1 2 0 0 4 4 4 0 3 3 3 2 0 3 0 2 0 0 3 2 2 3 0 1 3 0 1 1 4 4 4 4 0 0 4 0 3 4 4 2 2 4 4 1 0 2 0 1 0 4 3 1 3 2 0 4 2 0 1 1 3 3 3 0 0 3 4 4 4 0 4 1 2 2 3 4 1 4 2 0 3 3 0 1 3 1 2 1 1 1 3 4 2 1 3 2 4 2 2 1 2 2 2 2 1 2 0 0 2 4 2 2 4 1 3 2 4 3 3 3 1 0 1 1 3
4 0 3 2 2 3 3 4 2 4 3 1 3 4 2 2 2 1 2 0 1 1 0 0 3 4 1 4 4 4 0 3 0 0 4 4 3 2 2 4 1 2 4 2 0 2 2 2 2 2 4 4 4 4 3 3 3 3 2 4 0 4 1 3 2 3 3 2 4 0 0 0 4 0 1 2 3 1 1 2 1 3 1 2 4 1 3 2 1 0 3 2 0 2 0 3 3 1 2 4 1 3 1 1 2 1 3 1 4 2 3 1 4 2 1 3 3 2 4 1 2 4 0 1 0 0 0 3 0 2 3 2 4 4 4 4 0 2 1 3 2 3 0 4 3 1 3 0 3 2 4 1 0 0 4 1 3 0 1 2 3 2 4 2 1 0 1 4 4 3 4 2 3 3 1 1 0 1 0 4 3 2 1 0 3 1 4 0 3 2 4 1 3 2 0 3 4 4 1 3 4
4 0 4 4 0 0 0 4 1 1 0 0 2 1 4 1 3 2 1 2 1 1 3 3 4 2 0 0 4 2 3 3 0 0 2 2 4 3 3 1 1 0 3 1 0 0 2 0 0 2 1 2 3 3 1 2 3 4 3 0 2 1 2 1 0 4 3 1 1 3 1 2 1 4 4 0 0 0 1 3 2 3 4 2 1 0 2 3 4 2 0 2 2 2 2 1 3 3 4 0 1 0 2 1 4 3 1 0 3 3 3 2 1 2 0 2 1 0 1 1 2 2 1 0 0 1 2 2 2 0 2 3 4 3 2 4 4 0 1 4 0 2 1 4 3 3 2 1 4 2 4 4 4 4 3 3 4 2 4 2 1 1 2 1 3 3 4 2 2 0 1 4 1 4 0 0 3 3 0 1 3 4 4 3 2 0 4 2 1 1 2 4 0 3 1 3 3 4 0 2 3
4 1 2 1 1 1 2 3 0 2 0 2 4 0 1 4 0 1 0 4 1 0 1 1 4 4 4 1 1 2 0 0 4 2 1 1 4 4 1 3 3 1 1 4 0 0 2 4 0 3 2 3 0 0 4 2 0 2 0 1 1 2 4 3 1 3 2 2 2 4 2 1 3 4 3 3 4 0 4 3 2 3 3 0 1 0 0 2 4 3 4 1 4 3 3 1 3 1 3 0 0 0 0 1 4 1 0 3 1 0 3 1 2 1 0 3 3 0 1 3 4 3 2 0 3 2 4 1 3 3 2 0 3 0 2 2 0 3 4 4 2 3 1 4 0 2 0 3 2 3 1 0 3 3 3 2 1 1 4 3 4 3 0 0 1 2 3 3 1 4 0 0 4 1 3 4 2 2 2 3 4 0 2 1 2 0 1 0 3 3 3 1 4 2 1 1 0 0 0 1 3
4 4 1 1 3 0 0 4 2 4 2 2 2 0 2 1 3 4 2 0 4 3 2 0 1 1 2 0 3 4 2 0 3 0 2 4 2 4 3 3 2 1 3 3 3 2 0 0 3 4 3 0 4 3 3 4 0 3 1 4 3 1 0 1 4 2 3 4 1 2 1 4 2 3 2 1 0 2 0 0 3 2 2 3 0 0 0 4 4 4 0 3 1 3 3 3 2 0 4 0 3 0 2 1 1 0 2 3 4 0 3 0 3 1 1 2 3 4 4 3 1 4 3 2 4 4 4 2 4 0 3 2 1 0 3 4 0 2 1 4 2 1 2 1 1 1 4 1 1 2 4 0 1 2 3 1 0 1 3 1 4 0 1 4 3 2 1 1 0 0 3 3 2 2 3 3 4 0 1 0 3 3 1 4 0 2 4 2 0 0 3 4 1 0 2 2 2 2 3 3 4
4 3 2 4 0 4 3 4 1 3 0 3 4 3 0 0 2 2 2 3 4 4 0 2 1 1 2 4 4 1 3 4 3 3 1 1 4 4 4 3 1 3 2 0 0 0 0 4 1 4 0 3 4 1 1 1 4 1 4 1 1 4 4 0 4 2 4 4 3 3 2 1 3 4 2 2 4 4 1 2 3 4 0 2 2 2 4 3 2 4 2 2 0 0 3 4 4 3 1 1 4 2 2 1 4 3 4 0 0 0 1 1 3 1 3 2 0 0 1 4 0 4 0 2 3 1 2 3 2 1 1 3 0 2 2 1 3 1 0 2 4 1 2 4 0 4 3 3 1 2 0 4 0 0 1 3 1 2 4 0 0 2 4 1 0 2 4 2 2 0 4 0 2 1 1 2 2 3 2 2 0 3 1 4 2 2 2 1 2 1 3 2 2 0 2 3 2 1 1 1 3
4 2 1 4 0 3 0 3 4 0 2 0 0 0 3 0 3 1 0 4 3 4 2 3 1 3 0 1 0 2 2 4 3 4 4 2 2 1 3 2 2 4 1 2 4 4 3 2 0 0 2 3 1 3 0 3 3 4 2 2 4 4 0 0 4 0 2 0 0 1 4 3 3 1 0 0 0 2 3 0 4 0 2 2 4 2 1 4 2 1 3 0 1 3 0 1 3 3 2 2 1 0 0 4 3 3 4 2 4 0 0 4 0 4 2 4 1 3 3 3 3 3 4 1 1 1 0 3 1 4 4 1 2 3 3 4 0 2 4 3 0 1 1 1 0 2 3 1 4 2 0 1 4 2 3 1 1 0 3 3 1 1 1 3 2 2 4 4 2 2 0 2 4 4 4 4 4 4 2 4 4 3 0 1 3 3 0 4 0 3 4 1 3 4 3 0 1 2 0 2 2
4 1 3 4 3 2 0 3 0 4 2 0 2 0 3 3 0 1 0 4 1 0 4 1 2 4 2 1 0 3 4 1 4 4 1 0 0 1 1 0 4 0 4 4 3 4 1 3 3 2 2 2 2 1 4 4 4 3 4 2 3 0 2 4 3 1 3 2 0 2 3 3 4 0 1 0 4 2 1 1 4 1 1 0 1 3 1 3 0 1 3 0 3 0 0 0 2 1 4 0 0 0 0 2 0 1 1 1 3 0 2 2 2 0 4 3 0 3 4 3 4 4 3 4 0 1 4 2 3 4 3 2 1 1 0 1 3 3 4 2 2 3 3 3 3 3 2 4 2 2 4 3 3 1 1 4 3 2 1 0 0 3 2 3 0 4 1 4 2 0 1 4 0 3 1 1 3 0 2 4 0 3 1 3 0 1 2 0 2 2 0 1 3 1 3 4 3 3 1 1 2
4 0 1 2 0 1 0 3 0 2 3 3 1 1 1 4 4 2 2 1 4 4 2 3 2 4 4 2 4 0 0 2 3 1 3 3 3 0 4 3 1 3 2 0 3 0 0 2 3 1 0 4 4 4 0 4 4 4 4 2 2 2 2 4 4 2 3 1 1 1 4 4 0 0 3 4 1 2 0 2 2 2 2 2 0 3 2 0 3 4 0 0 3 3 2 2 0 1 3 4 3 2 4 1 1 2 1 1 0 4 0 1 1 0 2 0 3 3 3 3 0 1 0 0 2 1 2 3 3 4 0 1 1 2 0 0 0 4 1 2 1 4 1 4 3 4 1 1 0 1 1 3 2 0 4 2 1 0 3 0 2 1 2 2 4 1 3 3 0 2 0 0 4 2 2 3 0 3 2 0 0 2 4 0 2 1 4 1 3 0 0 2 2 1 4 0 2 4 0 1 2
4 4 4 0 2 4 3 1 1 0 0 3 2 0 1 4 1 3 1 4 1 4 1 2 4 1 0 3 3 1 0 2 4 1 0 2 0 2 4 2 3 3 0 4 2 3 3 4 0 1 0 2 0 2 4 4 2 4 1 0 2 1 0 2 3 4 3 2 1 3 2 4 3 0 1 4 2 4 2 4 4 1 3 2 2 4 1 2 2 3 4 4 4 3 1 2 2 2 2 0 0 1 4 0 3 3 1 4 1 4 2 3 3 4 4 2 2 0 1 3 2 4 3 4 0 3 2 0 1 2 0 2 2 4 3 4 0 4 2 1 0 3 4 4 0 2 3 0 3 4 3 1 3 2 2 0 1 0 4 4 1 3 2 3 4 1 3 0 0 2 2 2 4 1 2 1 0 3 1 3 1 0 0 1 2 0 3 4 1 2 2 2 4 1 1 4 1 2 1 0 4
4 3 3 2 2 4 0 3 0 0 4 1 2 1 3 3 4 1 3 1 0 1 1 1 2 3 3 1 2 1 4 2 0 4 3 1 1 4 1 3 0 1 1 4 0 3 0 4 1 1 4 2 4 2 3 1 1 3 4 4 2 3 0 3 1 0 2 4 2 0 3 2 1 2 3 0 4 4 0 4 4 0 4 1 3 3 3 4 0 1 3 0 0 1 1 3 3 0 1 2 3 2 2 4 2 2 3 0 2 4 2 1 3 4 3 4 3 4 1 2 4 0 3 0 3 1 1 3 1 1 3 1 0 2 0 4 2 1 0 4 3 1 0 2 4 4 2 0 3 2 0 1 2 3 0 3 3 3 2 1 3 1 0 1 1 4 1 1 3 1 3 3 4 4 2 1 2 1 4 1 4 1 3 1 3 1 0 2 1 0 2 1 1 3 4 2 2 4 3 1 4
4 2 3 3 4 1 0 3 4 2 2 1 2 1 3 2 2 2 3 3 4 1 2 4 2 3 0 0 2 4 1 3 2 2 4 3 3 4 0 3 1 2 0 4 4 2 3 4 0 0 4 0 2 3 3 1 0 0 0 0 4 4 0 1 2 4 4 1 4 2 1 3 2 3 1 3 2 0 3 4 3 3 0 2 3 4 1 1 1 3 4 3 2 4 1 3 4 1 3 2 1 2 4 0 0 1 0 1 0 0 3 4 2 1 0 0 3 4 3 2 2 2 1 1 2 2 3 1 4 4 2 2 0 2 1 0 4 0 0 4 4 3 0 4 2 2 3 1 1 0 1 4 1 3 1 4 1 4 1 2 2 4 3 4 4 1 0 0 3 2 4 3 3 1 1 0 1 4 1 1 3 4 2 3 3 3 1 0 2 1 1 2 1 0 0 4 0 1 2 2 4
4 4 0 3 2 4 1 1 1 2 4 2 3 4 0 2 1 1 0 1 2 0 4 3 1 0 2 2 2 2 1 0 3 2 2 4 0 1 2 0 0 0 2 4 4 1 3 1 3 2 1 1 1 1 2 2 2 0 0 1 0 2 1 0 4 2 0 2 4 0 2 1 1 3 2 1 1 2 2 4 3 3 3 4 0 4 2 1 1 2 0 2 3 2 0 0 4 3 1 4 2 0 4 2 2 2 4 0 0 0 3 4 1 1 3 0 3 3 4 0 2 4 0 2 3 2 1 4 1 4 4 2 2 4 3 2 2 4 0 3 4 4 3 0 0 2 4 1 1 0 4 1 4 3 4 4 2 3 0 4 1 3 1 1 1 4 0 3 4 4 3 3 1 4 0 1 1 1 2 2 4 4 0 2 0 2 4 3 2 3 2 1 4 1 0 3 4 2 0 1 0
4 3 4 4 1 0 4 2 3 1 1 2 3 2 1 4 0 2 0 0 2 0 3 2 3 0 1 0 1 3 1 3 2 4 1 4 3 3 4 0 1 4 3 0 1 1 4 2 1 2 1 0 3 0 1 0 1 4 1 2 3 3 1 4 4 4 2 3 4 1 3 4 2 2 0 3 0 1 3 2 0 4 4 1 4 2 2 2 3 0 0 3 3 3 3 1 4 0 4 3 3 3 2 0 4 3 0 2 4 1 2 1 2 3 3 2 3 1 0 3 1 2 2 4 2 3 3 1 2 2 4 1 4 1 1 3 3 3 4 0 3 0 2 0 3 4 1 3 3 0 1 2 1 3 2 2 1 4 1 2 1 2 4 3 4 0 2 0 2 1 4 2 1 0 0 4 4 2 4 1 2 1 0 4 3 1 4 0 3 4 3 2 0 0 2 4 0 4 2 4 1
4 3 2 0 3 2 3 3 3 1 2 3 3 2 2 2 0 2 0 0 0 2 3 3 2 3 0 1 2 3 2 3 1 3 2 2 4 3 1 3 3 0 4 0 0 2 4 1 0 1 4 0 2 0 4 4 1 4 4 0 4 4 2 2 0 1 3 4 1 0 0 2 4 2 4 4 2 1 1 0 2 1 4 1 4 3 1 4 1 3 2 2 4 2 3 4 3 2 4 1 2 3 4 1 4 4 4 4 1 4 2 3 0 0 1 0 1 3 3 2 4 3 2 2 0 1 2 0 0 4 0 1 1 1 0 1 1 1 2 3 3 0 1 0 0 4 1 4 4 3 1 3 2 0 1 4 0 0 4 1 1 3 0 3 0 3 2 0 4 4 4 0 1 1 1 3 3 0 3 0 0 4 3 0 3 3 2 4 4 1 2 4 3 2 3 0 0 2 0 2 1
4 3 4 1 4 4 0 4 3 4 3 2 0 2 2 0 2 0 1 0 4 1 2 1 3 3 4 0 4 2 3 2 2 4 3 3 4 0 3 0 3 2 4 4 4 2 0 4 3 1 3 3 0 2 1 4 4 0 0 4 3 3 4 1 1 1 2 1 1 1 3 4 0 1 2 4 1 0 0 4 0 4 0 2 2 1 1 3 3 4 2 2 0 0 3 1 1 3 4 0 1 0 4 0 2 3 2 1 0 4 2 4 1 3 1 1 1 4 4 2 0 1 4 0 3 4 1 2 1 2 2 2 1 4 3 3 2 2 0 3 2 3 0 1 1 4 1 3 3 1 0 3 1 3 0 3 2 0 0 1 1 0 4 1 4 1 0 4 1 4 3 2 0 0 2 1 2 2 1 3 2 0 2 4 1 2 3 0 3 0 2 4 0 1 4 4 2 3 0 3 4
4 1 1 3 2 1 1 3 3 4 3 1 3 1 1 3 3 3 1 1 3 1 0 4 3 4 3 1 0 1 1 1 1 2 0 3 4 1 4 1 3 3 4 4 2 3 0 3 2 2 1 1 1 0 3 4 4 3 4 2 3 4 2 0 1 2 4 2 4 1 1 4 0 3 0 2 3 1 2 2 4 0 4 1 1 2 3 4 1 4 2 0 3 1 1 3 4 2 0 3 0 2 1 0 1 1 3 3 1 3 0 4 4 4 2 2 2 1 2 0 1 2 3 0 3 4 4 3 0 3 3 1 0 2 1 0 3 3 2 0 3 1 2 0 4 1 3 2 1 3 3 4 4 1 1 4 3 4 0 0 1 1 4 3 0 3 0 1 0 3 3 3 1 1 3 1 1 4 2 3 3 2 0 1 2 3 4 3 0 0 2 3 2 4 0 3 1 4 4 4 0
4 4 0 3 4 3 1 4 1 0 0 4 0 0 4 3 2 0 3 3 0 4 2 4 2 0 0 4 1 2 4 3 0 1 1 1 4 4 3 1 3 0 1 0 2 3 2 4 0 0 1 4 2 4 2 1 0 4 1 2 4 1 4 3 0 4 3 2 1 2 2 4 0 4 0 4 4 3 4 4 3 3 2 2 1 0 2 0 2 3 4 0 3 1 1 4 4 4 3 0 0 2 0 0 3 1 3 2 3 0 1 1 2 4 2 1 2 4 3 1 3 4 4 4 0 2 4 4 3 4 0 4 3 4 0 2 4 3 1 3 3 2 1 2 4 0 4 2 1 4 3 3 4 1 1 4 4 4 4 2 2 0 2 0 1 1 2 3 4 1 3 1 4 1 4 2 1 1 0 4 1 2 3 4 2 2 1 0 3 3 2 0 3 4 3 2 0 4 2 2 1
4 2 3 1 4 4 4 1 1 0 3 4 2 2 4 0 1 0 3 3 0 3 3 3 4 2 3 1 3 1 0 1 1 1 2 1 0 4 1 3 4 0 2 4 3 0 0 4 0 3 3 4 2 2 3 0 3 3 4 4 4 2 2 4 4 3 4 2 4 4 1 2 1 0 3 1 1 1 4 4 4 1 0 3 0 3 1 3 4 4 0 1 1 4 2 0 2 3 0 3 2 0 3 4 2 1 4 4 1 3 0 2 3 3 2 4 3 1 2 4 1 2 4 3 4 2 0 1 4 3 4 4 3 0 1 2 3 0 4 3 2 1 1 2 2 0 3 1 3 1 0 0 2 4 1 1 0 2 4 3 2 2 2 3 3 0 3 1 1 0 1 4 2 3 1 1 4 0 2 0 3 2 3 1 3 1 1 2 0 2 3 2 2 1 1 3 4 2 3 3 3
4 4 4 0 2 0 0 0 4 2 4 0 1 0 1 2 3 0 1 1 1 1 0 3 0 1 0 3 1 4 0 4 3 1 4 3 3 3 2 2 1 1 4 3 4 0 2 1 2 0 0 2 0 2 0 1 4 1 1 2 3 1 3 0 2 1 2 1 1 0 4 2 2 0 4 2 0 3 2 2 3 0 0 3 1 2 3 2 3 1 4 1 1 0 1 3 4 3 0 0 2 4 0 0 3 2 2 2 1 0 1 2 4 3 1 4 3 4 1 2 2 0 1 4 4 1 0 2 3 4 1 1 4 0 0 4 3 3 2 2 3 4 2 2 4 3 1 3 4 4 3 0 2 2 2 2 2 4 4 2 3 3 4 4 3 0 3 0 1 4 3 3 0 0 0 4 0 0 3 4 3 1 4 0 4 0 4 4 2 2 3 4 0 2 4 1 1 1 1 0 1
4 1 0 2 0 4 1 1 2 4 3 3 0 1 4 1 0 4 3 4 2 0 3 3 0 4 3 1 0 0 1 1 2 0 0 1 3 0 1 2 2 4 0 2 0 2 2 0 4 3 0 3 3 4 1 0 2 2 4 2 0 2 3 2 0 2 3 0 2 3 0 1 1 2 4 0 4 4 2 4 3 2 4 0 0 4 0 2 3 0 1 1 3 2 2 4 4 0 4 1 1 3 3 2 3 3 1 2 3 4 4 4 1 2 2 0 1 4 0 3 2 4 2 2 3 1 4 1 1 3 4 1 1 4 1 0 3 0 2 2 3 1 2 2 0 1 1 4 4 1 3 2 0 0 2 0 2 3 0 3 2 3 3 3 1 2 3 2 2 0 2 4 4 2 4 1 1 4 4 2 4 4 0 1 2 1 3 3 1 2 4 0 0 4 3 1 2 0 2 0 2
4 1 0 4 1 1 0 4 3 0 4 0 2 3 4 0 0 1 1 3 3 2 4 0 2 1 3 1 2 4 4 3 1 4 0 1 4 1 2 4 2 3 2 1 0 3 2 3 0 0 3 1 0 1 4 3 0 1 3 4 4 1 1 3 0 2 1 0 4 4 1 4 4 1 2 2 3 1 3 1 1 1 0 0 0 4 4 0 3 3 2 1 2 4 3 4 0 2 4 2 0 2 4 1 2 1 2 4 0 1 2 3 2 1 0 4 3 2 4 4 0 3 1 0 0 3 3 3 3 1 3 4 3 3 0 3 2 0 3 3 0 3 1 0 3 0 2 3 0 0 0 0 2 2 1 1 1 3 4 0 0 4 3 2 4 3 0 2 4 1 2 2 0 4 1 1 0 3 0 0 4 3 0 4 4 1 2 2 3 4 0 0 3 1 4 2 3 4 2 0 2
4 3 4 0 3 4 3 3 1 0 2 3 0 0 3 1 2 0 3 2 0 2 1 4 1 2 1 4 4 2 1 4 1 4 2 2 4 0 3 1 0 3 1 4 3 4 3 1 0 0 3 1 1 0 4 4 2 2 4 3 2 0 3 0 1 2 2 0 2 3 4 4 2 4 4 3 0 0 1 1 4 3 1 1 0 4 4 3 4 2 1 0 4 0 4 4 4 0 4 1 4 3 1 1 3 2 2 0 1 1 1 1 2 4 0 2 1 2 2 0 1 3 3 2 3 4 4 0 4 4 3 3 1 1 0 2 4 0 2 4 1 3 1 0 2 2 3 3 3 0 3 4 3 0 2 2 1 2 2 0 2 4 1 0 4 0 0 1 3 2 1 0 0 2 4 4 3 0 4 3 1 4 3 1 4 2 4 3 4 0 4 3 1 1 3 2 3 3 4 2 2
4 2 3 3 2 4 4 0 1 1 2 3 4 0 4 0 0 4 2 4 0 0 2 2 3 3 0 3 3 1 1 3 1 4 0 4 1 1 0 2 1 3 3 1 2 0 3 0 4 3 0 3 2 1 3 4 1 4 2 2 2 4 4 2 0 1 1 2 2 4 0 0 4 1 1 4 0 1 3 3 2 1 2 3 1 2 0 3 3 2 3 3 1 2 4 0 4 2 0 2 2 1 2 4 4 1 1 3 0 1 0 2 0 4 3 2 4 1 1 0 4 4 1 1 1 3 1 3 4 2 1 4 4 4 3 0 4 0 0 0 1 2 1 3 1 4 3 0 0 4 3 4 4 1 3 1 4 2 2 0 3 4 0 3 4 0 0 1 4 2 3 2 2 4 3 2 3 4 4 0 1 1 3 1 3 1 2 4 4 3 2 1 3 4 2 2 4 3 2 1 4
4 4 1 1 4 0 4 4 4 1 3 2 3 4 1 4 0 1 4 2 3 1 1 1 3 2 4 2 2 0 1 0 4 4 0 2 4 3 2 4 4 3 3 4 0 1 0 3 1 1 3 3 3 3 3 0 4 2 1 2 2 0 3 4 2 1 0 2 0 0 3 2 0 2 2 2 3 4 1 3 3 2 2 4 3 4 0 1 4 4 4 3 0 1 4 3 0 4 3 0 2 2 3 1 1 3 1 1 2 1 0 1 2 1 0 1 2 1 4 0 1 2 2 1 2 3 3 1 1 0 2 0 0 1 3 2 3 1 4 4 1 3 3 0 4 0 2 4 0 1 1 4 4 1 0 4 1 0 3 1 3 3 3 0 3 1 0 3 0 0 3 3 4 2 3 4 4 2 2 3 1 2 2 0 3 2 3 2 0 3 2 2 0 1 0 3 4 2 0 2 2
4 1 3 2 2 0 4 3 2 0 3 1 0 4 4 3 0 1 1 0 2 1 1 2 1 2 2 1 4 0 3 0 1 3 3 1 3 1 4 2 4 0 0 4 3 3 4 0 4 3 4 4 2 0 0 2 0 4 3 4 4 1 2 0 2 2 4 3 0 4 2 4 4 3 3 1 4 1 1 3 2 1 0 1 1 1 2 1 0 3 0 0 1 3 0 3 4 4 1 2 4 2 2 1 2 1 0 3 2 4 0 4 2 3 4 1 2 2 1 1 4 4 3 1 1 0 0 0 3 2 2 0 4 0 1 2 3 2 4 4 4 0 1 0 4 3 0 4 4 4 4 4 1 1 0 2 4 3 1 0 0 4 0 3 4 2 3 1 2 0 3 3 3 2 0 3 2 2 0 3 0 1 4 0 3 0 4 3 3 2 3 1 2 2 4 1 3 3 4 2 2
4 2 1 1 0 3 0 0 2 2 2 4 3 3 4 0 2 0 0 3 4 3 4 4 1 2 4 2 1 1 3 3 1 4 4 2 0 4 0 2 0 2 1 2 0 0 2 4 1 1 2 4 3 0 1 2 0 4 4 1 3 4 4 2 4 2 0 4 1 2 4 1 1 3 0 3 4 3 3 0 1 4 1 1 4 1 1 1 4 0 4 0 0 1 3 3 1 2 4 3 1 1 4 3 2 3 2 2 2 4 4 1 4 3 2 1 0 4 3 4 3 1 1 0 2 1 2 3 4 4 2 3 2 0 0 3 2 1 1 1 4 3 0 3 4 0 3 4 3 2 3 4 0 4 2 0 0 2 0 0 1 3 2 2 3 4 4 4 1 0 2 3 4 3 1 0 4 2 1 1 0 1 1 2 3 4 0 3 4 2 0 3 3 2 2 0 4 0 3 0 0
4 4 0 0 4 1 4 0 4 1 4 0 2 4 2 3 1 1 1 2 1 3 1 1 3 3 2 3 0 3 4 3 1 1 4 3 0 3 1 1 0 2 2 4 2 0 1 2 4 0 4 4 1 1 4 2 2 2 3 2 2 2 2 3 0 1 1 0 1 2 3 3 0 0 4 0 3 1 2 0 0 0 4 0 1 2 3 1 3 2 2 0 2 0 4 1 0 3 1 3 4 3 1 4 3 2 0 0 1 0 2 4 0 0 4 1 1 1 3 2 1 2 4 0 3 0 3 1 1 1 4 3 0 4 0 4 3 4 4 2 4 3 3 1 2 0 1 1 0 1 2 2 1 1 2 0 1 2 0 2 0 2 1 1 2 4 1 0 3 0 3 3 4 1 3 3 1 0 0 0 0 0 2 2 0 4 0 1 3 2 3 2 2 3 3 1 1 1 3 2 0
4 2 0 2 3 1 1 4 3 3 0 1 0 4 2 0 2 1 1 1 2 2 4 2 0 2 0 2 3 1 4 2 3 1 1 2 3 3 3 0 1 3 4 2 0 0 0 2 3 3 2 3 3 1 4 0 1 1 2 0 2 3 1 3 2 1 2 1 3 0 0 3 4 3 3 4 4 0 1 0 4 3 3 3 0 4 3 0 2 4 4 0 3 4 2 1 3 2 2 1 4 1 1 2 0 1 1 4 0 2 2 4 1 2 3 2 2 4 4 3 3 4 3 0 3 2 0 2 3 4 1 0 0 1 2 1 0 2 0 0 2 1 1 4 2 0 3 3 0 2 3 3 3 2 4 2 1 3 1 1 1 4 2 3 0 0 4 2 4 4 2 0 3 1 0 4 0 1 0 2 4 1 0 0 0 2 1 4 2 4 4 4 2 1 4 3 3 1 0 2 0
4 4 0 2 4 3 2 2 2 1 0 1 3 2 0 0 4 3 1 1 4 1 0 3 1 4 0 4 3 4 0 1 2 3 1 2 4 1 2 1 1 1 2 3 2 3 2 3 3 0 0 3 3 0 2 3 0 3 3 2 3 1 1 3 3 0 2 3 4 2 4 3 4 1 1 3 3 0 0 4 3 1 0 0 4 4 4 4 4 1 1 4 4 4 3 1 4 3 0 1 2 4 2 2 1 2 3 4 1 4 1 3 3 0 0 0 2 3 0 3 0 4 1 1 4 0 4 0 4 0 1 4 3 1 0 0 1 4 4 4 2 1 4 0 3 4 4 1 1 4 0 1 2 4 1 0 0 3 1 2 0 4 4 1 2 3 2 1 0 0 3 1 4 3 4 2 4 0 2 3 1 3 0 1 3 0 1 1 2 1 2 2 0 0 3 4 2 1 1 4 4
4 1 3 0 1 0 0 4 4 4 1 3 4 2 0 2 0 2 0 1 3 4 1 2 1 3 0 4 1 2 3 0 2 4 4 0 1 3 2 2 2 4 1 0 2 3 1 2 0 2 1 1 3 1 0 0 1 2 4 4 3 2 0 1 3 2 4 1 1 3 3 2 0 3 3 3 4 2 3 1 0 1 3 4 4 4 1 4 3 2 0 3 1 0 1 3 2 0 1 4 2 4 4 1 3 3 0 0 1 0 3 0 0 0 3 2 4 1 4 0 1 2 2 4 0 2 3 1 0 0 0 0 0 0 3 2 3 2 3 2 1 1 3 3 3 4 4 4 0 2 0 2 2 2 1 3 3 2 0 1 1 2 1 1 1 1 1 0 1 3 1 2 1 3 2 4 1 2 3 4 3 3 0 2 0 3 3 1 2 0 3 1 2 4 3 3 3 3 2 4 1
4 0 2 0 4 3 2 0 3 2 0 4 3 0 2 1 2 1 1 1 2 2 2 0 1 2 0 2 3 2 0 3 1 4 1 3 2 2 4 2 1 2 3 3 2 2 3 0 3 1 3 2 0 4 3 1 0 0 3 4 1 0 3 3 2 2 0 2 3 4 3 3 4 1 0 4 3 0 1 3 0 3 2 0 4 2 1 4 0 0 3 3 0 4 1 0 3 2 1 4 3 0 0 1 1 2 3 2 1 0 0 0 2 3 2 4 3 2 1 2 0 3 2 2 4 3 4 3 2 0 3 2 1 0 1 0 4 1 1 3 0 3 2 3 1 4 0 1 4 0 0 3 2 3 4 2 0 2 1 3 4 0 1 1 2 4 0 4 1 3 2 2 4 2 3 0 1 0 3 4 1 1 0 2 2 3 1 0 0 0 2 1 0 0 0 0 3 4 0 2 1
4 4 4 1 1 4 4 0 3 4 3 4 3 0 1 4 3 0 3 0 0 1 3 2 0 0 0 0 2 0 4 0 3 4 0 0 0 3 3 2 0 3 4 3 2 1 0 1 2 0 1 1 4 3 2 2 0 0 2 0 2 1 2 3 3 4 2 3 4 4 0 4 1 1 2 1 4 4 1 3 4 3 2 0 3 4 3 1 0 2 1 3 4 4 1 3 0 0 0 1 4 1 2 2 1 3 2 0 3 4 2 3 4 2 1 0 1 4 2 2 1 3 1 0 0 2 2 4 2 4 1 3 4 2 2 0 1 1 2 1 1 4 2 2 3 0 2 0 2 3 0 0 2 2 1 1 3 2 4 1 0 0 4 0 2 0 3 0 4 4 1 3 4 3 1 3 1 0 3 3 3 2 3 0 1 3 2 1 3 1 3 2 1 3 3 4 1 4 3 1 2
4 0 0 3 0 3 0 0 0 1 2 1 3 1 0 1 0 2 1 3 1 0 3 4 0 0 0 3 0 3 4 1 0 4 1 3 2 4 1 3 0 3 1 0 2 1 3 2 1 2 4 4 3 0 4 4 1 1 1 0 1 3 1 1 4 0 2 1 1 1 1 2 0 0 1 3 1 3 0 1 4 4 1 2 1 4 4 0 0 2 2 0 3 4 2 4 2 4 0 1 0 3 0 3 0 3 1 1 0 4 1 2 1 3 4 3 1 4 4 1 4 0 4 0 1 1 0 0 4 3 0 1 0 0 4 2 1 1 4 3 3 0 4 1 2 4 4 4 0 2 3 3 0 3 0 2 4 0 4 4 0 4 2 2 2 1 4 4 1 1 0 4 2 4 0 1 0 2 1 3 1 4 1 1 1 3 2 4 3 0 0 1 2 2 1 4 3 0 4 0 0
4 2 3 4 2 3 1 4 1 4 0 1 0 0 2 3 4 2 0 0 1 1 1 2 0 1 1 4 1 0 1 3 2 3 3 0 4 2 1 3 3 2 3 0 4 2 0 4 3 3 0 3 2 3 2 3 2 2 4 1 0 3 4 3 2 0 1 4 1 0 0 2 4 4 2 4 4 3 0 2 2 4 2 2 3 2 4 0 3 4 4 4 4 0 3 1 0 3 2 4 2 2 0 2 3 4 1 2 3 3 0 0 0 2 4 0 2 1 0 3 1 4 0 3 3 0 2 2 0 0 1 1 1 0 1 3 3 3 3 0 2 2 3 4 3 3 0 0 0 2 3 4 0 2 4 3 4 0 2 4 2 1 4 3 2 3 2 1 4 1 3 1 0 4 3 2 4 0 2 1 2 4 0 2 2 1 4 1 4 0 3 1 0 3 4 1 3 4 3 2 1
4 1 0 1 0 1 2 0 2 3 3 2 0 4 0 1 1 2 3 2 2 3 0 4 0 4 1 0 1 0 3 1 0 4 3 0 1 2 2 3 2 2 2 0 4 3 3 0 4 1 4 4 1 0 0 4 2 2 1 0 4 2 3 2 2 1 4 4 3 3 1 3 0 3 2 4 1 4 4 1 0 4 4 0 2 0 2 4 1 2 0 3 4 3 4 0 0 3 0 1 3 4 0 3 4 4 4 1 3 4 1 3 1 1 2 2 0 3 2 0 4 0 3 3 0 0 0 1 1 4 2 1 3 2 2 2 0 1 0 1 0 0 4 1 0 2 4 4 3 2 1 0 4 4 3 0 2 4 1 0 4 3 1 0 1 3 4 2 3 0 4 1 3 0 2 4 1 1 3 1 0 2 4 2 2 1 0 1 3 2 3 1 0 0 1 3 2 3 1 1 0
4 0 0 4 4 2 4 1 1 0 1 3 1 0 3 1 3 2 0 0 0 4 1 4 4 1 2 1 3 4 1 1 3 4 1 1 2 0 3 0 3 0 1 2 2 1 3 0 3 2 0 4 2 4 0 1 2 2 0 2 1 1 4 0 1 0 0 0 3 1 4 1 1 1 1 2 1 2 3 4 1 2 2 1 4 4 1 4 3 3 0 0 2 1 1 2 3 0 4 4 3 0 4 3 1 3 1 4 1 4 3 1 0 2 3 0 1 0 3 3 3 2 3 1 3 3 0 0 3 2 2 2 0 0 2 3 1 3 1 3 4 2 2 1 1 0 0 3 0 3 4 3 3 0 0 1 0 2 4 2 4 1 2 3 2 2 2 3 3 0 0 3 1 1 4 3 4 0 1 1 4 0 1 4 3 0 3 0 0 1 4 0 4 0 2 4 4 1 3 3 4
4 1 3 0 1 2 1 2 2 0 4 3 4 2 2 0 2 4 0 2 2 2 1 0 0 4 1 4 1 2 4 4 0 4 3 0 3 0 4 4 0 1 4 3 4 3 4 3 1 1 0 3 2 4 3 2 1 3 0 2 2 1 1 2 2 4 2 1 1 3 2 4 3 4 1 4 4 4 2 0 2 0 0 0 4 2 3 1 4 0 2 3 0 0 0 0 1 3 1 0 2 0 3 2 4 3 3 3 3 4 4 0 1 0 4 2 2 3 2 2 3 0 3 1 2 4 3 1 0 3 3 3 3 4 2 4 1 1 1 2 1 2 0 3 0 0 0 4 0 1 1 1 1 4 3 0 4 1 0 3 3 4 3 0 4 4 2 0 1 3 3 0 0 1 0 4 2 0 1 2 3 0 2 2 1 3 4 1 3 2 4 4 4 0 4 0 1 3 0 2 3
4 3 2 0 4 3 2 3 4 2 3 4 4 1 0 0 1 4 3 2 3 0 0 3 4 1 1 1 4 4 1 3 2 4 4 3 3 2 1 1 4 4 2 1 0 1 0 2 1 1 4 2 4 4 1 2 4 4 2 3 4 2 0 1 0 0 4 2 2 3 2 1 3 4 3 1 0 3 2 1 3 3 0 4 3 1 4 0 4 1 3 2 4 4 4 2 4 4 3 1 3 1 0 2 3 1 0 0 4 2 4 1 3 4 1 1 4 0 1 4 0 1 0 0 2 1 0 2 4 3 2 2 0 3 2 2 1 2 0 2 3 4 4 2 0 1 1 4 3 0 4 1 0 2 2 1 2 3 1 4 1 0 0 4 0 4 0 2 0 3 2 0 4 1 3 4 1 2 1 3 3 1 3 0 3 2 0 0 1 4 0 3 3 3 1 3 0 2 4 1 3
4 3 0 4 2 0 0 2 3 4 0 1 3 0 1 4 4 2 2 4 2 0 0 1 2 4 1 0 3 1 1 1 1 4 4 1 1 2 4 2 2 0 3 1 0 0 1 4 0 3 2 3 0 1 1 4 1 0 3 0 0 1 1 2 3 3 1 4 3 4 3 1 2 4 3 1 3 3 3 2 2 4 4 0 4 3 0 2 2 3 0 4 0 2 3 3 3 4 3 0 4 4 1 2 2 0 0 2 1 3 1 2 1 2 4 1 1 3 1 3 3 3 3 2 4 0 0 3 1 1 0 1 4 0 3 4 1 2 2 0 4 0 4 3 0 0 1 2 4 4 4 4 0 0 0 3 2 1 0 2 2 1 1 3 4 2 4 1 0 0 0 1 0 1 3 0 3 2 0 4 4 4 1 2 1 2 0 4 1 4 1 4 3 0 2 0 2 2 2 2 1
4 1 4 4 2 1 0 0 4 1 4 4 4 1 3 3 1 1 2 4 3 3 4 3 3 2 2 1 1 4 3 1 1 1 2 1 4 3 4 3 4 3 3 3 0 0 0 4 1 1 1 1 3 0 4 0 3 2 0 0 4 0 2 4 4 2 1 3 4 0 1 4 2 4 2 4 0 1 2 1 1 0 2 4 0 3 4 0 1 2 1 2 3 2 2 4 1 2 1 0 4 0 4 1 1 2 3 2 3 0 2 4 2 1 4 4 3 4 1 1 1 2 1 1 3 0 1 2 3 4 4 1 2 2 1 1 2 1 1 2 0 1 0 2 4 2 4 3 3 3 1 0 0 0 3 3 2 1 4 2 2 1 3 1 3 4 1 4 4 2 0 4 0 0 4 4 4 2 0 2 2 0 0 3 4 3 3 2 0 1 1 0 0 3 4 3 2 2 0 4 3
4 4 4 1 2 3 3 3 2 0 1 3 4 4 3 3 1 1 4 1 2 4 3 4 2 4 1 1 1 3 3 2 2 3 4 1 0 2 1 3 2 4 0 2 4 4 2 1 4 4 0 0 3 3 4 4 1 0 2 2 0 3 1 2 4 3 4 1 1 3 0 4 4 2 0 1 1 0 1 3 3 2 1 3 0 3 0 1 4 3 4 0 2 1 0 1 3 2 2 4 0 3 0 3 0 3 2 4 4 2 1 2 1 0 0 2 2 1 3 0 2 2 4 0 1 1 1 3 0 3 4 4 1 1 2 2 0 0 3 0 0 1 3 2 0 1 4 0 3 0 0 2 1 3 3 0 4 4 4 3 0 1 2 2 3 4 2 2 3 3 3 0 4 4 4 4 3 2 0 1 0 1 1 4 4 3 3 2 1 4 1 4 1 3 3 2 4 4 2 3 2
4 3 4 1 1 2 3 4 3 0 0 0 4 1 3 3 2 0 2 2 0 3 2 4 4 3 2 0 4 4 3 4 3 1 4 2 3 1 4 2 2 0 0 3 1 0 1 4 1 4 0 4 3 3 2 2 0 3 4 4 0 3 2 3 0 1 3 0 0 1 4 1 1 0 1 0 1 2 0 0 4 3 3 0 4 1 2 2 4 2 3 3 1 2 4 0 2 1 2 1 1 1 0 2 0 2 1 0 1 4 0 1 0 0 2 2 3 4 3 0 3 2 2 0 3 0 3 4 0 2 2 4 3 1 2 3 3 3 0 2 4 2 2 4 2 2 2 0 4 0 4 1 1 2 0 0 0 3 2 4 3 3 2 0 3 0 1 4 2 4 2 2 2 1 2 1 3 3 4 4 3 3 0 1 2 3 0 4 4 2 0 2 1 1 2 3 2 0 4 2 4
4 2 1 1 1 0 4 0 1 4 0 0 3 3 1 3 1 1 0 2 0 3 2 2 2 4 0 0 4 3 2 2 1 0 1 0 3 2 0 3 0 1 4 0 4 4 4 4 4 0 2 0 2 1 2 0 0 4 1 0 3 1 3 2 0 1 4 2 2 0 2 3 3 4 1 2 3 2 1 3 2 2 0 3 2 0 0 4 2 1 0 1 2 0 2 0 1 3 3 1 4 2 3 0 2 3 2 2 3 1 4 3 4 3 0 2 3 3 1 1 3 1 2 3 1 3 2 2 2 3 2 4 2 0 3 1 4 4 0 0 3 4 3 4 3 0 2 3 2 2 4 2 1 4 1 1 0 4 0 2 1 1 4 0 1 3 1 1 3 1 0 1 1 3 2 2 4 1 1 3 4 3 0 3 4 4 0 2 4 3 3 4 1 3 2 2 1 2 0 4 2
4 2 2 1 4 4 3 4 0 0 4 0 0 1 4 1 1 2 2 4 1 2 0 1 2 0 4 1 3 3 2 1 0 4 3 1 4 4 4 1 2 4 3 1 1 0 2 2 3 3 2 3 4 3 1 2 2 3 1 4 1 0 4 0 4 4 2 2 2 0 0 4 2 0 3 3 3 1 1 4 4 1 2 3 2 2 0 3 2 2 4 0 4 1 4 3 1 2 0 4 3 2 0 2 0 4 4 3 3 2 0 2 0 1 0 3 2 1 1 3 3 4 2 1 1 3 0 3 0 2 3 1 1 3 2 0 1 2 2 3 1 0 1 2 2 4 3 1 2 1 2 0 4 1 2 0 1 1 1 4 4 0 3 3 0 0 3 1 0 4 3 2 3 4 2 0 0 2 1 2 1 4 3 0 2 0 2 3 3 4 3 3 1 2 0 4 4 2 4 2 2
4 3 0 4 4 3 2 3 2 4 1 4 1 0 3 3 0 4 3 0 3 2 3 1 4 3 0 4 2 3 3 3 3 4 2 0 4 2 0 3 1 3 2 0 1 0 4 3 4 4 4 4 3 0 0 2 0 2 4 2 2 0 1 3 0 2 2 2 0 1 2 0 4 2 0 2 4 4 2 3 4 3 3 1 4 2 2 4 1 4 1 0 2 4 1 0 0 3 3 0 2 0 3 2 2 4 3 2 1 4 2 1 0 1 2 4 3 4 0 0 3 2 2 2 3 2 0 0 3 4 4 2 4 2 2 2 1 2 0 3 0 1 1 2 0 0 2 2 1 1 0 3 4 1 0 4 1 4 1 0 4 1 2 3 4 0 3 2 2 0 0 3 2 0 2 3 0 2 0 4 2 2 3 0 4 3 2 4 3 1 1 3 1 4 1 3 1 1 4 3 0
4 2 2 3 4 0 4 3 3 0 2 0 3 2 4 2 1 2 2 0 1 1 1 0 3 2 2 4 2 2 4 0 2 1 0 0 1 0 1 2 4 4 2 1 1 3 0 3 0 0 4 1 4 0 1 0 4 1 4 2 1 4 2 1 1 1 0 1 3 1 4 0 0 2 4 1 1 0 2 2 0 2 4 1 1 0 0 0 1 2 4 2 3 4 2 0 4 2 2 0 0 0 3 3 1 1 0 3 0 3 0 3 1 1 2 1 1 2 1 0 0 3 2 1 3 2 4 0 0 0 1 4 4 0 4 0 2 1 1 0 3 3 3 2 4 0 2 1 2 3 0 1 0 2 0 1 2 4 3 4 1 2 0 3 4 1 3 4 3 0 0 2 1 4 0 4 4 3 3 3 3 2 0 3 1 1 0 2 3 1 4 1 0 4 2 4 3 2 2 0 0
4 4 0 1 3 4 3 3 4 3 0 0 4 3 3 1 2 3 4 1 0 0 1 3 4 4 3 3 3 2 3 2 2 0 2 4 2 3 4 4 2 2 4 3 1 4 2 4 1 1 3 2 2 0 1 3 1 4 1 2 2 3 2 0 0 1 4 0 0 0 2 2 1 1 2 0 4 1 2 0 2 1 3 2 4 2 1 4 0 0 2 1 2 0 2 4 0 1 0 4 0 0 1 0 4 1 2 3 4 0 4 4 1 2 1 3 0 3 1 3 2 3 4 3 3 4 4 4 1 3 1 2 3 1 0 4 3 2 2 3 3 2 0 3 0 4 2 2 3 2 3 2 4 2 3 1 2 4 2 3 0 0 4 4 2 2 3 1 1 0 4 1 1 3 2 1 2 1 4 3 4 1 0 4 2 2 1 1 3 0 0 4 0 3 0 1 0 1 0 3 0
4 4 3 0 4 2 0 3 0 4 2 2 3 3 1 4 3 4 4 4 1 3 2 0 0 4 4 0 4 2 2 3 4 3 3 4 0 3 1 0 0 0 3 2 4 4 4 2 1 4 4 2 2 4 1 2 0 4 3 1 0 1 0 2 2 0 2 3 0 2 4 0 3 2 0 3 3 3 1 2 0 1 1 0 1 0 1 4 4 1 3 1 3 1 1 1 3 4 0 2 2 3 1 0 1 4 3 0 3 4 2 3 4 0 0 4 2 1 4 1 3 2 4 1 1 2 2 4 2 3 2 3 1 2 2 0 0 0 0 2 1 2 1 3 4 3 3 4 1 4 4 2 4 2 2 4 3 2 3 3 1 4 3 4 2 3 2 3 0 1 3 0 4 4 0 3 0 4 3 2 1 1 4 2 1 0 0 0 4 1 1 0 0 1 3 2 0 4 3 1 2
4 1 3 4 2 2 2 3 1 3 2 4 1 4 2 4 2 3 3 2 0 0 3 1 0 3 1 2 1 0 3 1 2 2 0 3 1 4 1 3 3 1 3 4 2 4 0 3 1 3 1 0 0 3 1 2 2 4 0 0 2 4 2 4 1 1 3 0 3 2 0 4 0 2 0 4 1 2 1 0 4 0 4 2 1 4 0 2 2 2 3 1 0 1 4 4 0 1 3 4 3 2 2 0 1 3 4 0 0 3 3 4 1 1 2 2 4 1 3 2 1 2 4 1 1 4 3 3 4 1 0 4 1 2 3 2 1 1 3 2 2 1 4 2 3 4 0 1 1 4 0 3 3 4 0 2 4 2 3 1 0 1 2 4 3 4 0 1 1 4 2 1 2 0 3 1 2 0 0 2 2 2 4 1 0 4 3 0 3 3 1 4 1 1 4 4 0 4 0 2 1
4 2 0 2 2 1 2 1 4 3 1 2 3 3 2 3 4 2 3 0 4 3 3 0 3 3 0 1 1 3 1 0 4 4 3 0 4 3 3 2 2 3 3 4 4 1 4 3 1 2 1 3 2 2 3 2 1 0 2 2 2 2 2 2 1 0 3 3 0 0 1 1 3 2 0 1 2 0 0 2 0 1 3 1 0 2 1 2 4 1 1 2 2 4 4 0 0 1 2 4 0 0 1 2 4 0 4 1 3 4 1 4 1 3 2 3 4 3 4 2 2 3 2 2 2 0 0 0 2 2 3 3 3 4 1 1 2 2 1 2 1 2 1 1 2 2 4 0 3 2 1 3 4 4 2 0 4 0 2 3 4 4 3 2 4 0 2 3 3 1 2 1 3 1 2 3 4 1 3 1 0 4 1 3 0 3 2 1 0 1 2 1 1 0 0 1 1 0 0 4 1
4 4 3 0 1 2 1 2 1 2 1 3 1 3 2 2 1 2 3 4 4 0 0 0 1 4 0 4 4 0 3 3 4 1 1 4 4 2 4 3 1 0 2 3 0 2 4 0 0 1 4 3 4 4 3 2 3 3 1 0 4 3 0 3 3 1 4 2 0 0 3 0 4 1 0 4 1 4 4 4 3 2 2 3 1 3 1 4 2 0 2 2 3 1 4 3 4 3 3 2 2 1 4 1 2 4 4 2 4 4 0 3 1 2 4 1 4 3 1 0 3 1 0 0 1 0 2 4 0 0 1 3 2 3 1 4 0 2 3 3 4 2 2 2 0 1 1 1 1 4 0 2 4 3 0 1 1 1 4 4 1 3 3 0 2 4 1 0 3 0 4 3 2 3 3 2 4 3 0 0 2 1 2 3 0 4 3 2 4 0 3 0 4 1 2 0 2 4 1 3 2
4 4 3 0 4 2 3 2 0 1 4 2 4 3 4 1 1 1 2 0 3 0 2 0 0 3 2 1 0 4 4 0 3 2 1 3 2 2 2 4 4 2 4 4 4 0 2 4 0 4 2 2 0 3 4 1 1 3 1 3 0 4 2 1 3 0 1 4 3 1 1 3 3 2 2 0 3 4 1 0 4 4 2 3 3 3 4 0 0 1 4 1 0 3 2 3 3 4 0 3 4 4 0 4 2 0 2 3 3 0 2 4 1 3 3 4 2 3 4 4 4 2 3 3 1 2 2 3 2 3 1 3 3 0 2 2 1 4 2 2 2 4 3 2 0 1 1 2 3 1 1 2 0 3 4 0 2 2 0 1 2 4 4 1 2 2 4 1 0 0 0 4 1 1 3 1 4 0 3 3 0 1 1 3 4 2 0 1 1 1 4 2 1 2 2 1 0 4 0 1 2
4 0 0 1 3 4 1 2 3 3 2 3 4 4 3 1 3 1 1 0 2 3 0 1 4 1 4 0 3 2 1 0 0 4 4 2 1 3 0 3 0 4 0 3 1 1 2 3 0 1 2 1 4 4 0 1 4 1 2 4 0 1 0 4 4 0 2 4 0 2 1 4 1 4 0 0 4 4 2 0 0 4 2 0 1 2 2 0 1 4 3 3 0 1 2 2 4 4 3 1 4 1 1 4 4 2 2 1 0 3 4 4 4 4 0 1 4 1 2 3 3 1 0 0 1 0 0 1 2 4 4 2 2 2 1 3 2 4 3 1 4 2 2 3 1 1 4 3 1 0 1 4 0 3 2 3 3 0 1 3 3 2 4 4 3 1 4 3 0 1 2 4 0 1 2 2 3 2 3 0 1 4 2 3 1 0 1 2 2 4 1 1 4 2 1 0 0 3 3 0 3
4 4 1 0 0 2 2 1 2 3 1 1 4 0 3 3 4 3 2 1 3 3 1 1 2 2 1 0 3 2 3 3 3 0 3 4 3 0 4 0 4 3 1 4 2 3 1 3 1 0 1 1 2 3 2 3 4 3 4 1 4 4 3 2 2 3 1 1 0 0 4 2 0 0 3 4 2 3 0 1 4 2 4 2 1 1 3 1 4 3 0 2 0 4 3 4 0 3 0 4 4 4 4 1 1 3 1 2 0 3 4 4 3 3 2 3 4 4 2 3 1 0 1 2 1 0 2 2 0 4 1 4 0 4 2 0 3 0 2 0 0 0 4 0 3 2 1 2 0 0 1 3 3 4 0 2 1 1 0 2 2 2 2 1 1 3 3 3 3 4 4 2 4 2 1 1 1 0 3 4 4 4 0 4 2 0 0 4 1 1 0 0 4 4 0 4 1 4 3 0 3
4 2 0 2 0 0 1 3 2 4 3 4 4 0 1 4 2 1 3 4 0 1 3 1 4 4 1 4 1 2 0 1 1 4 1 3 1 1 3 3 3 4 4 4 0 3 3 1 2 1 3 3 4 0 0 0 4 1 1 3 4 0 1 1 1 1 2 3 1 4 3 2 4 2 4 3 0 3 2 3 3 3 3 4 2 1 3 0 4 0 3 0 2 4 4 3 4 4 1 3 2 1 0 2 1 4 4 2 4 3 3 4 3 0 4 4 4 4 4 3 3 3 2 1 1 0 1 2 0 2 4 3 2 3 3 2 1 4 2 1 3 0 1 0 1 4 0 3 4 4 4 3 3 3 0 2 0 1 2 1 3 1 2 2 1 0 2 4 4 0 4 2 3 4 2 0 1 1 2 3 3 2 0 2 1 1 4 3 4 1 0 1 4 3 4 2 1 3 2 3 0
4 4 1 0 0 2 4 2 0 0 2 3 1 1 1 2 3 1 4 3 3 2 1 3 1 0 1 4 2 0 2 4 0 3 4 1 2 1 3 1 1 2 3 0 4 1 0 0 3 3 4 3 3 0 1 4 0 1 0 4 0 4 4 0 4 2 2 0 1 3 3 3 3 4 3 4 0 3 0 1 2 1 1 3 0 1 0 1 3 4 0 1 3 2 4 0 2 3 4 1 4 4 0 1 3 4 1 1 2 1 4 4 4 1 3 1 3 1 2 1 0 2 3 4 2 4 3 0 2 3 1 3 3 1 1 1 1 1 1 0 3 2 0 0 4 4 3 0 2 1 4 4 3 3 2 3 0 2 3 4 4 4 0 0 1 3 3 3 2 3 1 3 3 4 0 1 3 3 4 4 2 0 2 2 4 3 2 3 1 4 3 2 0 3 3 1 3 1 2 2 3
4 4 2 1 1 1 0 3 1 1 4 2 1 3 0 4 3 0 4 1 2 1 0 0 1 4 1 4 1 2 3 3 4 0 4 1 2 4 2 0 4 1 1 2 0 3 3 3 0 0 0 0 2 0 4 4 3 2 1 2 4 1 3 4 3 1 1 1 4 3 1 0 0 4 4 3 3 4 4 3 1 4 1 1 4 3 0 3 0 1 4 2 0 0 0 3 1 0 3 4 3 4 4 3 3 2 0 0 0 2 1 1 0 4 3 0 0 3 3 4 1 1 4 3 0 3 2 2 1 4 2 4 1 2 1 2 0 0 4 3 0 1 1 0 1 4 1 3 4 1 2 3 1 2 3 4 2 4 1 2 3 1 1 2 0 2 2 0 2 1 3 4 0 2 4 1 2 1 2 1 0 3 0 0 3 3 0 3 1 4 3 0 1 3 0 4 0 2 2 1 2
4 2 1 2 3 3 4 4 2 4 3 4 1 1 3 2 0 2 1 1 1 1 4 2 3 4 3 3 4 0 2 3 3 0 0 2 2 4 3 0 2 2 2 4 0 1 2 2 3 2 0 2 3 0 2 3 2 3 2 4 0 0 2 1 4 4 3 1 1 3 3 2 1 3 0 1 2 1 3 2 4 4 2 0 0 0 3 0 1 4 2 0 0 2 1 4 1 0 3 1 0 4 2 0 4 2 3 0 2 0 4 4 2 4 3 1 4 1 4 0 4 0 3 1 0 0 1 4 3 0 4 3 0 2 0 3 1 4 2 0 0 2 1 0 0 0 4 1 0 2 0 3 3 1 3 1 3 0 1 2 1 4 3 1 3 4 0 1 2 0 1 3 2 1 1 4 2 3 4 3 1 1 0 2 3 3 1 2 1 4 4 1 3 3 4 4 1 3 1 0 4
4 1 2 1 2 3 3 4 3 2 2 0 4 2 0 0 1 2 3 0 2 3 2 2 3 3 2 4 0 2 2 3 3 3 3 3 0 2 3 3 3 0 0 3 0 1 2 2 0 0 3 2 3 3 1 0 1 0 3 1 2 4 1 4 2 3 3 3 2 4 2 2 1 4 1 4 1 4 2 2 1 4 0 4 0 4 3 0 1 3 1 0 3 2 4 3 3 2 2 1 3 4 4 3 0 4 1 3 1 4 1 0 4 0 2 1 4 2 4 3 0 0 0 1 4 3 0 2 3 2 1 1 4 2 2 4 3 1 3 3 0 2 4 4 4 2 4 1 0 2 2 2 4 2 4 2 2 0 4 3 2 3 4 3 2 0 1 3 0 0 3 4 0 0 4 3 3 0 0 3 2 1 0 0 1 1 3 1 1 1 0 4 1 3 0 1 2 1 4 3 1
4 0 0 4 2 2 2 1 3 1 2 0 0 1 2 0 3 0 2 4 2 3 2 4 0 0 1 4 4 2 4 1 1 1 0 2 4 2 2 4 3 0 0 1 0 3 2 3 3 0 1 2 4 3 0 0 2 2 3 4 1 4 4 3 0 3 4 0 0 3 0 0 0 0 1 2 2 3 4 1 1 1 1 2 0 2 1 4 4 3 2 0 3 2 1 2 0 0 4 4 1 0 0 4 1 2 0 1 4 4 1 3 1 4 2 2 0 4 1 0 0 1 3 2 1 4 4 2 0 0 3 1 4 0 4 4 0 0 3 3 4 0 3 2 4 1 0 2 0 0 2 2 0 3 0 3 4 3 2 0 1 3 2 3 4 0 0 0 4 4 0 0 2 3 1 2 3 4 1 4 2 1 4 0 3 2 3 4 2 4 4 3 3 1 1 0 2 4 3 4 2
4 0 3 2 0 2 4 3 1 0 4 1 3 2 4 0 4 1 0 2 3 0 4 4 0 1 1 2 2 1 0 0 4 3 4 0 0 4 2 0 4 0 3 3 2 0 3 0 1 0 4 0 0 0 2 1 4 4 1 3 2 3 0 3 1 1 2 3 0 0 3 3 1 3 2 3 3 2 0 2 1 3 3 3 2 3 0 2 4 2 4 3 4 1 4 2 3 4 0 1 3 4 4 0 1 4 2 0 3 4 4 4 2 4 3 4 4 1 1 2 0 2 4 4 3 0 0 4 2 0 1 4 0 3 4 0 3 0 0 2 2 2 3 1 1 4 3 1 0 2 4 1 4 3 1 1 3 4 0 1 1 3 0 3 0 0 2 4 2 3 3 2 2 2 0 1 0 0 3 3 1 3 2 2 3 3 0 0 3 2 2 1 1 3 3 0 1 2 1 0 4
4 1 1 1 3 4 2 2 2 2 3 4 2 4 3 1 3 4 3 4 0 2 3 2 0 4 2 1 2 0 3 3 0 0 1 3 3 3 0 0 2 0 1 2 3 2 2 4 3 2 3 1 0 4 4 0 0 2 2 2 4 3 3 2 1 2 4 0 0 4 1 2 0 3 4 1 4 1 2 2 0 1 3 3 3 1 2 0 3 2 2 2 1 1 1 2 0 2 0 1 4 3 3 2 2 2 0 0 2 2 4 4 4 1 4 1 3 0 0 1 4 0 1 1 4 0 3 3 2 4 1 4 1 3 4 4 1 0 1 0 0 0 2 3 3 3 4 3 3 1 4 4 3 1 0 0 0 0 1 1 4 3 2 2 2 1 0 1 0 2 3 2 0 4 3 2 3 0 3 3 4 3 0 2 0 1 3 1 0 2 0 0 0 1 0 1 1 2 4 1 2
4 0 1 4 3 1 3 0 1 1 3 3 3 2 1 4 3 2 0 2 2 3 4 0 3 1 1 3 2 3 3 4 4 3 4 0 4 2 4 4 1 3 4 3 2 1 3 1 4 2 1 2 0 3 1 2 0 1 0 1 4 2 0 0 2 2 3 2 2 4 1 4 4 2 0 1 0 1 1 2 0 4 2 1 4 4 3 1 1 2 0 2 1 3 4 4 4 1 2 4 3 2 2 4 1 2 1 2 0 3 3 3 2 4 1 4 3 3 2 1 4 4 4 2 4 1 3 3 0 1 3 0 1 4 1 1 4 2 4 1 2 1 1 0 3 2 3 2 1 3 2 1 1 3 2 2 1 0 0 4 4 4 4 1 0 1 2 4 3 1 1 2 2 4 4 1 1 3 3 0 2 0 2 4 1 0 1 1 1 0 2 1 3 1 3 3 3 3 2 3 1
4 2 0 0 1 3 2 1 4 0 3 3 2 4 1 1 1 1 2 4 1 3 3 0 0 3 2 4 4 0 2 0 3 2 0 1 0 3 3 1 0 0 0 2 4 3 4 3 0 0 2 0 2 4 2 1 3 2 2 4 2 0 2 3 4 4 1 0 4 2 1 4 3 0 0 1 4 1 3 4 0 2 2 2 3 0 4 1 3 3 4 0 4 4 2 0 4 2 3 2 4 2 4 1 4 2 3 3 0 4 4 3 0 1 1 0 4 0 0 0 0 2 4 4 0 0 3 1 2 2 4 0 1 0 4 2 4 2 1 4 2 3 1 4 4 4 0 4 1 2 3 2 4 1 4 3 4 2 1 1 1 0 4 1 0 3 0 2 2 2 2 1 2 4 2 1 2 0 3 1 0 3 3 2 1 3 0 4 3 3 3 1 4 2 3 0 2 2 1 4 2
4 0 4 3 2 1 0 0 1 3 2 4 3 2 4 1 2 0 2 4 0 3 3 3 1 2 1 4 3 0 1 4 1 3 4 3 4 1 3 3 1 2 2 4 0 3 1 1 0 0 3 3 4 0 4 2 1 2 0 4 1 0 4 0 4 0 3 4 0 0 2 3 1 0 4 4 1 3 3 4 3 0 3 0 0 0 1 1 3 3 1 0 3 3 0 1 1 2 0 1 4 4 2 2 0 4 1 4 2 3 4 1 4 3 4 0 1 3 1 3 3 3 0 0 0 3 3 1 2 0 2 2 1 4 4 2 1 1 4 0 1 3 0 1 0 2 0 0 1 0 2 4 2 3 0 1 3 4 1 1 2 4 4 2 0 4 2 3 4 1 2 2 3 1 2 1 3 3 3 3 3 2 1 0 4 2 3 3 0 1 0 4 2 4 3 2 0 2 1 0 4
4 0 4 4 3 0 3 3 3 1 1 1 3 3 0 0 2 4 4 2 1 3 3 2 0 1 0 1 1 3 3 2 1 3 4 1 4 4 4 3 3 2 3 4 3 0 2 1 4 0 2 2 0 0 0 0 0 2 3 0 2 1 4 4 4 4 0 3 2 4 1 4 3 4 0 1 0 2 1 2 4 0 0 1 1 3 1 2 0 1 1 1 3 4 0 1 2 3 1 1 2 0 4 0 3 4 3 1 3 1 3 3 0 3 1 3 0 4 3 2 1 2 0 3 3 4 3 4 0 4 2 2 0 1 4 1 2 2 3 3 2 0 0 2 3 3 3 2 0 1 1 2 4 2 3 4 1 4 1 4 1 0 2 1 4 4 3 0 4 0 4 3 2 0 3 0 0 0 0 4 0 1 2 2 2 0 4 0 1 4 0 4 2 2 2 2 3 2 4 2 0
4 4 0 2 4 0 4 0 0 4 2 3 1 4 0 3 1 4 4 3 2 3 0 4 2 0 0 2 1 3 3 3 2 4 4 1 2 4 4 3 3 3 0 4 2 1 1 1 4 4 3 3 3 0 2 3 0 2 3 1 1 2 0 2 0 0 2 1 3 4 3 1 3 0 4 4 0 3 2 3 4 4 2 4 0 2 3 2 3 0 4 1 3 4 4 3 0 0 3 4 4 0 3 4 1 2 4 2 2 2 3 2 3 2 0 1 1 2 1 4 3 1 2 2 2 3 4 1 1 0 1 4 4 4 3 3 0 0 2 4 3 3 2 3 1 0 2 0 2 1 1 4 1 0 0 2 4 4 0 0 0 2 4 4 1 1 0 0 1 2 2 1 4 1 4 0 4 4 1 4 3 4 0 2 4 2 0 4 3 4 2 0 3 2 0 0 4 4 4 3 1
4 1 3 1 1 1 2 0 3 2 0 0 3 2 2 4 1 1 0 4 1 2 3 2 1 1 4 1 0 0 4 1 1 1 2 4 2 2 2 2 3 3 3 1 1 1 1 2 4 2 0 2 1 1 4 3 3 0 3 1 2 1 2 3 0 4 1 4 4 4 1 1 2 1 4 3 4 4 3 3 4 4 3 0 4 4 0 0 0 0 0 4 1 1 0 2 0 4 2 3 3 0 4 0 1 4 1 4 1 3 1 1 1 4 1 2 0 4 3 2 3 2 4 3 4 4 1 2 2 2 0 0 1 0 3 4 1 1 0 2 3 4 0 1 2 4 4 3 3 0 1 4 2 4 0 2 4 4 2 0 2 4 3 3 4 4 3 1 2 4 4 3 0 4 3 1 2 2 3 3 2 3 2 1 4 1 3 2 2 3 0 4 2 3 1 3 2 0 4 0 3
4 0 1 4 3 1 3 1 1 3 0 3 0 0 1 0 3 0 1 2 4 1 1 0 0 4 1 1 1 1 3 0 0 0 3 0 1 3 0 0 4 3 2 2 1 1 1 2 1 0 2 3 4 4 2 2 4 2 1 2 2 1 0 0 2 1 2 4 2 4 2 3 1 2 3 0 2 2 4 3 3 4 0 3 1 1 3 1 3 1 4 4 2 1 0 4 1 2 3 0 2 3 0 2 0 4 2 1 4 2 0 0 4 4 3 2 2 1 4 3 0 4 0 2 2 0 2 3 1 2 1 4 2 4 4 2 0 1 4 2 3 2 3 1 4 3 4 0 2 0 3 3 4 1 2 4 2 3 2 3 2 0 2 0 4 2 2 4 4 2 4 4 2 4 1 1 4 1 3 0 4 0 2 1 1 0 3 4 3 2 2 1 2 0 2 2 2 4 0 4 2
4 3 0 4 0 2 3 3 2 2 2 2 1 2 4 1 1 4 1 3 3 3 3 4 2 2 3 1 2 1 1 4 1 0 0 3 1 4 4 3 1 2 4 0 4 4 2 1 2 2 1 0 3 2 0 0 0 1 2 2 0 4 0 1 0 4 3 1 4 0 3 4 1 2 2 0 3 0 4 1 0 2 3 1 2 0 2 0 4 4 4 0 0 0 2 0 3 3 2 2 3 4 4 1 1 2 1 0 3 0 0 1 1 2 0 0 1 2 3 1 3 1 4 4 4 3 1 0 3 0 1 4 1 0 2 2 4 1 4 0 1 3 2 2 1 3 0 3 3 2 0 2 2 4 4 3 0 2 0 2 3 0 1 3 0 3 4 2 1 2 4 4 0 4 3 1 2 0 4 3 4 3 0 0 0 4 4 0 2 1 0 3 2 3 2 4 4 0 4 2 4
4 4 4 2 1 0 2 1 0 1 4 2 0 0 3 2 0 3 3 4 1 0 4 3 3 0 1 3 0 4 4 2 3 2 1 4 2 4 0 2 4 1 4 3 0 1 0 1 1 4 3 2 0 0 4 3 2 3 0 1 3 2 1 3 3 4 4 2 3 2 2 3 0 2 4 0 0 3 2 3 0 3 4 2 0 4 3 0 4 4 3 1 2 4 0 4 2 2 4 4 0 2 3 4 1 3 2 1 2 3 2 2 1 2 1 1 1 1 1 4 0 1 0 1 3 0 2 1 1 4 1 4 1 1 0 2 4 4 2 4 0 3 3 2 4 0 0 2 2 1 3 4 1 1 1 2 2 0 2 2 4 3 4 4 4 0 2 2 0 3 4 1 3 3 4 1 2 2 0 2 3 3 0 2 4 2 4 2 2 1 1 4 3 2 4 3 1 2 2 0 0
4 0 3 0 2 3 1 0 2 0 3 4 1 2 0 1 3 3 1 0 0 0 2 2 2 2 1 3 3 0 3 4 1 2 3 3 3 2 4 2 1 4 1 2 1 3 3 1 4 4 1 1 3 4 0 4 3 0 4 3 0 2 3 1 4 1 4 3 3 4 2 1 2 3 3 0 0 0 0 2 1 3 2 1 1 2 3 2 1 1 1 3 1 2 4 1 2 4 2 3 1 2 0 2 3 4 1 0 1 0 4 3 0 1 0 3 2 2 3 4 0 1 3 2 4 2 0 2 0 3 3 1 2 3 4 4 1 2 0 2 2 4 1 1 4 0 3 4 0 4 1 1 0 4 2 4 0 2 3 0 4 4 1 1 2 2 0 0 2 1 1 4 4 4 1 0 0 3 2 2 2 1 0 4 1 4 4 1 0 3 4 1 4 2 4 2 4 2 4 1 2
4 4 0 2 4 0 4 3 2 4 3 4 0 0 3 1 4 4 2 2 0 0 3 4 0 4 0 0 3 3 1 4 0 0 0 4 0 0 2 0 2 2 3 1 3 0 2 2 3 0 2 0 3 4 3 0 4 2 0 1 4 3 2 3 0 2 2 4 2 0 0 1 2 2 2 3 4 3 3 1 0 3 3 0 2 3 1 4 1 3 2 1 1 0 0 3 1 3 3 4 1 4 3 0 3 1 3 2 4 2 0 2 3 2 4 3 1 4 1 3 2 3 1 1 0 3 1 1 1 2 1 3 0 2 1 4 0 1 1 1 3 4 1 2 2 3 2 0 4 1 4 4 0 0 1 3 3 1 1 0 2 3 4 3 0 0 1 1 1 4 0 3 2 1 1 4 4 2 1 2 2 3 2 1 3 1 1 2 1 1 0 4 1 1 2 0 1 3 1 4 4
4 3 1 0 0 2 4 0 4 1 4 4 0 3 2 3 0 4 2 0 3 2 2 1 0 0 1 4 0 1 4 1 1 2 2 0 0 1 4 0 4 3 1 3 1 1 0 1 1 0 4 0 1 1 3 3 0 3 0 4 0 3 4 0 1 4 2 3 0 2 3 4 1 2 1 4 1 3 2 4 3 2 4 4 3 1 0 0 2 1 1 0 1 2 0 4 0 0 3 1 4 3 1 1 2 2 4 3 4 2 2 4 3 2 4 2 2 2 2 0 0 2 3 4 4 4 2 4 2 0 0 0 1 0 3 3 2 2 2 0 4 4 3 0 0 0 2 3 4 1 1 0 4 3 4 1 1 1 4 0 1 4 3 0 3 4 0 0 2 4 1 2 4 4 1 4 3 4 4 4 1 2 2 1 3 2 2 4 1 4 0 1 3 2 3 0 0 2 3 2 2
4 3 3 2 3 0 4 2 3 0 1 1 4 0 2 3 0 1 2 1 2 1 0 2 3 3 3 2 1 1 1 1 4 2 3 2 1 2 1 4 3 2 0 3 4 4 2 0 3 0 4 4 4 4 4 2 0 2 0 1 4 2 1 3 1 3 2 3 0 1 3 0 0 3 4 3 1 0 3 3 1 1 3 2 0 0 4 4 3 3 1 1 0 0 4 3 3 3 2 3 0 2 1 2 3 3 4 1 3 4 4 2 4 3 1 2 4 4 0 4 4 2 3 4 4 1 4 3 4 2 1 2 2 1 0 2 0 0 3 3 4 2 2 0 2 1 0 3 0 4 0 1 1 3 2 0 4 2 1 4 1 4 1 0 1 2 2 3 3 1 3 2 2 3 3 2 1 4 3 2 1 0 3 1 3 2 3 1 2 4 1 0 1 4 0 0 1 2 1 3 4
4 2 3 0 4 0 4 2 0 0 3 4 4 4 4 4 0 4 2 1 4 4 2 3 1 4 3 3 2 3 4 2 0 2 2 4 1 2 1 0 1 1 3 4 0 2 0 1 4 3 1 2 3 0 3 3 2 1 3 0 0 3 1 1 0 4 4 1 0 1 0 2 3 0 1 2 0 0 1 4 4 1 0 3 0 0 0 2 1 0 0 2 2 2 0 0 1 1 2 0 0 4 2 0 2 4 4 3 0 4 0 3 2 2 4 1 3 4 2 2 4 0 0 1 1 1 1 2 3 3 2 0 4 1 1 2 1 2 0 4 2 2 1 4 2 0 2 0 1 4 3 0 4 0 4 1 3 1 4 2 4 2 4 2 4 4 3 0 2 4 1 1 3 2 2 4 3 0 4 0 4 3 1 4 0 3 4 4 1 4 3 2 0 0 2 2 1 0 2 0 4
4 0 2 1 3 0 2 3 3 2 0 1 0 1 3 1 4 2 0 0 2 3 2 2 1 4 3 4 4 1 4 1 3 1 0 2 1 2 1 3 3 4 3 2 4 0 1 1 4 2 4 0 3 3 1 4 2 2 0 3 0 2 2 1 1 1 2 4 0 0 4 3 2 1 4 1 0 3 2 4 0 2 4 2 0 3 2 2 0 0 3 1 3 1 3 4 2 2 4 2 2 3 3 2 1 4 1 1 3 3 3 2 1 0 4 1 4 0 3 1 1 1 1 2 0 0 2 0 1 2 0 2 1 4 0 1 3 1 0 0 3 3 4 0 0 3 2 0 0 1 0 0 3 2 4 1 2 1 2 1 1 3 0 2 2 0 1 3 4 3 2 1 1 1 2 1 0 0 0 0 0 3 3 3 1 2 4 1 0 0 1 2 4 1 1 4 2 2 1 4 2
4 4 1 2 1 4 4 4 1 0 2 2 2 3 3 2 4 4 2 2 3 4 4 4 2 0 2 3 0 4 4 2 0 2 3 4 1 0 3 1 3 3 3 1 4 3 2 0 3 3 4 2 0 2 1 1 3 0 3 3 4 1 3 3 0 0 2 4 4 4 3 3 2 0 3 4 2 1 1 4 0 0 2 3 4 0 4 4 3 4 4 0 0 3 2 2 4 4 3 4 3 2 1 2 0 3 0 1 1 1 3 3 4 3 1 3 0 2 3 4 0 0 3 3 1 2 4 4 4 4 4 2 3 0 2 3 0 3 4 2 1 3 4 3 4 0 0 3 2 0 0 1 4 4 2 0 0 1 3 0 3 0 1 0 4 3 3 0 2 4 1 0 1 3 2 3 2 3 3 1 0 4 2 4 1 3 2 2 1 1 0 4 3 1 0 2 4 2 0 4 4
4 1 4 4 4 1 0 2 3 2 1 2 1 3 4 3 1 1 3 1 4 0 4 1 2 3 4 2 4 4 1 0 3 1 1 0 1 4 1 4 4 4 1 4 2 1 0 3 2 2 4 0 2 0 0 2 4 3 1 4 2 1 0 2 4 3 0 1 2 4 1 0 3 1 4 3 3 1 3 1 1 3 2 2 2 0 4 0 3 4 0 0 0 0 3 0 4 1 2 1 1 1 3 1 4 2 2 0 0 0 1 2 3 3 4 2 2 0 1 0 2 0 3 0 0 4 3 2 3 0 1 1 1 4 0 1 1 1 1 1 1 2 1 1 3 4 4 3 1 4 0 4 3 1 4 4 3 4 3 2 4 2 0 4 1 0 2 2 0 4 2 3 0 2 4 4 4 4 1 1 2 1 0 2 4 4 1 2 3 1 4 2 4 2 2 0 4 2 4 0 0
4 1 0 4 1 4 2 3 4 4 4 0 4 4 1 0 2 2 1 3 4 4 2 2 2 0 4 2 0 4 4 0 4 3 2 0 2 2 2 1 2 0 2 3 0 3 1 2 2 1 0 2 3 0 2 4 0 3 3 1 2 2 0 4 1 2 1 0 3 4 1 2 3 4 2 2 4 2 2 1 4 2 3 0 1 3 2 4 3 4 1 2 4 1 2 3 0 1 4 2 1 3 2 2 3 1 3 4 1 1 3 2 4 1 1 2 0 4 3 2 1 1 3 4 0 4 2 3 3 0 4 2 4 4 3 0 2 0 0 2 2 4 4 3 2 0 1 2 2 0 1 0 0 0 3 0 3 1 3 3 0 2 4 3 1 2 1 0 4 0 2 2 2 2 0 0 2 3 1 0 0 4 2 3 4 4 3 1 1 2 4 4 1 2 1 2 2 4 0 4 1
4 2 3 3 1 0 2 4 4 3 0 3 1 2 4 2 1 2 2 2 0 1 1 1 4 1 0 4 2 2 0 4 3 0 4 1 3 2 4 1 1 3 4 2 1 2 2 4 3 3 3 2 4 3 1 4 2 2 3 0 1 0 2 1 2 1 2 1 0 1 1 4 2 0 1 0 0 2 4 4 2 1 3 4 0 0 4 4 4 4 3 4 3 3 0 2 0 2 0 3 4 1 1 2 0 1 1 0 3 2 0 1 2 2 1 2 4 2 3 1 3 4 4 3 1 3 4 1 0 0 0 3 4 4 4 3 4 2 3 0 0 2 0 3 0 4 3 0 0 1 3 2 2 1 0 2 3 1 3 2 0 2 2 3 3 3 2 3 2 0 1 1 0 3 1 4 2 0 1 4 4 1 2 2 3 1 4 2 0 0 1 1 1 1 2 0 4 1 2 0 4
4 3 0 1 0 3 2 2 0 2 4 0 1 0 2 1 4 1 4 3 0 2 1 0 1 4 0 3 1 1 4 1 2 1 2 3 3 2 4 4 0 2 0 3 1 3 1 4 2 3 1 1 1 2 0 4 2 1 2 4 0 4 3 1 4 4 2 2 4 1 0 1 3 1 4 2 2 4 2 1 4 1 3 1 1 0 2 0 3 0 0 2 2 4 3 2 2 2 0 1 1 4 0 4 4 1 0 0 3 3 4 1 0 2 4 0 3 1 0 4 3 1 2 0 2 4 4 2 2 2 0 4 1 0 0 3 2 0 4 2 1 4 2 4 3 3 2 1 3 0 2 4 1 3 3 2 3 1 4 0 1 0 1 3 2 4 0 1 0 3 3 4 4 1 3 4 1 4 3 3 0 0 3 3 2 2 4 2 4 4 3 4 0 2 1 1 2 4 3 1 3
4 2 4 1 1 2 1 0 2 0 3 4 2 2 1 3 2 2 1 4 1 0 1 3 1 0 4 1 3 3 4 4 1 4 2 2 2 2 2 1 1 0 0 0 4 3 0 3 0 2 3 3 4 2 0 3 2 4 3 3 0 0 4 4 3 2 0 1 0 2 3 0 1 0 0 1 0 3 0 2 2 1 4 0 1 0 3 3 3 0 4 0 0 4 3 0 1 3 3 1 3 1 2 3 1 0 1 0 4 0 3 4 2 3 3 2 0 3 3 1 4 1 3 3 3 0 4 0 2 2 4 0 0 1 2 0 2 0 4 2 3 4 2 2 0 2 2 3 1 2 0 2 4 4 3 2 3 1 2 2 4 2 2 0 1 2 4 3 1 3 3 3 3 0 2 2 4 4 1 4 3 1 3 2 1 0 0 4 1 0 4 4 1 3 4 4 3 0 1 1 3
4 3 2 2 1 3 4 4 3 0 1 1 4 0 4 1 3 4 2 2 3 4 4 2 4 2 3 3 2 4 1 0 1 3 3 1 2 2 0 4 2 2 4 0 1 1 3 1 2 1 0 2 2 4 4 1 4 1 2 2 0 2 2 0 1 3 2 2 2 0 0 2 1 3 0 4 1 0 3 4 1 4 0 4 0 1 3 4 1 3 4 1 0 1 1 3 3 2 4 2 2 0 3 2 3 2 3 1 2 3 4 3 4 3 1 0 3 4 0 1 2 2 1 2 2 3 1 2 3 2 0 4 3 4 3 2 2 2 4 1 0 4 0 0 1 3 4 2 1 3 1 3 4 4 2 1 0 1 0 1 0 3 0 3 3 3 3 0 1 4 1 4 1 3 1 1 3 4 4 4 2 4 4 4 3 2 3 4 0 1 2 2 3 0 3 1 4 1 0 2 0
4 1 2 0 4 0 1 2 4 3 4 3 3 4 3 2 2 1 1 0 2 2 4 4 4 4 1 4 4 4 0 2 0 4 3 2 0 1 4 0 1 3 4 3 0 0 1 1 2 0 3 0 1 2 1 1 0 2 3 1 1 0 4 4 0 2 2 3 1 4 3 4 1 4 4 4 2 0 4 0 1 4 2 1 0 3 3 3 2 0 1 0 4 0 3 1 0 0 2 0 4 2 3 4 1 3 3 1 1 0 2 2 0 4 2 2 3 2 0 2 1 1 0 3 1 1 0 0 1 1 4 1 2 0 3 2 3 1 1 0 0 2 4 0 0 1 4 2 4 2 4 4 3 1 3 2 3 4 4 0 4 2 2 4 2 2 4 2 4 0 2 3 0 4 2 3 1 0 2 3 0 1 4 4 3 1 4 0 1 0 2 3 1 1 1 4 4 0 3 2 0
4 2 1 1 3 1 0 3 3 1 3 0 4 0 2 2 4 1 4 3 1 3 0 1 3 4 4 0 3 3 2 1 1 2 4 2 0 2 1 1 0 3 3 3 2 3 2 2 1 3 1 2 1 0 2 4 1 3 4 3 4 2 3 2 2 1 1 1 2 3 1 4 2 0 2 4 3 4 2 3 4 3 0 0 4 0 2 4 1 1 3 2 3 4 4 1 1 3 2 0 1 1 3 0 0 4 4 0 3 3 3 0 3 1 3 3 2 2 3 2 1 2 3 1 2 0 0 0 3 2 4 2 4 3 4 3 3 2 2 1 4 4 4 4 4 3 1 2 0 3 3 0 4 4 2 1 1 2 2 1 1 4 3 2 3 3 1 1 4 2 1 4 4 1 4 3 0 3 1 2 0 2 1 1 2 4 3 2 2 3 4 2 2 1 1 0 0 4 0 2 4
4 3 3 2 4 4 0 0 1 4 1 2 0 0 2 4 2 2 2 2 0 2 3 1 2 0 2 0 4 0 3 0 2 0 3 1 0 0 3 4 4 1 4 4 0 2 0 2 4 1 3 0 3 4 1 4 4 4 3 3 4 4 0 1 1 0 2 2 2 2 3 2 3 2 4 1 1 2 0 0 0 4 3 1 1 4 3 3 0 1 4 0 3 2 2 2 1 1 3 0 3 2 1 4 2 3 3 1 1 4 3 0 0 2 1 4 1 0 4 0 2 4 0 4 3 3 1 4 1 0 3 1 0 3 0 2 1 1 3 0 3 4 4 0 0 2 2 1 0 1 1 1 3 2 0 1 0 0 2 0 0 2 2 2 4 0 0 3 0 3 4 1 2 1 2 2 1 2 3 1 2 2 0 4 0 4 4 4 2 1 4 4 4 2 4 1 0 1 1 2 3
4 0 2 1 4 3 0 0 4 1 3 4 1 0 0 1 4 3 1 1 4 3 0 0 0 3 2 0 0 0 2 4 4 0 1 2 1 0 3 3 3 0 1 4 1 3 4 1 1 1 2 2 0 2 1 0 1 3 4 3 1 2 4 4 2 2 1 3 4 1 2 4 1 4 1 3 3 4 3 3 0 4 2 2 0 1 0 1 1 1 1 0 1 4 3 3 4 0 4 3 4 3 2 1 0 3 1 4 0 0 2 4 2 0 3 1 2 2 0 3 2 4 1 0 3 3 3 0 1 1 0 2 1 4 2 1 0 3 4 1 2 0 4 3 0 4 3 4 0 4 0 3 3 3 1 3 4 2 1 4 1 3 2 3 4 0 4 0 1 3 3 1 2 0 1 3 1 1 4 3 2 4 3 4 0 0 0 4 0 3 3 4 2 4 4 2 4 0 4 2 1
4 4 0 0 4 1 2 1 2 4 1 0 0 2 1 0 0 2 4 3 4 0 0 3 0 2 2 1 2 2 1 2 2 4 0 4 1 0 4 0 0 0 2 4 3 1 3 1 0 0 3 1 3 0 0 1 0 4 3 4 3 1 1 2 0 1 3 2 3 1 4 4 4 1 2 2 2 3 1 0 0 4 3 4 2 1 2 4 2 1 3 2 1 0 4 2 4 2 1 3 2 2 3 0 4 2 1 1 3 4 2 1 4 2 2 3 3 4 0 3 1 0 1 0 1 0 1 3 4 2 3 3 0 3 2 1 0 3 1 0 0 0 4 0 4 3 3 2 1 3 0 4 0 4 1 3 3 0 1 3 4 1 0 3 3 2 4 2 2 2 4 0 1 1 3 1 0 3 1 0 4 4 1 1 2 0 1 1 3 2 3 0 0 2 0 1 4 0 1 4 1
4 3 2 4 2 0 1 2 2 4 0 1 1 4 4 4 4 4 2 0 0 4 1 3 1 2 2 1 3 0 1 1 2 4 1 4 2 4 2 4 0 4 3 3 1 0 1 4 4 1 0 2 1 3 2 2 2 2 3 1 2 0 1 2 3 1 3 2 4 3 3 4 4 0 4 1 3 0 4 4 4 1 4 3 1 2 2 4 3 0 0 1 2 1 0 2 3 0 1 4 2 2 1 2 2 0 4 4 1 0 4 3 1 2 2 1 4 3 1 4 0 1 2 2 4 3 4 1 2 2 1 3 4 3 0 3 3 0 2 0 2 2 2 0 0 0 2 0 1 2 0 0 2 4 3 2 4 2 2 3 3 0 1 4 0 4 2 2 2 3 3 1 2 3 2 4 0 1 0 0 2 0 3 3 1 1 3 3 0 3 0 2 0 3 3 0 0 3 2 2 3
4 3 0 2 2 0 0 4 0 0 3 2 3 0 2 3 0 2 0 1 3 3 3 1 3 3 0 0 1 4 1 0 4 4 1 2 1 4 1 1 2 4 0 2 4 1 3 1 0 2 4 1 4 4 1 2 2 3 0 2 3 4 4 0 1 3 4 0 2 3 1 0 0 4 2 0 4 4 0 0 0 4 0 4 4 4 4 0 2 0 3 4 3 1 4 3 4 4 4 1 3 4 2 1 0 1 3 4 3 1 4 4 3 1 4 2 1 0 1 4 2 4 0 4 2 0 1 1 1 2 4 3 1 4 1 4 0 0 0 3 2 2 1 1 1 4 4 1 2 0 0 1 2 1 3 2 3 2 2 1 0 3 4 1 1 4 0 1 4 3 0 0 1 1 1 1 3 0 4 2 2 2 2 4 0 4 2 1 0 3 0 3 2 0 3 0 0 4 1 2 0
4 2 3 0 4 3 4 4 2 3 3 4 3 1 3 3 4 1 4 1 0 1 0 3 2 4 0 3 1 1 0 1 2 0 4 4 0 2 2 4 3 0 2 0 3 3 4 2 4 0 3 2 0 2 3 0 2 3 0 2 3 2 2 4 4 3 1 0 0 1 1 1 0 1 3 1 1 1 0 1 4 0 1 0 2 1 4 4 2 1 4 0 4 4 2 4 0 0 0 4 4 3 2 2 4 4 1 3 2 3 2 4 2 1 3 1 1 4 1 2 2 2 4 1 3 4 3 3 1 0 4 1 2 2 4 3 3 0 4 2 3 3 0 2 3 4 4 3 0 3 0 2 4 1 4 0 3 2 1 2 2 4 4 0 2 0 0 4 1 2 4 3 0 3 2 1 0 0 2 3 4 1 3 3 2 4 4 1 2 2 0 4 4 0 3 1 4 4 0 4 3
4 4 3 0 2 1 1 1 4 2 1 1 2 4 1 2 3 4 0 4 4 0 0 2 1 0 3 1 3 0 3 4 3 3 1 0 4 3 3 0 0 4 4 4 1 3 4 1 2 1 0 1 2 3 4 4 2 3 0 2 0 4 2 1 3 4 3 3 3 3 1 0 4 1 1 0 2 4 3 2 3 0 3 3 3 4 3 4 2 1 3 3 0 2 4 1 1 4 2 4 1 3 0 2 2 2 4 3 3 1 3 4 2 4 4 1 0 2 4 0 3 4 1 0 3 0 0 2 4 0 1 3 3 4 1 0 4 1 1 1 3 4 0 1 4 0 3 3 3 1 0 0 4 4 0 4 3 1 3 4 1 1 2 3 1 2 2 1 3 4 0 2 0 0 2 2 0 2 3 3 1 3 2 4 4 3 4 2 2 3 0 0 2 4 2 4 3 3 3 0 1
4 3 0 1 1 1 4 0 2 2 2 3 0 0 3 2 1 2 1 3 1 3 3 1 0 1 3 1 0 4 2 3 0 2 0 4 2 1 2 2 4 4 2 3 2 3 4 4 3 4 2 0 4 1 0 3 2 2 4 4 2 4 2 2 0 3 0 4 4 0 4 0 3 0 3 1 2 3 4 4 2 0 1 0 4 4 3 2 2 2 3 3 4 0 0 4 3 0 0 3 2 4 1 3 2 0 2 3 2 4 4 1 2 3 2 3 2 1 2 2 0 0 1 0 1 0 0 3 4 3 2 0 0 4 4 2 2 0 1 2 0 1 0 0 1 2 0 0 1 4 1 0 0 3 2 0 0 4 4 4 4 0 0 0 3 1 3 4 1 0 3 4 3 0 4 1 2 4 2 1 2 3 4 4 4 4 4 1 3 2 4 4 2 4 0 4 4 2 1 3 1
4 1 3 0 4 3 0 4 3 0 1 4 3 0 2 4 4 4 2 4 3 4 2 0 2 1 0 1 0 2 2 4 0 0 3 1 3 0 4 4 3 1 1 1 1 0 4 4 1 1 3 1 1 2 0 1 1 0 2 1 4 1 2 3 1 0 4 0 0 4 3 4 0 1 0 4 3 0 3 1 0 4 2 2 2 3 1 0 2 0 4 0 4 3 1 2 2 0 3 1 3 0 1 4 2 0 2 3 1 2 1 1 0 2 1 1 0 4 0 2 1 3 3 1 4 0 3 4 2 3 2 2 0 0 0 2 3 4 4 1 2 2 2 0 0 0 1 4 2 0 2 4 4 3 4 4 1 3 2 1 0 1 4 0 3 3 1 2 0 1 2 0 4 3 3 3 2 3 3 1 0 2 3 4 0 4 0 0 3 3 2 1 3 4 0 1 4 3 0 1 2
4 1 3 3 3 0 1 0 1 2 4 0 0 2 0 3 4 1 1 3 4 2 3 4 0 2 0 0 0 0 2 2 1 4 2 4 4 3 4 4 0 0 3 1 0 0 0 3 2 0 4 3 1 1 1 1 1 2 2 4 2 2 0 0 4 1 4 2 4 1 4 0 2 4 1 0 3 0 4 3 1 0 2 1 0 3 3 4 4 1 0 1 4 4 0 3 1 0 0 3 1 4 2 0 2 2 2 0 0 3 2 2 1 0 3 3 2 4 2 1 1 3 3 3 4 1 4 0 1 2 4 2 0 1 3 0 1 4 3 0 4 2 3 2 2 2 0 0 2 2 2 0 0 2 4 3 2 1 2 2 2 4 2 2 2 1 2 1 0 3 2 3 0 4 2 0 3 4 0 0 4 4 2 2 2 2 2 2 2 3 1 3 0 2 4 1 1 0 3 0 2
4 3 3 2 0 1 2 2 4 1 2 4 4 2 0 3 4 3 4 3 2 0 3 4 1 3 4 4 2 4 0 0 1 0 2 4 2 3 2 2 2 0 0 4 2 4 1 3 0 1 0 0 0 2 2 4 2 1 0 2 1 2 0 4 4 1 4 2 0 0 0 3 2 0 4 2 3 3 1 1 4 3 1 2 1 0 2 0 1 0 2 4 0 1 1 2 0 4 1 1 2 1 3 3 3 4 2 1 0 2 4 1 0 4 3 3 0 2 3 2 2 0 4 0 4 4 0 0 2 2 4 3 1 0 3 0 0 4 0 1 0 0 0 3 2 4 1 1 3 1 4 3 1 2 2 1 0 1 4 1 4 3 0 1 2 4 2 2 3 4 2 1 4 2 2 3 2 3 2 1 1 0 2 3 3 2 1 2 3 0 4 1 0 4 1 4 4 2 2 1 3
4 4 4 1 1 1 0 1 3 0 4 0 1 1 2 4 4 3 1 4 2 1 0 4 2 1 1 4 1 3 4 0 2 2 3 1 3 4 4 4 0 0 3 0 4 2 3 1 0 2 0 3 0 4 2 4 4 3 1 1 0 2 2 0 1 3 3 1 2 3 0 0 2 3 1 1 4 0 4 3 0 0 3 0 4 1 4 4 4 1 3 2 0 0 1 0 3 0 4 0 4 0 4 4 4 2 3 2 3 3 4 0 4 4 3 3 0 0 0 3 2 2 2 0 3 0 2 1 3 3 0 0 2 4 2 1 1 1 1 4 1 2 4 1 2 0 4 2 3 4 0 4 3 0 0 3 0 3 2 4 2 0 2 0 1 0 4 0 4 3 1 0 0 1 1 2 3 2 0 2 4 4 2 4 4 4 0 3 3 1 1 4 1 0 4 2 1 1 4 0 2
4 3 1 2 0 3 4 0 0 4 0 3 3 4 4 1 4 1 3 3 0 4 0 0 4 0 1 4 4 2 1 1 2 1 1 0 3 2 2 3 4 0 1 2 3 1 4 3 1 1 4 0 0 1 3 2 2 0 0 2 2 3 1 0 2 1 2 2 2 2 1 0 0 3 1 2 0 2 1 0 3 3 1 0 2 0 1 0 0 3 2 2 0 0 3 1 4 4 3 1 3 3 1 3 4 3 0 1 0 2 0 4 4 0 3 2 3 3 3 0 0 4 1 1 3 3 2 4 4 1 2 0 1 1 1 4 1 0 0 1 2 1 0 1 0 1 1 3 2 0 2 4 0 4 2 0 0 0 1 3 2 2 2 4 4 3 3 1 2 4 4 0 1 2 0 4 1 3 2 1 0 1 0 1 4 4 4 2 3 0 3 3 2 3 1 2 1 4 2 3 3
4 3 1 0 3 4 3 0 4 4 3 2 1 0 2 0 1 1 4 0 4 4 0 0 0 3 0 2 3 0 3 0 1 2 1 4 4 1 2 0 1 2 3 4 3 4 3 0 3 0 2 1 4 1 0 1 0 2 0 3 2 4 4 4 0 3 2 3 3 2 1 4 2 3 1 2 4 1 4 3 0 2 3 1 0 1 4 1 3 0 4 0 1 0 4 2 4 2 1 4 3 2 4 2 1 4 4 1 2 1 2 3 2 1 2 0 4 2 3 0 4 4 4 3 2 1 2 3 4 0 0 0 2 2 1 4 3 0 4 4 3 4 2 2 3 2 0 1 3 3 2 3 1 4 0 2 2 2 4 2 2 2 1 0 0 3 2 1 4 4 3 3 1 2 0 2 4 4 4 2 2 1 4 1 4 2 2 1 4 0 2 4 4 0 2 4 0 1 1 0 4
4 2 4 2 4 4 0 1 3 4 0 4 4 3 0 0 2 3 0 4 2 0 4 4 3 4 2 0 3 3 3 3 3 4 4 0 2 4 3 4 0 1 1 0 4 1 3 1 4 3 4 2 1 4 3 0 3 1 0 1 4 1 0 0 1 4 1 1 1 1 2 0 2 3 2 1 4 3 4 2 0 2 0 3 2 0 2 2 1 4 0 1 3 4 0 0 3 0 0 4 0 4 3 2 2 3 1 0 4 0 4 4 4 0 1 1 3 4 1 4 1 2 1 3 0 2 4 3 0 4 1 4 1 3 2 4 0 3 0 3 2 1 1 2 2 3 0 2 4 3 2 2 0 1 3 2 1 3 0 4 3 1 3 1 0 2 4 0 4 4 4 3 4 2 4 1 1 4 1 2 1 4 0 2 2 4 2 4 1 3 1 4 4 1 2 1 1 1 4 3 1
4 3 3 0 3 2 3 1 3 2 0 1 0 2 1 3 0 3 1 0 4 1 1 4 1 3 4 0 2 0 4 2 0 2 2 3 4 1 2 3 0 1 1 4 0 2 2 3 1 2 1 3 1 3 0 3 3 1 4 0 1 3 4 4 3 3 1 3 2 4 4 1 4 3 4 2 1 3 1 0 1 2 1 3 0 1 1 3 4 0 0 4 1 2 4 1 1 2 2 3 3 2 2 1 4 2 2 4 1 4 3 2 2 2 3 1 4 4 1 2 3 1 4 2 3 3 0 4 3 3 3 2 3 2 3 2 0 1 2 2 0 2 0 0 3 0 3 1 4 4 3 1 3 4 0 2 3 1 0 3 0 1 1 2 4 0 2 1 3 1 2 2 0 1 4 4 3 1 2 4 1 0 4 2 3 2 4 0 1 2 0 1 2 2 0 3 0 3 0 4 1
4 4 2 1 3 2 1 4 2 3 0 2 3 3 0 0 4 4 3 2 2 3 2 1 1 1 2 3 4 2 3 3 1 1 4 1 3 2 2 1 4 0 4 1 4 1 4 0 0 3 3 0 0 2 2 3 2 4 3 1 4 2 4 4 0 0 0 3 3 0 0 4 3 3 2 2 2 0 4 2 3 4 0 3 1 3 2 0 0 2 1 2 1 1 0 0 1 0 0 3 0 1 4 1 2 2 3 1 4 3 1 3 3 3 2 1 1 0 4 4 3 3 0 2 1 2 1 3 0 1 2 2 3 3 0 2 1 2 3 3 0 2 0 3 2 4 0 1 3 2 2 0 4 2 0 3 3 2 3 2 0 2 3 2 3 2 3 4 0 0 2 2 0 0 4 4 4 2 3 0 1 1 2 4 1 2 2 0 3 3 3 4 1 2 4 0 1 2 1 2 1
4 3 2 3 0 1 0 0 4 1 2 2 3 0 2 4 0 3 0 0 1 3 2 0 4 0 4 3 3 4 0 2 2 0 1 0 0 4 3 1 0 3 2 3 3 4 2 1 4 1 3 2 2 3 4 2 1 3 4 2 2 2 4 2 3 2 4 4 4 4 1 1 3 2 4 0 1 1 4 4 3 1 0 2 0 1 1 3 1 0 4 3 2 0 1 3 2 2 4 3 0 2 3 0 2 2 4 0 3 2 0 1 4 4 2 1 2 4 4 2 1 3 0 1 3 4 3 3 4 3 3 3 1 1 4 4 2 0 3 4 3 4 1 0 2 3 3 0 2 0 3 4 3 3 2 0 0 2 2 1 3 1 1 4 4 4 2 4 0 0 1 3 1 3 3 1 0 1 0 2 2 4 0 1 0 4 3 3 3 3 1 2 1 3 4 1 4 3 2 4 4
4 1 1 2 1 3 4 4 0 0 3 3 3 3 1 2 0 1 4 2 2 4 3 3 0 3 2 2 0 1 3 0 2 1 1 1 1 3 2 3 2 2 0 2 0 1 4 0 3 1 4 3 1 3 1 1 4 0 4 2 1 1 2 0 0 0 3 4 4 0 3 1 1 0 1 2 4 3 1 0 0 1 2 4 2 4 1 2 3 1 4 2 2 1 2 4 4 2 2 2 0 2 3 0 4 1 1 4 0 1 0 3 1 0 1 0 0 4 2 1 3 4 3 1 4 3 3 3 2 1 3 0 1 0 2 0 3 0 3 3 3 4 1 3 0 3 3 2 1 3 4 3 0 4 1 3 1 4 0 4 3 2 2 3 0 1 0 2 1 1 2 2 0 2 0 4 3 0 1 1 4 2 4 4 0 3 4 0 2 1 0 4 3 1 2 0 3 2 2 4 3
4 1 2 1 4 1 0 3 3 1 3 0 0 2 3 4 3 4 3 3 4 0 1 4 2 3 0 1 2 2 3 3 3 4 3 4 4 2 2 3 3 4 0 4 0 4 2 2 4 0 1 0 0 1 1 4 1 2 4 2 0 4 3 2 1 1 0 4 0 0 2 4 0 2 3 4 1 3 0 4 0 2 0 1 4 3 1 1 1 0 1 1 1 0 4 3 0 1 1 1 0 3 1 1 0 2 4 2 1 4 2 3 4 2 0 1 0 0 0 4 0 3 0 2 1 0 4 2 2 0 2 2 1 2 4 3 2 4 0 3 4 3 4 2 2 1 2 3 2 1 4 1 0 2 0 3 3 0 2 2 2 0 3 4 1 0 0 0 1 3 3 1 1 2 2 2 0 3 1 4 1 2 4 1 4 0 3 1 3 1 1 1 2 2 1 3 1 2 0 4 3
4 4 3 3 4 4 2 4 1 0 3 2 1 0 4 1 4 4 2 2 2 2 3 1 2 1 2 2 3 4 1 3 3 2 4 4 4 3 1 0 2 4 3 1 1 4 1 2 2 4 4 0 0 3 2 2 4 4 1 1 3 2 3 4 4 3 3 1 4 3 0 3 1 0 3 1 4 0 2 4 4 2 3 3 0 4 3 1 2 4 2 4 0 3 2 1 0 2 0 2 4 2 3 4 2 2 2 1 2 1 4 0 0 3 3 3 2 3 0 3 1 4 0 3 0 4 0 3 0 4 1 3 1 4 2 0 1 0 2 3 1 1 3 1 0 1 2 4 3 1 2 2 0 0 3 2 3 4 4 0 4 0 2 2 0 2 3 3 3 0 4 2 4 1 2 3 2 1 4 2 4 2 0 2 2 3 3 3 1 3 4 0 2 1 1 2 3 1 3 2 4
4 4 0 4 2 4 1 1 3 1 1 1 0 1 2 3 4 3 2 0 4 2 1 4 0 1 0 4 0 3 1 3 4 2 0 0 2 1 3 0 4 3 1 4 2 3 2 2 3 1 1 3 0 0 3 4 3 3 3 1 1 4 4 4 4 2 1 4 2 1 2 3 3 1 2 1 3 0 0 0 0 4 4 3 4 1 2 3 2 4 2 3 0 2 4 2 1 2 3 0 3 3 3 0 2 1 1 3 3 0 3 1 3 2 0 3 2 0 4 2 1 0 4 1 3 1 2 3 2 3 0 1 2 4 4 0 2 1 0 4 3 2 1 0 3 1 1 1 0 1 0 1 2 2 3 2 4 2 4 1 1 1 2 2 0 1 0 2 0 3 1 3 3 2 0 3 4 1 3 4 1 4 2 2 0 1 2 1 2 0 0 3 4 2 3 2 1 3 1 2 1
4 2 1 2 4 3 2 2 2 3 0 4 2 0 3 0 0 4 1 0 4 0 3 0 2 2 2 3 1 4 1 4 1 0 1 2 1 1 0 1 1 4 0 0 1 4 2 3 2 0 4 3 0 2 2 1 3 2 4 3 1 4 3 3 3 2 0 4 2 4 3 0 1 3 4 0 4 4 1 2 1 0 2 1 0 4 4 0 1 3 3 3 3 0 2 4 1 3 4 0 1 0 4 1 2 4 2 0 3 2 2 3 1 1 2 1 1 2 2 4 4 0 0 0 2 0 1 2 3 1 1 3 1 1 1 4 0 1 3 2 1 4 1 1 4 0 4 4 3 4 2 2 2 1 1 2 0 3 0 1 3 4 1 1 3 0 1 1 3 0 1 4 1 1 1 2 4 0 1 1 3 4 3 4 4 2 4 0 2 1 1 2 4 2 1 1 3 1 1 4 3
4 4 3 2 4 1 3 1 4 1 4 1 3 2 2 3 1 0 3 2 1 1 4 0 2 1 1 4 2 4 2 0 3 1 4 3 0 1 4 2 0 4 4 3 1 1 0 4 3 3 4 2 1 1 1 2 2 3 4 1 0 3 2 4 0 4 4 1 1 2 1 1 3 2 4 3 1 3 1 2 3 1 0 2 3 1 0 4 4 1 2 4 0 1 0 4 1 3 1 3 0 3 1 2 3 1 2 3 2 1 0 0 3 2 2 0 2 2 1 4 1 0 2 3 3 2 0 4 2 4 4 1 4 2 3 1 1 0 4 3 2 4 0 2 2 1 4 1 3 4 0 0 2 2 4 3 3 1 1 4 3 0 0 2 1 4 3 3 0 2 3 2 4 3 1 1 2 4 4 4 3 3 1 2 0 1 2 0 0 4 2 1 3 3 2 2 0 1 2 1 4
4 1 0 1 0 4 0 0 3 1 1 0 0 2 1 1 4 0 0 0 3 1 2 2 4 4 2 0 4 3 3 1 2 1 1 4 3 3 0 0 3 3 1 1 2 3 4 1 2 4 3 0 4 4 1 3 1 2 1 4 0 3 3 3 4 1 2 4 3 1 4 3 4 0 3 0 1 0 3 0 4 2 3 1 2 4 1 1 3 0 4 4 2 3 1 2 2 2 0 4 0 3 1 4 2 1 4 0 2 2 0 1 3 1 2 2 0 3 0 4 3 1 0 4 4 1 4 1 2 1 3 3 4 1 2 4 3 0 3 1 2 1 3 0 0 3 3 2 4 2 1 0 1 0 4 0 4 2 1 1 3 3 0 4 4 0 4 4 1 3 4 3 3 2 3 1 0 1 2 2 4 0 2 0 1 0 2 2 4 4 4 1 2 4 1 3 0 0 2 4 0
4 1 3 1 0 3 1 1 4 3 3 1 0 0 1 1 4 3 1 1 0 2 1 4 4 2 2 2 1 1 2 3 0 2 3 1 4 2 0 0 2 0 2 3 0 2 4 1 2 3 0 1 1 0 4 2 4 1 3 1 1 3 0 2 1 4 1 4 4 0 2 1 4 2 2 2 2 1 1 2 0 4 1 4 2 2 1 4 4 1 0 2 1 1 2 4 0 4 3 2 3 2 2 0 3 4 4 4 2 0 1 4 3 4 0 2 2 1 2 2 2 2 0 4 1 3 1 1 4 0 3 0 1 1 4 0 2 4 2 0 3 3 2 1 1 4 1 4 1 4 4 0 4 1 2 4 2 2 1 1 0 2 4 1 2 4 2 2 1 4 0 1 1 0 0 1 1 0 4 4 2 4 4 3 2 0 3 0 3 2 0 2 1 4 3 3 1 1 3 3 3
4 4 3 1 4 3 4 0 4 1 1 4 3 2 1 4 4 1 1 4 1 4 1 3 4 4 1 2 3 2 4 2 3 1 3 0 4 0 1 4 3 3 2 0 1 4 0 1 1 3 0 1 3 3 0 3 4 1 3 3 0 4 1 1 3 0 3 1 0 0 2 2 2 4 2 4 0 4 3 3 3 3 1 2 3 2 1 0 4 2 3 1 0 3 0 4 1 1 0 0 1 0 1 1 3 3 0 2 2 3 1 0 3 0 1 0 3 4 3 4 4 3 4 3 1 1 0 0 1 4 3 1 0 2 0 0 1 1 1 1 4 1 4 4 1 4 1 0 0 3 4 3 2 4 2 1 0 0 1 2 0 4 3 4 4 1 3 4 0 0 2 3 1 4 3 0 0 1 4 0 0 0 4 4 3 0 1 4 0 0 4 0 4 3 0 3 1 2 1 0 3
4 3 1 4 0 0 2 1 0 4 2 2 2 0 4 1 2 3 2 4 3 3 4 3 2 4 2 4 3 2 1 2 0 4 0 0 4 3 4 2 1 1 0 1 2 0 0 4 2 3 4 1 2 2 1 3 2 3 4 2 2 0 2 3 0 4 0 4 4 1 2 2 3 4 3 4 2 3 1 1 3 1 2 1 3 3 0 3 3 0 4 0 4 3 3 1 0 3 3 4 4 3 1 3 1 2 0 0 4 0 4 3 0 0 2 3 2 4 0 1 1 1 2 1 3 3 4 3 3 0 3 4 3 4 2 2 2 3 2 0 1 3 1 1 0 1 1 3 1 2 3 0 4 0 4 0 0 1 4 4 4 1 4 3 3 4 3 4 1 1 2 4 1 1 4 3 2 1 4 1 3 3 3 3 2 0 4 4 2 1 1 2 2 1 0 3 2 2 1 4 2
4 2 4 1 1 4 3 0 3 1 4 4 2 2 3 2 4 2 2 1 1 2 2 0 0 0 4 4 4 0 1 0 2 4 4 1 3 1 4 2 1 4 4 4 2 1 2 3 4 3 4 1 4 1 3 3 3 4 2 3 2 4 4 4 3 0 2 1 2 1 1 3 2 3 0 1 3 1 4 0 2 2 1 1 1 0 4 4 3 0 3 2 3 1 1 1 0 4 3 2 4 2 3 2 2 2 0 0 4 1 1 1 3 0 3 3 1 3 1 2 4 1 4 3 3 2 0 3 0 2 1 2 0 0 4 3 2 3 2 3 3 2 4 3 3 1 1 4 1 4 4 0 4 2 2 1 1 3 2 0 3 2 4 0 1 4 3 4 0 0 1 4 2 0 4 3 4 3 0 1 0 4 2 3 3 0 2 3 4 1 4 3 0 4 1 4 3 3 4 1 0
4 4 1 1 1 1 0 3 0 0 2 3 2 3 4 2 2 3 4 1 2 0 3 1 4 4 1 1 4 0 3 2 2 0 4 3 2 4 2 2 3 3 3 4 1 1 1 4 0 2 4 4 4 4 3 1 2 3 3 3 4 2 2 3 3 1 3 4 4 2 1 1 4 0 4 3 3 4 4 2 3 3 0 4 4 3 4 1 2 4 3 2 1 3 1 2 0 3 4 2 2 2 4 0 3 3 4 2 1 2 3 1 0 3 4 4 1 2 4 3 4 1 2 0 1 1 0 3 0 0 1 1 2 3 3 1 3 1 4 0 2 3 2 2 4 1 4 2 3 2 1 3 2 3 4 0 3 2 3 0 2 2 3 2 0 1 0 1 2 1 3 2 2 3 1 2 2 4 4 2 1 2 1 1 3 1 0 1 0 1 3 0 0 1 3 2 3 2 3 0 1
4 0 2 0 2 1 0 1 3 1 0 3 3 1 0 4 4 0 0 0 4 4 0 4 4 4 0 2 0 3 0 3 1 3 0 4 3 2 3 2 2 3 2 2 2 4 4 2 1 3 1 2 4 3 2 1 0 2 2 3 3 4 1 0 3 0 2 4 0 3 2 2 2 3 2 2 4 1 0 1 4 1 2 4 2 0 4 4 4 2 0 4 0 1 0 2 4 2 3 2 0 2 2 4 3 3 1 0 1 2 1 2 0 3 2 1 4 0 3 1 3 2 1 4 0 1 1 2 4 4 0 2 2 1 0 3 1 3 1 4 0 4 0 1 4 3 3 4 3 1 0 0 3 4 2 0 1 0 3 3 2 3 1 4 3 2 1 1 4 0 0 1 4 4 1 2 0 3 0 0 4 2 0 4 4 2 0 1 2 4 0 1 2 4 2 1 0 4 0 0 4
4 3 0 3 4 0 0 2 2 2 1 0 2 0 1 4 4 4 2 4 0 1 0 2 0 2 2 2 2 3 4 1 0 3 4 0 2 1 4 1 3 2 0 3 2 4 3 2 1 2 1 0 3 4 2 2 0 3 1 4 0 3 2 3 1 4 1 0 4 1 3 2 3 0 1 0 0 3 2 0 0 4 2 0 3 1 3 4 1 2 3 1 2 4 4 0 0 1 2 2 1 3 3 1 1 4 1 2 3 0 4 1 3 0 4 1 2 3 2 3 0 1 1 4 1 0 2 0 0 0 3 4 1 1 4 1 0 2 4 4 3 3 4 4 1 0 3 3 1 2 2 1 2 3 2 0 3 2 4 4 1 4 0 4 0 3 3 1 0 4 3 2 1 2 3 0 1 3 3 4 3 1 0 0 4 4 0 1 1 1 3 3 1 3 0 1 4 3 2 4 4
4 3 0 4 1 4 2 2 0 1 0 3 1 4 2 3 0 1 3 4 0 0 4 1 2 3 4 3 1 0 1 0 4 0 2 0 3 4 3 1 4 4 2 0 4 4 2 3 1 0 1 2 2 0 1 4 3 3 3 1 0 2 4 1 4 0 0 3 3 3 4 1 2 0 2 1 1 3 3 4 3 2 2 1 1 2 0 0 4 0 4 4 2 2 0 4 4 0 3 0 2 0 4 1 4 0 0 1 1 3 4 2 0 0 3 3 3 3 3 4 2 4 2 1 2 2 0 2 3 2 1 3 0 2 4 0 4 3 1 1 2 3 3 1 1 3 2 0 1 0 4 0 0 2 1 2 2 3 0 4 4 4 3 2 1 3 1 1 3 0 4 4 3 4 1 1 4 0 3 2 2 0 4 1 1 0 3 0 4 0 4 0 0 4 4 1 1 3 1 4 2
4 0 0 0 3 3 3 0 4 3 2 1 1 4 2 4 4 0 3 2 3 1 4 2 2 4 0 0 3 3 4 0 0 4 2 1 0 1 4 3 3 2 0 4 4 2 0 1 1 1 1 3 4 0 1 1 1 3 3 3 4 4 0 2 3 0 1 3 3 1 4 0 2 0 4 1 3 4 3 4 0 0 4 1 1 3 2 1 4 0 2 0 0 1 2 1 1 4 1 0 4 2 3 4 0 3 2 1 1 0 0 4 4 2 4 0 1 1 1 4 2 2 1 4 3 2 4 1 3 4 1 0 3 4 2 4 1 0 2 3 4 1 0 4 2 0 1 2 3 3 4 3 1 0 4 2 2 4 4 4 3 0 0 4 3 3 3 1 4 4 3 2 2 3 4 3 2 1 4 1 0 2 4 1 2 2 0 4 1 3 0 2 2 3 2 2 2 1 3 2 0
4 2 0 0 0 0 1 3 2 3 4 1 0 2 3 3 1 2 2 4 0 4 4 3 1 2 0 0 4 1 4 3 1 3 4 4 2 0 3 3 2 1 2 4 0 3 3 4 1 3 2 0 1 0 4 1 1 0 1 1 1 2 2 2 2 3 3 1 4 2 2 3 0 2 0 0 2 1 3 3 2 2 1 2 1 3 2 4 2 3 4 4 4 2 3 2 4 2 3 2 1 3 3 1 0 1 3 4 3 3 3 2 2 2 3 2 3 2 1 4 2 0 2 1 2 0 3 4 3 0 3 2 3 2 1 2 0 1 3 0 2 2 3 1 2 2 4 4 3 0 3 1 3 2 0 1 3 3 0 4 0 3 0 4 3 3 0 3 2 1 2 4 4 1 2 2 0 0 0 0 2 1 3 0 1 1 1 2 2 2 0 1 4 1 3 0 2 2 0 0 0
4 3 3 2 0 0 1 3 3 1 2 0 0 4 4 0 0 1 4 2 4 3 3 1 2 1 4 2 2 1 2 4 1 3 2 0 2 3 0 3 4 0 0 4 3 1 3 2 1 1 2 4 1 4 4 1 1 4 1 0 0 1 2 4 4 1 3 0 1 3 0 3 1 1 1 3 1 2 1 1 1 3 0 0 1 3 3 4 2 3 1 1 3 3 4 4 1 2 2 0 0 2 3 0 2 2 1 1 1 0 0 0 0 0 1 0 1 2 1 2 1 3 4 3 4 3 0 4 2 3 4 0 2 1 4 0 2 3 0 3 0 0 3 1 1 0 2 1 3 4 4 0 1 4 3 3 2 2 1 3 2 3 0 4 2 1 1 0 3 0 1 4 0 1 4 1 0 3 4 3 0 0 3 3 1 0 0 0 2 2 4 2 3 3 4 3 1 1 0 4 2
4 1 4 2 2 4 0 2 4 3 3 4 1 2 4 3 4 0 3 4 0 3 2 3 3 4 3 1 3 1 0 0 3 0 4 4 1 2 0 4 3 4 4 1 4 4 0 1 4 4 0 0 2 0 3 3 3 2 0 2 2 1 4 0 4 1 0 3 4 0 4 2 3 3 2 2 3 1 3 3 2 2 3 1 4 3 4 1 3 0 4 2 0 0 2 4 2 3 2 4 2 2 3 4 4 3 3 0 1 1 1 0 0 2 3 2 0 4 1 4 3 2 2 4 2 4 0 1 2 2 0 3 1 0 1 0 2 2 0 0 0 1 1 2 3 1 0 1 0 4 1 2 4 3 2 0 4 1 3 2 1 3 3 3 3 4 1 4 1 3 4 3 2 2 3 0 2 0 1 0 2 1 4 0 3 4 2 4 1 1 1 0 1 2 2 2 4 2 0 3 0
4 0 4 0 4 4 4 1 1 2 4 1 2 0 3 2 0 3 4 2 0 3 4 4 1 1 1 0 0 2 3 2 2 1 0 1 1 0 3 4 2 2 4 4 0 1 0 2 3 0 4 3 4 3 0 0 3 4 0 3 3 1 2 3 1 0 2 3 3 2 3 2 0 2 2 1 3 3 3 2 4 2 0 0 4 0 1 0 4 0 3 4 1 0 4 1 3 1 3 1 1 3 0 1 2 0 4 4 0 0 3 2 1 2 0 0 2 2 1 2 1 1 4 1 1 2 4 3 4 4 2 3 0 1 0 0 4 2 0 2 3 0 2 0 4 2 0 0 2 2 4 1 4 0 4 2 0 3 4 1 4 0 1 0 2 1 2 1 1 3 1 3 2 4 4 3 3 3 4 0 2 0 3 3 2 1 2 0 3 0 4 4 1 4 1 0 4 4 0 1 3
4 4 2 3 4 3 3 2 2 0 0 1 2 4 1 2 0 3 3 1 2 0 3 1 4 3 3 4 1 3 4 2 0 1 4 0 4 4 4 0 2 4 3 4 0 4 0 1 4 1 3 0 4 4 4 3 1 4 3 4 2 3 1 2 1 1 1 0 4 2 2 3 4 3 1 4 0 3 2 0 2 1 1 4 1 4 4 2 2 1 1 1 4 4 1 4 1 4 3 3 1 3 3 1 3 3 1 0 2 0 1 4 1 4 2 4 0 4 4 3 0 4 4 3 1 1 2 0 0 4 0 4 4 2 3 3 2 3 3 2 1 1 3 2 2 4 2 2 1 0 2 1 1 2 1 1 4 0 0 0 3 4 1 4 3 0 3 1 3 3 1 4 2 0 0 0 1 1 4 2 3 0 1 1 3 4 3 2 1 3 3 4 4 0 0 2 1 4 4 4 0
4 0 1 1 1 0 3 0 3 4 3 0 4 1 1 0 1 0 4 1 1 2 1 4 4 0 3 2 0 3 4 3 4 3 2 1 2 1 1 1 0 2 2 3 1 3 1 4 4 4 2 1 0 3 1 4 2 3 0 3 4 0 2 0 3 0 1 4 3 3 2 0 0 0 1 0 4 2 2 4 2 0 0 1 4 3 1 1 0 4 2 3 3 3 0 0 3 3 2 4 2 1 3 3 1 0 3 0 2 4 2 4 2 3 0 2 3 3 1 3 1 0 3 2 2 1 2 1 3 4 1 3 3 3 3 2 4 3 0 1 2 4 0 0 0 3 4 4 2 1 4 0 1 0 3 4 3 4 0 4 2 0 1 3 4 2 3 0 2 0 4 1 2 1 2 0 3 4 4 1 2 2 4 2 4 3 3 1 0 4 1 4 2 0 3 2 0 0 3 2 4
4 1 2 2 1 0 4 0 2 0 4 3 0 0 4 2 0 0 1 3 2 3 3 1 1 4 1 4 4 2 1 0 4 3 1 3 0 2 4 2 4 3 2 1 0 2 2 3 0 0 3 4 2 2 0 2 4 4 2 3 4 0 4 4 3 3 4 4 2 0 4 3 3 4 2 4 1 1 4 1 2 4 2 2 3 2 3 3 1 4 2 1 0 4 1 0 3 2 0 3 3 4 2 3 3 1 2 2 3 1 3 1 2 3 3 0 1 3 2 4 2 4 2 1 2 2 3 0 3 0 4 3 4 3 4 4 1 1 0 3 1 0 1 4 3 0 1 3 2 0 2 4 4 3 4 2 1 1 0 4 4 1 0 3 2 3 4 0 0 1 0 4 2 0 4 3 2 4 3 1 2 2 4 2 0 0 0 1 4 3 4 4 2 3 0 4 4 0 0 2 4
4 4 1 2 2 4 0 4 0 2 4 0 1 3 0 2 2 2 4 4 4 0 2 0 1 2 1 3 4 2 1 0 1 2 1 1 3 3 2 4 0 2 4 0 2 0 4 0 3 1 0 4 0 1 3 2 0 1 4 3 0 1 0 0 3 3 4 4 3 2 1 0 3 0 4 2 4 2 2 0 4 4 3 2 2 4 4 0 1 1 3 0 3 0 0 1 1 1 3 2 0 4 4 2 4 1 0 1 4 2 1 0 2 0 1 4 4 2 3 2 3 4 1 1 4 3 4 2 3 0 0 3 3 2 2 2 3 0 0 1 3 4 3 3 1 4 3 4 3 1 1 3 4 1 3 2 1 2 1 0 1 0 3 0 4 0 1 0 3 1 3 0 1 2 0 1 2 2 4 0 1 4 0 3 4 4 1 3 1 4 3 2 2 4 0 0 0 0 4 1 1
4 1 3 2 0 2 3 2 1 1 3 4 0 3 4 3 3 1 4 3 1 1 0 3 4 3 0 4 3 3 3 3 1 2 3 2 3 2 0 0 3 4 4 3 3 0 0 2 2 2 2 4 0 2 4 3 2 0 1 1 3 3 3 0 2 2 3 4 1 4 0 0 4 2 3 2 3 4 1 0 1 1 2 2 3 0 2 3 1 4 3 3 4 4 1 4 0 1 0 0 4 0 0 1 1 3 1 2 1 3 2 0 2 4 3 1 2 4 0 4 2 0 3 4 1 2 3 4 1 1 0 4 0 0 2 0 3 4 1 3 0 1 2 0 3 0 0 3 3 2 1 2 2 0 2 4 3 0 0 3 4 1 3 1 2 2 1 4 2 1 4 2 0 1 1 1 3 1 4 0 4 0 3 2 1 1 3 0 3 3 1 3 0 0 0 0 4 4 0 0 4
4 1 0 1 0 3 4 3 3 0 4 0 2 3 3 4 3 3 3 2 0 2 3 1 1 1 4 1 1 2 4 0 0 0 3 0 0 3 1 0 3 2 3 4 4 4 4 2 0 0 1 0 1 2 3 1 2 4 3 2 4 0 4 4 1 0 0 4 2 2 3 3 3 0 4 0 0 0 0 3 3 3 0 2 4 0 0 4 0 4 3 0 4 3 2 0 3 4 4 0 4 0 1 4 4 4 2 4 0 2 0 3 4 1 2 0 2 2 2 3 3 0 2 3 3 1 2 0 2 4 2 3 4 0 2 4 2 2 2 2 1 0 0 1 3 2 4 3 1 4 0 4 4 2 0 4 0 0 1 2 2 4 3 0 0 0 1 2 3 2 0 1 0 3 3 0 1 4 1 0 1 4 0 4 4 0 2 0 4 4 0 0 1 3 2 1 2 1 0 4 2
4 2 0 3 3 3 1 3 3 3 1 4 4 3 1 1 4 0 1 1 1 2 0 1 0 3 0 4 2 1 1 3 0 3 1 3 2 3 0 2 4 2 3 3 1 2 4 2 3 3 2 4 0 1 2 2 1 4 2 1 0 4 1 4 2 2 1 1 0 3 4 2 4 0 4 1 1 1 4 0 4 1 3 0 3 2 0 4 4 4 1 3 2 2 1 3 3 3 3 1 2 4 4 0 1 4 0 0 3 3 1 0 3 0 0 3 0 1 3 2 2 1 3 4 3 4 0 1 4 0 4 1 1 4 2 1 1 1 3 0 3 1 0 4 1 2 2 2 3 2 2 4 3 4 0 1 0 4 4 3 1 3 0 4 4 3 1 0 2 3 4 4 2 1 2 0 3 1 0 3 1 1 3 2 3 3 3 1 4 3 4 2 1 0 2 3 1 1 1 4 3
4 0 1 1 4 1 0 2 2 2 0 0 3 4 0 0 4 0 1 4 0 0 4 4 3 4 1 4 1 0 4 4 4 2 4 0 0 3 0 0 0 3 2 4 0 1 1 0 1 2 2 0 3 3 2 3 2 4 0 4 3 1 3 1 4 1 2 1 3 4 2 2 3 2 3 0 2 2 3 0 3 3 0 0 2 2 2 2 1 0 3 1 0 4 1 2 2 0 0 0 4 3 4 2 2 2 1 3 3 2 1 4 1 0 3 3 0 2 4 1 3 4 2 3 3 3 3 1 2 3 4 3 3 1 1 1 0 3 1 4 1 3 4 1 0 3 4 1 1 0 4 3 2 4 2 1 4 3 3 0 4 1 2 2 2 0 0 1 0 1 4 4 4 0 0 3 3 4 4 2 1 3 1 2 1 3 4 1 1 4 2 0 1 4 1 3 1 0 2 3 3
4 1 2 4 2 3 3 0 4 4 1 0 1 2 0 4 4 3 0 3 4 2 0 4 2 0 0 4 4 2 3 3 2 1 3 3 4 2 1 2 1 2 4 3 3 1 0 3 3 2 0 3 3 3 2 0 4 0 3 3 4 3 1 4 2 0 0 1 1 3 4 0 3 0 1 0 1 2 1 0 1 2 0 1 4 2 3 0 2 4 0 1 2 1 2 4 3 4 2 2 4 3 0 1 3 1 2 0 2 0 2 2 1 3 1 1 3 4 1 2 3 2 2 0 2 0 0 1 0 0 1 0 1 1 3 2 3 0 0 2 4 1 2 4 4 3 1 3 4 1 4 4 4 2 4 3 2 1 3 1 2 0 0 2 4 2 0 3 4 0 2 1 1 3 4 4 1 1 4 3 2 1 4 0 2 3 4 4 3 1 2 4 1 0 1 2 2 0 3 1 3
4 2 1 4 1 2 2 0 0 3 4 2 1 1 0 4 3 3 0 2 0 2 3 0 3 3 1 1 2 0 4 1 4 0 2 3 2 4 3 2 0 4 0 4 3 1 3 0 4 2 1 4 4 1 0 4 2 0 0 1 3 1 1 0 3 2 1 0 2 3 3 2 3 1 2 3 2 4 4 2 4 2 2 4 1 2 4 4 2 2 2 2 4 0 0 0 3 3 3 1 0 4 2 0 2 2 2 3 1 2 1 1 4 0 4 4 4 3 3 1 4 4 1 0 2 4 3 0 1 4 3 0 2 2 2 3 1 2 3 4 2 2 2 0 0 2 2 2 4 2 0 2 1 3 2 4 4 3 0 4 0 1 2 0 1 3 4 2 4 4 2 1 0 2 0 2 4 0 3 4 2 0 0 0 2 1 3 0 4 4 0 0 4 3 2 2 1 2 4 3 3
4 4 4 3 1 3 1 0 3 4 4 0 3 1 3 3 3 2 0 2 4 3 2 3 4 0 3 4 2 2 0 2 4 4 2 2 2 3 4 2 3 4 0 1 2 2 0 4 0 1 3 2 3 0 4 0 4 2 2 2 1 4 4 1 4 0 0 0 0 2 2 2 3 2 3 1 1 4 3 3 4 1 1 3 4 3 0 0 0 1 2 3 0 4 1 2 3 0 3 0 3 3 1 4 4 4 2 0 4 3 3 4 2 4 3 3 4 4 3 3 3 2 1 3 0 3 1 2 1 0 3 3 2 2 1 1 0 1 2 3 3 1 0 1 3 3 2 2 0 2 3 0 1 2 3 3 2 0 0 2 1 4 2 4 0 1 3 0 2 2 4 1 0 4 3 2 4 0 1 0 1 1 4 0 4 3 3 3 0 1 3 3 0 2 1 1 3 4 2 4 1
4 2 0 0 2 4 1 4 2 0 4 0 2 0 4 3 1 3 1 3 2 0 1 1 4 4 0 2 3 4 4 3 3 2 4 4 2 0 2 3 0 0 1 2 3 1 3 3 1 2 4 0 2 0 1 1 1 1 3 2 3 4 0 4 3 2 1 1 3 0 3 1 3 1 3 1 4 2 4 0 4 0 0 2 2 2 2 3 3 4 0 4 1 2 0 1 1 2 1 4 0 4 0 4 2 0 3 4 2 4 0 0 0 3 3 1 0 2 3 0 2 4 1 3 3 1 1 0 0 0 1 0 2 4 2 3 4 0 1 1 1 2 3 4 4 1 0 4 1 4 0 4 3 2 2 0 3 4 4 3 2 1 2 0 3 1 4 1 2 4 2 3 1 1 3 1 3 0 4 4 0 1 4 2 1 0 4 0 1 0 4 4 1 2 3 2 2 3 3 2 3
4 4 0 1 0 4 1 1 1 1 3 2 4 1 3 0 3 4 4 1 2 4 3 3 0 1 0 1 2 1 2 4 4 0 0 3 4 0 4 4 1 3 0 2 2 0 4 3 3 2 1 1 4 0 1 0 2 3 4 1 2 2 0 0 0 3 4 0 1 3 0 1 0 1 3 1 1 2 2 0 4 4 0 1 2 1 1 1 0 0 0 2 1 3 3 4 4 3 3 2 3 1 3 3 2 0 4 3 3 3 1 1 3 0 3 4 0 2 0 0 1 4 4 3 0 3 2 2 0 0 0 2 1 0 1 3 1 2 1 1 1 3 3 0 1 2 3 4 4 4 3 3 0 0 4 1 3 2 1 3 4 3 2 4 2 3 1 0 3 2 2 0 2 3 2 2 3 0 1 1 2 4 0 3 3 0 4 1 2 2 0 3 2 2 3 4 3 4 2 4 1
4 3 1 4 0 2 0 3 0 3 0 0 1 3 1 1 2 1 2 3 0 2 4 2 0 2 4 1 2 3 2 1 2 1 4 0 3 2 2 2 1 3 4 2 0 0 4 3 4 0 2 2 4 2 2 4 1 1 3 0 3 2 4 1 0 2 2 2 0 0 4 4 3 1 3 2 3 0 1 0 4 3 2 3 2 3 4 4 1 3 2 4 4 3 4 4 4 4 3 2 0 0 2 1 3 4 0 4 3 3 1 0 1 1 4 4 4 4 2 3 0 3 2 3 4 1 2 1 3 2 3 4 4 4 4 1 3 4 2 0 1 1 2 4 2 2 2 2 4 1 4 2 4 3 2 2 1 1 4 2 2 1 4 1 1 1 1 3 1 3 4 1 0 3 3 0 4 2 0 3 4 1 1 2 0 2 1 4 2 2 0 4 3 3 0 3 2 3 2 1 4
4 1 3 3 0 4 2 1 0 0 4 1 0 1 3 4 4 2 0 1 1 0 4 3 3 0 4 3 2 1 3 1 2 4 2 0 3 3 3 4 4 3 1 3 3 4 4 4 1 3 0 4 2 0 0 0 3 3 1 0 4 1 0 4 1 0 3 0 1 1 0 1 2 0 3 1 3 0 3 3 4 2 3 3 0 4 0 2 2 2 1 3 2 1 3 3 4 2 1 0 2 2 0 4 4 4 4 3 3 1 3 0 4 3 1 1 4 0 2 2 1 2 0 2 1 0 1 1 1 3 4 3 3 3 4 1 3 4 4 1 3 2 2 2 2 2 0 4 0 4 3 4 1 3 0 2 0 2 2 0 3 0 2 3 0 3 4 0 1 2 3 2 4 3 4 4 0 2 0 4 1 2 2 1 0 4 0 1 2 3 3 0 0 2 1 1 2 0 4 1 3
4 4 1 2 4 3 1 0 0 0 4 0 0 1 3 4 2 1 3 3 2 2 3 0 1 0 4 0 1 4 1 3 1 0 3 0 0 2 3 3 1 0 0 3 0 1 2 3 1 0 4 1 2 1 1 0 0 3 3 4 4 2 3 3 2 2 0 2 0 4 4 0 2 2 3 3 1 4 4 4 0 2 3 2 1 2 0 0 1 3 3 2 3 0 1 2 2 3 1 0 2 2 4 3 4 1 3 4 2 1 1 0 0 0 3 3 0 2 4 4 0 2 0 1 3 3 2 4 4 1 1 2 1 4 1 4 3 3 4 4 1 1 4 1 2 1 4 3 1 0 2 4 4 2 2 0 4 2 0 3 1 0 3 3 4 3 4 4 3 3 3 4 1 3 4 0 0 2 4 2 3 2 1 3 3 1 3 4 4 0 3 3 0 4 3 0 0 2 2 1 3
4 0 2 0 2 0 3 0 0 3 2 3 0 3 0 4 2 3 1 2 4 0 3 3 4 2 0 3 4 4 1 3 0 3 3 4 0 2 3 4 1 0 3 1 4 0 1 2 2 3 3 3 3 0 1 3 4 4 0 1 3 1 2 2 3 3 2 4 3 4 0 4 1 0 0 1 4 4 1 3 4 3 0 4 1 0 3 4 3 1 4 0 0 3 1 1 0 4 1 2 1 4 1 0 0 3 1 0 4 4 0 3 4 0 4 3 3 0 2 2 4 4 3 4 4 2 2 0 2 0 4 1 4 3 2 4 0 1 1 0 0 1 3 4 2 1 4 1 4 2 2 0 2 4 3 3 0 3 3 3 3 4 2 1 0 1 4 0 0 1 2 2 1 1 1 4 2 4 0 4 3 3 1 4 2 1 1 4 3 3 4 0 1 3 4 2 3 0 1 2 0
4 2 4 1 3 1 3 2 2 3 4 2 4 1 2 4 0 0 2 3 1 3 4 4 0 4 3 2 3 4 0 1 3 2 4 1 3 3 0 2 3 4 4 1 3 2 4 1 2 0 1 4 4 2 0 1 4 2 4 2 3 0 3 0 3 3 4 1 1 2 3 2 4 1 1 1 4 3 2 3 4 3 4 2 3 4 1 4 0 2 2 4 4 2 3 4 3 2 1 1 1 3 3 1 3 2 3 3 4 4 4 0 4 1 3 0 3 1 3 0 3 0 1 4 4 2 1 2 1 2 3 4 4 4 2 4 3 3 4 0 2 2 4 1 4 0 2 2 4 0 0 2 4 0 0 2 0 4 4 1 2 0 3 4 1 4 2 2 3 3 4 4 0 2 0 3 2 0 0 0 4 3 1 3 3 3 1 2 3 0 0 2 2 0 2 0 3 1 0 1 1
4 4 3 3 1 2 0 2 1 1 1 1 0 4 1 3 4 4 1 4 4 4 3 3 4 4 0 3 0 4 2 1 2 1 1 4 3 1 3 4 1 1 1 0 2 3 1 2 2 3 3 3 0 1 1 4 0 2 4 3 1 4 3 3 1 4 0 0 4 4 1 4 3 1 3 4 3 4 3 1 0 2 0 2 0 1 2 2 0 3 2 0 2 1 0 4 2 1 4 2 0 4 0 1 0 2 0 4 0 3 1 2 1 1 1 3 3 4 3 0 1 0 1 0 3 0 4 3 4 3 2 2 1 1 2 4 2 1 1 1 3 2 3 3 3 3 1 1 4 4 0 1 0 1 1 0 1 1 4 2 3 2 1 0 3 0 3 0 3 3 4 4 0 2 1 2 4 2 1 3 1 4 1 3 0 2 3 2 1 2 2 3 2 2 1 2 3 4 3 4 2
4 1 3 3 4 3 1 0 2 0 2 1 1 3 4 0 4 4 2 3 4 2 2 3 2 1 4 0 2 4 2 0 1 0 2 4 3 4 4 0 3 0 1 4 2 1 2 3 2 3 3 1 4 3 1 0 0 3 1 1 1 1 2 0 3 3 1 0 3 3 0 4 3 4 3 0 4 2 4 2 2 2 2 3 0 4 2 4 3 4 3 1 2 4 3 0 1 4 2 3 1 1 2 3 4 4 0 3 1 4 3 2 1 3 3 0 2 2 2 4 3 4 4 2 0 0 2 0 4 1 1 4 2 3 0 2 0 3 2 4 3 3 3 1 4 3 3 1 1 0 4 2 0 0 0 3 3 3 1 4 1 2 0 2 4 2 2 1 3 3 4 2 2 0 3 2 1 3 1 0 3 3 2 4 4 0 3 4 1 4 2 2 1 4 1 1 3 0 0 4 4
4 3 0 1 1 4 4 0 1 4 1 3 2 0 4 3 1 0 3 3 3 2 3 2 3 1 1 4 3 0 3 0 2 0 3 3 1 4 2 1 1 0 2 3 3 0 2 4 3 3 3 4 0 2 1 1 1 0 3 2 0 4 1 3 1 3 2 4 0 2 2 1 2 3 3 1 3 1 4 4 1 3 0 4 4 4 2 0 0 0 3 2 1 4 4 4 2 2 2 4 4 4 4 4 4 2 1 0 4 0 3 4 1 1 4 2 3 1 3 1 1 2 0 4 4 3 4 3 1 1 4 3 2 1 1 1 0 3 2 1 3 3 4 0 0 4 1 0 0 0 2 2 4 1 4 0 2 0 4 3 2 3 4 2 2 2 3 3 2 4 3 1 0 1 0 0 3 4 4 2 4 3 1 0 0 0 0 2 1 4 1 3 0 3 0 3 1 4 2 4 3
4 1 0 1 3 1 3 4 4 4 2 1 2 3 3 3 2 3 2 0 0 1 3 1 3 2 4 3 4 4 4 2 4 0 3 3 2 2 4 2 2 1 3 0 3 1 0 0 1 4 3 2 1 2 3 2 2 3 0 0 0 4 1 1 3 3 3 2 0 3 4 3 3 1 0 1 1 2 2 2 2 4 2 0 0 3 2 4 4 0 1 2 3 0 4 1 2 4 0 3 0 0 3 2 4 0 2 4 4 0 2 3 4 2 2 3 4 4 2 2 4 1 4 1 3 3 2 1 2 3 3 0 3 1 1 0 1 1 0 4 2 1 0 0 0 3 2 3 0 0 2 1 3 1 1 0 4 4 0 4 3 0 2 0 4 3 4 3 1 1 2 2 3 3 0 4 1 2 3 3 2 1 2 2 0 3 2 3 1 0 4 0 2 3 3 0 0 4 0 1 3
4 0 3 2 4 2 1 3 4 2 3 1 3 2 1 1 3 0 4 3 1 4 1 1 1 3 1 1 0 1 0 0 0 4 4 1 1 2 4 3 0 1 4 0 3 4 1 1 3 1 0 3 2 3 3 4 0 0 0 2 1 1 2 4 2 0 1 3 2 0 4 3 1 4 1 1 4 1 2 2 0 2 2 4 1 2 2 4 4 1 2 3 1 4 0 0 0 2 3 0 1 0 1 4 4 3 0 0 0 0 0 4 2 1 3 3 3 2 0 3 0 0 1 3 2 3 2 2 2 2 1 0 1 3 2 1 3 4 2 2 0 4 2 0 4 2 3 1 3 0 4 2 2 4 1 1 4 0 4 3 1 2 3 2 4 2 1 1 4 4 0 4 1 1 2 0 1 4 3 3 2 2 1 4 4 2 4 0 2 3 2 0 0 4 1 3 0 1 4 0 1
4 0 0 1 1 3 2 1 4 2 0 1 3 1 1 3 3 0 3 4 1 3 4 3 4 3 1 2 1 1 3 0 1 0 2 2 1 2 3 0 4 2 1 2 3 1 2 0 3 3 2 4 1 3 0 4 4 3 4 3 4 3 2 0 0 4 3 0 0 3 0 4 1 4 0 2 2 1 1 1 0 4 3 2 1 1 4 2 0 3 3 1 1 0 1 2 0 4 0 4 3 4 0 2 3 3 2 2 0 1 2 2 3 1 1 2 1 1 0 1 3 4 2 0 2 1 1 2 0 4 0 4 0 4 2 2 2 4 0 1 3 3 4 1 2 2 1 1 0 4 2 2 0 3 0 4 0 2 4 2 2 1 0 4 0 0 3 3 3 3 2 4 2 2 0 3 3 3 3 2 4 0 0 0 4 2 2 1 3 2 3 1 3 4 1 4 3 2 1 0 0
4 2 0 1 2 4 0 1 3 2 0 4 1 4 4 0 4 4 0 3 2 3 0 3 1 3 3 3 1 2 2 0 4 0 1 1 0 4 1 1 2 1 2 3 3 1 1 0 0 4 1 2 2 2 2 4 2 1 4 2 1 2 0 3 3 2 1 3 1 1 2 3 4 4 3 4 4 0 1 2 3 4 0 3 2 2 3 0 2 2 3 4 3 3 3 2 2 3 2 1 1 1 1 4 1 0 1 1 1 4 1 2 4 0 1 1 0 0 1 0 2 4 0 4 4 4 0 4 2 4 4 4 2 4 1 0 3 0 4 2 4 0 4 4 0 2 2 1 3 3 2 4 4 1 0 2 2 3 2 2 2 1 0 2 3 4 2 2 1 0 0 0 2 3 3 2 0 2 0 4 2 0 4 0 2 2 3 1 4 0 2 0 1 3 2 1 4 3 0 2 2
4 3 4 0 1 3 3 1 3 0 0 4 0 0 1 4 2 4 2 0 3 4 0 0 4 2 2 2 0 1 1 0 3 2 3 2 2 0 2 0 1 2 2 1 2 1 0 0 2 4 4 3 4 1 4 1 0 2 1 3 1 0 4 2 1 2 0 2 1 2 3 4 0 2 0 2 1 4 4 4 1 3 0 3 0 2 0 2 0 3 3 1 4 4 1 1 0 0 0 2 1 2 2 0 2 1 4 0 0 0 0 4 4 4 1 3 0 0 1 0 2 3 3 1 1 1 1 0 2 1 4 2 0 2 4 0 1 4 2 2 2 3 3 1 4 2 2 2 3 1 1 0 2 0 3 0 2 3 2 4 4 2 1 3 2 4 3 3 1 0 3 3 4 1 4 0 0 0 2 1 1 0 0 3 0 0 4 0 2 0 0 2 4 4 0 0 1 1 3 2 2
4 4 4 3 4 1 1 0 4 2 4 0 0 0 4 4 1 3 3 1 4 2 0 4 0 1 1 4 3 2 0 2 3 3 1 3 3 0 2 1 3 4 1 0 1 1 1 2 2 4 2 4 1 4 4 0 4 0 0 2 4 3 2 2 0 0 2 0 3 2 1 4 3 2 3 3 3 4 4 4 3 4 1 1 1 2 3 0 3 1 1 2 3 0 1 2 4 3 3 2 2 1 3 1 4 3 2 3 1 2 3 0 4 2 2 1 3 4 1 3 2 4 1 3 3 3 3 2 4 1 3 3 0 3 3 4 3 4 1 1 2 3 0 4 1 0 0 4 3 3 3 4 2 0 0 4 2 3 4 0 2 0 4 4 0 1 0 0 2 4 2 2 3 0 4 4 1 4 3 0 1 1 0 3 4 1 0 3 2 3 0 0 2 4 3 0 0 3 2 0 3
4 1 0 4 3 4 0 3 0 4 0 3 4 4 4 2 2 4 4 3 0 2 2 0 0 4 1 3 0 1 4 4 2 0 0 4 4 0 3 2 4 1 1 2 1 1 0 1 4 3 2 4 1 4 4 2 0 1 1 1 3 1 0 4 3 2 2 4 2 1 3 4 0 0 2 4 0 2 4 2 3 4 4 2 3 0 0 3 3 3 4 4 1 2 2 4 2 1 1 4 0 1 4 0 4 1 2 0 4 4 2 0 0 4 3 0 4 3 1 3 4 2 2 4 2 3 2 0 4 3 0 1 1 0 0 0 0 0 2 4 2 0 1 3 1 3 2 1 0 3 4 1 1 2 3 2 3 1 3 4 4 2 1 0 0 4 1 0 4 0 0 4 4 0 4 0 1 4 3 1 3 4 4 0 3 3 1 4 3 1 1 4 1 2 2 4 2 2 4 1 1
4 0 3 4 1 1 1 4 2 3 2 4 1 3 4 3 4 1 3 1 2 3 0 3 4 4 2 2 2 4 3 3 1 4 1 1 1 1 1 4 3 3 1 4 2 4 4 2 3 1 2 1 3 1 0 1 2 0 2 1 2 2 4 3 1 1 2 1 2 3 2 3 4 4 0 0 4 0 0 3 2 0 4 0 0 2 1 2 2 4 2 2 1 4 3 4 3 1 3 1 2 3 4 0 2 1 1 4 0 3 3 3 3 3 2 1 1 3 1 2 0 1 4 4 2 2 1 4 0 2 2 1 2 3 1 2 3 0 1 0 3 2 0 0 2 3 1 3 1 0 4 1 0 1 1 1 3 4 2 3 3 4 0 1 0 0 0 2 3 2 4 3 4 4 3 1 1 2 4 2 4 3 3 3 3 1 1 0 3 1 3 2 0 3 3 2 4 1 1 1 3
4 0 2 1 3 0 1 2 4 4 3 1 0 3 2 0 4 4 3 2 2 0 1 2 2 0 3 1 4 0 3 4 1 0 2 2 2 0 3 0 3 2 0 4 1 1 1 0 0 3 4 0 1 1 1 1 3 3 4 0 2 1 2 3 1 4 0 4 2 3 0 3 3 2 0 4 3 1 3 0 0 1 2 3 2 2 4 4 0 1 4 2 4 2 4 4 3 0 0 4 3 2 0 0 3 2 1 2 1 3 4 3 1 4 3 2 2 4 4 1 4 1 0 2 1 2 4 3 3 2 4 1 0 2 4 2 4 4 2 2 0 2 2 3 3 3 3 3 0 2 0 0 4 1 1 4 2 4 0 4 0 4 4 2 0 1 3 2 0 0 1 0 4 4 4 4 2 2 2 1 4 4 2 1 3 2 0 4 4 2 3 4 2 3 2 0 3 3 2 0 4
4 4 3 2 4 0 4 2 4 4 4 0 3 4 2 4 3 1 0 3 1 4 3 0 1 1 4 4 0 2 2 1 4 4 3 1 4 0 0 4 4 2 4 2 2 0 2 2 4 1 1 1 3 3 0 3 0 2 4 1 0 1 0 2 0 1 4 4 3 4 3 4 0 4 2 2 3 1 3 4 2 0 0 1 0 4 2 1 1 1 0 1 0 3 3 0 0 2 4 4 4 4 3 4 2 2 4 4 3 1 3 2 4 3 0 4 2 2 2 4 1 2 2 2 2 1 4 4 1 3 3 0 0 0 4 3 3 2 1 3 2 2 1 0 1 2 1 0 3 1 1 0 3 1 0 2 1 4 2 2 0 0 4 0 0 0 2 0 3 3 4 0 3 0 3 1 0 3 2 1 0 3 3 1 4 2 3 2 2 0 4 2 4 2 1 3 3 1 2 1 0
4 3 2 0 4 1 4 3 2 2 4 3 2 3 1 0 2 0 1 3 0 2 4 3 0 1 4 1 4 4 3 3 4 3 1 2 1 0 0 2 2 4 0 3 3 0 0 3 0 0 0 2 0 2 2 2 0 1 3 2 4 0 0 3 2 1 2 1 4 2 0 0 4 2 1 0 0 0 2 2 2 0 2 1 2 4 4 4 4 0 4 4 1 4 3 0 3 3 4 0 0 1 2 2 3 2 0 1 4 2 3 3 1 3 4 4 4 4 4 2 2 4 2 1 1 4 2 0 1 3 0 4 2 2 2 1 1 2 2 2 4 0 4 0 4 4 2 0 4 2 2 1 2 2 0 1 2 4 2 3 1 2 2 1 3 1 0 3 2 2 3 3 4 2 3 1 2 0 0 2 3 2 2 4 4 4 1 2 0 2 0 4 2 0 3 0 3 0 4 2 0
4 0 3 4 0 3 0 3 1 1 1 0 4 0 4 3 4 1 3 1 3 4 3 1 0 0 2 2 0 4 0 1 3 4 0 0 0 2 2 0 2 4 0 2 1 0 3 4 0 1 2 3 0 3 0 0 4 4 1 3 0 4 1 1 4 2 2 4 1 2 0 1 0 2 3 1 0 4 2 3 2 1 2 3 0 2 4 2 3 3 2 4 2 0 2 0 0 1 1 1 2 3 1 0 1 1 3 1 1 4 2 2 2 0 2 2 4 2 1 1 4 2 4 0 0 1 2 2 0 2 1 1 4 1 1 0 3 1 1 0 4 4 4 3 1 1 3 2 2 4 0 2 3 0 3 4 2 3 2 0 3 2 1 0 3 1 4 3 0 1 4 1 1 2 1 2 0 0 3 3 4 2 0 2 4 4 4 0 2 0 1 2 0 2 0 0 2 2 2 1 0
4 1 1 2 3 0 2 2 0 2 2 4 3 3 2 3 0 2 0 0 4 4 3 4 2 4 1 0 0 0 4 2 3 4 2 2 4 1 1 0 2 2 2 4 3 1 1 3 3 4 3 0 0 0 3 2 4 1 3 4 1 3 2 1 1 3 2 2 4 4 4 2 1 3 1 1 4 4 3 4 3 2 1 2 0 0 0 1 2 4 3 4 0 1 2 3 4 3 0 1 0 2 0 2 1 2 4 2 2 3 0 3 1 0 4 1 4 4 2 4 4 2 0 2 1 0 3 0 0 2 1 1 0 0 3 4 0 4 1 0 0 3 1 1 1 2 0 4 2 4 1 1 4 1 2 2 4 4 3 2 2 0 1 0 0 3 4 3 4 1 3 4 1 0 1 2 2 2 4 2 0 0 3 2 3 2 2 1 4 4 2 0 2 2 1 0 3 1 4 3 0
4 1 4 2 0 0 3 1 1 3 3 0 0 4 2 2 2 2 4 4 1 4 2 3 3 0 4 3 1 3 3 2 3 0 4 1 2 1 0 1 0 3 4 0 3 4 1 0 3 4 2 2 4 0 0 1 2 3 4 3 4 2 4 3 1 3 3 3 1 1 4 0 2 1 4 4 1 4 3 1 1 3 3 2 0 2 0 1 4 1 2 2 1 3 3 3 1 3 0 2 4 1 4 2 3 2 0 2 0 3 2 2 4 0 1 4 1 2 3 1 4 2 1 2 2 3 3 2 3 2 3 0 2 0 2 0 0 0 1 2 4 2 0 1 4 1 3 0 0 4 3 3 4 2 0 0 3 1 2 0 3 4 3 2 2 4 4 1 0 0 2 0 0 4 4 3 1 4 1 0 3 3 1 3 2 2 1 1 1 2 1 2 2 2 1 2 0 2 3 3 2
4 2 1 0 1 1 2 3 4 1 2 0 2 0 1 0 4 1 2 1 0 4 2 4 2 0 4 2 1 4 1 4 0 1 2 1 0 1 3 1 1 1 4 1 1 3 3 2 3 1 2 0 0 1 4 2 0 4 1 4 4 0 1 4 4 1 2 3 3 0 0 3 3 4 2 4 1 4 2 1 3 1 1 3 0 3 4 0 2 4 3 3 2 3 0 2 0 0 3 3 2 2 3 1 2 3 2 3 3 2 3 1 4 1 3 0 0 1 0 0 4 3 2 0 4 2 2 3 1 4 0 4 0 4 1 1 1 4 3 3 3 2 2 4 4 3 2 4 4 1 1 2 2 4 2 2 2 0 1 4 2 1 1 1 2 3 3 4 2 0 1 1 4 2 4 4 2 0 4 4 3 0 1 2 4 4 2 2 1 0 2 1 4 0 3 3 2 4 4 4 0
4 4 0 3 1 1 1 3 1 1 0 2 0 2 1 4 0 0 1 0 1 3 0 1 3 2 3 1 0 3 3 2 4 4 0 0 1 2 2 1 4 1 0 4 4 1 3 2 0 4 3 1 3 1 2 0 1 3 1 3 2 4 4 0 3 4 0 4 0 4 0 3 2 2 2 3 0 1 2 2 1 0 4 1 2 1 3 1 0 4 2 4 3 1 1 2 1 2 2 3 2 0 2 4 2 2 2 3 0 2 1 1 4 3 4 2 4 4 2 4 0 0 1 4 4 3 1 4 2 4 2 1 4 4 4 2 4 4 3 3 0 3 1 2 4 4 2 4 4 3 2 2 2 2 3 0 3 2 2 2 0 1 3 0 4 2 2 0 4 1 2 2 1 4 2 3 3 3 3 3 2 2 2 2 2 1 4 4 1 2 4 4 2 2 4 2 1 2 0 1 4
4 0 0 2 0 3 0 2 0 3 0 2 3 3 4 4 0 0 4 4 2 4 2 1 2 0 1 4 0 4 4 2 4 2 3 2 3 2 0 4 4 2 1 4 3 3 3 3 2 0 1 3 2 0 0 3 2 4 1 4 1 3 4 4 2 2 4 1 3 1 3 2 4 2 3 3 0 3 3 3 2 0 0 4 4 2 3 1 0 0 0 3 2 2 4 0 2 4 3 2 1 3 3 2 1 4 0 1 0 2 4 4 1 1 1 3 1 1 0 3 0 3 0 0 4 1 2 2 1 3 0 3 1 2 2 4 0 0 4 2 1 1 4 0 0 0 4 4 3 4 1 1 0 1 4 3 4 4 4 4 1 4 0 0 4 3 3 3 1 1 0 1 1 0 0 4 1 3 3 0 0 4 3 1 4 2 2 3 0 1 2 4 2 1 1 4 1 4 1 0 3
4 4 3 0 1 3 4 1 2 0 3 2 1 1 2 0 1 3 1 3 3 4 4 4 1 2 1 0 0 3 4 4 3 1 1 1 4 4 2 1 3 2 0 4 0 0 1 4 3 0 0 3 4 0 1 3 4 1 2 4 3 2 2 4 3 0 0 1 3 2 2 1 2 2 3 1 0 4 4 1 2 1 0 1 0 1 4 3 4 0 4 4 2 3 4 0 3 0 3 3 4 3 4 1 4 4 1 0 1 3 0 0 1 1 2 3 0 3 1 4 4 4 2 4 4 1 4 2 0 2 3 1 4 0 1 2 1 1 3 1 1 4 2 3 0 3 0 1 0 2 0 0 2 3 4 0 1 3 2 2 1 0 4 1 0 0 0 2 3 4 0 3 0 3 2 1 2 0 1 2 2 4 1 0 4 0 3 0 4 1 4 0 4 3 1 0 0 1 3 3 3
4 1 3 3 3 0 3 0 0 4 3 2 0 4 3 4 2 4 0 0 0 4 3 3 0 3 3 3 2 3 0 0 3 2 2 4 3 0 0 1 3 0 1 2 3 4 3 4 2 0 1 2 0 4 2 2 1 0 3 3 2 1 0 4 4 1 0 2 3 4 4 3 1 0 0 2 2 2 0 3 4 3 2 0 2 4 3 1 4 3 3 2 2 1 3 4 4 0 0 3 3 3 3 2 2 0 4 3 3 4 0 4 3 1 3 1 4 2 0 2 4 4 3 4 1 0 3 3 0 0 1 0 4 4 1 0 4 0 0 2 4 4 4 1 2 3 0 3 2 4 1 0 2 4 1 0 3 0 4 2 0 3 1 2 3 0 1 4 4 3 3 4 0 4 4 4 3 2 3 2 1 1 3 4 2 0 2 1 0 0 2 2 3 4 1 1 4 4 3 1 3
4 0 4 3 1 0 3 2 3 0 4 3 4 2 1 0 1 1 2 4 3 3 0 1 0 4 1 1 3 2 1 4 4 3 1 2 2 1 2 0 3 3 3 1 2 0 4 1 3 3 3 0 1 4 3 3 4 0 3 4 1 0 3 3 0 2 0 1 3 3 2 2 4 1 2 2 3 2 0 3 2 1 3 3 3 3 2 1 4 1 2 2 2 0 1 2 1 4 0 0 2 1 1 2 3 0 1 2 2 1 4 4 2 0 3 0 1 4 4 3 3 4 1 4 3 1 4 0 4 1 1 0 3 1 0 3 4 1 0 3 2 1 0 2 3 1 0 1 1 2 3 3 2 4 4 1 0 4 3 3 1 4 3 2 4 1 2 1 0 4 2 1 0 2 2 0 1 4 2 1 1 4 3 3 0 3 3 0 3 3 4 3 4 0 3 1 2 4 1 3 4
4 2 2 0 0 1 3 0 1 0 3 3 2 3 2 1 3 1 0 2 2 1 0 3 1 2 4 4 1 0 4 0 4 0 0 0 4 4 2 1 0 3 4 2 4 4 3 1 1 1 1 3 1 0 0 1 3 4 1 4 1 4 3 2 2 3 4 4 1 2 0 4 2 4 3 2 1 4 0 0 0 1 4 2 4 4 1 2 3 0 4 4 4 1 3 3 0 1 0 0 2 4 3 0 3 0 0 1 1 1 1 0 1 2 1 4 1 4 0 4 4 3 1 3 0 2 3 2 1 0 4 3 1 3 1 0 4 2 4 3 0 4 4 2 2 0 0 3 1 1 3 2 2 3 0 4 1 4 4 2 4 1 0 2 3 0 3 2 0 0 2 3 0 0 4 3 0 4 4 0 2 1 1 3 1 4 2 4 4 4 4 0 0 4 3 0 4 2 0 2 1
4 4 2 0 2 3 4 1 2 2 4 3 0 2 3 1 0 2 3 1 3 1 2 4 4 2 2 1 3 4 3 0 2 1 0 4 4 0 0 3 1 2 3 4 2 0 1 1 2 0 1 0 3 0 0 3 0 4 3 1 2 4 2 2 4 1 3 4 1 0 0 4 2 1 1 3 1 2 3 1 4 3 1 0 3 1 1 2 0 0 1 0 3 1 2 3 3 4 2 2 1 2 4 1 2 1 0 0 2 3 0 2 4 2 3 2 2 0 1 1 0 3 1 3 0 4 1 1 2 4 3 1 4 3 2 4 0 2 1 1 1 3 0 4 1 1 2 4 4 4 0 0 2 4 4 1 0 4 1 1 0 4 4 0 4 4 1 0 4 0 0 3 2 1 0 4 3 4 1 1 3 1 0 1 0 1 4 3 3 2 0 2 0 0 0 1 2 3 4 3 1
4 1 3 0 3 4 0 4 3 2 2 2 3 0 4 2 0 3 2 3 2 1 2 1 0 1 0 0 1 0 4 0 3 4 0 1 4 0 3 3 3 1 4 3 0 4 1 0 1 1 2 0 2 4 2 1 2 4 1 4 1 2 1 2 2 3 2 3 3 1 1 0 4 1 0 3 1 1 2 4 0 4 4 4 3 1 1 3 0 0 2 3 1 0 3 1 2 0 3 2 2 3 3 3 0 1 2 3 2 2 1 1 4 1 1 3 0 4 4 2 3 1 1 0 2 0 3 1 3 0 4 0 3 0 4 2 2 4 1 3 1 4 2 2 4 3 1 4 2 4 1 1 0 3 1 4 1 0 4 1 2 4 1 0 2 1 3 1 1 4 2 4 2 1 2 4 3 0 4 1 1 2 3 1 4 2 3 3 3 1 0 1 4 2 3 2 1 2 3 4 2
4 1 3 2 2 0 2 0 2 3 0 0 0 3 4 3 4 3 1 1 4 3 3 2 4 3 4 0 0 2 1 2 3 1 1 2 4 3 2 2 3 4 1 1 1 2 0 0 0 1 3 2 1 2 1 1 3 4 4 1 0 1 0 1 2 4 2 3 3 3 3 3 0 3 1 1 0 0 0 4 1 4 4 2 1 2 4 1 0 0 1 0 3 3 1 2 0 4 4 1 3 4 3 4 0 1 0 3 3 4 2 4 3 1 3 1 0 2 3 1 2 0 1 0 4 4 4 2 3 0 3 1 4 2 1 2 4 4 2 2 2 0 0 1 4 2 4 4 1 4 4 2 0 4 3 4 0 0 2 1 0 2 0 4 2 1 4 1 2 3 2 4 4 2 2 0 3 1 2 4 3 4 3 3 3 1 2 0 3 2 1 4 2 4 4 2 2 2 3 4 1
4 4 3 4 2 1 2 4 3 1 2 3 0 4 0 1 0 3 4 2 4 0 2 4 2 3 1 4 1 2 3 1 2 1 4 2 2 0 3 2 2 4 4 2 2 0 1 3 3 2 1 3 0 4 3 1 2 2 1 2 3 2 0 0 0 1 1 2 0 4 2 1 0 0 3 3 2 3 0 3 0 0 2 4 2 3 4 3 1 4 0 2 3 4 0 2 3 4 3 2 4 2 1 4 0 4 2 4 3 4 1 1 4 4 1 4 1 4 3 3 3 1 4 1 2 2 4 1 1 4 1 0 0 3 4 2 0 2 1 2 4 2 1 1 3 1 3 0 0 1 3 0 0 2 1 0 1 4 1 2 1 0 3 0 2 2 4 4 2 3 3 0 3 3 2 0 1 2 3 4 1 0 2 2 4 4 4 0 0 2 3 2 1 1 2 0 2 3 0 3 0
4 2 4 1 4 3 1 3 2 2 4 2 2 3 2 4 4 3 1 4 3 1 1 3 4 2 0 2 4 2 2 0 1 2 3 1 4 1 1 1 2 1 4 3 1 4 4 0 2 3 4 3 3 0 0 3 2 0 3 0 0 4 2 3 2 2 4 1 0 0 0 4 3 0 0 1 3 3 1 1 4 4 2 0 3 2 1 2 2 2 2 2 1 1 4 0 0 1 4 2 4 4 1 4 1 3 3 2 4 2 1 1 4 1 4 2 1 3 2 4 1 4 3 0 4 0 4 4 4 2 0 4 3 3 2 0 4 2 0 1 1 3 2 1 0 1 0 4 3 4 4 2 4 0 2 2 0 1 3 0 0 1 4 2 3 0 0 2 4 4 3 0 1 3 3 2 0 4 4 1 4 0 0 2 0 3 4 2 0 0 4 2 4 4 4 4 1 2 3 3 1
4 1 4 3 1 2 2 1 2 0 0 0 3 0 3 4 0 2 0 4 1 2 3 2 2 1 1 0 3 1 0 0 0 3 0 1 1 4 2 0 3 0 0 0 4 4 2 4 1 1 0 1 0 0 0 2 4 1 1 2 2 2 3 1 0 4 3 3 0 4 4 3 1 3 1 3 4 1 2 2 2 2 4 4 1 3 3 0 1 3 4 1 1 4 1 1 2 0 0 4 4 2 3 2 4 2 4 0 1 0 2 2 3 2 4 1 2 0 2 0 3 0 2 1 1 4 0 3 0 0 3 0 3 2 2 2 1 2 3 0 0 0 4 4 4 2 2 2 0 3 0 0 4 0 3 3 4 1 0 0 1 1 4 3 0 2 1 1 3 0 3 1 2 1 0 0 2 1 2 4 3 0 3 2 4 3 1 4 1 0 2 3 0 1 1 4 0 2 4 2 0
4 0 1 1 0 4 1 1 0 0 2 2 2 2 4 4 0 0 1 1 2 4 2 1 2 2 0 4 3 2 0 3 1 4 2 3 4 4 4 0 4 0 3 2 0 3 1 2 3 0 4 4 4 2 1 0 1 4 4 2 4 1 1 0 3 3 2 2 2 3 1 0 0 0 2 4 2 3 3 3 4 0 2 3 0 4 4 0 0 1 4 4 3 0 3 1 2 2 2 2 2 1 3 3 0 0 2 1 2 1 1 4 1 2 0 0 2 1 1 1 0 2 3 1 1 3 1 1 2 3 4 0 1 3 1 2 2 2 4 0 2 4 0 2 0 2 2 4 3 2 2 2 1 2 1 3 4 3 2 1 4 1 3 1 1 1 3 0 2 2 4 3 0 2 1 3 2 0 1 3 2 1 3 2 0 3 4 2 3 0 2 3 1 1 0 3 1 4 2 0 2
4 1 1 3 4 1 2 0 0 1 0 4 0 4 1 0 1 3 4 1 4 3 1 1 2 0 2 2 3 4 0 1 2 3 3 1 2 2 0 1 3 2 4 4 0 4 4 3 2 2 3 0 1 0 2 2 0 1 3 3 2 4 1 3 4 2 3 4 4 0 1 3 0 2 2 3 3 1 2 1 3 3 0 0 2 3 2 2 1 1 3 3 0 3 1 0 0 0 3 2 1 4 0 0 4 4 2 4 2 1 2 2 0 3 3 0 1 3 0 4 3 3 1 0 2 4 3 4 0 3 4 4 3 1 0 2 1 3 0 0 1 2 4 0 4 2 1 0 3 4 1 4 2 0 3 0 0 0 3 4 1 0 1 1 3 0 1 3 3 1 3 1 4 1 1 3 2 1 3 1 0 1 4 0 2 2 3 0 3 4 4 2 0 2 4 3 3 1 4 1 2
4 4 4 0 4 2 3 4 4 2 0 3 4 1 2 3 0 2 4 2 4 0 3 2 4 2 2 3 3 4 2 0 4 1 0 1 3 0 0 3 3 4 2 0 1 3 4 0 0 0 3 2 2 2 3 3 3 4 1 2 4 4 2 4 0 4 3 3 1 1 2 2 4 2 4 4 2 3 0 4 3 1 1 0 1 1 4 2 2 1 4 3 3 1 1 3 0 1 1 1 2 2 4 4 0 0 2 3 4 0 4 2 1 0 2 0 4 1 1 0 1 0 1 1 1 4 4 0 2 3 3 3 1 2 2 4 3 1 4 0 1 1 0 3 2 3 2 0 3 2 3 3 2 4 3 2 0 1 2 1 3 0 2 1 3 3 4 2 3 3 4 1 1 0 4 1 0 0 1 0 3 0 0 0 4 4 0 0 2 1 0 3 3 0 1 2 1 1 2 3 1
4 2 3 2 3 4 0 0 1 4 2 4 1 4 0 3 3 4 2 2 3 0 4 0 0 4 0 3 3 2 1 2 3 2 2 4 3 1 0 1 3 1 2 1 2 2 3 0 4 1 2 2 3 2 2 4 0 1 0 4 2 1 3 2 2 1 3 4 4 2 3 3 2 2 2 3 0 1 4 0 2 4 0 3 1 2 1 2 4 2 3 3 2 4 2 0 2 3 1 4 3 1 0 0 1 1 0 0 0 2 2 1 4 1 1 2 2 1 3 2 0 0 0 4 1 4 0 3 4 2 4 1 1 4 4 0 1 4 0 2 4 3 1 2 0 0 2 3 2 0 4 3 0 0 0 2 0 2 1 0 1 4 1 4 4 4 1 2 2 1 0 4 3 0 3 2 3 1 2 0 2 4 4 2 1 3 1 4 0 4 1 1 2 1 3 3 0 1 3 3 0
4 3 3 3 2 3 3 4 2 2 3 2 3 1 1 2 4 1 3 4 2 2 1 1 0 3 1 3 1 3 0 3 1 2 4 0 3 4 2 3 1 3 2 2 1 1 1 4 1 3 4 2 1 1 2 0 4 2 0 3 2 2 4 4 0 1 1 1 4 0 0 1 2 4 0 2 3 2 3 1 3 4 2 3 3 1 3 0 3 3 3 2 2 0 2 4 3 1 0 0 1 1 4 4 1 4 4 3 4 2 1 2 1 2 1 1 4 3 3 3 1 3 0 0 3 4 4 3 1 1 1 0 0 0 4 2 2 3 4 0 0 1 4 3 4 3 0 4 4 4 0 2 3 0 2 4 2 2 4 4 4 2 4 2 0 2 4 3 2 4 3 2 2 3 0 0 1 0 0 4 0 0 3 0 1 0 2 2 2 4 0 3 3 3 2 0 4 0 1 0 4
4 0 1 4 3 1 0 1 4 3 3 2 3 1 1 3 2 2 0 0 1 0 0 1 3 0 2 2 3 0 2 0 0 0 1 3 3 4 4 3 0 1 3 4 2 3 2 1 1 0 3 2 0 1 2 4 1 4 4 1 1 1 1 1 4 2 4 4 3 0 0 2 2 4 0 3 3 1 1 0 2 3 0 2 4 3 0 2 1 4 2 0 2 3 4 0 1 2 2 0 3 2 1 1 1 0 2 2 2 0 4 3 2 3 2 1 2 2 0 0 1 3 3 4 2 1 4 2 1 2 0 2 0 0 3 0 3 2 0 4 3 2 1 1 1 0 1 4 1 2 3 2 2 3 0 2 3 4 1 4 3 0 4 3 0 2 2 4 1 1 2 3 3 1 2 1 2 1 0 2 0 3 0 3 3 2 0 2 3 2 3 4 0 3 4 0 1 1 2 4 1
4 4 0 2 2 3 1 1 1 3 1 2 1 2 1 2 1 2 3 1 2 4 0 4 4 4 1 2 3 1 3 0 2 3 1 3 4 0 2 2 3 2 2 2 1 1 3 3 0 4 0 4 1 0 3 3 2 1 0 1 0 0 1 2 1 4 2 2 1 0 2 1 3 2 3 4 4 1 2 4 4 0 3 1 3 1 0 0 4 1 0 4 4 2 2 4 3 2 2 1 0 3 3 0 1 3 4 1 0 4 3 2 3 0 2 3 2 2 4 2 3 4 3 1 0 1 2 1 2 1 2 1 0 0 2 3 3 4 4 4 4 4 0 4 0 0 4 4 0 0 3 3 2 4 2 4 2 4 0 0 0 4 4 0 0 0 2 4 0 3 0 2 1 2 3 4 0 0 1 2 0 0 4 4 4 2 2 3 0 0 1 1 2 2 0 1 0 4 2 3 4
4 4 4 2 1 2 3 3 4 2 4 4 4 3 0 3 0 3 1 3 4 1 1 4 3 4 4 1 2 3 4 4 3 2 3 0 2 3 0 4 4 2 4 1 4 3 4 1 3 0 1 3 2 4 0 0 4 3 4 1 4 0 2 2 0 4 0 3 2 3 1 2 1 2 1 2 3 0 3 4 3 0 4 0 2 0 0 0 0 2 0 0 0 4 1 0 4 1 1 3 1 1 1 3 0 1 4 1 3 3 0 1 3 4 0 3 0 4 3 4 0 1 4 4 3 4 2 3 0 1 0 2 4 3 1 2 1 0 4 2 3 0 1 3 0 0 0 3 3 1 0 2 0 0 0 2 3 4 0 3 0 0 3 2 2 3 2 4 3 4 1 0 4 2 1 0 2 2 4 3 2 1 4 0 4 3 1 1 2 2 2 4 0 1 4 0 1 2 2 1 2
4 1 3 3 1 3 3 2 3 3 0 1 1 4 3 3 3 2 4 1 1 0 3 0 1 2 2 0 0 3 4 4 1 0 0 1 2 0 2 0 2 2 0 2 0 3 0 2 4 4 1 3 2 4 0 4 4 4 3 0 2 4 3 0 3 3 1 4 4 0 2 2 1 2 0 1 0 2 1 1 2 0 0 0 0 1 3 2 3 2 0 2 0 4 3 0 2 3 0 1 4 4 2 3 2 3 0 3 2 4 0 4 3 0 3 0 3 1 2 3 0 3 4 0 1 4 3 3 4 0 4 4 2 0 3 4 4 2 4 1 3 1 4 4 3 1 3 1 3 4 1 2 4 0 1 3 1 0 0 0 4 4 1 3 1 0 4 1 4 0 2 0 3 1 3 3 3 4 3 4 3 0 0 3 2 1 3 4 1 3 4 4 3 1 0 1 4 3 0 3 2
4 4 4 3 1 3 0 0 3 3 4 0 3 1 4 0 1 1 3 1 0 3 1 2 2 2 0 1 4 2 4 1 1 1 2 4 1 2 2 2 3 2 1 4 4 3 4 0 3 4 2 4 4 0 4 3 1 1 1 2 4 2 3 1 0 4 4 1 1 0 0 3 2 3 3 3 2 0 0 2 0 4 0 0 4 0 0 2 0 1 2 4 4 3 4 2 1 1 4 4 4 3 2 1 3 2 2 0 1 0 3 4 2 1 4 4 3 1 3 4 2 3 3 1 1 3 0 0 3 4 4 0 0 1 0 4 1 1 3 3 4 4 3 4 2 2 2 0 1 1 3 0 0 1 0 4 1 4 2 3 1 0 1 3 3 2 4 0 2 1 0 1 3 1 2 0 1 0 4 3 0 3 3 3 4 4 0 3 3 3 0 3 0 4 0 2 4 2 4 2 4
4 2 4 0 3 1 3 0 4 1 2 0 4 1 3 1 4 0 3 3 1 0 2 2 1 1 2 1 3 1 4 4 0 4 0 3 3 3 3 1 3 4 1 4 0 2 0 0 2 3 2 1 2 2 0 4 1 3 4 4 4 1 0 4 1 0 1 1 2 4 4 2 2 3 2 2 4 0 3 0 0 0 3 1 3 4 0 2 2 0 1 2 4 4 2 3 1 2 1 0 3 3 2 4 1 3 2 1 4 1 4 4 4 2 4 1 2 2 1 1 1 0 0 1 4 2 3 0 0 4 0 4 2 3 2 0 2 4 4 1 0 4 4 2 0 0 3 3 3 4 0 4 1 3 4 0 1 0 1 0 1 0 1 2 1 1 3 2 1 0 1 2 4 2 0 4 3 0 0 1 4 4 3 0 1 3 4 3 4 1 1 4 1 3 1 0 1 2 4 3 4
4 1 2 4 0 2 4 1 2 2 0 2 0 1 2 0 1 1 0 3 2 1 1 0 1 3 2 0 4 1 1 1 0 0 4 0 2 3 4 4 1 2 4 1 3 2 2 4 2 3 4 2 0 2 3 1 3 4 4 1 4 3 2 1 2 1 1 2 2 1 1 0 3 1 0 1 4 4 3 3 3 0 4 4 4 1 3 3 2 2 4 2 0 4 0 4 3 2 0 4 1 1 3 2 1 0 2 0 0 4 2 3 0 0 0 2 2 1 4 2 4 4 1 2 2 0 3 3 1 0 4 3 0 2 1 3 1 3 2 1 0 0 1 2 0 2 2 0 3 4 0 1 4 3 3 2 4 0 2 1 4 1 1 4 4 3 3 4 3 0 4 1 2 2 2 1 1 1 2 4 0 4 4 2 1 2 3 4 1 4 1 1 3 2 4 3 2 2 1 4 0
4 4 2 4 0 0 4 4 3 1 0 4 0 1 1 0 3 0 2 2 0 1 4 2 2 1 2 2 4 1 4 4 1 3 3 3 2 1 3 1 2 4 3 2 3 2 0 1 3 1 2 4 0 1 1 0 4 2 1 4 1 1 0 0 4 3 4 1 2 1 4 0 2 4 2 3 0 1 1 0 0 2 0 0 0 3 4 4 0 4 3 2 3 1 3 0 1 2 1 3 0 1 3 3 4 4 3 2 0 2 1 0 1 1 3 0 4 3 1 3 1 2 1 1 0 1 2 0 1 0 2 1 4 3 2 3 0 4 2 0 3 2 0 3 0 4 1 4 0 3 1 3 0 1 3 2 2 4 3 2 1 1 4 2 1 0 4 4 1 4 1 0 1 1 0 1 1 4 0 0 2 3 2 4 4 4 3 1 1 0 4 4 3 2 1 1 3 2 2 3 4
4 4 3 3 0 2 3 4 1 3 4 1 3 4 1 4 0 0 2 0 1 4 0 1 0 1 3 4 2 0 0 3 2 0 3 2 2 0 4 4 1 3 0 2 3 2 3 1 0 3 2 0 4 2 3 2 0 3 4 2 2 4 1 1 1 2 4 2 4 1 0 2 0 2 4 3 4 0 4 4 2 3 3 4 0 4 2 4 1 1 1 2 2 2 1 1 2 3 4 3 0 0 3 0 3 0 4 4 0 1 2 4 0 1 3 2 0 4 0 2 4 4 4 2 0 0 1 4 0 3 0 0 4 0 0 4 4 2 1 2 3 2 1 1 3 2 0 4 0 4 2 4 4 3 3 0 4 2 3 0 0 2 3 4 1 1 2 4 3 3 4 4 0 0 3 4 0 3 4 2 1 1 3 0 0 4 3 4 3 3 0 3 3 3 2 3 2 0 1 0 2
4 0 3 1 4 2 1 2 0 1 1 4 0 3 4 1 0 3 3 4 0 4 2 3 1 3 4 3 0 2 3 3 3 0 3 1 3 0 1 1 1 0 3 2 3 2 3 3 3 1 3 2 3 0 2 4 0 3 4 1 4 2 0 4 0 1 2 1 2 3 3 1 1 4 4 4 0 2 2 1 4 4 4 3 3 1 1 1 1 1 0 2 3 1 3 1 1 0 3 4 0 4 4 2 0 1 2 4 4 0 2 4 1 3 3 4 1 2 1 0 3 3 4 1 3 1 2 1 3 4 0 0 4 2 0 1 4 2 1 0 0 2 0 4 3 0 3 3 4 2 4 3 4 2 4 4 1 2 4 1 2 2 0 4 4 1 1 0 0 0 2 0 3 4 1 3 3 2 0 4 3 0 3 4 0 3 4 0 2 2 2 3 2 0 2 2 0 3 0 4 2
4 3 0 1 2 3 1 3 0 4 4 3 3 1 4 0 1 1 0 0 1 0 2 4 1 1 0 0 1 2 0 2 2 1 0 3 2 1 1 4 0 3 3 1 2 0 4 0 4 4 1 1 4 2 1 3 1 1 3 1 4 0 0 0 3 3 0 1 4 0 1 0 4 1 1 3 0 3 3 3 0 2 2 4 0 2 2 4 4 1 1 3 4 2 4 2 3 3 4 4 1 1 0 3 4 2 1 1 2 3 3 3 1 4 4 4 0 1 2 4 3 2 1 2 4 4 1 4 4 3 1 0 1 1 3 2 3 0 2 3 3 1 3 0 2 0 4 4 2 0 1 0 0 4 2 1 1 2 2 4 2 2 0 0 1 2 3 4 3 2 3 4 3 2 4 2 2 2 2 3 0 4 1 2 3 0 1 3 2 3 2 2 3 3 4 3 2 0 0 1 0
4 3 4 2 0 2 3 3 0 4 1 3 0 0 4 4 2 0 3 1 1 0 0 1 1 2 2 3 2 3 1 2 4 1 2 4 0 1 0 0 2 4 3 2 3 2 2 2 0 4 4 4 3 1 4 2 1 1 2 1 1 3 1 3 0 3 3 3 4 4 1 2 2 2 2 1 1 4 1 1 2 1 4 4 3 2 4 3 0 2 4 4 1 3 3 0 0 3 2 0 0 4 4 4 0 0 2 1 0 1 0 0 3 1 1 2 3 4 1 2 4 3 1 3 4 2 3 1 2 0 1 1 0 4 0 2 2 2 2 4 2 1 2 2 4 4 4 1 4 4 3 1 1 2 0 1 0 3 3 3 4 0 1 4 3 2 0 2 1 4 0 4 1 3 0 4 0 3 1 1 2 3 4 3 4 0 4 4 0 0 3 0 0 4 3 1 3 0 0 2 3
4 0 3 4 3 4 0 1 3 2 1 2 1 3 4 4 4 0 4 3 1 1 0 3 0 4 4 3 1 2 4 3 1 2 1 1 0 3 3 1 0 1 2 1 2 3 3 3 2 3 3 3 1 4 4 0 0 4 0 1 0 0 2 0 4 0 2 1 2 1 4 4 3 1 1 4 0 1 4 3 2 0 2 0 3 0 1 2 1 2 0 3 2 4 3 3 0 2 4 3 4 3 3 2 3 4 0 4 3 2 1 0 3 3 4 2 3 4 3 2 2 2 2 4 0 4 2 1 4 1 1 3 1 2 1 3 1 1 3 0 3 3 3 2 0 0 2 0 2 2 0 4 3 4 0 3 2 3 0 1 3 4 1 0 3 4 0 4 2 1 0 0 1 1 3 2 4 0 3 2 3 4 4 3 4 2 2 4 3 3 0 1 0 1 4 2 1 2 4 2 3
4 4 1 3 3 4 1 4 1 3 3 0 0 3 1 4 3 1 4 3 2 3 1 2 0 3 1 4 3 1 2 2 4 1 3 4 0 4 0 2 0 1 4 2 4 0 4 1 1 4 3 4 0 0 2 0 4 0 1 1 1 1 4 1 1 1 1 3 0 2 1 1 0 0 0 1 2 3 0 0 4 3 2 4 3 2 4 3 1 1 1 3 2 0 3 1 0 0 2 4 0 3 4 4 3 2 1 2 0 2 0 3 1 2 0 3 3 3 3 3 1 4 3 1 2 1 3 3 3 2 1 3 4 1 1 1 3 1 3 4 3 1 3 0 3 4 0 4 0 1 1 0 1 1 1 3 4 3 0 4 0 4 3 4 3 4 1 1 3 0 2 1 4 2 2 1 0 4 3 1 4 4 1 0 1 3 4 4 1 1 2 2 0 4 3 4 2 3 3 1 4
