200
1000
200

[Node]
0 0 0 0 0
0 0 0 0 0

[pickup]
1 505049443 435 0
2 504930820 640 0
3 504940835 219 0
4 502800060 614 0
5 503197273 249 0
6 504591173 313 0
7 503219384 219 0
8 502794103 672 0
9 503564865 674 0
10 504759282 774 0
11 503906051 105 0
12 502791233 351 0
13 502787745 787 0
14 502794770 465 0
15 502794862 116 0
16 504944095 717 0
17 504780558 686 0
18 505037254 377 0
19 504878152 256 0
20 502787101 179 0
21 502793979 445 0
22 504516617 259 0
23 502785928 428 0
24 503229542 111 0
25 503073499 703 0
26 504822040 568 0
27 505079974 411 0
28 504438926 477 0
29 502793333 441 0
30 503200512 403 0
31 503627607 152 0
32 502788519 686 0
33 504771349 698 0
34 502785834 636 0
35 503642641 469 0
36 505046733 649 0
37 503146995 152 0
38 505242941 589 0
39 502789656 279 0
40 502789909 415 0
41 502785912 434 0
42 505129428 514 0
43 502787100 663 0
44 503902315 759 0
45 502787019 609 0
46 502833962 260 0
47 505127909 381 0
48 503937705 472 0
49 502799018 247 0
50 504928743 542 0
51 502787113 706 0
52 503226439 313 0
53 503820191 246 0
54 502785904 322 0
55 505183803 671 0
56 504924574 273 0
57 503625983 144 0
58 504549590 756 0
59 502786499 668 0
60 502793306 675 0
61 504412059 542 0
62 502793597 534 0
63 505238369 348 0
64 504783127 336 0
65 504876069 553 0
66 502800138 189 0
67 502800320 666 0
68 504787660 157 0
69 504923952 581 0
70 502792132 483 0
71 505213082 287 0
72 504895215 508 0
73 505170924 233 0
74 502788856 608 0
75 503301564 444 0
76 502785801 502 0
77 503282696 175 0
78 503822454 696 0
79 502787595 310 0
80 504922095 197 0
81 504737054 383 0
82 502787465 719 0
83 504472399 698 0
84 504827639 430 0
85 504931503 705 0
86 505102071 759 0
87 502990031 187 0
88 502790348 630 0
89 504725759 210 0
90 502785842 664 0
91 505229205 384 0
92 505077322 488 0
93 504354573 480 0
94 502793034 767 0
95 503304580 442 0
96 504582516 118 0
97 504940738 737 0
98 502789111 612 0
99 502794543 549 0
100 502798857 239 0
101 504876066 295 0
102 504701928 247 0
103 503264243 130 0
104 504391001 355 0
105 503053688 505 0
106 502792815 694 0
107 502791656 231 0
108 504731124 424 0
109 503008636 365 0
110 502785779 293 0
111 505235087 617 0
112 502789141 367 0
113 502787009 192 0
114 505084990 186 0
115 503617233 104 0
116 505088719 294 0
117 502790737 446 0
118 504976539 510 0
119 502786050 741 0
120 505160192 557 0
121 505147775 683 0
122 505244402 672 0
123 503832753 299 0
124 502787394 696 0
125 502791767 611 0
126 504941276 147 0
127 503903812 475 0
128 504861698 788 0
129 505044687 483 0
130 503584764 477 0
131 504839715 755 0
132 503282693 135 0
133 505172794 446 0
134 502799189 319 0
135 503217648 323 0
136 504989744 574 0
137 504396817 108 0
138 504604283 681 0
139 502992124 409 0
140 504766175 653 0
141 505191728 353 0
142 504512179 154 0
143 503255162 713 0
144 504115637 104 0
145 504999730 275 0
146 505244393 117 0
147 502786196 704 0
148 504625886 669 0
149 504433510 135 0
150 502790508 371 0
151 502788260 537 0
152 504940824 481 0
153 504766179 394 0
154 503263235 371 0
155 505177725 344 0
156 502785906 662 0
157 504537707 102 0
158 505023534 771 0
159 502789900 109 0
160 502787464 179 0
161 502785835 354 0
162 502796225 114 0
163 502788210 647 0
164 504924567 151 0
165 504636941 659 0
166 502787070 553 0
167 502790955 370 0
168 503938687 206 0
169 503138976 683 0
170 503595240 504 0
171 505160190 278 0
172 503123568 383 0
173 503282691 355 0
174 504137358 146 0
175 503288264 568 0
176 502786534 546 0
177 502792640 800 0
178 505121631 196 0
179 505103061 731 0
180 502788282 685 0
181 502796885 742 0
182 504398963 380 0
183 504559684 780 0
184 504512205 605 0
185 504888120 127 0
186 504235142 396 0
187 504354545 694 0
188 502796499 135 0
189 504633802 602 0
190 504989072 213 0
191 503939605 285 0
192 503838482 279 0
193 504946665 228 0
194 505246152 713 0
195 504782561 335 0
196 505171506 457 0
197 504226419 671 0
198 502947479 102 0
199 502801322 218 0
200 502787444 408 0

[Speed 0]
0.81
30.0 60.0 0.0 0.6
90.0 150 0.0 0.4
300.0 540.0 0.0 0.81
570.0 630.0 0.0 0.6
660.0 720.0 0.0 0.4
750.0 840.0 0.0 0.81

[Speed 1]
1.33
30.0 60.0 0.0 0.8
90.0 150 0.0 0.6
300.0 540.0 0.0 1.33
570.0 630.0 0.0 0.8
660.0 720.0 0.0 1.3
750.0 840.0 0.0 2

[Speed 2]
1.33
30.0 60.0 0.0 1.0
90.0 150 0.0 0.8
300.0 540.0 0.0 1.33
570.0 630.0 0.0 0.8
660.0 720.0 0.0 0.6
750.0 840.0 0.0 1.5

[Speed 3]
1.5
30.0 60.0 0.0 0.9
90.0 150 0.0 0.8
300.0 540.0 0.0 1.5
570.0 630.0 0.0 0.9
660.0 720.0 0.0 0.8
750.0 840.0 0.0 1.5

[Speed 4]
2
30.0 60.0 0.0 1.1
90.0 150 0.0 0.9
300.0 540.0 0.0 2
570.0 630.0 0.0 1.1
660.0 720.0 0.0 0.9
750.0 840.0 0.0 2

[speed choose matrix]
4 4 4 4 4 4 4 4 4 4 4 4 4 4 4 4 4 4 4 4 4 4 4 4 4 4 4 4 4 4 4 4 4 4 4 4 4 4 4 4 4 4 4 4 4 4 4 4 4 4 4 4 4 4 4 4 4 4 4 4 4 4 4 4 4 4 4 4 4 4 4 4 4 4 4 4 4 4 4 4 4 4 4 4 4 4 4 4 4 4 4 4 4 4 4 4 4 4 4 4 4 4 4 4 4 4 4 4 4 4 4 4 4 4 4 4 4 4 4 4 4 4 4 4 4 4 4 4 4 4 4 4 4 4 4 4 4 4 4 4 4 4 4 4 4 4 4 4 4 4 4 4 4 4 4 4 4 4 4 4 4 4 4 4 4 4 4 4 4 4 4 4 4 4 4 4 4 4 4 4 4 4 4 4 4 4 4 4 4 4 4 4 4 4 4 4 4 4 4 4 4
4 3 2 0 2 4 0 4 1 2 1 3 4 1 1 2 3 4 4 2 2 1 3 3 2 3 0 3 0 0 0 3 4 1 4 3 3 2 0 2 4 4 2 3 2 1 4 3 0 1 0 0 2 2 0 2 4 1 1 2 2 0 4 2 4 1 4 3 0 2 3 3 3 1 0 2 3 1 3 1 3 4 3 4 1 2 2 1 2 1 2 2 1 0 2 2 4 0 0 1 0 1 4 4 1 3 2 2 3 2 3 0 4 1 0 2 3 2 1 1 4 0 4 3 3 0 4 3 2 0 2 3 3 0 3 4 3 0 4 2 4 1 3 4 2 1 2 2 3 3 0 4 2 0 3 1 0 0 2 3 2 3 4 3 3 1 2 0 0 0 4 1 0 2 2 1 3 1 0 4 3 3 4 3 4 4 1 1 4 4 2 4 0 4 2 3 2 4 4 2 2
4 0 4 2 2 3 1 0 1 1 0 1 2 0 3 0 1 4 0 3 3 0 0 4 0 1 4 3 0 4 4 4 3 3 2 1 4 3 4 2 1 4 3 4 3 0 4 1 4 0 1 4 1 3 1 0 0 1 2 2 1 1 0 1 3 0 1 0 0 2 1 1 0 3 3 3 3 4 1 0 3 4 1 2 4 1 1 3 2 2 3 1 2 0 3 1 0 4 1 3 3 4 1 2 0 1 4 2 3 2 3 2 0 4 3 4 0 2 0 4 3 4 4 0 0 0 0 0 0 0 3 2 2 3 1 2 4 0 0 1 2 4 1 3 3 3 2 2 1 2 4 4 1 3 4 3 0 4 1 0 4 1 4 4 3 4 4 1 2 1 1 2 0 0 4 0 1 1 1 2 0 4 4 3 4 4 0 4 4 4 0 3 1 0 0 4 2 3 4 1 3
4 4 2 2 2 1 3 3 0 4 4 0 3 2 4 4 1 3 4 0 4 4 2 1 4 2 3 3 1 3 4 4 4 1 0 4 1 4 3 4 0 4 0 0 0 3 2 3 0 2 0 0 2 2 2 1 3 0 3 3 2 3 4 2 2 0 3 0 0 4 1 2 2 2 0 3 3 4 0 4 2 0 1 2 2 3 4 3 3 3 0 0 3 2 3 3 4 2 1 1 0 3 4 1 3 4 1 4 4 2 1 4 3 0 2 0 1 4 3 1 3 1 2 1 4 0 2 0 4 2 4 2 2 1 3 4 4 3 0 1 0 0 0 2 1 2 2 3 1 0 3 4 4 3 1 3 3 4 4 2 2 4 0 2 3 0 0 3 1 3 0 2 2 3 3 1 0 1 1 2 2 3 4 3 4 2 0 3 0 1 2 1 1 0 1 4 1 1 3 3 4
4 1 0 0 3 3 3 4 2 4 3 3 4 4 1 2 3 3 2 3 0 0 3 3 2 4 1 2 2 3 1 1 3 0 1 4 3 1 2 0 0 4 0 0 0 2 2 0 3 3 4 1 2 3 4 4 3 1 2 1 0 1 0 1 2 4 4 0 0 1 1 3 0 3 4 4 0 0 4 2 4 3 1 3 4 3 1 1 2 2 3 2 0 3 0 1 2 3 2 4 1 1 1 0 4 2 4 4 1 4 0 3 4 3 2 0 1 2 2 3 2 2 3 1 0 1 2 4 3 3 2 0 0 3 0 0 3 4 4 4 1 0 0 0 0 2 3 3 1 0 3 3 1 4 1 4 2 4 2 0 2 3 1 0 4 3 1 4 1 4 0 2 4 3 0 4 1 3 2 3 0 4 1 4 2 1 3 4 1 0 0 4 0 4 0 4 3 1 0 1 4
4 2 0 2 0 2 4 2 4 1 2 3 2 2 4 4 1 4 3 0 2 0 3 0 1 4 4 1 1 4 2 2 3 0 1 1 4 1 0 3 2 0 0 0 1 2 4 1 2 0 0 2 2 1 3 0 2 2 1 3 0 4 0 1 2 1 4 3 0 1 3 2 4 0 1 0 3 1 4 0 1 2 0 1 0 2 2 3 2 3 2 1 0 2 1 2 1 3 2 3 2 4 4 0 3 3 4 3 1 1 3 3 1 0 1 0 4 2 2 1 0 1 3 0 4 0 3 2 4 3 3 3 2 1 4 2 3 4 0 4 4 2 0 3 1 4 2 0 1 0 0 4 1 3 1 3 2 0 3 3 1 4 0 0 1 0 4 4 2 0 3 1 1 0 3 1 4 3 4 0 3 4 4 0 4 1 3 3 0 1 2 1 4 0 0 2 4 1 4 1 4
4 0 2 0 2 2 3 4 4 3 3 0 3 4 2 2 1 4 1 2 1 1 3 4 3 4 3 2 2 3 1 4 3 3 0 2 1 4 0 2 4 2 3 4 3 4 0 0 4 3 4 3 4 1 0 3 1 3 3 4 1 2 0 1 2 2 1 0 4 2 2 1 0 2 3 4 0 0 2 1 4 2 0 2 1 4 3 3 4 2 2 1 4 0 0 0 1 1 2 0 4 1 4 4 0 3 2 1 0 0 1 4 3 3 3 0 4 2 1 0 3 3 1 3 1 1 1 1 4 2 3 0 2 1 1 3 0 1 0 0 2 3 3 0 0 2 0 0 1 3 0 2 3 4 2 1 0 0 4 1 2 2 3 2 2 4 0 0 3 2 1 1 3 2 4 3 2 2 3 2 1 2 1 4 0 2 4 1 1 4 1 0 1 2 1 0 3 3 2 3 1
4 3 2 0 0 3 2 0 1 3 2 2 4 0 4 3 2 4 4 3 1 2 4 4 3 4 0 1 0 4 1 2 0 1 4 2 0 4 2 2 2 1 1 2 4 3 2 4 1 3 2 0 1 0 2 2 2 3 2 3 4 3 4 0 4 2 4 1 2 1 2 2 3 0 4 0 4 2 3 2 0 4 4 4 4 2 0 0 4 2 4 2 4 4 1 3 1 1 4 1 1 3 4 2 4 2 2 2 2 3 4 3 4 1 3 0 0 3 2 0 0 0 3 0 1 2 2 3 1 3 2 0 4 0 3 1 0 3 0 4 0 1 1 4 4 2 2 4 2 2 4 3 3 3 1 4 0 3 3 1 1 4 1 3 4 0 4 0 1 1 2 1 1 1 2 2 2 2 0 4 2 0 3 3 2 1 3 3 1 1 0 1 4 2 3 1 0 3 4 1 2
4 1 1 1 4 2 1 3 1 3 3 2 3 0 1 4 0 1 3 2 3 1 3 0 0 2 3 2 3 3 2 2 0 1 3 2 3 4 3 0 0 3 0 0 1 1 0 0 3 2 1 0 0 3 1 0 1 4 3 2 2 1 1 1 4 4 0 1 0 2 1 2 3 3 1 4 2 1 2 3 2 4 0 4 1 4 4 0 4 4 4 0 3 1 2 4 1 0 4 4 4 1 2 0 4 2 3 3 2 3 4 3 3 2 2 0 4 3 4 4 3 1 1 0 1 0 0 1 0 2 4 3 0 2 2 2 3 0 0 2 4 4 4 1 2 2 2 2 1 0 3 1 0 0 0 3 1 3 3 3 1 3 2 2 2 4 3 3 2 1 3 3 0 1 0 4 0 1 0 2 1 0 4 2 1 0 2 0 2 0 2 4 1 4 0 3 1 0 2 1 1
4 3 1 3 4 3 3 0 3 3 2 1 3 0 3 0 0 0 1 4 4 2 2 3 2 4 1 2 1 0 0 0 4 0 2 1 1 0 2 1 2 3 0 2 0 0 4 0 1 3 0 1 1 0 2 0 0 1 4 4 1 4 0 3 3 0 2 2 1 1 2 0 2 1 2 1 0 0 1 0 3 1 4 0 1 3 0 4 4 2 4 1 2 1 2 1 0 1 0 0 1 2 4 3 2 4 0 0 3 1 0 3 1 2 0 3 1 0 3 0 0 4 3 2 4 0 2 1 4 2 2 0 4 3 1 4 3 0 1 2 4 1 0 2 2 0 2 1 1 4 2 3 2 1 0 1 0 2 1 3 3 1 0 3 0 4 0 1 2 2 0 1 2 2 2 3 3 3 1 2 2 1 3 4 1 0 0 1 1 2 3 2 3 0 2 3 0 0 3 4 1
4 1 1 0 2 2 3 1 3 1 1 4 1 0 3 1 2 0 0 1 2 4 2 3 3 3 1 0 3 1 4 1 1 1 4 2 0 1 2 0 2 0 1 3 0 1 2 0 0 3 3 3 4 0 0 2 0 0 1 4 3 2 3 0 0 3 4 0 3 3 0 3 2 2 3 2 0 3 2 1 3 3 0 2 0 0 0 2 4 0 0 2 0 4 4 1 4 0 4 4 2 2 2 3 0 3 4 2 4 1 4 4 3 1 2 0 4 2 1 3 2 3 4 3 3 0 1 0 1 4 2 0 0 0 3 2 3 3 3 1 4 1 1 3 1 1 3 1 3 4 2 3 2 4 2 0 1 1 1 0 1 0 4 0 4 0 4 0 1 2 2 4 3 1 3 1 4 1 2 4 2 2 4 2 1 4 0 3 4 2 0 3 0 4 1 1 1 2 2 4 3
4 0 2 1 3 2 4 4 2 2 3 0 0 2 3 4 3 1 1 1 4 2 0 2 4 1 0 4 2 4 2 4 1 0 4 3 4 3 3 2 0 0 2 0 1 1 0 1 3 3 3 2 1 3 0 0 4 1 0 3 2 3 0 4 3 3 0 4 4 3 0 2 3 1 1 4 0 1 4 2 1 0 0 0 1 4 4 3 1 3 3 3 3 0 0 3 2 4 4 1 2 4 0 3 0 4 1 1 2 3 1 3 4 4 0 4 2 2 2 2 4 3 2 1 0 4 1 3 0 4 0 3 3 3 3 4 1 2 2 1 1 0 4 3 3 1 3 3 3 3 4 2 0 0 0 0 3 2 2 2 1 4 2 4 2 0 0 0 3 0 0 4 2 0 3 2 1 3 0 2 0 1 4 4 1 2 0 3 3 3 3 4 3 2 4 0 0 0 4 3 3
4 1 1 4 4 3 2 0 1 1 2 4 3 4 4 2 0 2 1 2 2 2 4 2 1 3 2 0 2 2 1 4 0 2 1 0 1 0 0 3 4 2 4 0 0 0 4 0 2 0 1 0 0 3 0 2 0 4 1 0 2 0 4 2 2 2 2 3 4 2 3 4 4 3 4 3 3 0 1 1 1 4 1 3 3 2 2 1 1 3 2 1 1 2 2 3 1 3 4 0 0 4 3 1 4 4 0 2 3 4 2 0 2 2 3 0 2 3 0 3 1 0 4 0 1 1 4 2 1 1 3 0 1 2 3 2 2 3 0 3 1 2 3 1 1 4 4 3 4 0 4 2 2 3 3 4 2 0 2 4 0 2 0 0 4 4 4 3 1 0 0 4 2 3 3 1 0 3 4 1 1 4 4 2 0 4 3 3 3 0 4 1 1 3 1 4 3 3 3 0 2
4 3 1 3 4 3 3 0 1 0 1 0 4 1 3 2 2 4 2 0 4 2 2 2 3 1 3 1 0 2 3 2 0 3 3 0 0 2 3 3 2 4 0 4 3 0 2 3 3 1 1 2 1 4 0 0 3 0 2 0 1 4 1 0 1 0 4 3 3 2 1 2 4 3 4 0 4 3 2 2 4 4 1 2 0 0 2 2 0 3 2 4 0 1 2 2 3 0 0 1 4 3 0 1 3 4 3 3 3 0 4 3 2 1 1 0 1 1 0 0 4 4 4 0 4 2 2 4 3 4 0 0 0 2 0 2 4 1 4 2 3 1 4 3 1 1 2 2 2 2 3 0 0 3 2 2 2 0 1 2 2 3 4 2 3 0 2 0 0 1 4 1 0 0 2 3 1 4 3 2 0 4 3 2 1 4 4 2 1 3 3 3 1 1 3 0 0 1 0 3 1
4 3 0 2 2 2 1 0 1 1 2 1 2 4 4 4 3 2 0 4 3 4 1 4 3 0 2 2 3 4 2 3 2 3 1 0 0 4 4 3 2 0 2 0 3 1 1 1 3 2 2 1 4 1 2 4 1 1 3 3 3 2 2 2 4 2 3 2 1 2 1 3 0 4 4 4 4 4 0 3 4 2 1 0 3 1 1 1 0 2 4 0 1 2 3 0 1 1 3 0 0 1 4 3 3 0 1 1 0 0 2 1 4 3 3 3 1 1 0 3 1 1 0 3 1 3 1 4 3 2 3 1 1 4 1 3 0 1 1 0 1 1 3 1 3 4 2 4 2 1 2 4 3 0 4 2 2 1 4 1 3 0 1 1 1 1 0 1 0 1 2 3 1 3 1 0 0 0 0 1 2 3 3 3 2 3 3 0 3 3 3 4 4 1 4 1 2 0 0 1 1
4 0 2 0 0 3 0 4 2 2 0 0 3 2 2 2 2 2 3 1 1 1 0 1 0 4 0 0 4 0 2 3 4 1 2 1 1 0 2 0 0 4 0 0 2 0 4 2 2 2 1 3 1 0 1 3 3 0 4 2 2 0 2 0 0 0 0 2 3 3 2 3 2 3 0 2 1 0 0 3 0 0 0 1 0 1 0 2 2 4 4 3 2 3 3 4 2 3 3 0 1 4 4 2 0 4 2 1 1 1 3 1 0 2 2 2 4 0 4 2 4 2 1 3 4 4 4 2 3 2 0 3 0 3 0 4 0 3 1 4 4 2 3 0 0 2 4 2 2 0 4 0 3 2 1 3 2 4 1 2 1 2 4 3 2 2 2 1 1 3 0 1 4 4 3 0 0 4 1 2 1 3 2 0 3 2 0 3 0 3 4 0 3 3 0 0 1 2 2 2 0
4 1 4 1 1 2 4 1 1 3 4 2 4 2 1 0 0 3 2 1 0 3 3 1 0 0 4 0 4 3 1 0 4 0 1 4 2 4 3 2 4 0 2 4 1 0 2 4 4 2 3 1 4 4 2 4 2 3 0 3 3 1 3 0 1 4 1 2 2 3 1 0 1 0 0 3 0 2 0 1 0 1 1 2 3 2 2 4 2 1 1 1 2 1 0 3 1 0 2 0 2 3 4 4 1 3 1 4 2 3 3 0 3 4 4 2 2 3 2 1 4 3 3 3 1 1 2 2 4 3 3 3 1 2 3 3 4 3 2 1 4 3 2 3 2 0 2 3 2 0 4 3 3 1 2 3 3 0 2 2 4 3 4 4 0 4 4 2 4 2 4 0 2 2 4 4 4 4 0 3 2 3 4 2 3 2 4 1 4 2 0 3 1 0 3 2 4 4 3 2 4
4 1 3 0 1 2 3 3 4 0 0 3 1 0 3 4 1 1 0 1 2 1 1 2 3 4 0 1 3 0 3 1 4 2 0 1 3 4 0 2 3 2 1 2 0 4 0 3 2 2 3 3 4 1 1 4 4 2 2 4 0 2 0 0 4 2 3 1 2 3 1 1 2 1 3 2 1 1 0 4 3 3 1 1 2 0 3 2 0 1 0 0 4 4 2 2 2 2 1 4 3 2 2 4 1 1 2 0 1 4 2 0 3 1 4 3 0 1 4 4 4 2 2 2 2 3 2 4 0 1 0 3 2 1 3 2 4 1 3 4 0 0 0 1 4 4 1 2 3 1 1 0 4 2 2 0 3 3 2 4 1 2 3 3 0 0 1 4 3 4 2 3 2 4 4 3 2 2 2 3 4 0 1 1 1 3 3 3 3 4 3 0 1 4 2 4 0 4 1 2 2
4 0 1 4 1 2 1 2 0 4 1 4 2 1 0 2 1 3 1 2 3 2 0 2 0 0 1 2 1 2 2 2 2 4 1 1 3 0 3 4 2 0 3 2 0 0 0 4 1 0 1 4 0 1 4 4 1 2 3 3 0 1 3 2 3 2 1 0 0 1 0 0 0 4 1 4 4 3 2 1 1 2 1 1 2 4 2 0 2 2 4 2 4 1 2 0 2 1 4 2 2 1 4 4 2 1 1 1 1 2 1 1 0 0 2 2 1 0 0 2 0 0 4 1 2 0 3 0 1 1 3 0 1 3 3 1 0 3 2 4 4 3 3 3 1 3 3 2 2 4 2 3 0 2 3 3 3 1 0 1 0 2 0 4 3 1 2 3 1 4 1 2 3 3 4 0 3 3 3 4 2 0 4 1 1 4 3 1 1 0 0 4 2 1 3 1 2 1 1 4 1
4 3 3 2 2 0 0 1 4 2 3 1 3 2 2 2 1 0 0 4 1 3 0 0 4 2 1 0 1 2 0 1 0 4 1 3 4 2 0 1 3 0 1 3 0 1 4 3 3 4 1 4 3 1 2 3 1 0 3 3 0 2 2 1 4 2 0 2 0 4 1 3 4 0 0 4 0 4 4 0 1 3 1 4 2 2 0 0 3 0 1 3 1 0 3 1 1 3 1 2 1 1 2 4 4 2 2 2 2 2 3 1 1 4 3 1 4 1 3 3 3 2 0 3 3 2 3 1 0 0 4 3 4 0 0 2 3 3 1 3 3 4 4 4 2 0 0 1 4 3 4 1 1 4 1 3 4 1 3 3 2 3 4 3 4 0 2 1 0 4 4 0 1 1 4 1 1 2 3 3 2 1 4 4 0 0 0 3 0 2 2 4 4 0 2 3 3 2 4 2 3
4 0 0 2 4 1 0 4 3 1 2 2 1 3 4 3 4 1 2 0 2 0 4 3 0 4 1 2 3 1 0 1 2 2 3 1 1 2 2 2 4 0 1 0 0 3 2 4 3 2 4 0 1 4 1 3 2 4 1 1 2 2 1 3 3 3 4 2 0 2 3 2 3 2 3 1 3 2 0 4 1 4 3 2 4 4 4 1 0 1 3 3 0 2 0 0 0 4 3 0 3 0 2 4 0 3 2 4 4 2 3 4 2 4 4 2 4 3 3 4 0 2 2 4 4 3 0 1 4 1 3 3 0 0 3 0 4 0 2 1 4 1 0 4 4 1 0 0 4 4 1 0 2 4 3 2 4 1 3 1 4 4 1 0 4 1 4 0 4 0 2 1 0 1 3 4 1 2 2 3 0 2 1 2 1 0 4 0 2 0 4 1 2 1 1 2 0 4 3 4 3
4 2 4 1 0 2 3 4 2 4 1 1 0 2 2 1 0 2 2 2 1 4 2 2 2 2 2 3 3 4 0 4 0 2 2 1 0 1 4 1 2 2 0 4 3 2 4 2 4 2 0 1 2 2 0 0 1 3 0 2 3 2 0 1 0 2 0 3 3 1 1 4 2 1 1 3 2 0 2 0 0 3 4 3 2 4 4 2 2 2 2 1 4 3 4 4 0 2 4 2 0 4 1 0 2 3 0 3 3 4 0 0 1 0 1 3 4 0 2 2 3 0 3 3 4 0 4 3 2 0 4 0 4 3 2 2 0 3 3 3 4 1 3 3 4 3 2 0 3 3 0 2 4 0 1 4 2 2 1 0 4 1 1 0 0 2 0 0 2 0 3 0 3 3 2 4 4 0 3 4 3 2 3 4 1 0 2 2 2 0 3 3 1 3 2 3 4 3 0 4 2
4 2 3 4 0 1 0 2 1 1 3 3 3 4 0 3 1 0 3 3 0 4 4 0 3 4 0 1 1 3 1 2 4 4 0 3 0 1 4 4 0 2 3 2 1 4 1 2 0 4 3 3 4 3 0 3 3 1 0 0 1 2 1 3 1 3 0 4 3 3 0 3 2 4 2 1 1 4 1 4 3 1 2 3 3 0 4 0 1 0 2 3 0 1 2 2 3 3 3 2 0 4 1 2 4 1 0 0 3 3 2 0 3 3 2 3 2 0 2 1 0 0 2 1 1 3 2 1 3 1 3 4 2 4 4 2 2 0 1 3 4 0 0 1 0 4 4 1 1 0 3 4 0 3 4 0 1 3 0 4 1 1 1 3 4 0 0 4 1 3 0 0 4 3 3 1 3 2 3 0 4 0 1 0 2 1 3 0 3 3 4 4 1 2 0 4 0 0 3 3 3
4 4 4 4 3 1 3 3 3 4 4 1 2 3 4 1 1 4 1 2 0 1 1 2 2 4 1 3 0 4 2 0 2 0 2 3 1 3 3 3 1 1 4 4 1 2 3 1 2 3 1 3 3 4 3 0 1 1 4 0 0 0 4 2 2 2 2 1 1 1 4 1 4 3 0 2 4 0 0 3 0 2 2 3 2 2 4 1 4 3 1 0 3 4 4 0 3 4 1 0 1 1 2 3 3 1 1 4 3 1 3 0 3 1 2 3 4 4 4 2 3 1 4 0 2 1 4 1 1 0 4 2 2 2 4 0 4 0 1 4 0 1 0 0 4 1 0 3 2 0 1 1 0 1 3 3 3 2 0 3 2 3 2 0 0 4 0 3 1 3 3 0 3 3 0 4 2 2 3 2 4 1 4 3 1 0 3 1 1 1 1 0 0 4 1 1 2 4 2 2 0
4 2 4 3 4 3 0 3 3 3 4 2 1 2 4 1 3 4 3 1 1 4 1 4 2 0 0 2 1 1 0 3 0 4 0 3 1 0 4 3 3 3 1 0 1 4 4 0 3 3 2 1 2 4 3 4 2 4 2 1 2 0 3 0 1 0 2 0 1 0 4 1 1 1 0 3 1 4 1 1 3 4 1 1 2 0 1 0 1 1 0 3 2 1 0 1 2 1 1 4 3 3 2 0 0 4 3 0 3 1 0 2 4 3 3 4 2 1 4 0 2 3 0 2 1 2 0 1 1 0 1 2 3 0 3 3 4 1 3 1 1 2 4 4 2 3 2 3 4 4 0 1 1 3 1 2 1 2 4 1 1 3 2 2 1 4 3 1 1 4 1 0 2 0 3 0 3 3 4 3 4 0 1 3 2 0 3 1 0 3 0 3 0 2 2 4 4 4 0 0 1
4 0 2 1 2 0 1 3 1 2 3 4 1 4 3 4 2 2 4 2 1 0 2 3 4 0 0 3 0 2 2 1 1 1 4 0 1 4 4 1 4 3 0 0 2 4 1 0 1 3 1 0 0 2 1 4 0 0 2 0 0 2 4 0 4 3 1 2 2 0 1 1 2 3 0 3 4 0 3 3 2 3 4 4 0 0 2 4 0 3 2 1 4 2 2 4 1 4 4 0 4 0 1 1 2 0 2 4 2 0 4 0 3 4 0 1 1 2 3 4 1 4 0 3 2 2 1 1 0 2 4 0 1 2 4 0 3 0 1 4 0 2 0 0 2 4 0 3 4 4 3 0 1 4 3 4 2 4 0 3 3 1 1 2 2 2 3 1 1 2 0 4 3 4 3 0 4 0 0 0 2 0 2 0 4 3 4 4 1 0 4 1 1 1 1 2 3 1 1 0 4
4 4 3 3 0 1 0 4 1 1 4 0 4 0 4 4 1 3 2 4 0 1 4 3 1 4 4 3 3 3 3 4 0 3 4 2 1 0 3 2 4 0 3 1 2 0 3 0 1 3 1 4 2 1 0 3 3 2 2 3 4 1 4 0 1 4 2 2 3 4 4 2 3 1 0 4 1 2 3 1 0 3 4 1 2 1 3 3 1 1 0 2 2 1 2 1 3 0 2 3 0 4 4 3 4 3 0 4 4 0 1 4 2 1 2 0 1 3 4 4 1 1 2 2 1 0 4 2 3 3 3 3 3 1 3 1 1 0 1 0 2 1 2 1 1 1 4 4 2 3 1 4 2 1 4 3 4 1 1 4 3 1 0 0 0 2 4 4 2 1 0 2 0 4 3 0 4 3 1 4 3 3 4 1 2 0 2 0 4 2 4 0 3 4 1 3 3 2 3 2 2
4 4 3 1 1 2 4 2 0 1 3 2 0 1 0 2 2 2 3 3 3 1 4 2 0 0 3 4 4 1 2 0 4 3 2 4 2 3 2 3 0 0 4 4 1 0 1 2 2 3 4 0 0 0 4 2 3 4 2 1 4 0 1 0 4 0 3 1 1 1 3 1 2 2 3 3 0 2 0 4 2 0 4 1 3 1 0 1 3 2 2 4 1 0 3 2 3 0 2 4 1 3 1 0 4 2 4 1 3 4 0 1 3 4 4 0 0 3 4 2 4 1 4 2 0 0 2 0 4 0 2 4 1 1 0 3 3 3 0 2 1 1 4 1 1 2 1 4 0 3 2 3 2 2 4 3 4 0 1 1 4 0 0 0 4 2 1 4 3 2 2 2 0 1 1 0 0 1 3 1 1 0 0 4 0 4 0 3 1 4 3 4 1 3 4 0 4 0 0 1 2
4 4 3 2 1 1 0 1 4 0 2 0 2 3 1 2 2 2 4 3 2 4 3 3 2 2 2 3 0 1 2 0 4 0 3 1 4 1 1 4 0 0 1 4 0 4 2 1 1 0 0 4 1 3 2 4 0 2 2 0 4 3 4 3 0 4 1 0 0 1 0 0 4 1 1 3 2 4 0 3 4 2 4 3 4 0 4 3 2 1 3 3 0 0 4 2 0 0 0 0 0 3 2 2 2 0 4 3 0 0 3 3 2 0 3 0 0 0 4 1 3 2 2 1 2 0 0 1 4 1 4 2 0 3 2 3 4 0 3 1 3 4 1 3 3 2 2 4 1 0 1 3 4 1 1 2 1 1 0 1 3 2 0 2 4 2 4 0 3 1 4 1 0 1 3 1 0 1 1 4 3 3 4 3 1 2 1 1 0 0 2 1 4 3 2 2 4 4 1 0 4
4 0 4 2 0 1 1 3 3 4 0 3 3 4 4 3 2 3 4 3 1 0 1 4 2 4 2 1 2 2 0 2 4 2 3 4 4 2 3 1 2 2 2 0 2 4 2 4 3 4 2 2 2 3 1 4 3 4 4 1 3 3 1 4 1 4 1 0 4 0 0 1 1 1 2 1 4 4 0 4 0 4 3 0 0 3 4 4 2 4 0 3 4 0 3 0 0 3 2 3 1 2 4 0 0 4 0 2 2 3 1 2 3 0 1 1 0 4 2 1 2 0 1 0 3 3 2 2 3 4 4 1 2 1 2 3 0 3 0 3 0 2 1 0 4 1 0 1 0 4 0 3 1 4 0 1 4 1 3 0 2 3 2 2 2 3 0 0 0 4 3 3 1 0 4 1 1 2 2 1 0 4 2 1 3 2 3 2 2 3 1 2 4 0 0 4 2 0 3 3 3
4 1 4 4 3 0 3 3 2 3 3 3 1 3 3 2 3 3 1 3 1 4 4 1 1 1 3 4 2 0 2 0 0 2 0 0 3 3 4 2 2 1 1 2 3 4 1 3 3 1 0 4 2 3 1 0 2 2 4 2 3 1 1 2 2 1 3 2 3 1 2 0 2 4 4 1 3 3 4 4 0 4 2 4 3 3 2 4 2 3 3 1 1 4 3 1 3 1 1 2 3 0 4 2 1 4 3 4 2 3 2 2 1 4 1 3 2 1 1 4 1 3 0 1 4 4 1 0 2 0 4 4 2 2 0 0 4 2 4 4 0 3 2 4 1 4 2 3 3 2 0 1 1 4 4 4 0 4 2 1 4 4 2 4 2 2 2 0 1 4 3 4 2 4 4 1 2 4 3 1 3 2 3 3 2 0 4 3 2 4 3 0 2 0 2 2 3 0 3 3 1
4 1 1 1 3 1 3 0 1 0 3 2 1 2 1 2 4 2 0 1 1 2 3 4 2 4 0 2 2 0 3 2 0 1 3 4 1 3 3 3 1 1 2 4 4 4 4 4 2 1 0 0 3 2 4 3 3 4 0 1 1 1 0 1 1 1 1 4 2 2 4 3 2 0 0 3 4 4 4 3 1 1 4 4 1 2 0 2 4 4 3 3 0 1 3 0 3 3 2 0 3 2 3 4 0 3 4 0 0 0 3 3 3 0 1 4 3 2 2 2 4 2 0 1 3 4 3 0 1 0 1 4 3 2 3 0 3 2 4 4 4 2 2 1 1 4 3 0 2 0 2 1 2 3 1 1 1 3 3 4 2 0 3 4 1 1 4 1 2 4 2 4 1 4 4 3 1 1 0 1 2 0 4 0 2 2 2 2 0 1 4 4 0 2 4 4 3 1 3 4 1
4 3 0 1 1 1 3 0 1 2 2 2 3 0 1 3 2 1 3 2 0 3 2 0 4 1 4 2 2 2 2 2 2 1 3 1 1 2 4 1 1 0 1 1 1 2 3 1 3 0 0 1 4 0 1 0 1 0 4 0 1 2 2 1 4 1 3 2 4 0 1 1 3 3 0 4 0 3 3 4 0 0 2 2 1 3 3 3 2 2 1 0 4 4 4 3 3 1 4 2 3 1 2 4 3 1 1 4 4 0 4 3 3 3 4 4 2 1 2 3 0 2 2 2 2 4 3 3 1 2 4 1 0 2 2 2 2 1 4 4 2 0 3 1 2 0 4 0 2 1 0 4 0 4 2 0 4 2 3 3 4 3 4 4 3 1 1 2 3 4 1 2 4 3 4 2 1 0 1 4 3 3 4 4 2 2 4 2 0 1 3 3 3 4 4 4 2 1 0 3 3
4 0 4 3 3 2 1 4 1 0 4 1 3 4 1 2 1 1 2 3 1 3 1 0 1 3 2 0 2 1 0 4 3 0 4 2 0 3 3 2 2 2 0 1 3 2 1 0 1 2 0 4 1 2 0 1 4 0 1 2 2 4 0 3 2 0 0 1 0 2 2 4 4 2 3 0 2 4 1 0 4 3 0 2 4 3 0 4 4 3 3 4 1 1 0 0 4 2 3 3 3 4 4 2 1 4 1 4 4 3 4 0 4 3 0 0 1 0 2 2 3 2 3 2 2 3 0 0 0 0 3 0 3 4 1 3 2 0 3 0 2 0 1 0 4 3 0 2 3 0 1 0 3 2 3 4 0 1 3 3 4 0 1 4 3 0 4 4 3 4 3 1 2 2 3 0 3 0 1 1 1 1 4 2 3 3 0 2 3 0 3 2 2 4 0 4 2 2 0 1 1
4 2 4 1 3 2 3 0 0 0 3 1 4 3 2 0 2 0 4 0 4 4 1 0 2 3 3 0 3 3 3 3 3 3 0 4 2 1 1 2 4 4 0 0 1 2 3 4 2 1 3 3 0 3 1 4 3 4 1 1 2 0 2 3 1 3 2 3 3 3 0 4 4 0 2 0 2 4 1 0 3 1 1 0 0 1 1 2 2 4 0 3 4 4 0 0 0 3 0 3 3 0 0 0 1 2 0 4 4 3 3 1 0 0 4 3 0 1 0 3 3 0 4 3 1 0 4 2 0 0 0 0 4 2 4 2 2 3 3 0 0 1 0 4 4 0 1 0 1 1 4 2 0 3 2 2 0 2 2 0 2 3 1 1 3 1 0 3 2 3 3 4 1 4 4 0 4 4 1 3 0 4 0 0 0 4 2 3 4 4 1 4 1 0 2 2 4 4 2 0 3
4 4 2 2 4 2 4 2 3 0 4 0 2 3 1 0 4 2 4 0 4 4 1 2 2 1 3 0 3 2 3 4 0 0 3 1 1 0 2 4 0 4 4 0 4 2 0 2 0 3 0 4 2 0 4 4 0 3 1 2 3 2 3 3 3 1 4 3 0 0 4 4 0 1 1 1 3 2 3 3 4 1 3 1 1 1 3 2 4 0 2 3 1 3 0 0 4 3 4 0 2 0 0 3 1 4 0 1 2 3 1 0 2 0 2 2 2 0 2 4 1 4 3 3 0 0 2 1 1 0 2 2 0 0 0 4 4 4 0 4 4 1 4 3 2 1 3 1 2 4 1 2 3 3 3 0 2 4 1 3 2 0 3 2 2 4 0 1 3 3 3 1 4 0 1 1 1 4 1 2 1 0 2 0 1 1 0 0 0 4 0 3 3 3 1 3 3 3 3 0 1
4 2 4 0 2 3 3 4 2 4 2 2 4 3 0 0 0 4 2 4 3 4 0 4 1 4 4 1 3 0 3 3 0 1 1 1 3 4 0 0 3 1 4 3 1 4 0 2 0 2 4 3 2 0 2 4 3 1 3 4 0 2 4 3 2 4 3 0 0 0 0 1 1 3 4 1 1 3 4 3 1 4 0 1 2 4 1 2 3 0 4 0 4 0 2 2 1 3 1 0 0 3 2 4 3 4 1 2 3 1 3 3 4 4 1 0 4 1 2 1 3 1 3 4 4 3 4 4 2 2 2 2 4 2 1 4 1 4 2 4 4 4 3 2 1 2 1 2 3 0 0 0 1 3 0 3 1 4 0 2 2 4 3 2 0 1 3 1 4 2 3 4 2 4 1 0 0 4 2 4 3 0 4 0 1 2 3 4 1 1 0 0 4 2 2 0 4 1 4 1 2
4 3 4 1 3 0 2 4 3 4 0 0 0 3 1 4 3 1 2 1 2 3 0 3 2 0 3 0 0 1 2 2 4 1 2 0 1 1 2 4 3 4 2 1 1 0 1 3 1 2 1 3 2 2 4 0 3 1 4 3 4 1 0 2 1 4 1 4 1 1 1 1 3 0 3 0 2 1 2 1 3 3 0 3 1 4 1 2 4 1 0 4 4 4 1 1 1 3 2 0 0 2 2 0 0 2 1 1 3 2 1 3 4 0 0 3 3 3 0 0 1 1 3 1 1 2 1 4 3 2 1 3 2 3 1 2 1 2 1 3 3 2 0 2 2 0 4 2 2 2 2 1 3 4 4 0 1 0 1 0 3 1 0 4 0 3 3 4 2 2 1 3 1 3 4 4 4 2 3 2 2 1 1 2 1 1 4 0 0 4 1 2 4 4 1 0 1 3 0 1 4
4 1 0 4 2 3 1 4 2 3 1 0 3 3 3 1 3 0 4 1 3 2 1 0 4 3 2 4 1 1 4 1 4 3 4 2 4 1 4 4 4 0 2 4 0 3 3 2 4 4 3 0 2 4 2 1 3 2 4 4 4 4 3 2 2 4 0 0 0 0 4 4 3 0 2 3 3 4 1 1 3 0 4 1 4 4 0 0 1 1 0 3 0 4 3 2 3 2 0 3 4 4 1 0 3 3 3 2 0 3 2 4 4 2 4 1 4 1 3 2 2 4 2 3 4 4 4 0 0 4 4 2 3 0 3 3 4 4 0 1 2 4 4 0 1 4 2 4 3 2 4 0 1 3 1 0 0 1 2 3 1 2 0 4 1 4 4 1 3 0 4 3 3 0 1 4 2 0 4 4 2 3 0 4 2 1 2 2 4 4 4 3 4 2 2 4 1 0 4 0 4
4 2 2 2 2 1 0 3 4 1 0 3 1 0 3 2 1 2 3 3 1 2 4 3 0 1 4 2 3 1 3 2 3 0 3 3 4 3 1 4 3 4 3 0 0 2 0 0 3 3 1 0 0 1 1 3 1 1 1 1 1 3 0 1 4 4 1 1 2 4 1 0 3 3 2 0 0 3 2 4 0 2 1 1 1 3 3 1 3 0 3 1 3 0 1 2 4 3 3 3 0 3 4 4 3 2 4 4 3 1 3 3 1 4 2 2 0 2 0 3 0 3 4 0 4 3 2 3 2 1 3 4 2 4 4 0 0 1 0 0 1 4 4 2 4 0 1 2 1 2 4 0 1 1 1 2 4 3 0 3 1 3 2 2 1 1 3 1 1 3 1 1 2 0 3 1 0 0 2 0 2 3 4 0 3 2 0 1 2 2 3 4 4 4 3 4 4 3 3 1 1
4 4 3 2 2 3 3 4 4 3 0 1 0 2 0 3 1 3 1 0 1 2 1 4 2 0 2 4 3 3 2 1 1 4 0 3 4 2 3 1 1 1 3 4 3 2 3 1 0 0 2 4 1 3 1 2 4 3 3 1 0 0 2 2 0 0 2 2 1 4 3 4 0 3 1 0 3 2 1 0 2 4 4 2 1 0 3 1 2 0 2 0 0 0 2 0 3 4 4 4 0 2 0 4 1 1 4 2 0 3 3 1 3 3 2 3 4 2 0 4 1 4 3 4 0 3 0 4 0 4 2 0 0 3 3 0 1 2 1 1 4 2 1 3 0 1 4 1 2 0 0 3 2 1 2 1 3 0 3 3 4 0 4 1 0 2 1 0 3 4 1 0 2 4 0 4 3 4 4 4 3 0 4 2 1 1 3 1 3 1 0 2 2 1 2 4 0 4 1 4 0
4 3 1 2 2 2 3 3 0 4 4 1 4 1 0 3 1 2 4 2 0 4 2 0 3 0 2 3 1 0 0 3 2 0 2 2 1 0 3 2 1 3 1 3 4 1 2 3 4 1 4 1 2 2 2 4 4 4 2 1 4 0 3 4 1 1 2 1 1 1 3 4 3 1 3 2 3 3 3 1 2 1 0 4 2 4 4 4 1 2 0 2 3 0 0 0 4 4 1 3 4 2 4 4 4 4 4 3 2 0 3 3 2 3 1 2 0 4 0 4 2 0 2 2 4 4 4 0 3 0 4 1 2 1 0 3 3 4 1 3 0 0 1 2 3 0 3 1 2 0 1 4 4 3 3 3 4 4 1 3 1 0 3 3 1 0 0 0 1 4 1 3 2 2 0 1 3 3 1 0 1 4 1 2 0 2 3 0 0 2 4 0 1 4 1 4 1 3 1 2 0
4 1 3 3 1 2 3 2 0 3 4 1 4 3 3 0 1 0 3 1 0 1 2 2 1 2 3 0 0 1 4 1 3 2 2 3 3 2 0 3 4 3 2 2 2 4 2 4 4 1 2 0 4 1 3 1 1 2 3 2 1 1 3 4 0 4 2 0 1 0 4 3 2 1 0 1 4 0 0 1 1 4 1 1 0 4 4 4 0 3 2 3 0 1 3 3 0 1 1 2 0 3 2 2 3 0 0 1 0 4 2 0 0 3 1 4 2 1 1 3 3 0 1 0 2 0 2 0 4 0 2 0 0 2 0 3 1 1 2 2 1 0 0 2 1 0 0 2 0 4 0 2 1 3 4 1 0 4 1 4 3 2 3 2 3 4 4 1 1 2 3 2 1 3 2 2 4 0 4 3 2 3 1 2 1 3 0 2 4 1 3 4 0 4 2 2 3 0 0 3 4
4 2 2 2 3 1 2 1 2 0 1 2 0 1 4 1 1 2 4 3 0 2 0 3 2 2 4 2 2 2 2 4 2 4 0 4 1 1 2 1 1 0 4 0 4 4 3 3 0 4 3 2 1 2 1 1 1 2 2 1 3 4 2 2 1 4 4 4 2 2 1 0 0 1 0 1 0 0 4 2 0 2 3 2 4 0 2 3 3 2 0 3 2 4 4 1 0 4 2 2 4 4 2 1 1 2 0 4 0 2 2 4 4 2 4 1 3 0 1 4 0 2 3 2 4 0 0 0 2 2 2 0 3 0 1 4 2 2 0 0 0 2 3 0 3 4 2 3 4 2 3 1 2 1 4 4 0 0 4 4 4 3 3 2 3 0 0 3 0 0 0 3 0 0 2 2 1 4 1 4 2 0 3 1 0 1 0 0 2 0 3 3 1 3 0 4 3 0 2 2 0
4 0 1 2 0 0 1 0 4 2 1 1 4 3 3 3 2 1 0 0 3 2 0 2 1 3 3 4 3 3 1 3 4 0 3 0 4 0 3 3 2 2 2 2 3 3 3 3 1 1 2 0 3 2 1 1 1 4 3 2 4 1 2 0 0 0 1 2 4 4 4 3 1 2 1 1 2 0 1 3 0 2 4 2 4 2 0 2 0 2 0 1 2 4 4 4 2 0 1 1 1 0 3 1 3 1 1 3 0 4 3 1 0 2 2 3 4 4 1 0 0 1 0 1 4 0 1 3 2 2 4 2 4 1 4 4 4 3 3 2 3 3 2 3 1 3 0 2 1 0 3 1 4 1 3 2 0 0 1 0 0 0 1 0 0 1 4 1 4 0 0 2 2 3 1 4 1 4 1 0 1 2 2 0 4 4 1 1 0 2 3 4 2 3 4 0 1 4 0 1 1
4 0 4 3 4 0 3 2 0 1 0 3 3 0 3 0 2 3 3 3 3 3 0 1 1 1 3 4 1 0 4 0 1 2 1 1 1 0 3 0 4 0 3 0 1 2 2 4 4 3 0 0 2 4 0 3 1 2 3 1 3 4 2 3 4 2 0 4 3 3 4 1 0 0 1 3 2 3 0 2 4 0 2 4 4 2 3 0 2 0 4 2 0 3 2 1 4 2 0 3 1 3 2 0 1 3 2 2 0 1 4 3 3 3 1 1 3 2 1 0 3 0 0 1 4 2 2 4 2 1 1 2 3 0 0 3 3 0 2 3 4 3 3 1 3 1 1 3 1 2 0 0 2 2 3 2 1 0 0 1 0 4 0 2 4 4 0 4 2 0 3 3 2 1 2 2 4 1 1 1 0 4 2 3 0 3 4 4 0 0 1 4 0 1 0 4 0 1 1 0 4
4 1 4 0 0 3 4 3 1 2 3 2 0 3 1 2 1 4 0 3 3 1 2 0 1 0 3 1 3 1 0 2 2 2 0 4 2 4 3 4 0 1 1 0 0 2 3 2 2 0 2 1 0 0 4 4 1 1 3 3 4 2 4 1 4 2 0 3 4 4 4 2 4 1 0 0 2 2 2 4 1 3 3 3 0 4 2 0 1 0 2 0 2 1 4 2 0 2 4 3 0 0 2 4 1 0 1 3 2 3 1 2 1 2 0 4 3 0 3 3 3 3 1 2 2 3 3 2 4 1 4 4 0 0 4 3 2 2 1 2 2 2 4 3 4 3 4 2 0 1 0 4 4 1 0 3 3 3 3 0 1 1 3 4 0 0 0 3 0 1 1 3 3 1 4 1 0 4 4 2 0 4 3 3 1 4 1 0 1 2 2 0 1 4 3 1 2 0 0 4 0
4 3 1 3 2 4 3 4 0 2 0 3 2 2 4 0 4 2 1 0 1 3 0 0 4 1 1 4 4 4 3 3 4 2 2 4 4 2 3 4 2 0 3 3 1 2 2 3 0 3 4 4 0 3 0 0 2 2 0 2 3 4 2 2 2 1 4 3 4 2 0 1 4 2 2 1 2 0 0 4 4 3 1 3 2 3 1 3 2 1 2 1 4 3 0 2 0 1 0 0 0 0 3 4 4 3 1 1 2 1 2 4 0 0 1 0 2 3 2 2 1 1 4 4 0 2 3 4 1 4 3 4 1 1 2 4 0 4 2 3 2 2 3 3 3 0 4 4 2 0 1 1 2 2 2 2 0 0 0 0 4 3 1 3 4 2 1 1 4 3 3 4 0 1 2 2 0 4 0 1 2 1 2 1 1 3 4 3 4 0 3 3 0 4 0 4 2 4 3 4 0
4 3 0 0 1 0 4 2 1 3 1 3 2 1 0 3 1 2 3 3 3 2 2 2 2 4 0 4 0 3 4 3 1 1 3 2 4 4 0 2 0 0 1 0 2 1 3 0 2 3 4 1 3 1 0 3 1 0 0 2 2 0 1 4 2 1 3 1 1 4 0 3 4 2 4 3 1 3 1 4 4 2 3 3 1 3 4 3 0 2 3 0 3 0 0 1 3 3 3 2 1 0 2 1 0 1 3 0 1 0 0 3 2 2 3 1 2 3 1 3 0 4 2 0 0 3 1 0 4 4 2 4 4 3 3 3 1 0 1 2 1 0 0 0 1 0 3 3 1 2 4 0 1 1 4 2 0 0 2 4 2 3 3 1 1 4 2 4 1 4 2 4 1 0 2 2 0 0 2 2 2 4 3 1 3 2 3 1 2 0 1 4 3 4 3 1 1 1 1 1 3
4 4 1 3 4 1 3 3 2 1 2 1 0 4 2 4 0 0 2 4 4 1 1 1 3 1 0 4 3 0 0 0 4 1 1 0 3 1 1 2 2 2 1 0 1 2 2 4 1 0 1 0 1 4 1 1 1 2 4 4 3 1 4 4 3 1 0 1 4 1 3 2 2 2 1 4 0 2 1 2 1 3 0 1 2 0 3 2 3 2 4 1 0 4 3 4 4 0 4 2 3 0 1 3 1 2 2 1 3 3 3 4 3 0 1 3 1 1 3 4 3 4 4 2 3 2 1 0 3 2 3 4 4 3 1 0 3 2 3 3 1 1 1 1 3 2 0 3 4 1 1 3 4 3 0 2 0 4 1 1 0 2 3 1 1 3 0 0 2 3 4 2 2 1 0 1 1 0 3 1 0 0 4 2 2 0 0 3 1 2 1 0 2 0 4 1 0 0 2 0 4
4 3 0 0 4 2 1 3 1 4 1 3 3 4 4 1 0 0 1 0 1 1 4 4 0 0 1 2 1 0 3 2 0 2 1 0 1 0 1 3 0 1 1 3 0 2 2 0 3 1 4 3 0 4 0 4 1 1 1 2 0 0 4 4 1 0 3 2 2 3 2 4 4 4 2 3 3 4 4 1 1 4 0 2 1 1 0 2 1 0 2 0 3 2 4 4 3 1 3 0 4 3 0 3 2 4 3 1 1 3 2 1 3 4 2 1 2 4 1 4 1 4 3 1 2 3 4 0 3 1 1 3 0 4 4 3 1 2 0 1 4 0 0 1 2 0 1 1 4 4 3 4 0 1 0 1 3 0 4 2 0 2 3 0 3 4 2 4 4 3 0 4 2 2 1 2 4 3 2 0 0 4 2 1 0 2 1 4 0 4 2 0 3 0 0 0 2 2 2 4 4
4 1 3 0 1 3 0 4 2 0 3 2 1 2 1 3 2 1 0 1 2 2 1 1 2 0 1 2 0 3 4 1 3 4 3 4 1 4 3 3 2 1 2 2 1 4 1 3 1 0 4 3 0 4 3 2 1 4 2 4 4 4 4 1 1 2 0 2 0 3 4 3 3 2 0 1 1 0 2 3 2 1 4 0 2 2 3 1 1 4 3 1 4 2 2 4 1 4 2 3 3 3 4 4 0 4 1 4 0 4 3 3 1 2 0 4 3 2 2 1 3 3 4 2 2 3 1 2 3 2 3 0 3 4 0 0 2 0 3 3 3 4 0 0 2 2 1 4 3 0 3 4 1 0 2 2 2 0 1 2 2 2 0 2 0 3 4 3 4 2 4 4 3 4 2 2 3 4 2 1 3 3 1 1 3 3 1 2 1 4 2 0 1 1 0 1 4 2 3 4 4
4 4 0 0 0 3 1 4 2 4 1 4 4 1 4 4 4 3 1 4 1 2 2 3 2 1 2 4 4 4 4 2 1 4 3 2 3 2 0 0 3 1 3 4 4 4 2 1 2 1 0 2 0 0 1 2 4 3 2 1 4 2 1 4 1 1 2 3 2 3 4 1 3 1 1 3 4 4 0 3 1 0 3 4 0 3 1 0 1 3 1 2 3 1 1 4 3 4 4 4 4 3 4 3 3 3 2 1 1 1 2 0 4 1 1 2 4 2 1 1 0 2 1 1 3 2 1 2 1 1 0 2 4 0 3 2 3 1 2 4 4 1 3 0 0 3 2 2 3 3 0 4 3 0 4 3 3 2 3 3 3 4 1 3 0 1 0 0 1 2 0 3 0 1 3 2 3 1 1 4 0 1 4 0 2 3 2 1 1 4 1 0 2 3 2 3 1 2 1 4 3
4 4 0 3 1 1 3 2 1 3 1 1 4 0 1 2 1 3 0 2 1 0 0 0 3 4 2 0 3 3 0 3 0 2 3 1 4 1 1 4 4 0 3 4 0 3 1 3 1 2 2 0 2 4 3 2 3 0 1 3 0 3 3 4 3 4 3 4 2 2 1 2 2 3 2 1 2 4 3 1 4 1 4 3 0 1 2 2 2 0 4 4 0 2 4 4 3 2 3 4 1 2 0 3 0 4 2 2 3 1 1 4 0 0 1 4 4 0 2 0 4 3 4 2 4 2 4 3 1 0 4 1 2 4 4 3 1 4 2 3 0 1 3 1 3 2 1 2 1 4 3 1 1 1 2 1 1 2 1 2 0 1 1 3 1 4 3 2 0 0 1 4 3 2 1 2 2 4 3 0 3 3 3 1 2 1 4 3 0 4 4 0 3 4 3 1 0 3 3 1 2
4 0 3 0 3 2 2 2 2 1 1 4 1 4 4 2 1 3 3 1 4 2 1 4 1 1 2 0 3 3 0 4 2 1 1 3 0 1 2 0 4 2 4 0 2 4 4 4 2 2 2 1 2 0 4 0 0 3 0 1 0 1 3 4 4 3 2 1 4 3 0 1 4 0 2 3 2 0 3 0 4 4 1 4 3 4 0 1 4 0 4 4 1 0 3 2 1 4 1 2 0 2 3 2 2 3 2 1 0 1 3 1 1 2 4 2 4 4 0 0 3 2 4 2 0 4 2 0 4 4 1 1 2 3 3 4 2 2 1 3 2 2 2 2 1 3 2 0 0 4 3 2 0 3 3 2 1 4 1 3 3 4 4 1 1 4 0 4 2 4 3 2 0 3 2 2 2 0 3 0 4 1 3 4 4 4 0 2 1 1 0 2 1 1 3 0 1 4 2 2 4
4 0 1 3 3 0 2 2 4 2 4 2 4 0 1 3 0 1 1 2 1 0 2 2 4 2 4 4 1 2 4 4 2 0 0 0 3 3 4 1 2 1 3 3 3 2 1 0 3 0 1 4 1 4 2 2 0 0 0 4 2 0 4 1 4 1 2 2 4 1 1 2 2 0 0 3 0 0 2 0 0 0 2 3 0 4 1 2 0 2 3 2 1 1 2 1 4 1 2 1 4 3 1 4 2 4 3 0 2 0 3 1 4 1 2 1 3 0 4 4 4 1 3 0 3 4 0 1 3 2 1 3 4 1 2 4 3 4 2 2 1 1 4 4 0 0 3 2 0 1 1 2 4 4 1 2 3 2 4 0 3 2 0 0 4 0 2 1 4 0 2 0 2 2 0 3 0 4 3 2 0 2 4 2 2 4 1 2 2 3 0 1 2 2 1 4 1 2 3 3 3
4 4 1 3 4 4 0 3 2 4 2 0 3 0 2 0 0 0 1 4 3 4 3 2 1 4 0 4 3 1 4 3 3 4 1 2 1 1 2 2 0 4 2 2 3 1 1 1 2 0 0 3 3 4 0 3 1 0 2 4 2 2 3 1 4 0 2 0 0 0 1 2 3 2 0 1 4 4 4 1 1 0 4 3 4 3 3 3 0 0 3 2 0 1 3 1 0 2 0 0 3 4 2 0 2 1 2 2 4 1 2 0 4 2 1 3 0 4 4 0 0 4 4 0 2 4 0 1 3 2 1 0 3 4 0 4 1 2 1 1 4 3 1 3 4 4 2 2 0 2 4 2 2 1 1 3 0 0 1 1 3 2 3 4 2 1 4 3 2 1 3 4 1 0 4 0 1 3 3 3 3 0 4 4 3 4 1 3 0 3 3 3 2 2 0 1 2 2 0 3 0
4 2 3 3 1 3 3 2 4 2 3 0 1 0 4 0 1 4 0 4 1 4 3 0 2 2 2 2 4 0 3 1 4 2 0 2 1 4 0 4 0 4 1 0 2 3 2 3 0 0 3 2 1 2 3 3 2 2 4 2 3 4 2 4 1 1 3 2 1 2 4 1 4 3 2 1 2 3 3 2 0 4 3 0 3 3 0 1 4 2 0 0 2 3 4 4 4 0 4 1 0 0 3 3 4 2 0 1 2 3 1 4 2 0 4 4 2 2 1 0 4 4 2 0 0 4 1 2 1 2 1 1 1 0 2 0 4 2 2 2 0 3 4 0 0 1 3 1 2 0 4 1 4 0 1 4 2 1 1 2 0 0 4 3 1 0 3 1 1 2 0 0 1 4 0 0 1 1 2 0 3 3 1 2 3 3 4 0 4 2 0 4 3 3 0 2 4 0 1 0 4
4 0 2 4 4 3 2 4 2 1 4 1 2 4 3 1 2 4 3 4 3 3 2 1 4 0 1 2 4 2 2 1 2 0 4 0 0 3 1 0 1 4 0 3 4 3 0 1 2 1 1 1 4 3 0 3 1 4 0 4 1 1 4 3 4 3 2 3 1 1 2 3 0 4 2 4 4 3 2 0 0 2 1 2 1 0 0 3 1 0 1 1 4 0 0 1 4 2 0 3 0 4 2 1 3 2 1 1 1 4 3 2 1 1 3 4 0 4 1 0 3 3 4 4 2 2 4 4 3 4 3 0 2 4 2 1 2 0 0 1 4 2 3 2 4 0 2 0 1 1 2 2 4 0 2 4 3 4 3 1 1 4 2 4 1 3 2 4 3 2 3 2 2 2 3 0 3 0 2 1 1 0 3 1 3 0 1 3 4 0 4 1 2 3 3 1 4 1 0 4 4
4 2 2 3 2 0 4 2 1 3 2 1 4 4 3 3 4 1 4 1 2 1 1 0 0 3 0 4 0 3 3 2 3 1 4 0 0 0 2 3 2 0 4 2 4 0 3 3 0 3 3 1 0 0 3 3 1 0 0 3 0 4 1 4 1 0 4 4 3 3 2 3 0 3 0 2 4 1 0 1 4 0 1 1 1 4 3 4 0 1 3 1 0 0 0 3 4 2 1 1 2 4 1 3 1 4 1 1 2 4 2 1 3 4 0 1 1 0 2 2 0 0 3 4 0 3 2 1 3 0 1 2 0 0 4 4 0 3 3 3 1 3 4 1 2 4 0 4 4 4 3 0 1 4 1 1 0 2 4 0 2 2 3 4 4 4 0 4 0 2 4 0 0 0 3 3 3 0 2 4 1 3 4 4 1 3 2 2 4 0 2 0 3 3 1 0 4 4 0 2 4
4 4 4 2 1 4 0 1 1 3 1 3 3 3 4 0 3 0 0 3 2 3 4 3 4 4 2 4 1 2 4 4 3 0 0 1 1 0 0 1 1 2 1 3 4 4 0 0 4 1 0 0 4 3 0 2 4 1 0 1 4 4 3 1 1 2 1 0 1 3 1 0 2 3 1 0 3 4 3 3 2 4 3 4 1 0 0 4 2 3 4 0 3 1 4 4 0 3 4 2 0 3 3 4 0 4 4 1 4 2 2 3 3 3 1 1 3 2 2 1 4 1 0 0 4 2 2 4 0 2 1 1 0 3 4 0 3 4 3 2 1 1 4 1 2 4 1 3 2 1 4 2 0 0 1 1 4 3 2 0 1 0 2 4 4 0 1 0 2 1 2 3 1 1 3 1 3 1 1 3 4 1 0 3 1 4 3 1 1 2 1 1 1 2 4 4 4 4 1 4 2
4 4 4 2 2 1 4 1 4 0 3 2 0 2 3 4 2 3 2 1 1 4 4 0 4 2 0 2 3 3 1 4 2 0 4 4 2 1 3 1 3 1 1 2 3 4 4 1 1 4 1 1 3 0 0 3 4 3 0 2 3 4 0 0 2 0 2 0 3 0 1 0 3 3 2 0 2 1 1 1 0 2 4 2 0 0 2 0 0 1 0 1 1 1 2 4 0 0 2 1 2 1 3 0 0 3 1 1 1 1 0 4 4 0 3 2 3 4 0 0 4 2 2 1 2 1 4 3 3 0 1 3 1 3 1 0 3 1 2 0 0 4 2 4 1 2 0 2 4 2 2 3 3 0 2 1 4 3 0 0 3 4 0 2 0 4 3 3 0 4 4 1 2 0 4 1 1 4 0 3 2 2 2 1 3 0 1 2 0 2 0 3 3 4 1 1 2 4 0 2 4
4 0 1 4 4 0 1 1 3 4 3 2 3 1 0 0 4 0 2 0 0 0 0 2 4 3 4 4 3 0 3 0 2 2 4 2 3 0 2 4 4 0 1 1 0 4 2 2 3 3 2 3 2 2 0 2 2 1 2 4 4 2 2 2 4 3 2 2 4 1 4 4 2 1 4 4 3 4 2 3 2 3 2 2 2 0 1 0 1 1 3 0 4 1 2 0 0 0 4 2 4 3 4 1 4 3 2 1 3 4 1 0 3 4 2 3 4 1 2 0 1 3 1 4 0 4 4 0 2 4 3 0 3 4 3 1 2 3 0 4 0 1 3 1 0 2 4 4 1 0 0 0 0 3 3 0 0 2 0 0 2 3 1 0 2 2 2 4 1 4 3 3 3 4 2 4 4 3 2 0 2 3 2 4 4 3 1 0 2 1 0 4 1 4 1 3 3 2 1 2 1
4 3 0 3 1 4 2 0 0 2 4 4 2 2 0 3 1 1 1 1 2 2 4 2 4 3 1 1 4 2 2 0 4 0 4 3 3 2 1 2 3 4 1 4 1 2 2 1 3 2 1 1 3 1 0 3 4 1 0 3 0 1 2 0 4 3 1 3 3 3 1 4 3 2 4 2 1 2 1 4 4 0 1 2 3 2 4 1 3 4 2 3 0 3 3 2 1 4 2 1 2 3 1 3 2 1 2 4 4 1 4 3 1 2 4 2 2 1 1 0 2 0 1 3 4 4 2 0 0 4 4 4 1 0 2 2 3 1 0 3 3 1 2 4 0 0 2 4 0 0 3 2 0 2 3 1 4 3 0 4 4 1 1 1 0 3 4 4 1 3 4 3 0 4 4 3 3 2 2 2 4 1 2 1 4 3 1 1 0 2 4 0 3 1 2 4 3 0 1 3 0
4 0 3 4 0 4 2 3 1 3 1 4 3 1 3 1 4 4 4 4 3 3 2 0 1 4 4 0 0 3 0 2 1 2 0 1 3 2 3 3 1 2 3 0 2 3 2 2 2 0 1 1 4 4 3 3 0 3 0 0 0 1 2 4 4 2 1 4 2 2 3 0 3 1 0 1 2 4 3 4 2 3 0 0 2 2 1 0 0 2 1 2 2 4 4 0 4 1 3 0 3 0 2 0 1 2 1 3 4 3 3 1 4 3 3 0 0 2 2 2 2 4 3 3 1 1 4 3 2 4 1 3 0 2 2 0 2 2 0 1 1 0 2 0 3 2 4 3 1 1 0 2 2 4 0 3 4 0 3 1 3 3 0 1 2 1 1 1 1 0 2 3 1 1 4 0 3 1 2 3 1 1 4 1 0 2 4 1 2 3 4 3 3 4 2 1 1 4 2 1 3
4 0 2 2 3 4 3 1 3 2 0 2 2 0 0 1 2 0 3 3 2 1 3 2 0 2 3 0 0 1 0 1 3 1 1 1 0 1 4 1 2 0 4 3 4 2 0 0 4 4 2 3 0 2 0 0 3 2 3 4 3 4 0 1 3 1 1 2 3 2 1 1 1 1 4 2 1 2 4 4 2 0 1 1 1 2 2 1 2 0 1 4 4 3 4 1 4 3 3 1 1 1 3 3 2 2 3 0 1 2 3 2 0 0 1 2 3 0 4 2 3 2 1 2 3 0 3 4 3 3 2 3 2 1 1 4 3 4 4 4 4 3 0 0 1 1 1 3 0 0 4 0 2 2 0 2 1 4 3 4 4 0 1 1 0 1 4 4 3 4 0 3 2 0 4 0 3 3 3 4 2 2 0 2 0 2 0 3 0 3 4 3 3 4 4 3 2 1 3 3 2
4 0 3 1 2 2 2 1 1 3 0 3 0 1 4 4 3 4 2 1 2 4 3 3 0 0 1 3 2 3 4 4 1 3 4 3 4 4 4 4 2 0 2 4 2 3 3 3 4 2 0 3 3 0 1 3 3 1 4 0 2 0 2 1 2 3 2 4 3 1 1 3 1 2 2 4 2 4 4 0 1 1 4 2 0 1 0 4 0 4 0 3 1 4 2 2 3 4 0 2 1 3 4 4 3 4 3 0 4 4 4 0 1 1 0 3 3 0 1 1 0 2 1 1 3 3 2 1 4 2 1 1 2 4 1 4 3 3 2 1 2 0 1 3 3 3 1 4 2 3 0 1 1 1 0 2 4 2 4 3 0 2 4 2 0 1 0 3 0 2 0 2 3 3 0 1 3 4 0 1 0 1 1 4 2 4 2 1 4 4 4 1 1 1 2 3 4 0 2 0 2
4 3 4 1 3 1 1 4 0 2 0 2 2 2 0 3 1 1 0 0 0 0 1 3 4 4 2 2 4 1 4 0 1 0 0 2 0 3 2 4 2 4 2 0 2 1 2 0 0 2 0 0 3 2 2 2 2 3 0 2 2 2 3 2 1 1 2 0 0 1 0 2 2 3 2 4 2 1 4 3 0 2 3 1 2 2 0 2 4 1 4 2 2 0 4 4 4 1 3 4 3 1 4 1 0 2 3 2 2 3 1 0 1 2 0 0 4 0 4 1 2 1 0 3 2 4 0 0 2 0 3 0 2 1 1 0 1 4 2 2 0 1 3 3 1 3 1 3 4 0 3 1 3 0 1 0 2 4 4 2 4 2 3 3 1 2 2 1 2 1 2 2 4 0 2 0 4 2 2 1 3 2 4 2 3 2 4 1 2 4 3 1 0 1 4 4 1 0 4 3 2
4 3 0 3 4 0 3 1 1 3 0 3 0 1 2 0 2 2 4 1 4 0 4 4 4 0 3 3 2 4 2 4 0 3 1 1 0 0 4 1 1 0 2 2 1 2 0 3 3 0 3 4 1 4 3 0 0 4 2 2 1 4 3 4 0 3 0 1 4 1 2 2 0 0 1 0 0 0 4 0 3 3 2 4 3 1 3 3 3 4 2 1 4 2 0 1 3 3 3 1 2 2 2 2 2 4 2 0 3 3 4 3 2 2 0 4 1 1 4 0 1 1 1 0 0 0 3 3 4 4 2 4 2 2 3 0 3 1 3 4 4 1 4 1 1 3 2 3 0 4 4 4 2 3 1 1 3 0 0 0 2 2 3 1 3 4 3 4 4 4 0 3 4 1 3 0 1 1 4 3 1 4 2 1 1 3 2 2 3 1 4 1 2 3 2 1 2 4 1 3 3
4 1 2 4 4 0 1 3 2 2 4 2 2 2 4 0 4 4 4 2 4 3 0 1 2 3 1 3 0 0 4 0 4 3 2 0 0 4 3 3 3 4 2 4 2 1 4 3 3 3 4 2 1 1 1 4 0 1 2 0 0 0 3 2 4 3 4 0 1 1 3 1 0 0 1 3 0 0 4 1 2 2 2 0 2 3 2 2 0 0 2 0 3 1 1 3 3 4 3 0 1 0 1 0 2 4 3 2 2 0 0 3 2 4 0 3 4 4 4 0 3 3 2 2 2 3 1 2 1 2 1 1 4 3 0 3 3 3 2 3 1 1 4 2 4 1 1 0 1 2 1 1 2 4 4 4 2 3 1 2 4 0 4 4 3 4 4 2 4 3 4 1 0 2 1 2 0 0 0 2 1 3 1 3 4 1 1 4 2 3 4 2 2 1 2 2 1 4 2 1 4
4 2 4 4 3 0 1 4 2 2 0 0 2 1 4 1 1 0 3 4 3 3 0 0 2 4 2 3 2 1 2 4 0 2 0 1 3 4 3 3 0 3 1 4 0 0 1 0 3 3 1 0 2 3 3 4 2 0 3 2 0 0 1 1 0 0 1 0 2 4 3 1 4 1 4 3 2 4 0 0 4 1 3 4 0 0 3 1 2 0 4 2 3 1 1 0 1 3 0 0 0 4 2 2 1 1 0 3 0 4 2 3 0 4 0 1 2 3 1 4 3 0 0 1 1 4 0 0 4 2 2 1 1 3 0 2 2 2 4 3 3 1 0 2 0 2 1 0 3 0 0 0 1 3 1 1 4 0 1 3 3 4 1 1 3 4 2 2 4 2 2 4 1 0 0 2 2 0 3 4 2 1 1 4 1 4 0 1 3 3 1 0 3 4 0 2 0 2 1 4 2
4 3 2 2 2 4 1 3 4 1 3 1 0 3 2 3 0 3 3 4 2 4 2 4 3 1 1 1 1 1 0 0 1 4 4 1 1 3 1 0 1 0 0 0 1 1 4 3 1 2 3 0 0 4 3 4 2 3 4 1 0 4 1 2 4 2 1 3 0 0 1 2 4 2 2 2 4 4 4 4 2 4 1 3 3 1 0 2 4 1 2 2 0 2 4 0 2 2 1 0 0 0 0 1 1 0 3 1 0 3 1 2 0 2 4 4 0 2 0 0 2 4 2 1 1 3 1 3 4 3 3 4 0 3 2 1 1 2 1 4 4 1 1 0 3 2 3 4 1 0 1 1 3 0 4 1 1 4 4 3 1 0 4 2 0 2 0 1 4 3 2 3 3 3 4 0 4 3 1 3 4 0 4 2 1 4 4 1 1 1 4 4 4 4 4 0 3 4 0 1 3
4 0 3 1 0 4 0 1 1 2 2 2 1 3 3 1 2 1 4 0 4 4 4 4 2 0 2 2 4 2 4 2 1 0 3 1 0 2 0 4 2 2 1 4 0 3 2 2 4 2 3 4 2 1 0 4 1 4 0 0 4 4 3 3 4 1 4 1 0 4 4 3 2 0 4 2 1 1 0 3 1 1 3 2 3 3 0 2 4 1 2 1 4 2 2 4 3 1 3 0 2 1 3 3 0 1 0 1 3 2 0 2 2 1 4 3 2 2 2 2 2 4 1 2 3 0 4 1 1 1 0 2 1 2 0 1 4 4 4 4 0 2 2 4 4 4 0 0 0 0 2 4 2 3 0 0 2 3 0 1 3 0 2 1 4 1 4 1 2 4 0 0 3 0 4 0 0 3 4 3 2 3 3 4 1 3 1 0 3 0 4 0 3 4 4 3 4 4 1 1 3
4 0 1 3 2 0 1 3 2 0 3 0 3 3 1 4 0 1 0 2 0 0 2 1 0 3 1 0 3 2 4 2 2 3 1 3 3 2 0 4 4 0 4 4 3 0 0 2 2 0 4 3 2 1 0 0 1 0 3 0 4 4 1 0 1 3 1 4 4 0 2 2 3 2 3 0 1 2 3 3 4 4 1 3 2 3 0 4 0 1 4 4 3 3 4 1 0 4 2 0 3 4 4 4 3 2 2 0 2 3 4 3 4 3 0 0 0 4 0 2 0 2 4 4 0 4 4 4 2 2 4 4 2 3 0 2 2 1 2 1 1 0 1 4 1 4 4 0 1 0 2 3 2 1 0 3 0 2 0 4 4 2 1 0 1 3 4 3 0 3 4 3 4 1 2 1 1 0 4 1 4 3 1 1 4 3 2 4 3 3 0 1 0 3 2 0 4 2 3 4 2
4 4 0 4 4 2 3 0 4 4 1 0 0 3 1 2 1 4 3 1 1 2 3 4 1 1 4 1 1 1 4 2 3 2 0 1 1 0 2 1 3 0 1 4 1 4 2 2 4 4 2 4 4 0 4 4 2 3 0 0 3 2 0 1 2 0 3 0 2 2 0 1 0 4 1 0 0 0 4 4 0 3 2 2 4 4 3 4 4 3 3 0 2 0 3 3 3 0 0 3 0 2 0 3 1 0 1 1 4 1 0 4 3 2 3 2 4 0 0 2 2 0 2 3 3 4 1 0 0 3 4 4 0 2 4 0 2 4 4 3 2 3 2 2 4 3 4 4 0 4 4 4 4 2 4 3 2 2 4 1 3 3 0 2 4 2 2 4 1 3 2 0 1 1 3 0 3 2 4 3 0 1 3 0 2 2 4 1 4 0 0 4 1 3 3 4 3 2 0 2 3
4 4 3 2 0 3 0 1 4 2 4 1 1 1 1 1 3 0 4 4 3 0 1 4 0 0 2 1 4 4 3 1 2 2 4 3 0 3 1 1 3 0 3 4 3 4 1 4 3 0 4 1 0 0 3 2 1 2 3 3 2 2 3 0 4 0 0 1 1 2 2 0 1 0 1 0 0 0 2 3 1 3 1 3 0 0 0 4 3 2 4 4 0 2 2 2 2 1 4 4 1 3 3 0 3 3 1 4 3 3 4 3 3 3 4 2 3 3 0 4 0 1 1 1 4 4 0 4 3 1 2 1 1 4 2 4 4 3 2 1 1 1 3 4 3 3 3 0 4 0 4 4 3 4 3 0 4 4 1 2 1 1 2 0 3 4 4 1 0 3 3 4 3 2 4 2 3 0 4 3 4 0 0 1 4 4 0 4 0 4 4 2 2 2 2 0 3 3 0 2 2
4 2 4 0 3 3 0 1 1 3 1 2 1 2 2 2 1 0 2 1 3 1 4 1 4 1 2 1 4 1 2 0 3 0 1 1 4 3 3 4 3 2 2 2 3 0 3 0 2 1 1 1 1 2 2 4 4 3 2 2 2 1 2 0 3 3 2 0 2 4 2 3 4 0 3 1 1 4 2 0 1 1 0 1 0 1 4 4 2 0 2 0 2 4 4 0 4 0 1 4 4 4 4 1 0 2 1 4 3 4 3 3 0 2 1 1 3 0 4 0 1 0 3 2 4 1 1 4 3 3 2 4 0 1 2 4 4 4 3 1 4 3 3 3 1 0 4 4 4 2 0 4 0 0 0 0 1 0 4 3 4 1 2 1 3 2 4 2 3 0 1 1 3 0 0 3 2 4 1 2 0 1 4 3 3 1 0 1 3 0 0 3 2 0 1 2 0 1 1 2 1
4 2 3 2 3 4 2 1 0 1 3 3 3 4 0 3 3 3 2 1 0 1 2 1 2 3 3 1 4 4 2 4 3 1 2 3 0 1 0 2 2 3 4 0 0 1 4 3 1 4 4 3 3 1 0 3 2 2 2 1 4 4 1 1 1 0 2 4 1 2 3 3 4 1 4 2 1 2 3 1 3 1 4 1 1 0 3 1 0 2 0 3 1 4 0 3 0 4 1 4 2 1 2 1 2 2 3 0 4 0 1 0 3 3 4 4 0 4 1 3 4 2 2 3 0 2 0 1 4 1 1 0 1 3 0 3 2 4 1 2 2 3 0 0 1 0 1 1 3 0 0 3 3 4 0 3 3 3 1 1 3 4 3 1 2 1 4 0 0 1 3 0 1 2 0 4 2 3 4 0 3 3 4 4 2 3 1 1 3 2 0 3 2 3 3 0 4 4 2 1 0
4 2 4 1 3 3 3 3 1 4 0 2 4 4 4 0 0 2 3 4 1 2 0 4 4 0 2 1 4 3 3 3 1 1 2 4 2 1 1 1 1 0 2 0 3 0 2 4 1 1 0 0 3 0 2 1 1 4 4 0 3 3 1 3 4 4 2 0 1 0 1 4 4 1 0 3 4 2 4 0 3 3 1 0 1 0 2 3 1 0 1 4 3 4 3 2 3 2 4 1 0 4 1 0 2 2 4 4 4 1 0 0 3 3 1 1 4 4 0 3 4 1 1 3 1 3 4 2 1 2 0 2 3 3 4 1 3 4 1 0 2 0 0 3 1 3 4 0 1 3 1 1 2 0 2 3 3 2 4 3 4 1 4 4 4 2 3 3 2 0 4 1 4 1 3 1 3 2 0 4 4 3 2 0 2 0 4 0 0 1 1 1 1 2 2 0 4 3 0 2 0
4 4 3 0 4 0 2 2 0 2 0 0 2 4 4 3 0 0 3 3 2 4 4 0 2 3 2 1 2 2 1 2 3 3 1 0 1 2 4 2 2 4 1 1 1 1 2 0 4 3 2 3 4 2 0 4 3 4 3 0 4 3 3 0 3 2 4 3 3 2 2 1 0 3 0 1 1 2 0 0 4 0 4 0 1 2 2 0 1 4 0 3 2 1 1 4 4 1 2 3 2 1 4 4 2 1 2 1 2 1 3 0 0 1 1 3 0 3 1 2 4 0 1 2 0 0 0 2 1 0 2 4 1 4 2 4 4 0 2 1 1 1 0 2 2 4 2 0 2 0 2 2 2 4 3 3 3 2 2 4 2 1 4 3 2 4 3 0 1 2 0 0 0 0 1 1 1 2 2 1 2 3 4 1 4 4 1 4 2 1 2 0 0 0 4 3 4 1 3 3 4
4 2 4 3 4 1 0 3 0 2 0 2 2 3 4 4 3 0 4 3 3 0 3 3 1 2 2 3 0 2 3 0 3 0 2 3 0 2 2 0 2 1 4 4 0 1 1 2 0 2 3 0 1 2 3 0 1 0 3 4 1 2 0 3 4 4 0 3 1 3 1 1 3 1 3 4 4 4 0 3 2 2 4 1 3 2 1 3 0 0 0 0 1 1 2 3 0 2 3 4 0 1 3 3 3 3 4 0 4 1 1 4 3 0 2 4 4 4 3 1 2 1 0 2 1 2 1 3 1 1 3 2 0 0 2 2 3 1 3 0 3 1 4 4 4 2 2 2 0 3 0 4 4 1 2 3 1 4 4 1 0 2 1 3 2 0 3 0 2 2 1 0 3 4 2 3 3 0 1 2 3 1 1 4 1 2 1 1 0 4 3 3 3 1 2 2 2 0 0 2 0
4 1 0 1 4 3 2 0 3 4 0 3 4 4 0 1 2 0 1 1 2 1 4 2 3 1 4 3 1 3 2 1 3 0 3 2 1 0 4 1 3 3 4 2 3 3 1 2 0 0 1 4 4 2 1 0 0 3 2 2 3 1 3 1 1 4 4 3 3 3 0 2 1 0 2 4 0 2 1 0 0 0 4 4 1 1 0 1 3 2 2 0 0 0 3 3 4 2 3 0 1 2 3 2 2 2 3 1 2 4 4 1 2 4 3 2 1 0 2 1 3 3 0 3 0 0 2 4 3 1 3 1 0 1 1 2 0 4 2 4 0 1 0 1 0 3 3 3 4 2 4 2 1 1 1 3 0 3 4 0 1 3 4 1 0 1 1 3 2 2 0 4 4 3 2 0 4 3 1 2 1 4 2 4 1 3 3 3 0 1 2 4 0 2 4 2 3 3 0 2 1
4 1 4 4 1 3 3 1 0 2 3 0 0 0 1 3 2 0 3 0 0 3 4 0 3 2 2 2 0 2 4 1 0 3 0 1 3 2 4 1 3 1 1 0 0 3 4 3 0 2 4 2 0 4 0 3 0 0 2 3 3 1 4 2 0 3 2 0 2 2 1 0 4 1 2 0 2 1 4 4 0 3 3 0 2 3 4 1 0 3 0 1 2 4 3 3 4 1 0 2 4 0 2 0 2 0 2 2 3 4 1 2 3 3 3 3 1 2 4 4 0 1 4 3 4 0 4 0 2 3 0 3 3 2 2 3 2 3 2 4 3 0 3 2 3 0 1 1 4 3 2 0 0 3 4 4 3 0 2 4 1 3 3 1 2 4 3 0 1 2 2 0 4 0 4 3 2 3 4 1 2 2 3 2 2 4 4 2 2 1 1 4 2 3 2 0 4 4 1 1 2
4 3 4 1 1 1 0 0 3 4 1 0 2 2 0 2 1 1 1 2 1 2 3 1 0 3 2 3 2 4 0 0 2 0 2 1 3 2 0 1 1 1 1 0 4 1 4 3 1 1 2 0 0 1 1 0 0 3 4 0 2 0 4 2 2 1 4 0 4 3 4 1 3 0 3 0 1 4 0 1 2 0 3 0 2 1 3 3 2 4 2 2 3 1 1 0 3 4 3 0 3 3 2 2 0 1 2 2 0 1 4 3 2 0 2 2 2 0 3 3 1 4 3 4 2 1 1 4 3 4 3 3 2 2 1 1 0 2 3 3 4 3 1 2 1 2 2 0 3 4 0 0 2 2 1 4 1 1 4 3 4 4 3 2 0 4 1 2 1 4 3 0 4 3 3 2 3 0 1 4 3 3 1 1 4 2 3 1 3 3 4 2 3 4 0 1 3 1 1 3 0
4 4 4 4 0 4 3 1 0 4 4 3 1 4 3 4 0 4 2 0 0 1 4 2 1 2 0 0 2 2 1 0 2 2 2 4 2 3 2 3 0 4 1 4 4 2 4 0 2 4 1 0 4 3 3 0 1 1 2 4 4 0 2 4 0 1 4 0 3 1 1 4 0 4 0 2 2 1 0 2 3 1 3 3 1 2 4 1 4 1 3 0 0 3 1 2 2 1 1 4 2 2 1 1 0 2 1 2 4 2 0 4 4 3 0 0 1 2 4 0 1 3 2 0 0 0 4 1 2 1 0 3 3 4 0 1 4 1 2 2 1 0 4 1 3 0 0 4 0 1 0 1 0 4 3 0 4 1 3 1 2 4 3 1 3 3 1 0 1 1 1 4 4 2 2 4 4 0 0 0 4 3 0 4 2 1 2 4 0 4 2 4 1 2 1 2 1 0 1 1 1
4 2 1 2 2 3 0 1 0 1 2 1 1 3 2 4 1 2 0 2 4 3 3 3 3 3 1 0 3 4 3 1 1 4 4 3 3 1 3 3 3 3 2 2 3 0 3 3 1 2 1 3 4 4 3 3 3 4 3 3 2 3 0 2 1 4 0 1 3 4 3 1 1 2 4 3 0 2 0 1 2 0 3 3 3 2 1 0 2 0 2 3 0 2 4 1 3 1 4 0 4 4 2 1 3 3 2 4 2 3 4 0 1 4 0 2 3 0 1 3 4 2 2 2 0 4 3 1 3 4 2 4 0 2 4 2 4 0 3 1 0 4 0 2 4 4 1 0 3 2 4 0 4 1 2 1 2 3 2 2 2 4 0 4 4 1 4 3 4 3 0 0 4 1 3 2 4 3 2 2 1 2 3 2 4 2 4 0 1 0 4 2 3 1 4 0 1 2 4 4 1
4 2 2 4 2 4 2 2 0 0 3 2 2 4 4 3 4 4 3 1 4 4 1 1 4 0 3 0 4 1 3 0 3 0 4 1 1 2 2 4 3 1 4 0 3 2 0 4 3 4 3 0 2 4 1 1 3 0 2 1 0 2 2 1 1 1 0 2 0 1 1 4 1 0 3 4 0 4 2 3 3 3 4 4 0 1 1 0 1 1 1 3 1 2 0 2 2 3 2 0 3 2 0 4 0 4 3 2 0 0 2 0 2 1 3 1 4 2 4 4 2 3 0 1 4 0 1 4 0 2 3 0 2 2 0 2 4 1 4 2 1 3 2 2 2 1 3 3 3 0 2 1 4 0 3 2 0 2 0 1 3 2 3 3 4 1 4 4 3 2 4 3 0 4 4 2 4 3 0 3 0 1 3 1 1 4 0 1 3 3 4 4 0 3 2 4 0 0 3 1 1
4 1 0 2 1 3 4 3 4 4 3 3 0 4 0 4 0 4 2 0 2 2 2 1 3 4 4 0 1 1 0 4 2 0 2 4 1 2 3 1 2 4 3 2 0 0 4 0 2 0 2 2 3 2 2 0 4 4 3 3 4 3 2 2 4 1 1 3 0 1 2 2 4 4 1 2 2 1 0 0 2 3 2 3 4 1 1 1 4 1 0 4 3 0 3 0 4 0 0 2 4 2 2 4 4 2 2 4 3 4 1 2 2 0 0 2 3 0 0 4 4 4 2 2 0 0 4 2 3 3 1 3 0 2 4 2 0 1 1 3 2 2 1 3 3 2 4 0 0 2 1 1 1 4 2 2 2 1 0 2 2 3 3 2 3 1 2 2 2 0 1 2 3 4 0 3 1 4 1 2 0 2 1 1 4 3 2 0 2 1 2 1 3 1 3 2 3 2 2 4 3
4 3 4 2 0 3 0 3 4 0 0 1 3 2 1 0 0 1 1 2 4 0 2 0 1 0 2 3 4 0 0 1 3 2 0 3 0 2 2 2 1 0 2 0 3 4 4 3 2 0 3 4 2 0 4 1 4 4 3 1 1 1 3 4 4 2 1 3 3 2 3 1 2 0 2 4 2 4 1 0 2 4 1 4 2 4 0 3 3 0 4 1 2 3 0 2 2 2 4 4 0 4 3 4 0 1 0 1 0 3 4 0 3 1 4 1 4 0 1 0 0 0 2 1 4 3 1 4 0 2 3 1 2 0 0 4 0 1 3 0 2 1 2 1 4 1 1 4 3 0 1 3 1 2 1 0 2 1 2 0 3 1 3 0 2 1 4 0 4 2 3 2 3 1 1 0 2 1 4 1 0 1 2 3 4 0 4 3 2 1 1 1 2 4 1 3 4 0 4 3 4
4 2 3 1 0 1 2 4 4 3 0 4 3 1 3 1 3 0 1 1 2 1 2 0 0 1 0 2 2 4 4 1 0 3 3 2 0 3 4 3 0 3 4 1 4 0 2 4 1 2 1 4 4 1 0 2 2 3 4 4 3 2 4 3 3 3 1 3 0 0 1 3 2 3 1 1 1 4 3 0 2 4 4 3 2 2 4 1 1 4 1 4 3 3 0 3 0 3 0 1 4 1 0 4 2 4 2 2 2 4 2 1 1 2 3 4 2 0 2 1 2 4 4 1 1 1 0 0 4 2 2 4 2 2 4 0 1 4 4 1 3 1 1 2 3 0 2 1 3 3 2 2 1 4 3 2 1 2 0 1 3 4 0 3 3 0 3 3 3 2 4 2 3 2 3 4 0 1 1 4 3 3 0 4 2 4 1 4 0 2 1 1 3 2 4 4 3 1 1 2 0
4 0 4 4 2 0 3 2 0 0 2 3 1 2 2 0 3 0 2 4 3 1 1 0 0 2 1 2 2 0 4 2 4 0 2 4 0 3 3 4 3 2 1 3 4 3 1 4 0 1 4 0 4 0 3 0 1 0 2 3 1 2 4 3 1 3 1 2 2 3 0 1 4 1 0 4 4 3 4 0 4 3 2 2 2 0 2 2 0 0 1 1 3 1 2 4 0 0 2 1 4 4 2 0 3 1 3 1 1 2 0 3 0 2 1 3 4 0 2 1 0 3 1 0 4 2 3 3 1 4 4 1 2 4 3 4 1 2 0 0 2 0 1 4 4 1 4 4 3 2 1 1 0 1 3 0 2 1 3 0 0 3 2 4 4 4 1 4 0 2 3 1 3 3 2 2 1 4 0 0 1 2 1 3 0 1 2 1 1 4 3 2 2 0 0 4 0 2 4 2 1
4 4 0 0 1 1 3 3 2 3 2 0 4 1 1 4 2 4 2 3 4 0 0 4 3 2 1 0 2 2 1 0 4 3 1 3 4 0 1 3 3 3 3 1 1 1 2 1 1 1 4 2 4 4 3 0 4 2 4 3 3 4 3 0 3 4 2 4 2 1 0 4 4 1 4 1 1 4 3 2 2 2 0 4 1 1 2 0 2 4 3 3 1 1 3 1 2 4 0 3 2 2 0 4 1 0 3 3 3 1 1 4 3 2 0 0 2 3 2 1 3 4 3 1 4 3 4 4 1 0 3 3 4 4 0 4 3 0 4 0 4 0 0 4 4 4 4 4 2 3 2 4 2 3 2 1 1 1 0 1 3 2 0 0 3 1 4 2 2 4 3 1 0 0 0 1 4 2 0 1 4 1 2 3 0 0 0 1 4 4 2 0 1 4 1 3 4 4 2 1 1
4 3 4 1 4 0 3 1 1 1 1 1 4 3 0 2 1 3 4 4 2 2 4 4 0 2 0 4 0 0 0 2 1 1 1 3 0 0 0 1 1 4 2 1 2 3 4 2 2 2 0 3 0 1 1 1 2 1 0 4 2 4 3 1 2 4 4 3 4 4 0 4 1 0 3 3 2 3 4 0 0 2 1 0 2 3 4 3 3 3 4 2 4 2 3 0 0 3 3 2 3 1 1 0 4 2 0 2 1 0 0 2 3 0 0 4 0 0 0 2 4 4 2 1 3 3 0 0 2 0 3 0 2 3 4 0 3 1 4 0 2 3 2 1 4 1 4 3 2 4 4 2 2 3 4 1 1 2 0 4 0 0 0 2 4 1 0 0 1 4 4 4 0 1 1 4 4 2 3 3 3 0 1 3 1 3 4 3 3 4 0 2 0 0 1 1 3 4 3 4 1
4 4 1 1 0 3 4 1 1 4 3 3 2 0 1 0 3 3 1 0 3 1 2 2 2 2 2 3 2 1 3 1 1 2 1 4 1 0 3 3 1 3 4 3 0 1 1 4 4 1 2 1 3 3 4 2 3 1 4 1 1 4 2 1 0 1 1 3 4 1 4 1 4 3 3 4 4 0 4 0 0 1 4 2 1 0 0 0 0 4 4 3 2 2 2 2 1 1 0 0 0 2 4 2 4 3 0 1 0 2 0 2 4 2 4 3 4 3 4 3 4 3 3 4 4 2 4 4 1 4 0 1 3 2 0 3 4 2 2 2 3 0 3 4 4 2 3 3 0 2 0 4 1 1 4 3 3 2 0 0 0 3 1 2 2 0 2 1 0 0 4 1 2 0 0 2 1 1 3 1 4 3 3 0 0 4 1 4 3 1 1 3 0 3 3 4 4 0 3 2 2
4 0 0 0 4 3 3 0 4 0 3 2 2 3 4 4 0 1 0 4 2 1 3 0 4 0 2 2 0 1 3 1 2 0 3 0 4 4 2 1 2 2 4 4 4 3 1 3 0 1 3 4 4 3 3 0 4 1 2 1 1 2 2 0 0 2 2 0 1 1 0 2 0 4 4 3 1 2 1 3 2 0 3 1 3 2 1 1 4 1 4 2 3 2 4 2 4 1 2 3 2 0 1 1 3 0 1 0 2 0 2 0 3 4 2 4 2 2 1 4 0 3 3 1 1 0 1 1 4 3 4 3 4 0 3 2 0 2 4 2 4 3 1 3 0 4 2 2 4 0 4 0 2 4 0 3 0 2 3 3 2 1 0 4 0 1 4 2 2 4 3 3 0 3 0 4 1 0 3 1 1 1 1 4 4 2 3 3 3 1 0 3 3 2 0 4 4 2 2 1 1
4 2 1 3 3 2 3 1 4 0 1 3 2 1 0 2 2 1 0 1 0 0 1 2 0 1 0 1 3 3 0 3 1 2 0 0 3 2 3 2 3 1 3 1 2 0 1 4 4 4 3 4 0 4 1 3 1 4 2 1 2 1 3 0 0 0 0 2 0 3 0 0 1 1 0 4 1 4 0 0 1 3 1 3 2 2 4 1 0 0 3 4 4 0 2 3 0 0 3 4 3 1 2 2 2 3 3 0 4 0 0 1 2 4 1 4 2 3 2 1 2 1 0 4 1 1 1 1 1 1 0 3 1 3 3 0 2 0 1 4 4 0 1 3 0 2 1 2 1 1 2 2 1 0 4 1 4 4 0 4 4 4 0 2 3 0 4 1 4 3 2 3 3 4 0 0 0 3 2 2 0 0 2 0 0 4 0 1 0 1 2 1 1 2 0 3 4 3 1 3 2
4 1 3 4 4 1 1 0 2 3 2 3 2 3 3 4 2 0 4 4 2 2 0 4 4 0 1 4 2 1 3 4 3 4 0 4 0 2 2 3 2 4 3 3 4 1 0 1 1 3 4 1 4 1 0 2 4 3 1 3 3 0 3 1 0 4 3 4 1 3 2 1 1 2 2 2 0 2 4 0 0 4 3 2 1 3 0 1 1 4 4 4 1 1 1 4 2 4 2 2 2 4 1 3 3 3 2 4 1 3 4 1 3 1 4 3 2 2 0 0 4 4 4 4 4 2 1 4 0 4 4 1 3 1 2 4 0 3 4 3 0 3 2 3 4 4 4 4 0 0 2 2 0 1 0 3 4 2 3 2 3 4 3 1 4 1 0 1 4 1 1 3 2 0 2 0 1 4 0 1 1 4 2 2 3 3 3 3 2 4 1 0 1 2 2 1 3 3 3 2 0
4 0 4 2 2 3 4 1 3 2 1 1 3 0 3 4 0 2 3 3 1 3 4 2 3 3 4 1 2 2 2 1 4 1 4 0 3 4 1 1 4 2 1 0 2 4 3 0 1 0 3 0 0 4 4 3 1 1 0 0 3 2 2 2 4 2 4 4 2 1 1 0 4 3 1 1 0 2 1 1 1 2 0 0 0 4 3 0 3 4 0 1 4 3 3 2 0 2 0 4 0 4 1 1 2 1 2 3 1 3 0 4 2 4 4 0 3 4 1 2 4 2 1 4 3 3 2 0 0 4 4 4 1 2 3 2 3 2 4 1 0 4 4 3 3 4 1 4 3 3 4 2 0 3 4 0 1 2 1 4 1 4 1 2 3 0 0 2 3 1 4 0 0 4 4 2 1 4 4 3 3 1 3 3 4 2 3 1 1 1 2 2 3 2 3 0 1 3 1 2 2
4 1 1 4 1 3 4 3 2 0 2 3 2 4 3 0 2 4 3 0 0 2 0 0 4 1 2 0 2 2 0 3 3 1 4 2 2 4 1 2 4 4 3 3 4 3 0 3 3 4 2 2 0 3 3 0 4 4 1 2 0 4 3 1 2 2 1 4 4 4 1 4 3 1 0 4 2 1 2 1 3 3 1 1 3 2 4 3 4 1 4 0 2 3 3 2 2 3 0 4 4 1 3 3 2 3 1 2 3 4 4 0 1 2 0 0 1 4 0 2 2 4 3 0 1 0 2 4 4 4 4 0 0 1 3 3 1 2 0 2 1 2 0 4 2 2 4 4 0 3 0 2 1 0 1 0 0 3 4 0 3 3 3 4 0 1 4 2 0 4 0 2 3 2 4 0 4 0 4 4 0 3 1 4 0 0 2 1 2 0 3 3 4 2 0 4 0 3 4 4 3
4 1 1 3 3 3 3 3 3 3 1 3 0 3 2 2 3 1 0 0 4 0 4 1 3 3 3 4 3 0 3 4 3 1 2 0 1 4 3 0 2 3 4 3 3 0 0 1 1 1 1 4 1 2 1 1 4 0 0 4 0 3 3 2 3 0 1 2 0 4 1 0 0 0 2 3 1 1 3 0 2 0 2 2 3 3 4 2 0 1 1 4 2 2 0 4 2 0 4 0 3 4 4 3 1 3 0 0 3 0 2 2 2 1 0 3 3 0 1 1 1 4 0 4 3 1 3 1 3 2 3 4 1 0 2 4 3 3 0 0 1 0 0 2 0 1 1 0 4 4 0 2 1 4 4 2 3 1 0 0 2 4 4 1 1 2 2 4 0 1 1 4 0 2 0 0 1 2 3 0 3 2 3 4 2 2 0 0 1 0 1 4 0 4 2 0 1 1 3 3 4
4 0 0 3 0 2 4 2 2 3 2 4 1 3 3 2 3 1 2 4 2 3 0 3 3 3 1 1 3 3 4 0 4 4 4 4 1 3 4 1 3 3 4 2 4 3 0 4 2 0 4 2 1 1 2 2 4 1 3 4 4 4 4 0 2 3 0 3 3 0 2 0 1 1 0 0 0 4 2 0 0 1 4 4 4 0 2 1 1 3 0 3 3 1 0 4 2 2 1 1 4 0 4 2 3 0 3 1 0 3 4 0 3 4 0 4 3 1 4 2 4 1 3 4 2 2 4 4 3 3 1 1 0 3 4 2 3 3 0 2 1 0 4 3 3 4 0 0 1 2 1 0 0 1 2 3 4 0 4 3 4 1 0 2 2 0 2 3 2 3 4 4 3 4 2 3 2 4 4 1 3 2 4 3 0 4 2 4 0 3 0 3 3 4 3 0 1 2 4 4 0
4 0 1 2 2 2 3 3 2 0 4 3 1 0 4 0 2 1 0 3 3 1 1 1 1 2 3 2 2 3 3 0 4 4 2 3 3 0 3 4 2 4 0 2 3 4 3 3 4 0 3 1 0 4 1 4 0 0 2 1 1 0 0 4 2 3 2 2 3 4 3 3 4 4 0 2 3 2 3 2 0 2 3 4 1 3 2 3 3 3 1 4 1 2 1 4 3 4 2 1 3 1 4 0 3 4 1 3 4 4 3 4 2 3 4 2 4 3 0 3 1 2 3 0 2 3 4 0 0 3 2 0 4 1 0 2 2 4 0 4 4 4 2 1 2 1 1 4 3 1 3 1 0 0 1 2 4 1 1 2 0 1 1 1 3 0 1 4 4 1 2 2 4 2 4 4 2 0 4 1 3 3 2 3 3 4 1 1 2 2 0 1 2 3 3 3 2 0 3 4 3
4 3 0 1 3 1 1 4 1 3 3 0 3 2 0 3 2 3 0 3 3 0 4 2 0 2 1 2 3 1 0 0 3 0 3 3 3 2 0 3 3 2 4 0 0 4 4 0 0 4 3 2 4 3 0 0 1 2 4 1 4 2 0 0 3 2 0 4 2 1 0 0 0 1 1 1 3 0 2 0 4 1 3 2 0 4 3 1 1 3 1 3 2 0 2 2 3 0 1 0 3 0 3 0 0 2 4 0 2 2 0 0 0 3 3 1 0 4 0 4 0 1 4 4 0 0 3 1 4 4 1 3 1 1 0 3 2 0 1 0 4 2 4 3 2 1 4 0 3 3 4 1 1 4 3 4 1 0 1 0 1 2 3 0 4 1 4 2 1 2 3 0 0 2 2 1 2 4 2 0 3 2 1 0 0 0 0 1 1 2 2 1 1 3 2 4 2 1 0 0 2
4 1 1 1 0 1 4 0 2 1 4 2 4 3 0 3 0 4 3 1 1 0 4 2 2 4 1 2 0 4 4 2 0 3 2 3 0 4 4 0 2 4 1 4 2 3 2 0 1 1 1 1 4 1 1 2 1 0 1 0 4 3 0 2 1 0 1 1 4 2 2 0 1 2 2 2 1 1 1 0 2 4 0 4 4 0 0 4 2 4 1 1 2 1 1 1 0 4 4 4 1 4 3 4 4 2 3 3 4 1 2 0 2 2 2 1 4 4 0 2 0 0 0 4 4 3 3 1 4 4 4 0 1 3 0 4 1 2 1 3 4 3 2 2 0 3 4 0 2 1 1 2 2 4 1 2 1 1 0 2 4 3 0 2 0 4 3 1 3 4 0 1 1 2 4 4 0 4 1 4 2 4 3 3 0 1 2 4 4 2 1 0 4 2 3 0 1 1 1 1 2
4 1 3 1 2 1 1 2 1 2 1 1 1 4 1 0 4 4 1 3 3 3 2 3 3 0 1 4 4 4 4 1 4 1 1 4 4 0 1 4 1 0 2 4 3 2 3 4 2 3 2 2 0 1 0 4 4 1 0 3 0 2 1 4 4 3 2 3 2 3 1 2 0 4 3 1 4 2 1 4 0 0 3 0 2 3 3 1 4 3 2 4 0 2 0 0 4 1 0 3 3 0 0 4 0 4 2 3 4 1 4 4 0 4 3 3 4 3 0 3 2 2 1 1 1 4 0 1 4 1 1 0 4 4 1 4 1 0 2 1 3 3 1 4 0 3 2 3 1 4 1 2 3 4 0 3 0 3 1 1 2 3 3 3 4 2 2 1 4 1 2 0 0 0 0 0 4 3 0 0 2 3 0 3 3 3 4 2 1 2 2 3 3 1 0 4 1 1 4 3 1
4 1 0 1 0 3 1 3 2 3 0 3 1 3 2 1 0 3 4 3 0 2 2 4 3 4 3 3 0 0 2 0 1 2 0 4 1 4 4 2 1 2 0 0 0 1 4 1 1 4 0 2 4 3 2 0 0 0 2 0 1 3 4 3 2 3 3 1 1 0 4 1 0 0 0 4 4 2 1 3 2 2 4 1 3 4 4 1 4 1 4 4 2 1 2 3 1 2 1 0 3 1 2 3 1 3 2 0 3 2 3 4 1 0 4 1 3 3 0 1 0 4 4 1 0 4 4 0 1 2 2 0 2 0 3 2 2 0 2 0 0 2 1 4 0 4 3 1 4 4 0 0 4 4 4 3 4 2 2 1 2 4 3 2 4 1 4 1 1 4 0 1 2 2 4 2 0 2 1 0 4 2 4 3 3 4 2 2 3 4 4 3 2 1 4 4 4 1 2 4 1
4 0 2 2 1 0 1 4 1 3 0 2 2 1 2 0 4 0 2 4 1 1 3 4 4 0 1 1 4 0 4 3 4 0 3 2 3 2 4 2 0 2 0 3 2 3 1 0 3 2 2 3 3 1 2 2 3 1 3 2 0 0 1 0 3 4 1 3 2 1 4 2 1 0 1 0 2 1 1 4 0 3 4 0 3 1 2 3 1 0 0 0 1 3 2 3 3 3 0 2 1 0 1 1 1 1 2 2 2 2 1 3 1 0 3 3 4 3 4 4 4 4 4 2 3 1 0 3 0 4 0 1 3 0 3 4 1 0 3 1 4 4 2 2 0 3 0 1 2 2 2 1 2 0 4 0 2 0 2 3 0 3 3 1 4 0 0 4 0 4 1 3 3 4 3 3 2 3 3 0 3 4 0 2 4 2 3 3 1 0 2 2 3 4 1 2 3 4 3 2 3
4 0 4 1 4 4 0 3 1 4 1 3 1 3 1 0 4 0 3 4 2 2 0 4 2 1 0 2 0 0 4 0 3 0 3 2 1 4 1 1 4 1 1 4 2 1 4 2 2 4 3 4 0 2 4 4 3 1 2 2 2 1 1 0 3 4 1 4 0 2 2 1 3 0 2 2 2 0 4 3 3 2 3 3 0 2 1 1 0 1 3 4 2 2 0 4 3 0 0 0 2 4 0 0 1 4 0 2 3 3 4 0 3 3 0 2 1 3 3 4 1 1 1 4 0 1 2 4 1 4 1 1 0 1 1 2 3 1 0 2 3 1 0 0 0 2 4 0 3 0 2 0 4 4 2 4 2 3 3 0 4 0 3 3 2 3 0 1 0 4 1 1 2 0 4 1 3 1 4 1 0 3 0 3 4 0 1 4 0 0 3 3 2 0 2 0 0 3 3 1 3
4 2 1 1 3 2 2 1 4 0 2 4 1 0 2 2 1 2 4 2 0 4 0 1 0 0 2 1 0 0 4 3 0 1 2 0 3 0 4 0 1 3 1 0 0 0 2 4 4 2 1 3 1 1 0 0 4 0 3 1 3 4 1 4 1 4 4 3 0 3 2 0 2 1 1 1 3 4 2 2 1 1 3 1 1 1 4 1 0 3 3 3 3 3 2 4 2 0 0 2 0 0 2 3 4 1 2 4 3 4 0 4 0 2 0 4 3 1 1 4 0 1 3 4 4 0 3 1 2 2 3 1 1 2 1 3 3 1 0 2 4 2 3 3 2 0 0 1 4 3 1 4 0 3 3 0 4 3 3 0 4 1 4 2 3 2 1 4 1 0 2 0 0 1 4 4 0 4 0 0 2 1 1 1 4 4 3 4 1 3 3 0 4 2 1 3 1 1 0 3 4
4 0 1 3 4 3 4 3 2 3 4 3 1 4 4 1 2 1 3 0 2 4 2 4 4 2 1 2 3 2 0 4 1 2 3 1 2 4 4 4 1 3 1 1 4 3 1 4 2 0 2 3 0 3 1 0 4 0 2 2 1 2 1 4 3 2 0 2 2 4 3 0 0 4 4 0 2 4 3 3 3 1 3 2 0 4 3 2 1 4 4 4 2 3 0 1 1 3 4 4 2 0 3 1 4 0 4 0 3 3 3 0 1 3 3 1 0 2 0 0 0 0 4 3 3 3 2 3 2 4 1 2 4 2 2 2 2 2 0 0 0 3 3 1 4 1 1 4 0 1 0 1 2 3 1 0 1 0 4 3 0 2 1 3 2 3 0 4 2 3 2 2 2 4 1 1 2 2 3 3 3 1 4 3 0 1 4 4 2 1 3 1 0 3 0 1 1 0 3 1 0
4 4 2 1 3 1 1 0 1 3 1 1 1 4 4 4 4 0 0 1 2 2 3 0 4 3 3 0 4 2 1 3 4 0 3 4 2 3 1 2 1 1 1 3 3 3 4 3 1 3 0 4 0 1 0 4 4 2 3 4 1 2 1 2 3 3 2 0 4 4 0 1 1 2 2 0 1 3 4 1 0 4 1 3 2 2 0 4 1 0 3 2 2 4 0 0 2 0 0 1 3 4 2 1 3 2 0 1 2 2 3 1 3 0 1 2 0 3 4 0 4 3 1 0 2 0 4 4 0 1 4 1 4 1 3 1 1 3 0 0 3 0 4 1 0 2 2 4 0 3 4 4 2 3 3 2 3 1 0 0 2 1 3 4 2 3 1 0 3 1 4 3 1 1 4 3 4 0 4 4 4 3 0 1 1 0 4 1 0 1 4 3 0 0 2 4 2 2 3 1 1
4 2 1 3 1 3 0 3 4 2 1 0 2 1 1 3 0 2 3 4 4 2 1 2 2 2 2 0 4 2 1 2 3 3 1 1 0 3 4 4 2 3 1 1 1 4 4 4 4 3 0 0 0 4 1 2 4 0 4 4 0 0 1 4 1 4 0 0 2 4 3 0 2 3 2 0 0 4 2 1 4 1 2 2 4 1 3 0 0 3 0 0 3 4 4 4 3 1 1 0 0 3 0 0 2 0 4 3 0 0 1 1 4 2 2 2 4 2 2 1 1 2 1 2 3 0 1 4 2 3 0 3 3 2 3 3 2 0 3 1 1 3 2 1 1 1 3 0 3 1 3 0 1 0 3 0 4 3 0 1 4 1 4 3 1 0 3 3 1 1 1 3 4 1 3 4 3 0 3 2 2 3 2 2 3 1 2 3 0 0 2 1 3 2 4 3 2 0 2 4 1
4 3 1 3 2 4 0 4 0 0 2 1 3 2 3 3 3 3 4 0 3 1 3 0 4 4 3 0 2 0 0 1 1 3 2 2 2 4 2 0 1 0 2 4 0 0 3 1 2 4 0 1 3 2 3 1 4 1 0 4 1 0 4 0 2 3 4 0 0 1 2 2 2 0 2 0 4 3 1 4 0 3 1 1 0 1 2 0 0 2 1 1 2 3 4 4 4 1 1 1 0 3 3 0 2 4 1 0 1 2 2 1 2 4 3 2 3 4 2 1 4 4 1 4 3 2 1 1 3 1 1 0 2 3 2 4 4 0 0 3 1 0 1 3 4 0 2 0 4 4 1 2 4 4 2 1 4 1 2 2 3 0 4 3 3 4 1 4 4 1 1 3 0 4 2 0 0 4 0 4 0 1 1 3 1 2 2 2 4 1 0 1 1 1 4 1 1 4 4 2 2
4 1 0 2 4 3 4 0 3 4 0 0 0 3 3 1 1 3 4 2 4 4 4 2 1 2 3 2 2 2 2 4 2 4 3 0 1 4 3 1 1 4 4 4 4 4 3 2 2 0 1 0 4 1 3 0 4 1 4 2 2 2 2 4 3 2 4 4 1 1 4 2 3 2 1 4 4 2 0 3 2 0 4 2 1 2 4 0 3 2 3 1 2 3 4 0 2 3 4 1 3 1 2 2 2 3 3 0 2 1 3 3 0 1 4 4 3 2 0 1 0 4 0 3 2 0 4 1 2 1 4 2 4 2 3 1 3 2 2 3 1 3 1 4 1 0 0 1 1 0 2 3 2 1 4 3 2 0 1 4 4 4 1 0 2 3 4 4 0 4 4 2 0 4 3 2 3 2 2 4 1 4 0 3 1 3 3 0 2 3 3 1 4 4 3 1 3 1 4 2 1
4 2 0 2 4 3 0 3 2 3 4 2 4 4 4 0 4 4 4 4 1 4 2 0 4 1 2 1 1 0 1 1 3 3 1 1 1 0 0 0 0 2 0 0 3 3 2 1 4 0 2 3 3 2 4 0 4 1 2 0 0 2 0 2 4 1 0 1 4 0 3 2 1 2 0 2 2 0 0 0 1 2 4 2 3 1 0 3 4 1 3 3 4 2 2 1 2 0 4 0 2 1 3 3 3 0 0 3 0 1 4 1 3 2 2 3 3 2 1 2 3 3 4 2 3 0 0 1 1 0 4 0 1 2 0 3 0 1 4 2 4 3 3 4 2 1 2 2 4 1 4 4 2 4 3 0 2 2 3 0 0 1 4 3 2 3 1 0 0 3 3 3 3 1 0 4 1 2 1 2 1 4 3 2 2 2 1 2 2 1 4 1 3 2 3 1 4 2 4 3 4
4 2 2 0 1 0 3 4 3 4 2 2 4 0 2 1 1 4 3 1 2 0 0 2 3 0 4 0 3 2 1 2 0 2 0 2 4 1 2 2 3 1 0 1 0 0 0 0 0 3 3 4 2 4 3 4 1 3 3 4 3 1 1 0 1 0 3 3 0 4 4 1 0 4 1 4 1 4 0 4 0 1 2 2 2 4 2 3 0 3 2 2 3 4 2 1 4 0 1 3 4 1 3 0 1 2 2 1 1 0 4 1 1 1 2 3 1 2 3 4 0 3 0 3 3 0 0 0 1 3 0 2 0 3 1 3 2 3 2 2 1 1 4 1 1 1 4 1 1 0 4 3 1 0 1 2 2 4 0 2 2 0 4 0 3 2 4 4 1 3 3 0 0 0 3 4 1 3 3 1 3 4 3 1 2 4 1 0 1 4 4 3 4 3 3 2 1 4 1 0 4
4 1 0 0 1 4 2 0 0 0 0 3 2 0 2 2 4 2 1 4 3 3 3 3 3 0 4 1 4 1 2 4 0 2 0 2 1 4 4 1 0 1 0 2 2 2 3 1 2 4 3 2 4 1 3 3 0 1 1 2 0 0 2 1 0 4 2 3 3 1 0 1 4 3 3 0 1 2 0 3 1 0 1 1 3 4 2 3 1 1 2 2 4 2 3 4 1 2 0 2 3 2 3 2 1 2 2 4 0 1 1 0 0 1 0 0 2 2 1 3 0 2 3 1 4 1 1 1 4 3 3 1 2 1 2 4 2 0 4 4 4 1 2 2 0 4 3 3 1 3 3 3 3 1 3 4 2 3 2 0 4 2 2 4 0 4 4 0 4 0 2 3 4 2 1 3 1 1 2 4 2 2 0 0 3 0 2 3 3 0 3 2 0 3 1 3 3 4 3 4 1
4 3 2 0 3 0 4 4 4 3 2 4 2 2 0 1 0 3 1 0 1 3 0 4 0 0 3 1 2 4 4 1 1 0 4 3 2 3 2 3 2 0 3 3 2 0 3 0 2 4 0 0 4 4 0 0 3 4 3 0 4 0 1 0 4 2 2 4 4 4 1 0 4 2 4 3 4 2 2 3 0 2 2 4 1 1 3 0 1 1 2 0 1 1 2 1 2 2 1 4 4 4 1 0 2 2 4 4 2 2 2 2 4 2 3 0 4 3 3 2 0 2 1 0 1 3 1 3 2 3 1 1 2 1 1 2 4 4 0 4 4 4 1 4 4 4 2 3 0 1 3 2 0 3 3 1 2 3 2 1 0 0 2 2 1 1 4 2 0 3 3 4 4 0 3 3 1 3 2 3 4 0 3 4 4 0 1 0 1 1 4 0 4 3 4 4 4 1 1 2 2
4 4 1 4 0 3 1 2 0 2 2 1 0 1 2 2 2 1 2 2 3 3 2 1 2 0 2 0 0 0 2 2 4 3 0 0 2 1 4 4 2 2 3 2 1 0 3 0 4 0 4 3 3 2 3 3 3 2 3 0 1 3 4 0 3 2 3 3 3 1 4 4 3 3 3 4 3 4 3 1 4 1 4 4 1 3 3 0 1 4 3 3 1 4 0 4 4 4 1 1 1 3 0 1 2 3 2 0 0 3 0 3 2 0 2 2 4 3 0 1 2 1 4 1 4 1 2 4 3 2 0 3 4 3 3 2 1 0 3 1 0 1 3 4 3 3 1 4 2 0 3 0 1 2 0 4 2 1 1 0 1 2 3 3 1 4 4 0 3 0 4 2 0 4 4 0 0 0 4 1 4 0 3 3 3 1 2 0 3 1 2 3 1 2 3 4 0 2 4 0 0
4 3 1 4 2 1 3 0 3 0 0 1 2 1 3 4 2 2 2 3 3 1 1 2 4 1 1 4 0 1 2 2 3 4 0 0 2 3 0 3 1 3 1 0 4 3 1 1 3 1 2 0 0 3 3 2 4 1 1 3 3 2 3 4 2 4 4 0 2 0 4 0 4 1 3 2 4 2 2 2 2 3 4 2 4 0 0 1 2 3 3 3 4 2 0 0 2 3 3 3 2 3 3 3 0 1 0 2 1 2 4 3 4 1 4 0 3 3 2 3 0 4 3 3 3 2 4 2 3 3 1 4 0 1 4 1 3 4 3 1 3 2 4 4 4 2 0 2 2 1 2 2 2 0 2 1 1 4 0 3 2 0 0 3 3 2 1 3 1 3 3 2 3 4 4 1 3 1 1 0 4 0 4 1 2 3 3 2 1 0 2 1 0 1 4 3 3 4 0 3 2
4 3 1 2 0 3 0 3 1 1 3 3 0 3 1 2 0 0 4 1 0 2 4 2 1 3 4 2 3 0 3 3 3 0 4 2 2 2 2 2 2 0 0 0 1 3 0 1 4 3 1 1 2 0 2 3 2 0 0 4 4 4 2 3 4 0 3 0 0 2 3 2 4 4 2 3 3 4 3 1 1 1 1 3 0 2 4 3 0 4 1 2 2 4 1 4 1 1 1 3 0 1 1 1 2 0 3 4 4 4 4 3 1 0 3 0 3 2 2 3 3 4 3 3 2 0 0 1 4 0 1 3 2 2 2 3 3 0 1 4 0 2 3 0 0 3 4 1 2 0 1 2 0 0 0 1 2 3 1 0 1 1 4 0 3 3 4 0 2 1 0 3 0 1 1 1 0 2 1 4 0 1 2 4 2 2 1 2 1 1 2 4 2 1 0 4 3 2 2 2 4
4 3 1 1 1 2 1 0 4 2 2 1 3 0 4 2 2 1 1 1 0 2 3 4 2 2 4 4 4 4 3 3 4 2 3 4 3 1 2 0 0 4 4 4 1 2 2 3 0 3 3 2 1 0 1 4 3 4 2 1 0 3 3 2 0 1 3 1 1 3 4 4 2 4 4 3 1 1 2 2 4 0 2 3 0 0 1 1 2 0 1 4 3 2 1 2 3 1 4 2 2 3 0 3 3 2 2 4 0 4 3 4 4 3 1 2 0 3 1 0 1 0 0 3 1 3 1 2 4 2 1 0 2 4 3 2 2 1 3 2 3 2 4 1 1 4 1 0 1 4 1 2 3 3 1 4 3 1 4 3 4 0 3 4 0 0 4 2 3 0 2 4 0 1 1 1 3 3 2 1 3 2 4 2 0 4 1 1 1 2 1 2 0 4 1 2 1 2 1 4 1
4 1 2 2 3 4 2 4 2 2 1 1 1 1 1 3 0 0 4 4 0 3 4 4 3 2 2 1 3 2 4 4 3 0 0 4 3 1 3 2 3 3 2 3 1 2 2 4 4 1 3 0 4 1 3 2 4 2 1 3 0 3 3 1 1 0 1 2 4 1 2 4 1 1 2 2 2 0 2 1 0 4 3 4 4 4 2 4 1 2 2 2 2 1 3 3 2 4 4 3 4 1 2 3 4 1 4 2 4 1 3 4 1 4 1 4 0 1 2 3 2 2 4 1 0 4 3 3 4 3 0 3 1 1 3 4 4 2 3 2 2 4 4 4 2 1 4 2 3 3 1 3 3 3 1 0 1 2 3 1 1 0 0 1 4 3 0 2 3 1 3 4 2 0 4 2 1 1 1 1 3 2 0 4 3 3 2 0 1 1 4 1 4 1 4 3 3 1 1 3 4
4 2 4 3 2 2 2 1 2 0 1 3 3 0 1 2 0 4 1 1 4 1 0 1 1 4 2 3 3 1 2 3 3 4 4 4 4 1 0 4 2 0 3 1 0 4 4 2 4 2 0 1 2 3 0 3 1 1 2 1 2 1 3 0 4 2 4 1 4 3 0 2 2 3 4 3 0 1 0 1 0 2 4 1 4 1 3 0 1 3 2 1 1 0 2 1 2 1 0 4 1 4 3 0 3 2 3 3 3 1 1 3 1 4 4 4 2 3 4 1 2 1 3 1 4 4 3 1 2 2 4 0 3 3 0 4 0 1 2 3 4 0 1 0 4 3 0 4 3 1 2 2 3 1 1 0 1 1 3 4 1 0 4 1 4 4 2 0 0 0 1 2 1 4 3 4 1 3 3 3 3 4 3 0 4 1 3 3 1 3 3 0 3 4 4 0 4 4 2 0 1
4 1 2 4 3 2 2 0 0 1 1 2 3 3 4 1 0 3 3 4 2 1 1 2 4 1 2 2 3 0 4 0 2 1 2 2 2 2 0 1 4 1 2 0 3 3 2 1 3 4 1 0 3 0 0 0 0 4 0 3 1 3 2 1 4 0 3 1 2 4 4 0 0 2 0 4 1 2 2 0 3 0 3 1 4 1 1 4 1 2 1 4 0 4 0 3 3 0 4 1 4 3 1 2 1 1 1 1 2 3 4 0 1 3 0 2 3 0 4 3 2 3 1 2 2 2 1 3 3 1 3 4 3 2 2 0 1 0 4 0 3 3 2 3 4 4 4 2 1 0 2 0 2 2 4 4 1 0 3 2 0 4 2 4 4 1 0 3 2 3 0 3 1 0 2 1 4 3 4 3 2 3 4 3 1 2 3 4 4 3 3 4 1 2 2 2 1 3 2 2 2
4 0 0 4 0 1 2 4 4 4 3 2 0 2 3 4 0 4 4 3 4 0 4 3 3 4 3 4 0 1 0 4 2 2 2 4 0 3 4 4 1 4 1 2 4 3 4 3 4 1 0 4 0 0 4 3 3 2 4 4 1 3 1 3 1 2 0 3 2 2 2 4 4 2 1 4 2 4 1 4 3 3 3 1 0 1 0 4 3 2 0 4 0 0 4 3 1 3 2 1 2 4 4 0 0 4 0 3 4 2 4 2 2 3 2 4 4 3 2 2 4 2 0 1 3 3 0 3 3 0 4 4 2 3 3 0 1 2 0 1 0 2 4 0 4 4 1 1 3 1 1 2 2 2 3 3 2 3 1 2 3 4 0 0 4 0 1 3 1 1 0 1 2 3 3 4 1 1 0 2 0 4 3 1 2 4 2 1 4 2 2 4 3 2 1 3 2 1 2 0 2
4 0 4 2 0 3 2 0 3 2 2 0 0 1 2 3 4 4 2 4 3 1 2 1 1 0 3 0 0 4 4 1 3 2 2 3 3 2 0 2 3 1 1 1 3 0 1 4 2 3 4 4 1 0 4 2 3 1 4 0 4 3 1 2 3 1 4 4 1 1 3 1 3 1 3 2 1 2 1 3 1 4 3 0 2 0 3 0 2 3 3 4 1 3 4 4 2 4 1 0 4 4 2 3 3 2 3 0 4 0 2 4 2 4 3 3 3 0 4 2 2 2 0 2 3 2 0 4 3 4 2 2 1 3 3 1 0 2 0 1 2 4 3 2 4 0 1 3 1 4 4 3 3 3 0 3 3 0 1 1 0 3 1 0 2 1 2 2 0 4 4 0 2 2 4 3 4 1 3 1 3 1 1 3 4 1 2 3 4 0 2 4 0 4 1 4 1 3 2 3 0
4 4 2 0 0 4 2 2 1 0 2 3 2 4 2 4 4 4 4 0 2 0 1 1 2 1 0 0 1 1 1 0 3 2 0 1 3 2 3 2 2 4 2 4 1 2 3 2 2 3 3 2 3 1 1 3 3 2 0 4 4 1 4 3 3 4 1 1 2 3 2 3 2 1 0 4 1 4 2 3 2 2 3 1 0 2 4 4 2 2 3 3 3 1 0 2 0 2 2 4 1 2 4 1 3 3 3 0 4 2 3 3 1 4 4 3 3 3 3 0 1 0 0 2 1 1 1 0 4 2 0 2 1 4 2 0 4 3 4 3 1 0 3 4 1 2 2 4 4 0 1 0 1 4 1 4 1 3 1 3 4 2 2 2 2 2 2 0 4 0 0 4 3 2 3 4 4 3 2 2 1 4 4 4 4 3 0 4 3 4 3 0 2 1 3 3 1 2 2 1 3
4 1 0 1 4 0 1 3 1 2 1 0 3 0 3 2 3 1 1 0 4 1 4 3 3 0 0 1 2 3 2 0 3 1 3 1 0 4 3 3 2 4 1 2 0 3 0 2 0 1 2 3 4 0 1 1 2 2 2 0 2 0 0 4 3 2 4 4 1 4 1 3 2 4 0 4 2 1 2 1 3 4 0 4 4 0 4 2 4 4 2 0 1 3 2 1 4 3 4 1 1 1 4 2 2 1 1 0 2 0 3 2 0 2 2 2 0 2 2 4 2 2 4 0 4 3 4 2 2 2 2 3 4 4 2 4 4 4 1 0 3 2 3 0 4 3 0 0 0 3 3 1 4 3 3 2 0 4 0 3 4 4 3 1 0 0 1 0 1 2 1 2 1 0 2 1 0 3 3 3 4 3 4 0 3 0 2 0 3 1 1 3 3 1 1 1 1 4 1 1 0
4 1 4 0 4 4 4 0 1 3 4 2 0 1 2 3 1 0 4 1 0 4 1 1 3 4 3 3 4 0 0 2 3 2 0 1 0 3 0 0 0 4 3 0 3 3 4 4 3 4 0 4 3 1 2 0 2 2 2 4 1 0 2 4 3 1 1 4 2 1 2 2 0 0 2 0 4 4 4 1 4 2 0 2 2 0 0 4 4 3 2 1 1 3 2 0 2 3 1 2 4 1 2 0 4 1 1 0 3 3 4 4 2 0 0 3 4 0 4 4 0 2 0 0 1 3 2 3 1 2 4 0 1 1 0 1 3 2 3 1 1 0 2 0 4 1 4 0 0 1 3 4 3 1 4 3 3 2 2 4 1 0 0 1 2 0 4 0 1 1 1 1 2 3 3 3 0 2 2 3 0 4 1 4 3 0 4 0 3 1 4 2 4 1 3 1 3 4 0 0 4
4 3 1 4 1 4 1 1 1 3 0 2 0 4 3 3 0 1 3 3 1 4 1 4 1 1 4 1 1 3 4 3 1 3 1 0 2 3 2 1 4 2 0 1 2 4 4 0 3 4 0 4 2 1 0 2 0 1 0 0 4 0 1 0 4 1 3 4 2 0 4 1 3 1 2 0 0 2 2 4 4 0 4 4 2 3 2 2 1 2 0 4 4 2 3 4 0 3 0 4 0 0 2 4 0 3 4 0 0 4 1 1 0 3 3 1 2 0 2 3 2 4 1 3 4 0 2 4 1 3 2 3 3 2 1 0 0 3 0 2 4 0 1 3 4 3 3 4 1 0 1 1 0 1 2 1 1 3 4 0 4 4 1 2 2 3 3 4 2 0 0 4 1 2 0 0 0 0 2 0 0 1 1 2 0 0 0 4 4 1 2 3 2 4 0 1 3 4 3 0 0
4 0 4 0 3 3 4 1 4 1 3 3 0 0 4 1 2 4 4 3 4 0 2 4 1 2 1 2 2 3 3 0 4 1 2 0 0 1 3 3 1 2 3 0 0 2 0 3 2 4 1 0 4 1 4 1 2 2 1 3 0 0 2 4 2 3 4 1 4 0 3 3 1 4 1 0 1 4 1 3 4 0 4 3 2 4 1 2 0 2 2 0 4 4 1 0 1 3 1 3 2 2 4 3 4 0 0 3 0 0 1 2 0 2 1 4 0 1 4 0 4 4 0 3 0 0 4 1 4 4 2 4 4 1 4 0 1 2 1 3 0 2 3 2 1 2 2 4 1 0 4 1 2 0 0 3 4 2 1 3 1 3 4 0 1 0 1 0 1 4 0 4 3 1 1 3 2 1 4 2 2 2 3 4 0 0 2 2 4 1 4 2 4 2 0 1 0 1 0 3 2
4 4 0 4 1 3 3 2 4 2 1 2 4 2 3 2 3 2 1 0 1 2 0 3 1 3 4 3 2 4 2 3 0 2 4 2 0 2 1 4 0 1 4 2 4 0 2 1 2 3 2 3 2 3 3 2 1 1 2 1 2 3 0 1 4 1 4 0 4 1 1 3 3 2 3 2 0 4 3 4 4 1 3 0 4 2 0 1 4 1 4 0 3 1 0 2 3 2 2 3 4 4 3 4 3 2 1 4 2 4 4 0 1 0 1 1 0 3 0 3 1 4 3 1 4 0 2 2 2 4 2 3 4 1 3 3 2 0 0 0 0 4 0 4 2 0 0 0 2 0 1 2 4 2 3 1 0 2 2 1 4 3 3 0 4 3 4 4 2 1 3 3 1 1 1 4 2 3 2 1 2 3 0 2 0 4 4 3 4 1 1 0 4 0 4 2 2 4 2 3 0
4 0 4 1 4 3 2 4 1 1 3 3 3 3 4 3 0 4 2 2 2 4 0 2 1 1 1 1 4 0 4 3 4 3 3 0 0 0 0 4 4 2 3 2 1 2 0 3 1 4 0 3 0 4 0 2 0 0 3 2 4 0 4 3 1 3 1 3 2 4 4 3 4 2 2 4 0 0 1 2 3 0 3 2 3 0 4 4 2 3 0 4 0 4 4 1 0 1 3 0 4 2 3 3 1 1 4 4 2 2 0 3 0 3 4 0 3 4 0 3 0 0 2 1 0 4 0 2 2 3 0 0 2 4 2 0 3 4 4 0 2 3 2 2 2 4 1 0 2 3 1 0 3 4 1 1 2 0 4 4 4 1 3 4 0 2 2 4 1 4 1 2 0 3 0 3 2 1 1 4 1 4 2 2 2 0 4 1 1 4 0 2 2 0 0 2 3 4 3 1 2
4 0 1 4 0 2 0 1 2 3 3 2 2 2 0 2 0 1 3 2 0 3 3 1 0 0 1 4 4 2 3 1 4 3 1 0 1 2 3 3 4 3 0 0 1 2 3 4 1 1 1 0 3 2 2 0 3 1 0 3 2 0 3 2 4 1 2 0 2 3 1 4 1 0 3 0 2 1 3 3 3 0 1 2 2 0 2 1 2 2 0 2 2 4 0 2 0 0 3 1 2 4 3 3 2 0 0 0 1 4 3 3 3 2 0 1 3 0 2 3 4 2 0 1 0 0 2 0 3 2 2 3 2 3 3 0 2 0 3 3 3 0 1 3 2 3 0 3 0 3 3 4 2 4 1 3 1 2 3 4 4 1 1 0 4 1 0 2 1 3 1 4 0 4 3 3 1 2 2 2 2 3 2 4 3 2 0 1 4 2 4 0 3 3 3 4 3 1 3 0 2
4 3 4 2 4 0 3 0 4 4 4 1 2 1 0 1 0 0 3 3 3 3 3 0 0 1 3 3 1 0 1 3 1 1 3 0 0 1 2 3 2 4 4 3 4 2 3 2 2 1 3 2 2 3 0 3 0 2 2 2 1 3 1 0 2 1 1 4 3 2 3 0 3 4 4 3 3 3 2 4 3 2 0 0 4 3 3 0 4 2 4 0 0 2 1 0 1 3 2 2 2 0 4 1 2 4 3 1 0 2 1 1 1 1 0 3 2 3 0 1 2 1 3 3 2 2 0 2 4 1 3 3 4 3 1 2 4 3 2 1 4 2 3 1 4 4 4 2 4 0 1 1 0 0 4 0 4 0 0 3 1 4 0 2 0 4 4 4 3 4 2 3 2 4 1 3 4 3 0 4 3 2 3 0 1 0 4 2 0 3 1 3 4 0 0 1 3 2 1 4 4
4 3 4 3 4 2 4 3 0 3 2 1 3 3 0 4 2 4 3 0 4 2 2 0 3 2 4 2 2 4 1 1 4 4 4 2 2 1 0 4 1 3 1 1 2 4 1 4 4 2 3 3 2 4 2 2 1 0 1 4 3 3 3 3 1 1 0 4 3 3 4 2 0 1 0 0 4 1 4 0 3 3 3 3 4 1 1 3 3 2 3 2 0 4 3 4 2 1 1 0 0 0 0 0 1 4 4 4 0 1 0 2 4 3 1 2 0 0 4 4 3 3 1 2 4 1 1 2 1 0 4 4 3 2 3 3 1 4 1 1 3 3 4 0 0 2 2 4 1 1 4 0 4 4 1 2 2 1 2 3 0 4 0 1 2 0 2 2 4 2 3 4 3 2 4 4 4 4 0 0 4 3 2 0 4 3 2 1 4 1 4 3 1 4 2 1 0 1 0 1 0
4 0 4 2 4 0 2 2 0 3 1 2 2 2 0 2 0 3 4 2 1 3 4 2 3 0 3 4 4 1 4 1 1 3 3 4 4 0 3 2 3 0 4 2 1 4 1 2 1 4 0 1 2 2 0 1 1 1 3 3 3 4 2 1 0 3 0 1 3 4 4 2 0 3 4 1 2 2 3 2 1 3 4 1 2 2 2 3 0 0 0 3 2 4 1 0 0 3 3 0 4 3 1 0 1 1 3 3 3 3 0 3 3 2 4 4 4 4 3 2 4 4 0 3 4 4 3 2 4 3 0 4 1 1 2 2 1 0 3 0 3 0 1 1 3 4 3 1 1 4 2 2 2 2 1 1 0 4 0 0 0 3 3 4 1 0 3 1 0 2 4 4 4 0 1 4 2 4 1 4 1 2 4 0 4 4 3 4 4 2 0 4 0 3 4 0 1 0 4 0 1
4 4 4 2 4 1 2 0 0 4 0 0 2 0 1 2 0 2 0 1 0 1 3 0 0 4 1 3 2 1 0 1 4 4 3 2 1 4 2 0 0 2 0 0 0 0 2 0 3 2 1 4 0 0 1 1 1 3 3 0 0 4 3 1 0 3 2 0 3 4 4 0 3 2 4 1 4 1 4 3 0 3 4 1 4 1 0 1 3 2 3 4 3 2 2 3 1 1 1 3 0 3 4 4 1 3 4 2 2 4 4 1 2 4 4 0 0 1 0 4 0 3 4 0 4 3 1 2 3 4 0 4 1 2 4 0 4 2 3 1 2 3 1 3 0 2 3 4 2 1 0 1 2 1 3 4 2 0 3 1 4 3 3 0 4 2 3 1 2 4 4 3 3 0 3 2 0 3 2 4 0 1 3 2 3 3 0 4 2 4 0 3 1 0 4 2 2 0 2 2 0
4 4 3 3 1 0 3 3 0 4 4 3 1 1 2 0 2 2 4 3 0 3 1 3 0 0 0 0 4 3 0 1 4 3 2 2 0 2 4 4 3 4 1 2 4 3 3 0 0 4 1 4 0 1 3 0 0 3 2 4 0 0 1 4 0 4 3 2 0 2 3 2 2 1 4 4 3 2 3 4 3 2 4 4 4 1 0 1 4 3 4 4 1 0 1 3 2 2 0 1 1 1 0 1 4 3 1 0 0 0 3 4 3 3 0 0 3 0 0 2 1 4 4 4 2 3 4 2 4 4 0 2 2 2 1 1 3 3 1 0 2 3 2 1 4 1 1 3 0 2 1 0 0 3 1 1 0 1 2 3 3 0 1 0 4 3 1 4 4 0 4 1 1 0 3 4 1 2 4 2 3 2 2 4 3 0 3 0 4 4 1 2 0 3 1 0 0 3 4 3 1
4 1 0 1 0 2 4 3 1 1 0 4 4 1 0 4 0 0 3 0 2 0 2 4 2 4 3 0 1 4 0 0 2 3 0 4 3 1 3 2 3 2 2 4 3 4 2 1 0 0 2 4 3 4 4 3 1 0 0 1 2 3 0 4 2 3 2 1 2 0 0 0 4 1 3 3 2 4 2 0 3 3 4 1 0 0 1 2 0 0 3 1 1 4 3 0 4 0 1 4 0 4 3 3 3 1 3 2 1 3 2 4 2 0 0 2 2 1 1 2 1 4 0 0 2 1 2 0 2 3 4 4 3 4 0 1 0 4 0 4 1 1 1 1 4 3 3 2 0 3 1 3 0 1 0 0 2 2 3 4 2 4 1 0 0 1 2 3 2 0 1 3 2 1 1 0 3 3 3 0 3 0 0 1 2 0 3 0 0 2 0 2 1 0 2 3 2 4 3 3 3
4 2 1 1 2 0 2 2 0 1 0 4 1 1 3 1 1 4 1 0 4 4 3 3 3 1 3 4 1 1 1 1 1 4 0 2 2 0 1 2 2 0 2 2 4 4 2 0 1 0 1 1 1 4 1 1 2 3 4 0 0 2 0 3 3 3 2 3 2 3 4 1 1 2 2 3 0 3 2 4 3 0 1 1 1 3 3 3 3 3 1 0 0 1 3 4 4 0 2 2 4 4 2 1 3 1 3 4 4 0 3 0 4 2 2 4 1 3 3 3 1 4 2 2 4 3 4 0 1 3 4 2 4 3 3 0 3 3 1 0 3 2 2 3 2 4 2 0 1 2 4 0 0 2 2 2 2 3 1 1 2 0 2 3 0 4 0 3 3 1 2 0 3 2 0 2 2 4 4 1 3 0 1 2 4 4 1 4 4 1 4 2 4 0 2 3 0 0 4 3 1
4 0 2 4 3 1 3 2 3 2 3 3 2 2 1 0 3 2 0 4 0 2 2 3 3 0 1 3 4 3 2 1 3 2 2 0 1 2 0 4 4 2 4 3 0 4 3 1 3 1 0 4 0 4 2 0 1 1 1 3 4 4 1 2 0 0 3 3 3 3 3 2 3 0 4 1 2 4 4 1 2 0 2 2 3 0 4 0 3 1 2 4 1 2 2 1 3 0 0 4 3 3 4 0 4 2 2 4 3 1 2 0 2 1 3 0 1 2 0 4 1 2 1 0 0 3 4 1 4 1 4 2 4 4 0 3 1 1 0 2 2 4 1 0 4 3 3 0 4 2 3 4 2 4 4 2 1 1 0 2 3 3 2 2 3 0 2 1 1 4 4 1 4 0 1 3 4 0 4 1 1 2 2 2 4 2 4 4 0 0 2 2 1 2 3 2 4 3 1 2 4
4 4 0 2 4 4 1 3 2 4 4 3 2 1 2 4 2 4 3 0 3 1 4 1 3 1 4 2 1 2 1 3 3 4 0 2 2 1 3 1 3 2 3 4 0 0 0 1 4 3 0 4 2 0 0 1 2 0 1 1 4 2 3 4 3 4 1 2 2 1 0 0 4 0 4 1 3 0 3 3 2 0 2 1 3 2 0 4 3 0 2 0 2 4 0 1 4 4 1 0 2 4 1 1 0 2 2 0 3 2 2 1 2 2 3 0 2 0 2 3 4 1 2 1 4 1 3 3 2 2 2 3 0 3 4 1 2 1 0 1 2 3 1 0 1 1 4 2 3 3 3 0 3 0 0 3 1 4 0 1 0 4 4 1 3 2 0 1 0 2 1 4 1 2 3 1 1 3 4 1 2 3 1 4 0 0 4 3 0 2 1 4 2 1 4 1 4 3 4 4 2
4 1 3 4 1 3 2 4 2 4 2 4 3 3 1 4 4 4 2 2 2 1 4 0 3 4 0 4 4 3 1 3 4 4 1 0 0 0 0 3 0 0 2 1 3 3 1 1 3 0 4 3 4 0 3 0 3 0 1 1 3 3 4 0 1 0 1 2 1 2 0 4 1 3 3 3 1 0 2 1 0 2 0 1 2 0 1 1 0 1 3 0 0 1 0 0 1 1 0 1 1 0 0 0 0 3 2 1 1 3 2 0 0 0 4 3 3 0 1 4 3 4 0 4 0 4 2 0 0 3 0 3 2 2 1 3 3 0 0 2 2 3 4 4 3 0 3 1 2 4 4 3 3 4 3 2 4 1 4 3 0 2 1 2 3 2 3 4 3 4 3 3 1 2 1 2 2 1 3 3 3 3 2 1 2 4 1 0 0 0 4 4 2 2 1 2 3 4 1 2 2
4 2 0 2 0 2 4 4 2 3 2 1 1 4 4 3 0 3 1 3 2 4 3 2 1 1 2 2 0 1 2 4 0 1 3 0 4 4 1 3 0 3 1 1 4 4 2 0 0 4 3 4 1 0 1 0 0 2 2 4 1 3 2 2 3 3 3 3 0 1 3 4 0 3 4 3 2 0 1 3 1 1 2 1 2 2 0 3 2 1 2 0 1 3 3 1 4 0 2 2 0 4 4 2 2 0 2 4 3 1 3 0 3 1 4 4 4 1 3 1 4 4 2 0 3 3 3 4 1 4 4 0 2 2 2 4 3 3 4 3 1 4 2 1 2 3 4 1 3 3 3 3 3 3 4 3 2 0 4 4 0 1 1 1 0 3 3 0 1 4 4 2 1 1 3 0 3 1 4 2 0 2 3 4 4 3 2 4 2 0 4 3 2 0 3 2 2 1 3 2 3
4 0 3 0 0 1 1 0 2 1 2 1 0 0 0 3 3 3 2 1 0 1 1 0 0 1 1 2 1 2 1 1 0 0 2 1 2 2 1 0 0 4 4 1 4 2 3 3 2 0 0 0 2 4 0 0 1 4 0 3 3 2 4 2 2 1 3 0 1 3 1 4 4 2 4 4 1 0 1 2 3 4 3 0 2 3 0 2 0 1 3 2 3 3 3 0 0 2 2 0 0 2 3 3 1 4 4 4 0 4 1 1 4 3 2 2 0 3 1 0 0 4 2 4 1 0 3 3 1 0 3 3 2 4 4 3 0 4 4 1 2 1 2 4 0 4 1 0 3 2 2 0 4 4 4 3 1 0 1 2 2 2 1 1 0 1 3 4 4 3 1 0 2 3 0 3 0 2 3 0 0 2 4 3 3 4 1 1 0 2 2 4 1 3 1 3 2 1 0 3 4
4 0 0 3 3 1 1 4 4 0 1 0 2 3 0 2 1 1 1 1 0 4 1 0 3 1 2 4 4 0 2 1 2 0 2 4 0 2 4 3 2 0 1 1 1 4 1 2 3 3 3 3 4 3 2 2 1 1 1 0 2 1 1 3 0 0 3 1 1 1 3 2 3 3 4 3 0 0 4 1 4 3 0 3 4 2 1 3 2 1 2 2 3 2 0 1 3 0 0 2 4 4 2 3 2 1 3 0 3 0 0 1 2 4 2 2 4 0 0 4 3 4 1 2 3 2 4 0 0 2 0 0 1 2 2 3 4 4 2 1 2 1 1 4 1 0 4 4 3 0 4 4 0 3 1 1 3 4 2 2 4 4 3 3 1 4 1 0 1 4 3 4 0 1 3 1 3 0 2 2 3 3 3 4 3 1 3 4 2 3 3 4 4 1 0 2 3 4 3 3 2
4 4 2 3 3 2 4 2 2 0 4 2 2 1 4 1 0 4 2 0 1 0 3 1 4 3 0 4 3 2 4 1 2 4 2 1 1 1 1 2 0 0 0 4 2 3 1 2 0 3 3 4 2 2 1 2 0 1 4 0 0 0 1 1 3 0 4 1 0 1 2 3 0 2 0 1 1 2 1 3 3 3 1 3 3 0 1 0 4 0 4 0 3 2 0 4 3 1 3 3 2 4 0 1 1 2 3 2 2 3 4 4 3 2 3 4 1 0 3 0 1 4 1 0 2 0 3 3 4 1 1 1 4 0 1 4 3 3 1 2 1 3 1 0 3 0 1 1 4 1 0 0 4 2 0 4 0 1 4 2 2 0 1 1 2 2 0 1 0 0 0 3 2 1 3 3 2 1 0 4 4 2 3 2 2 1 3 2 0 3 3 4 3 1 4 0 0 4 2 0 0
4 4 1 0 0 3 1 0 3 2 4 3 2 2 0 3 3 1 3 4 1 3 3 0 4 2 3 3 3 1 3 1 3 0 0 0 0 1 3 1 0 4 0 0 0 1 4 3 4 2 1 1 1 1 0 4 0 3 4 3 3 3 4 1 3 1 2 3 2 4 0 1 1 0 3 4 1 2 3 0 3 3 0 4 2 3 1 0 2 3 1 0 3 1 1 2 3 4 4 0 2 4 0 4 1 2 2 4 0 2 1 3 2 3 0 3 2 2 2 0 3 0 3 4 3 0 4 0 3 0 1 3 3 1 1 3 4 0 4 2 3 2 3 1 0 2 0 0 2 0 0 2 0 2 3 4 3 0 2 1 1 3 4 0 2 0 4 4 1 0 3 4 1 1 1 0 4 0 1 1 1 4 2 1 2 4 4 0 2 0 4 2 0 4 3 3 4 0 4 4 3
4 0 3 2 3 1 2 4 3 3 0 1 0 3 4 0 3 4 4 4 4 2 2 4 2 3 1 0 3 4 3 4 4 1 0 4 4 4 3 3 0 2 3 1 3 3 2 0 3 0 2 2 4 1 2 4 2 4 4 4 0 1 2 4 1 2 0 2 2 1 1 4 1 0 1 0 1 2 0 2 2 3 2 3 4 4 1 0 3 2 1 0 4 3 4 0 0 3 3 0 3 4 1 1 4 3 4 1 3 0 1 4 2 3 2 2 1 0 2 4 4 0 4 2 1 1 4 2 3 4 1 2 2 3 1 2 4 0 1 1 1 0 4 3 1 3 2 1 4 3 3 3 4 1 4 4 1 0 0 3 1 4 4 0 4 4 3 4 2 2 0 1 1 3 4 3 4 0 3 0 4 1 3 3 4 1 1 1 3 3 2 1 0 4 1 0 4 1 0 1 1
4 1 2 4 0 0 3 0 3 0 0 3 4 3 4 2 3 3 0 3 3 2 0 3 1 4 1 2 2 4 0 2 3 4 2 3 4 2 1 2 0 4 3 4 1 2 2 0 3 4 0 0 2 3 2 0 3 0 2 1 3 1 0 3 2 2 0 4 0 4 4 3 0 1 4 4 4 0 0 4 2 2 4 2 3 1 2 1 3 1 2 2 4 2 1 3 1 1 1 2 4 1 2 1 4 3 3 2 0 1 3 1 4 2 3 0 0 1 3 1 1 0 2 3 1 0 0 4 1 1 2 0 0 4 4 2 0 4 2 1 3 1 1 3 3 2 0 3 0 2 1 3 3 4 4 0 0 3 4 1 1 2 1 1 0 4 0 0 4 4 3 2 2 2 0 4 1 4 2 3 3 0 0 3 2 1 3 4 4 2 4 2 1 0 2 4 3 0 3 4 1
4 3 2 0 4 0 0 3 4 2 3 3 3 3 4 1 1 1 4 0 3 1 0 2 3 1 3 4 1 4 3 3 4 0 1 3 1 1 0 4 3 4 1 0 1 4 3 1 0 1 4 2 0 0 1 0 3 4 1 1 1 0 0 1 3 4 2 0 3 3 2 3 4 3 3 3 1 1 0 3 2 2 0 1 0 1 4 1 3 2 0 1 0 1 0 2 4 1 3 0 2 4 3 3 3 3 3 2 2 1 1 4 4 3 4 1 4 1 3 1 4 3 0 3 4 4 3 4 2 2 3 4 0 3 3 4 2 3 3 4 3 2 4 4 1 4 0 2 2 2 4 3 0 2 3 2 3 1 0 1 1 1 3 1 0 2 2 4 1 3 3 0 4 0 2 3 0 2 3 3 2 4 1 4 1 0 2 3 1 3 0 2 1 3 3 1 2 0 2 3 4
4 4 1 1 0 1 3 0 1 3 1 2 4 3 4 3 0 2 3 2 4 4 2 1 2 2 2 0 3 2 1 3 0 0 0 3 1 4 0 0 2 0 2 1 3 4 4 0 2 2 1 4 2 4 4 2 4 3 2 2 0 1 4 0 1 3 0 0 2 0 4 0 4 0 4 0 1 0 0 3 3 0 1 2 4 4 4 0 0 0 3 3 1 0 2 2 4 2 2 0 1 1 2 4 3 1 4 0 0 3 3 4 0 1 1 0 1 0 0 4 4 2 3 3 2 2 0 4 4 3 4 2 2 1 4 4 3 4 2 1 0 0 4 3 0 1 2 2 0 2 1 4 1 1 0 3 2 4 0 4 1 2 1 4 0 4 2 1 3 0 1 4 3 1 0 4 2 1 0 1 2 1 4 2 3 3 4 1 1 1 3 2 4 1 0 4 1 2 1 1 3
4 4 4 0 2 4 3 3 3 4 1 0 3 3 3 3 2 3 3 3 3 4 0 3 1 2 0 0 1 3 0 1 2 0 2 2 2 3 3 2 2 2 0 0 0 0 2 0 1 1 0 3 2 3 0 0 2 3 1 4 1 4 0 4 1 4 0 3 3 0 3 3 4 3 1 4 4 2 4 0 4 2 1 4 1 1 1 3 0 3 4 2 4 0 0 3 3 4 2 2 2 0 1 0 1 4 4 3 4 0 0 2 4 2 2 3 1 0 0 4 0 2 4 4 4 3 1 0 1 0 3 2 3 0 1 2 2 1 3 1 4 0 2 4 0 2 4 4 1 1 2 2 2 3 1 4 0 2 1 1 2 0 1 4 0 3 3 2 2 2 0 2 2 1 1 3 4 3 3 3 3 3 0 3 3 2 4 2 1 1 4 0 1 2 0 3 3 2 3 1 3
4 4 0 0 4 3 3 0 2 1 2 2 4 2 4 3 4 0 1 4 3 0 0 2 2 2 0 1 4 3 2 3 4 0 2 3 3 4 0 1 2 3 0 1 4 3 4 3 1 0 3 1 0 1 2 2 0 1 4 4 3 1 0 0 3 0 4 0 1 0 4 0 3 0 1 4 2 1 3 4 0 4 3 4 3 4 1 3 4 1 1 0 4 1 2 0 2 2 0 2 0 3 2 1 4 4 0 0 4 1 3 1 2 1 1 0 4 1 2 0 3 0 1 2 4 0 0 3 1 4 3 1 3 3 2 3 2 0 4 2 1 4 1 1 0 4 4 3 1 4 1 3 2 0 3 1 2 0 4 0 2 2 1 0 1 4 1 3 3 3 4 4 3 0 2 4 0 2 0 1 1 0 4 0 3 0 4 2 4 3 1 1 1 2 4 3 4 4 3 3 0
4 1 4 0 1 4 4 1 3 1 0 1 2 1 3 1 4 1 0 4 4 4 3 4 0 3 2 4 4 4 3 2 1 2 3 0 3 4 1 4 3 4 2 2 2 4 4 2 3 1 2 2 0 0 3 1 4 4 4 1 2 2 0 0 2 2 4 4 2 4 0 2 3 3 0 3 1 3 2 0 0 4 4 1 0 4 2 0 4 3 4 4 1 3 2 2 1 3 2 3 2 4 0 0 0 4 3 4 3 2 3 1 1 1 2 1 2 3 3 0 2 3 1 2 0 3 2 4 0 3 2 1 1 4 0 4 0 1 1 0 0 1 1 2 4 1 4 0 0 3 4 2 1 3 4 1 3 2 1 0 2 2 2 0 0 0 4 2 2 1 4 1 2 3 0 4 2 4 1 4 2 1 2 0 3 3 2 3 2 3 2 3 2 0 0 0 1 3 4 0 3
4 1 3 2 2 1 1 1 2 3 3 0 1 4 2 0 0 3 1 0 0 2 4 4 3 2 2 2 0 3 3 4 2 1 4 4 4 1 4 2 2 1 4 4 4 2 0 2 2 2 0 0 4 3 1 0 3 2 0 4 0 2 4 1 3 2 0 1 2 3 0 3 1 2 3 3 1 2 3 4 2 1 4 4 4 0 1 2 0 3 4 1 3 1 2 2 2 0 2 0 0 2 2 1 4 0 2 4 4 3 1 3 0 1 4 4 3 2 3 2 1 1 0 0 1 1 1 0 0 3 4 3 2 2 4 0 0 1 1 0 4 3 4 1 1 3 3 2 1 4 2 0 3 1 1 2 2 3 1 0 2 2 1 1 1 0 2 0 4 3 4 4 4 2 3 3 3 2 0 1 4 2 2 2 3 0 4 2 3 4 0 2 1 0 0 2 0 0 1 0 3
4 0 1 4 4 2 2 2 3 0 0 0 3 3 1 1 1 0 0 3 1 1 3 4 2 2 4 1 4 0 1 2 4 4 2 0 2 4 2 1 4 2 3 1 0 3 0 3 1 2 0 0 0 2 1 4 3 2 3 1 2 4 1 4 0 2 2 3 2 1 0 4 2 1 2 3 3 3 0 4 2 0 4 3 2 1 1 4 1 2 1 3 3 0 1 2 1 1 3 3 1 0 3 1 3 1 0 1 1 3 4 4 1 4 1 1 0 0 0 2 2 1 1 2 2 3 3 3 3 4 3 4 4 1 1 1 3 1 2 1 1 0 3 4 3 3 3 0 3 3 2 1 3 3 3 1 1 1 2 1 2 2 1 0 2 4 2 1 0 1 3 4 3 2 3 4 1 3 2 1 1 2 2 2 1 3 1 2 2 3 2 0 3 1 0 4 1 2 2 1 3
4 0 2 0 2 0 2 3 2 3 2 2 2 1 4 0 2 1 2 1 0 1 4 0 4 2 0 4 0 1 3 0 4 0 4 0 1 2 1 2 4 2 1 1 1 1 0 4 4 0 1 0 0 0 0 1 2 4 4 0 3 1 0 3 0 0 1 1 3 0 2 4 1 1 2 2 1 4 3 0 4 0 3 0 4 4 4 1 2 2 1 0 4 4 2 2 3 2 1 3 0 1 2 1 0 0 4 4 2 4 3 3 1 3 1 4 1 2 3 2 4 2 4 0 4 1 1 3 0 0 0 3 3 4 1 2 3 2 4 0 1 3 4 4 0 0 0 1 4 3 3 0 4 0 4 3 2 2 3 0 3 2 4 4 4 4 2 0 2 4 0 3 4 4 1 2 2 3 1 2 4 4 1 1 1 2 0 0 4 0 1 2 3 2 4 1 3 2 3 1 1
4 3 4 1 1 3 2 3 0 0 3 3 2 3 4 3 1 3 3 1 2 2 4 1 2 4 0 0 0 1 1 3 2 0 2 2 2 1 4 2 0 3 1 3 3 0 1 2 3 0 2 2 1 3 2 4 3 0 1 1 0 4 0 3 4 1 4 1 2 0 4 1 3 1 2 3 0 2 4 0 1 2 2 1 0 0 0 3 0 4 3 3 4 0 3 2 1 0 0 0 3 4 1 1 2 1 1 4 1 2 0 4 4 0 1 2 0 2 1 1 1 2 3 2 4 3 4 1 0 4 4 3 3 4 0 1 1 1 3 3 4 2 1 2 4 4 2 2 2 2 0 1 2 0 2 1 0 2 2 3 4 4 1 4 2 4 2 3 3 1 3 1 3 1 4 0 0 1 3 3 4 2 2 3 0 0 3 3 0 1 3 2 1 3 4 0 1 2 4 0 0
4 0 0 1 4 0 1 1 1 0 0 1 0 2 4 0 0 0 3 4 3 0 3 0 2 1 0 3 2 4 4 2 1 3 1 2 1 2 0 3 0 3 3 0 2 2 1 3 0 1 4 4 4 2 3 0 1 2 2 2 0 0 0 2 0 2 0 0 1 1 0 3 4 2 0 1 0 3 2 3 4 1 0 1 2 3 0 4 0 1 4 3 1 2 3 4 4 0 0 0 4 2 2 4 4 1 4 2 0 0 4 3 4 2 2 0 3 2 4 3 2 4 4 3 4 1 2 3 3 2 2 2 3 3 1 2 0 2 0 4 3 0 1 4 0 2 4 2 4 0 0 1 0 2 1 2 2 0 4 1 0 3 1 3 1 3 3 0 4 4 4 2 4 2 1 2 3 3 4 0 2 0 3 0 0 1 1 4 2 0 1 2 0 1 3 0 0 2 0 4 0
4 3 0 0 1 3 4 3 3 0 4 2 3 3 4 2 1 2 4 3 1 0 3 0 0 4 2 3 4 1 3 1 2 2 2 0 0 4 3 1 2 4 0 1 0 1 3 1 2 3 4 3 3 0 1 2 1 0 1 3 4 1 0 1 0 2 1 4 4 3 4 0 4 4 4 1 2 4 0 4 1 0 3 4 0 2 1 2 0 1 2 1 3 4 0 3 3 2 1 3 4 1 2 3 2 2 0 2 0 3 0 3 2 3 3 1 4 1 3 0 0 3 1 4 3 2 1 0 3 0 0 3 0 3 2 1 2 1 0 0 3 2 4 0 2 0 0 3 4 2 2 3 4 3 4 4 0 0 2 1 0 3 4 0 2 2 4 2 4 1 4 0 2 1 0 4 1 4 3 3 2 3 3 0 1 1 3 0 0 0 4 1 1 0 1 0 4 0 0 4 2
4 4 1 1 4 4 3 0 3 1 2 2 0 4 2 1 3 4 2 4 4 0 0 4 3 4 3 2 3 1 0 3 2 3 2 2 1 1 4 3 1 1 4 1 0 0 1 0 2 2 1 4 0 1 3 4 0 0 0 4 4 4 4 0 3 3 0 2 0 3 3 0 0 0 0 2 1 3 2 0 0 2 0 2 1 2 1 3 2 2 3 1 0 0 3 1 2 3 2 3 0 1 0 0 3 4 0 3 0 2 0 3 3 1 0 1 3 1 2 1 2 0 1 4 2 2 4 3 2 4 0 0 2 0 2 3 2 2 3 0 2 3 1 3 0 2 1 0 4 0 3 2 1 2 4 4 4 3 1 0 1 1 1 3 2 0 4 1 4 4 1 0 0 3 3 0 2 3 0 2 1 3 0 3 4 0 0 0 1 0 3 4 4 0 0 4 4 1 1 4 4
4 0 0 3 0 2 3 0 1 4 3 0 1 3 0 4 3 4 2 4 2 0 1 0 2 3 1 0 4 1 2 2 1 0 0 1 2 3 3 4 3 4 1 2 1 3 1 2 2 4 1 0 1 4 4 2 0 3 3 2 4 4 3 4 3 2 2 1 3 0 2 2 0 3 0 4 2 0 0 3 0 0 2 3 3 4 1 4 4 2 0 0 1 3 3 1 4 3 3 1 2 3 2 1 3 4 1 0 0 4 2 3 4 0 2 4 1 3 2 0 2 4 2 1 4 0 4 2 1 4 4 0 2 3 4 0 0 4 3 3 3 0 0 0 4 3 3 2 2 3 2 0 4 4 4 4 2 0 1 0 4 1 2 1 4 1 0 2 0 1 3 1 1 2 3 0 0 1 3 3 1 2 1 1 4 0 3 0 4 3 4 1 3 3 4 2 3 3 1 4 1
4 2 2 1 2 1 3 3 0 3 3 2 2 2 3 3 0 3 2 2 1 1 3 0 2 0 2 2 4 1 3 0 1 3 0 0 3 4 2 1 2 3 0 3 0 2 0 4 2 3 0 2 1 1 1 1 0 0 0 0 3 2 0 3 2 2 1 2 2 2 3 0 1 3 4 3 2 4 1 2 1 3 0 0 4 1 1 2 1 4 2 1 1 3 0 3 0 4 2 4 0 2 0 4 0 1 2 4 4 1 3 1 4 1 0 3 4 3 0 3 4 1 0 2 4 0 4 4 2 3 3 1 2 0 1 2 3 0 3 3 3 2 1 4 0 2 2 3 1 1 0 2 2 1 1 0 2 2 3 3 1 0 4 0 1 3 4 1 3 2 1 1 3 1 2 4 2 2 0 4 0 2 3 0 1 1 0 3 2 2 1 0 3 1 2 4 0 0 2 2 2
4 4 3 4 4 0 2 3 1 4 1 2 0 1 0 3 1 4 4 0 0 4 1 1 0 3 4 1 1 0 0 3 0 3 2 0 2 3 0 3 1 2 0 2 4 4 3 3 3 1 4 4 1 1 4 1 2 3 4 4 1 3 0 3 3 1 1 4 2 2 0 3 0 3 3 3 0 3 0 2 0 0 4 3 0 2 0 3 1 3 2 4 3 4 0 4 3 4 3 3 0 3 0 2 1 3 3 0 2 2 1 1 4 4 0 1 3 4 1 4 0 4 2 4 4 4 3 4 2 2 3 2 4 3 3 4 3 2 3 3 0 3 2 0 1 4 3 0 1 2 0 3 1 2 1 4 3 0 3 3 4 0 4 3 1 1 4 3 2 0 3 1 1 0 3 3 2 0 3 1 2 1 3 4 4 4 2 0 3 3 0 2 4 2 2 4 4 2 3 4 4
4 3 1 2 4 1 2 2 2 1 0 0 1 1 4 1 1 0 1 2 4 1 1 1 4 4 2 1 0 1 1 3 4 3 3 2 3 4 2 3 0 1 0 3 1 2 0 2 0 0 3 3 1 1 0 3 2 2 0 3 2 1 0 1 1 1 4 3 3 3 3 1 0 2 2 0 1 2 4 3 4 2 1 3 4 3 1 0 2 3 0 1 3 1 4 3 4 3 0 1 4 3 1 1 1 1 4 1 0 2 0 1 3 3 0 0 3 3 1 0 4 3 2 1 0 1 3 4 0 4 2 2 3 2 2 2 0 1 4 4 1 3 1 3 0 2 0 4 2 2 3 3 4 2 2 0 0 3 2 4 1 4 1 1 4 0 4 0 4 4 3 3 3 3 0 0 0 2 2 4 2 1 1 4 3 3 4 4 3 0 0 0 4 4 0 3 4 0 2 4 0
4 1 4 1 4 4 2 4 1 2 4 3 0 0 3 0 4 4 2 2 4 3 1 4 4 3 2 0 2 2 4 2 0 0 0 0 4 0 3 3 1 2 3 2 0 0 0 1 3 0 0 1 0 2 2 1 2 0 0 2 4 0 1 3 2 3 0 2 3 4 0 0 2 1 0 1 2 2 3 4 1 1 4 4 4 2 0 1 2 0 1 2 0 2 1 2 3 3 3 0 2 0 1 0 4 0 4 4 3 4 4 3 1 2 4 4 3 2 1 1 4 4 3 2 4 3 3 2 4 0 4 3 0 2 1 4 0 0 0 0 1 3 1 2 0 1 4 4 3 0 0 4 4 1 0 1 1 3 1 0 3 0 4 3 4 4 3 2 1 0 0 4 0 4 0 1 0 2 1 3 2 0 3 4 0 0 2 3 1 0 0 3 4 2 2 0 2 2 4 2 1
4 4 2 4 0 1 4 1 2 0 1 2 4 1 4 0 1 2 3 1 1 3 3 3 1 4 1 0 3 1 0 4 4 4 0 2 2 2 4 0 1 3 3 0 3 2 0 0 2 3 2 0 2 2 3 2 0 2 1 0 0 4 4 1 4 3 2 3 0 4 2 4 3 4 1 2 2 0 3 1 1 2 3 0 0 3 0 2 3 3 3 2 0 0 4 3 1 4 4 0 2 4 4 0 0 3 2 0 0 2 2 2 2 1 1 2 0 0 3 1 1 2 2 2 1 3 1 1 2 4 3 1 4 0 0 2 3 4 4 1 3 4 0 4 1 2 2 3 3 2 0 2 3 1 0 0 3 0 3 3 3 3 4 3 2 1 4 4 3 2 1 2 3 3 4 3 0 4 1 1 3 2 1 2 0 0 4 3 4 4 1 3 0 4 2 2 0 0 1 2 2
4 0 1 4 2 3 2 3 0 0 0 3 3 3 1 1 4 4 3 1 0 1 0 2 1 4 3 2 2 0 1 0 4 0 1 2 2 3 1 3 3 2 0 2 0 3 2 4 3 0 2 2 2 0 0 2 1 1 4 1 2 3 1 1 2 2 4 3 1 2 0 2 2 1 4 2 2 2 2 3 1 4 0 2 3 3 2 1 0 0 2 4 3 3 1 1 2 0 4 0 4 0 0 2 3 4 4 1 2 4 1 2 1 0 2 3 1 3 4 1 1 1 1 4 0 2 4 1 4 0 0 4 0 2 2 4 1 3 3 0 0 0 2 0 3 0 3 1 0 1 2 4 1 1 4 4 0 2 1 3 3 1 4 0 3 1 1 3 4 4 2 0 0 4 4 0 1 1 3 0 3 3 1 0 4 2 1 3 4 0 1 4 1 2 0 0 1 3 0 3 3
4 0 3 4 1 3 3 4 1 4 0 4 2 2 1 4 1 3 2 2 2 4 2 0 3 2 4 3 1 4 1 0 2 4 4 0 0 2 2 2 3 0 4 3 2 0 2 3 2 1 3 2 0 4 1 0 1 1 1 4 3 3 2 0 0 3 4 3 0 3 3 1 3 2 2 4 2 2 4 2 0 0 1 4 1 4 3 4 3 0 1 2 0 2 3 3 2 1 1 0 3 1 4 0 2 3 0 1 4 0 1 1 4 4 3 1 0 0 2 0 3 4 3 3 2 4 4 3 4 1 4 0 2 3 1 3 2 0 2 0 4 0 2 1 0 2 4 0 2 1 2 3 1 2 2 0 3 1 1 0 4 3 0 1 4 3 4 4 0 2 2 0 4 3 0 1 0 3 3 4 3 3 2 1 1 3 2 3 0 2 2 3 0 0 1 4 1 3 0 3 4
4 1 0 2 3 1 1 1 3 0 1 3 1 0 0 2 2 1 2 2 2 2 1 4 4 2 2 2 3 2 3 4 4 2 2 3 4 1 0 2 2 1 4 0 1 2 4 1 1 0 3 0 4 4 2 1 4 1 4 1 3 1 0 2 2 1 0 0 0 4 1 3 2 2 3 3 1 0 0 3 3 4 2 2 3 3 3 0 4 3 0 3 0 3 4 1 0 2 4 4 1 2 0 2 0 3 3 1 3 4 2 1 0 1 4 2 2 4 0 0 4 3 3 1 0 1 4 3 4 2 0 4 0 0 3 3 0 2 0 2 0 3 2 2 0 2 0 1 4 4 3 4 2 3 1 3 1 4 2 2 4 2 1 0 3 1 1 4 0 0 1 1 0 0 0 1 0 2 1 4 0 2 1 4 4 4 0 4 3 0 2 2 4 3 3 3 3 0 0 3 4
4 4 1 4 0 0 3 0 2 1 0 2 3 3 1 0 0 2 2 0 0 3 3 0 2 1 0 4 2 0 3 1 3 3 3 2 2 4 0 1 4 4 1 0 1 1 2 1 0 1 4 1 3 4 2 1 0 0 2 2 0 3 0 3 4 4 3 0 2 4 4 0 2 4 2 0 1 4 2 3 1 0 0 4 4 1 2 4 2 3 0 2 0 3 2 4 2 1 3 4 3 4 3 3 0 3 4 4 4 4 2 3 0 0 1 4 2 4 0 4 0 3 3 0 2 4 2 0 0 2 2 1 0 2 4 1 2 1 3 4 4 1 3 2 0 3 2 3 1 4 0 0 1 3 3 2 2 3 2 1 2 2 1 0 4 1 0 0 3 2 1 4 1 2 3 4 0 0 4 0 1 1 4 3 0 4 2 4 1 4 4 2 0 4 2 2 3 1 1 0 4
4 4 2 2 0 0 1 1 0 3 4 1 0 3 3 4 0 4 4 1 4 0 2 4 4 2 4 3 1 0 2 3 3 3 1 2 2 4 1 1 4 1 4 3 0 1 1 4 2 0 4 2 3 4 4 4 1 0 0 4 3 3 0 1 0 1 4 0 0 0 1 3 3 0 0 0 4 1 2 1 4 4 4 0 1 0 4 0 0 1 2 1 0 1 4 1 3 4 3 4 1 0 0 0 3 1 1 2 2 0 3 0 1 2 2 2 2 3 2 4 1 4 4 4 3 0 0 4 2 3 1 4 1 0 3 1 0 3 4 1 4 0 3 0 2 0 0 0 2 0 4 1 2 4 2 4 0 0 3 1 1 2 1 3 3 4 1 2 3 1 1 2 3 3 2 0 0 3 4 3 1 1 3 1 0 4 4 2 1 3 0 0 4 4 2 0 4 0 2 3 4
4 0 2 0 4 2 2 0 4 2 0 0 2 0 2 2 0 4 0 3 0 1 4 4 3 0 0 4 3 0 0 3 1 3 1 2 0 0 2 3 2 3 4 0 4 2 0 4 2 0 0 2 3 3 3 1 1 3 2 3 1 0 1 0 2 3 2 4 1 4 0 4 3 1 4 2 2 3 0 4 3 2 2 3 2 1 1 2 3 0 2 4 0 0 3 4 1 2 1 4 1 1 3 3 4 2 2 4 4 1 4 1 4 1 3 1 4 0 3 3 4 3 1 3 0 2 4 2 2 1 1 3 4 4 1 1 1 4 2 0 2 1 3 3 2 1 0 3 3 4 0 4 4 1 0 2 1 2 0 4 4 2 4 2 2 3 3 1 4 4 3 2 3 3 3 4 2 0 1 4 4 3 0 4 4 3 1 4 1 4 3 2 1 4 4 2 3 2 3 2 3
4 1 4 4 4 0 0 4 1 1 0 2 4 0 1 3 4 3 0 0 0 1 3 1 0 0 3 0 3 1 2 4 3 2 1 1 3 2 1 1 3 2 2 3 1 0 1 1 4 0 2 2 1 0 4 0 0 0 2 2 2 0 0 4 3 0 0 0 2 1 0 1 3 4 2 3 4 1 1 1 0 1 2 0 2 0 3 1 2 3 4 4 0 4 0 3 3 2 4 3 1 1 3 4 3 4 1 4 2 3 2 1 3 3 1 0 0 1 1 1 2 4 1 1 2 4 2 3 2 2 0 2 3 3 0 0 0 2 0 4 0 3 1 4 4 1 2 0 1 3 2 0 0 0 2 2 2 0 3 0 0 1 2 0 1 0 0 3 1 1 2 1 2 1 3 3 0 4 1 1 1 2 4 3 0 1 2 1 3 1 2 0 3 2 4 3 0 1 0 3 2
4 4 4 1 3 0 2 4 3 3 2 4 1 4 0 0 2 3 2 1 0 0 1 1 3 3 0 0 3 1 1 3 1 4 0 3 3 1 3 1 3 4 0 0 1 1 0 1 3 3 2 3 1 0 0 3 1 4 0 4 0 0 4 2 2 3 4 1 4 4 4 1 3 2 3 0 2 3 2 1 3 3 2 3 0 1 0 0 3 4 4 1 4 0 2 0 1 0 1 3 3 1 0 2 4 3 0 1 2 4 3 2 4 0 3 3 2 2 3 4 0 1 3 0 3 0 2 1 3 2 0 2 2 2 0 0 4 4 0 4 2 0 3 2 3 1 0 0 0 4 1 0 4 4 3 3 1 2 1 2 2 2 3 4 2 4 2 2 1 3 2 2 0 2 3 0 0 0 1 0 2 1 2 3 1 1 3 2 1 0 0 1 3 2 2 1 3 0 3 4 0
4 2 1 2 0 4 3 4 4 1 3 0 3 4 1 1 1 2 2 3 0 0 3 0 1 1 2 3 0 0 4 1 1 1 0 3 3 2 0 1 2 1 0 2 2 2 3 4 1 3 1 1 4 3 1 1 3 1 1 3 0 4 0 3 2 4 3 1 2 2 0 2 4 2 2 4 3 4 4 2 3 1 1 4 3 2 0 1 1 1 1 0 4 0 3 2 3 0 4 0 0 1 4 2 1 2 0 1 0 4 4 4 4 1 0 2 4 0 1 1 4 4 2 1 4 4 3 2 2 0 2 2 0 0 4 1 0 0 2 2 3 2 2 0 4 0 3 0 2 4 1 4 2 1 4 3 0 4 4 1 3 0 0 2 1 1 2 2 4 1 2 3 3 3 2 0 3 1 0 1 4 4 2 0 2 2 2 4 3 0 3 0 4 2 2 3 0 0 1 3 2
4 2 3 0 0 1 1 4 4 1 4 3 0 4 3 4 2 2 1 3 2 2 4 0 2 4 2 0 4 4 0 1 0 2 1 2 3 4 1 3 2 3 2 2 1 4 0 0 3 1 1 2 1 4 1 1 1 4 0 0 0 2 3 3 2 2 3 0 3 2 4 2 0 3 2 2 4 0 2 2 4 1 0 0 3 4 2 2 0 4 0 2 0 4 0 3 2 2 1 4 1 1 2 2 2 3 4 1 3 2 0 0 3 2 1 2 0 4 4 2 4 2 3 2 0 0 3 4 0 4 0 2 3 3 1 0 4 2 2 1 0 3 3 4 0 2 3 1 4 4 2 2 3 2 3 3 0 1 4 1 2 2 2 2 1 0 2 3 2 1 2 2 1 1 4 0 2 3 2 0 4 4 0 2 0 4 2 0 2 1 4 0 0 0 2 2 1 0 2 2 2
4 2 0 4 4 1 3 1 2 0 2 1 2 1 3 4 2 3 1 3 2 1 2 0 1 0 3 2 2 0 1 2 1 2 4 1 4 4 2 0 0 1 3 2 2 3 4 1 2 1 4 1 2 2 0 1 0 2 3 2 3 1 0 2 3 1 0 1 1 2 4 0 1 3 3 0 1 0 2 4 2 0 4 0 1 4 0 2 4 4 0 0 0 2 2 3 2 4 3 1 0 4 1 2 0 2 2 1 1 4 4 3 4 1 2 0 2 2 3 2 1 1 2 1 2 1 4 2 2 3 3 2 2 0 2 0 4 2 1 4 3 1 1 4 1 4 2 2 3 1 2 1 3 3 4 0 3 3 0 0 3 3 4 3 4 1 0 3 1 1 0 2 3 3 0 0 4 0 3 1 1 2 1 2 0 1 3 1 1 0 4 0 0 1 3 2 3 3 3 2 1
4 2 1 1 4 2 0 4 1 2 0 3 1 1 3 4 1 2 2 3 4 4 4 4 3 4 3 2 0 4 1 4 0 1 1 3 3 3 2 4 4 4 1 0 1 0 3 2 4 1 1 3 4 0 2 1 2 0 2 1 0 2 4 2 4 0 1 2 0 3 4 3 0 4 1 3 0 3 2 4 3 4 0 1 4 1 2 4 0 3 4 3 2 3 2 0 3 4 2 1 4 2 4 4 4 3 4 2 1 4 1 0 1 3 4 1 0 4 4 3 0 1 0 1 3 3 2 2 0 4 4 3 1 1 4 2 1 4 4 4 0 3 3 4 4 4 3 0 3 0 0 0 2 0 3 0 4 3 3 4 2 2 2 1 1 1 3 2 4 0 0 4 4 2 2 4 4 3 3 4 4 0 0 4 0 0 2 3 3 4 2 0 3 2 3 2 0 2 4 0 2
4 1 0 0 0 1 0 0 4 0 2 1 4 0 0 4 1 1 3 3 1 2 4 3 2 4 4 3 0 2 4 0 4 4 1 1 2 3 0 3 4 2 4 2 0 1 3 4 4 0 1 2 2 2 1 2 0 3 0 0 0 4 3 3 4 3 4 0 2 3 2 4 0 3 1 2 2 2 0 2 4 4 4 2 2 3 1 2 2 4 4 0 3 2 3 2 3 4 4 0 0 0 1 1 0 0 3 3 1 3 0 1 3 1 2 0 2 3 4 1 0 0 1 3 2 4 1 1 2 1 4 2 1 3 1 1 2 4 4 3 0 2 4 1 2 4 1 4 4 3 1 4 2 3 1 2 0 3 0 1 0 3 1 1 1 1 2 0 0 4 4 4 2 2 3 1 0 4 3 4 0 3 1 4 4 0 2 2 3 1 3 0 1 3 2 2 4 1 1 0 3
4 1 3 4 0 2 1 3 3 0 2 4 0 4 0 4 2 1 0 2 2 3 4 2 3 3 3 0 4 2 0 3 3 0 1 0 0 0 1 0 4 2 4 1 3 3 1 4 1 1 2 0 0 4 4 3 3 0 0 2 0 3 4 0 3 1 3 3 4 1 3 3 4 4 3 0 4 2 1 1 3 3 3 1 2 0 2 1 4 0 3 1 1 0 2 2 1 4 0 0 3 0 1 1 2 2 4 0 0 4 1 0 0 4 3 2 4 4 2 3 2 1 1 4 2 2 2 1 3 4 2 1 0 4 4 3 3 3 2 1 0 0 0 3 0 0 3 1 1 3 3 4 0 0 2 4 0 2 3 0 4 2 2 2 0 1 3 1 3 3 2 0 4 4 3 3 1 0 4 0 4 2 1 2 2 3 3 4 4 1 0 4 4 2 0 3 3 1 1 3 2
4 3 1 0 0 4 4 3 1 1 0 3 2 2 1 2 1 4 3 4 4 1 1 3 1 4 0 4 0 3 0 2 2 0 1 3 4 0 3 1 2 1 0 2 0 1 0 0 3 0 2 2 1 4 3 3 3 2 4 0 2 0 4 3 2 1 0 4 2 4 1 3 2 0 4 2 3 4 0 3 1 1 0 0 3 0 0 1 2 1 1 2 2 1 0 2 2 0 3 0 4 1 4 1 2 0 1 1 0 2 3 1 2 4 0 0 3 3 1 0 3 1 3 0 1 0 1 4 4 3 3 2 4 4 2 3 2 1 1 1 4 2 1 2 3 4 3 3 0 0 3 2 4 4 1 0 2 4 2 4 0 4 0 1 0 3 0 3 1 3 2 1 2 4 1 4 0 1 0 1 0 2 3 4 0 0 1 3 2 1 2 2 1 4 2 2 3 3 2 1 0
4 1 3 4 1 3 1 0 4 3 0 2 1 3 1 4 1 2 0 2 0 1 1 1 3 0 3 3 3 4 4 3 3 4 3 3 0 0 1 1 0 4 2 1 4 3 3 4 4 1 4 0 2 2 0 4 2 0 2 3 0 2 3 4 4 0 3 0 1 0 3 2 0 1 4 3 4 0 2 1 0 0 2 3 4 1 3 1 4 1 1 0 3 2 0 3 4 3 2 3 2 1 3 4 4 2 2 0 4 4 3 3 3 1 3 4 1 1 2 1 0 1 0 4 0 0 1 4 4 0 3 2 0 2 4 3 2 4 3 1 1 0 1 3 0 0 1 2 4 1 1 0 2 0 1 1 3 3 3 0 2 0 3 2 4 0 4 3 1 0 3 1 3 3 1 4 4 3 1 2 2 3 0 1 1 0 4 3 0 4 0 0 0 3 4 4 3 0 0 0 2
4 2 2 0 4 2 1 2 3 4 0 0 3 1 0 1 3 4 0 0 1 3 4 3 2 3 2 3 1 1 4 2 1 2 4 4 4 2 3 0 2 3 4 4 4 4 0 1 2 0 0 1 4 0 1 1 3 4 4 2 4 4 3 2 1 0 2 1 4 2 2 1 4 3 1 1 2 0 3 0 2 3 0 0 0 1 2 3 0 4 0 0 2 3 4 3 4 3 4 4 2 4 2 1 2 3 3 1 1 3 0 4 4 2 3 4 3 3 2 1 4 4 4 3 1 4 2 2 2 0 1 3 3 0 1 3 0 0 1 1 1 3 1 3 2 4 4 1 3 3 1 0 2 4 4 4 2 3 4 4 3 2 3 4 3 3 0 0 4 1 1 2 1 3 3 1 2 3 2 4 3 1 1 4 1 0 0 2 0 4 3 4 0 1 4 4 0 3 0 3 4
4 0 3 3 0 0 3 2 1 4 1 0 1 3 1 4 1 3 2 1 0 4 3 3 2 0 4 0 4 1 2 3 1 0 1 2 0 3 2 1 1 1 3 0 0 1 1 0 4 2 2 1 0 4 2 0 2 2 3 1 4 4 2 2 2 2 1 0 3 2 3 2 3 0 3 2 2 4 3 4 0 1 1 1 2 4 2 1 4 1 1 2 3 1 1 2 1 2 4 4 4 0 4 4 4 3 4 3 3 1 3 3 4 0 2 0 3 0 3 1 1 0 1 2 0 1 3 3 0 1 0 2 3 0 0 2 3 3 2 4 3 4 3 0 2 4 0 1 0 4 2 0 4 4 3 0 3 3 0 4 2 3 1 3 1 2 4 3 4 1 3 2 2 4 4 3 1 4 4 3 2 4 3 3 0 0 1 0 0 4 0 4 3 0 4 4 1 2 0 4 1
4 1 1 2 3 4 4 2 1 2 4 1 0 0 2 2 1 4 3 1 0 3 4 0 2 3 0 4 0 4 3 2 3 1 3 3 4 0 0 1 0 3 1 4 1 1 0 0 4 2 3 4 1 2 0 4 2 0 2 2 3 4 3 4 2 3 0 4 0 4 4 4 1 0 4 0 1 3 2 2 4 0 0 1 2 0 1 1 3 3 1 1 1 3 1 2 0 4 0 3 3 0 4 0 3 4 1 2 3 0 0 0 3 1 0 2 0 1 2 0 4 2 4 1 1 0 3 0 2 3 0 0 1 0 3 4 4 0 2 0 1 4 1 3 1 4 0 0 1 1 0 3 0 4 3 4 4 4 1 2 2 4 1 4 4 3 0 1 1 2 3 0 0 3 3 2 1 2 3 3 3 3 1 2 0 3 3 0 1 0 2 0 4 2 4 2 3 4 2 1 0
4 4 4 2 4 3 4 1 2 0 2 0 3 4 1 1 1 3 1 4 2 3 0 2 1 0 3 0 4 3 2 3 2 1 4 1 3 4 0 1 1 4 1 2 0 4 4 1 4 1 3 2 3 0 0 2 4 2 1 0 3 2 0 0 0 1 2 4 4 2 4 1 0 0 4 4 4 2 4 4 0 3 3 4 1 2 4 3 2 3 4 0 2 0 0 1 1 2 2 3 4 3 3 3 0 4 0 2 0 4 3 0 3 3 1 0 0 0 1 4 1 3 1 3 1 0 1 0 0 0 0 3 1 3 4 4 4 4 0 3 2 1 1 1 0 3 0 0 4 4 0 3 0 4 3 2 0 0 0 1 3 3 2 2 1 3 1 4 1 1 3 4 1 4 4 0 3 1 0 3 3 3 4 3 0 0 0 1 4 4 4 3 4 1 0 0 3 4 1 1 0
4 0 1 1 2 4 4 3 1 0 2 2 4 4 1 4 0 3 4 1 0 4 2 4 1 2 2 4 1 0 4 3 1 3 1 4 0 3 2 4 0 1 3 0 2 2 4 0 4 4 3 1 0 0 0 3 1 0 2 3 1 2 3 4 3 4 3 0 2 0 2 2 0 3 4 3 4 4 1 0 1 2 1 2 4 4 3 1 2 2 2 3 2 4 2 4 0 2 2 2 4 4 3 2 3 2 3 2 1 1 4 2 3 2 3 2 4 4 3 0 1 1 3 3 0 2 1 1 2 1 0 4 4 1 2 1 1 4 4 0 0 0 2 1 2 1 0 2 4 0 2 4 4 4 3 0 2 0 4 3 0 1 1 0 4 0 0 0 0 3 1 0 3 1 1 2 1 2 4 3 0 2 1 0 4 2 4 0 4 1 3 3 3 1 2 4 0 0 0 3 4
4 0 2 4 1 4 1 4 3 0 1 1 4 3 1 1 3 2 0 0 3 0 0 0 4 4 4 0 1 4 0 1 2 3 0 4 3 0 1 4 0 2 0 0 4 0 3 0 2 1 1 2 2 0 0 3 0 2 4 2 4 2 2 0 3 2 1 3 1 3 0 2 4 2 3 1 2 0 4 0 1 4 1 0 3 4 2 2 3 3 4 1 0 1 3 1 3 4 4 3 2 2 3 4 4 0 2 2 4 4 1 1 2 2 0 1 3 2 3 3 3 2 4 3 1 3 4 3 1 2 1 3 2 4 1 4 2 1 1 1 0 4 3 4 0 1 2 2 3 3 0 0 2 1 1 2 1 3 2 1 2 3 2 1 4 1 3 4 4 3 4 4 0 0 0 1 0 2 2 0 2 3 4 3 2 1 4 2 3 0 3 1 0 2 4 1 2 1 3 1 1
4 1 4 0 2 0 2 3 3 3 0 4 2 1 2 2 0 0 1 0 0 4 0 2 4 1 3 4 1 0 4 3 0 1 1 0 0 2 3 4 0 1 3 1 1 1 2 4 2 1 1 4 2 4 2 3 1 4 4 1 3 4 3 0 4 2 2 4 1 3 2 2 4 2 2 3 3 3 4 3 0 2 4 4 3 1 4 2 2 1 0 2 1 0 4 2 2 3 0 0 0 0 0 4 0 0 1 3 2 0 3 0 1 1 3 3 0 2 2 2 1 3 4 2 4 2 0 2 0 1 1 2 4 1 4 1 3 1 1 2 4 1 3 2 4 0 3 0 2 0 4 2 2 2 2 2 0 0 1 3 2 1 4 4 3 1 0 0 2 1 3 1 2 2 1 2 2 2 0 1 4 0 3 4 2 1 0 1 4 4 0 2 1 1 2 4 3 2 2 3 1
4 0 0 0 0 1 2 2 1 0 1 3 1 3 1 2 1 4 0 1 1 0 3 3 2 2 1 4 0 1 0 3 2 2 0 1 1 2 1 0 0 4 4 3 1 2 3 3 4 4 4 4 4 1 0 1 2 4 4 4 4 0 4 4 3 2 4 1 1 1 1 0 0 3 3 3 4 4 3 1 0 2 1 2 0 2 4 0 3 4 2 1 1 4 4 1 4 2 4 3 2 4 2 0 3 4 1 3 1 2 4 1 3 1 3 4 4 0 0 0 4 3 3 0 1 1 2 0 4 3 2 0 0 0 1 1 0 2 1 3 0 4 4 0 4 3 1 2 2 3 1 1 2 4 4 4 3 4 0 2 3 0 0 4 3 3 0 2 1 3 1 2 4 2 0 4 1 0 2 2 4 1 0 2 4 1 0 1 3 0 3 0 1 0 2 3 2 3 0 1 2
4 1 4 0 1 2 4 3 2 2 2 1 4 3 1 3 0 4 0 3 0 2 2 0 3 2 4 4 2 3 3 4 3 0 3 2 3 0 3 0 1 0 2 2 3 3 4 3 1 2 3 1 3 1 2 0 1 3 1 2 2 4 4 4 3 1 1 1 1 4 3 2 4 1 2 3 1 4 0 2 0 1 1 0 3 4 3 2 4 4 1 3 3 2 3 3 0 4 4 2 1 2 2 4 1 1 2 4 2 1 0 1 0 2 4 0 4 0 2 0 0 4 3 4 3 4 3 4 4 2 0 3 0 1 4 4 1 2 1 0 3 4 3 0 2 4 2 1 0 3 0 4 1 3 0 4 3 4 2 2 3 0 1 2 0 2 2 0 2 0 3 4 4 3 4 2 4 1 3 4 2 4 1 3 0 4 0 3 3 2 0 2 3 2 0 3 3 1 0 1 0
4 2 0 1 1 1 4 0 1 2 0 1 4 0 2 2 2 2 1 0 0 4 3 2 1 4 4 0 4 1 2 0 0 1 0 1 0 1 2 4 1 3 2 4 3 4 1 4 2 2 2 1 4 3 3 3 3 0 0 1 1 1 0 0 2 3 2 0 3 2 4 4 4 3 3 2 0 4 4 2 2 2 1 3 1 2 2 3 1 0 3 2 4 1 3 0 4 3 3 1 2 2 0 3 2 2 0 2 0 1 0 4 1 2 3 1 3 0 3 3 0 3 4 4 4 2 2 0 3 0 0 0 2 4 4 2 4 4 1 0 2 3 4 4 1 2 2 4 1 3 1 1 1 3 2 3 4 2 1 4 1 1 0 1 4 2 2 4 4 1 0 1 4 0 4 2 0 4 1 3 4 4 3 2 4 0 0 2 2 0 0 3 0 3 4 2 1 3 2 1 1
4 1 4 3 1 2 4 1 4 2 4 0 4 0 3 1 3 4 1 4 1 1 2 2 0 3 1 0 3 0 0 2 0 2 3 2 1 2 4 0 2 3 1 3 3 2 0 3 1 2 2 0 2 2 3 0 2 2 2 2 1 4 1 4 4 2 2 3 2 1 1 0 3 1 1 1 4 3 3 0 1 1 0 3 1 0 0 4 0 1 3 3 0 2 3 3 1 0 4 4 1 3 3 0 4 1 1 3 0 0 1 0 4 4 2 1 3 4 0 1 3 2 3 3 4 2 0 2 2 2 4 1 4 1 0 2 2 4 2 1 0 0 0 3 1 0 4 1 2 3 4 3 0 4 3 3 0 0 2 2 2 4 2 0 0 0 3 1 3 4 4 2 2 2 3 3 2 2 1 4 2 3 0 1 2 0 2 2 3 1 3 1 4 4 3 0 0 3 0 0 3
4 0 4 0 0 1 1 3 0 3 1 2 1 4 4 1 1 2 2 3 0 2 1 4 1 2 0 1 3 4 1 1 1 0 0 3 1 2 4 2 4 4 2 2 2 3 2 2 1 1 3 2 0 4 0 4 2 3 4 2 0 4 1 4 4 2 1 3 0 0 4 4 2 3 3 1 1 3 0 3 1 4 4 4 4 1 3 1 2 1 4 2 1 4 2 1 0 4 1 2 2 4 3 4 1 0 3 1 0 4 0 2 1 4 4 3 1 1 1 0 1 4 0 0 2 2 1 1 4 4 0 2 1 1 0 4 1 1 4 3 0 2 4 4 0 3 0 3 3 4 2 2 4 0 0 2 3 0 2 0 1 4 2 3 2 2 2 2 3 3 2 3 2 1 4 3 1 2 2 4 4 4 1 4 2 3 0 2 2 1 4 1 2 0 2 4 2 4 3 4 0
4 4 3 4 1 0 3 0 0 1 2 1 0 4 2 4 2 1 4 0 3 4 3 3 3 4 2 2 3 1 2 1 4 3 2 1 0 3 0 4 2 1 1 4 3 1 3 4 4 2 1 0 2 4 3 3 4 3 0 0 3 3 1 1 1 3 0 2 2 0 2 2 3 0 0 0 3 1 3 2 0 4 4 2 2 4 0 2 0 2 4 0 3 2 0 0 1 0 4 2 4 3 3 4 4 1 2 2 2 0 0 3 2 3 0 3 1 4 3 0 4 4 2 1 3 3 2 2 3 2 4 2 0 3 2 1 4 1 1 1 2 2 2 3 2 0 1 3 4 0 3 2 3 3 2 1 3 4 3 1 3 1 0 1 0 3 3 1 2 3 2 2 2 4 0 1 1 1 0 0 4 4 3 2 1 0 3 4 3 2 0 4 3 1 4 3 4 0 2 2 1
4 1 4 1 1 3 4 2 1 4 0 4 1 4 0 0 3 4 1 2 1 3 0 1 0 2 1 1 4 3 1 3 2 2 4 2 0 2 0 4 0 3 2 4 0 4 3 1 1 4 4 1 1 2 2 1 3 3 1 3 1 1 2 4 2 0 4 0 1 1 0 1 0 1 1 4 2 1 0 4 0 1 2 2 0 4 3 3 1 3 0 3 1 4 3 0 1 0 2 0 1 1 3 4 0 4 1 1 0 1 2 2 3 0 0 1 0 4 0 1 0 4 1 3 1 1 2 1 1 3 1 3 1 1 3 1 0 2 1 0 2 2 1 0 2 4 3 4 2 1 4 3 0 3 0 1 1 3 3 4 3 1 0 3 0 4 2 0 4 3 1 1 1 4 0 4 1 0 2 1 4 0 1 1 0 1 0 0 0 2 4 1 4 4 0 0 4 4 2 0 4
4 0 2 1 2 0 1 4 4 3 4 3 1 1 4 0 0 3 4 2 2 4 4 0 0 0 0 1 3 1 0 1 3 3 3 4 4 0 3 2 4 1 3 3 4 2 4 1 1 1 0 3 2 1 4 4 4 1 1 2 2 0 4 0 2 0 4 2 0 2 2 4 3 2 4 4 0 3 2 0 4 4 1 1 2 0 0 0 0 1 4 2 3 4 4 1 2 0 1 3 0 0 2 1 0 3 2 3 4 0 0 2 3 3 2 1 2 4 3 2 2 2 4 2 2 2 1 3 1 1 3 2 2 1 2 0 2 2 2 1 1 0 1 0 1 3 0 4 3 3 0 4 0 2 1 4 0 4 3 3 2 2 3 1 3 1 4 2 4 3 4 2 4 3 1 3 2 2 4 1 2 3 3 3 3 4 1 4 3 2 4 2 3 0 3 4 2 4 3 2 0
