200
3000
200

[Node]
0 0 0 0 0
0 0 0 0 0

[pickup]
1 503819061 346 0
2 503182491 252 0
3 503837122 249 0
4 504926799 770 0
5 502794469 265 0
6 504427303 789 0
7 502892641 491 0
8 504813165 290 0
9 502997310 790 0
10 504782600 452 0
11 503614337 290 0
12 505038874 543 0
13 502798146 688 0
14 504306349 780 0
15 505229189 424 0
16 503587915 402 0
17 505084990 764 0
18 504802248 136 0
19 502790955 621 0
20 502787862 294 0
21 503088992 542 0
22 503297163 182 0
23 505171506 703 0
24 505246361 655 0
25 502791296 789 0
26 502793356 379 0
27 504940723 447 0
28 502785903 773 0
29 504548686 405 0
30 502798386 547 0
31 504922555 350 0
32 504709436 716 0
33 503938671 658 0
34 504780302 448 0
35 503284246 573 0
36 504411671 773 0
37 505107611 129 0
38 503291816 638 0
39 502790596 141 0
40 502801412 282 0
41 504753788 111 0
42 502786889 536 0
43 504483241 343 0
44 502851695 224 0
45 502792352 625 0
46 503171563 470 0
47 503167442 538 0
48 502787444 740 0
49 503031192 475 0
50 502788653 663 0
51 503897696 684 0
52 505164941 165 0
53 504795387 654 0
54 502785834 788 0
55 502792108 720 0
56 505082920 316 0
57 503178921 382 0
58 503208855 183 0
59 503584522 678 0
60 503282703 767 0
61 504461229 213 0
62 505103061 486 0
63 504799164 472 0
64 503822863 353 0
65 504888671 708 0
66 502788707 596 0
67 505191728 666 0
68 505154689 166 0
69 503242246 786 0
70 503008636 151 0
71 502892639 708 0
72 502798396 504 0
73 502874543 492 0
74 504759294 726 0
75 503094206 336 0
76 504995910 304 0
77 502901396 195 0
78 504467511 552 0
79 504267335 422 0
80 502800395 262 0
81 502786892 568 0
82 502786183 428 0
83 504406667 401 0
84 504829698 361 0
85 502799475 773 0
86 502787600 418 0
87 505235322 315 0
88 502787836 243 0
89 503297612 786 0
90 505003411 699 0
91 502798845 157 0
92 503060204 321 0
93 504729850 406 0
94 502799206 130 0
95 502801886 194 0
96 504851316 316 0
97 502802054 626 0
98 502790119 523 0
99 505036444 730 0
100 505083153 461 0
101 504385143 294 0
102 503251699 350 0
103 503689218 770 0
104 505088152 707 0
105 505049449 411 0
106 503557118 696 0
107 502802038 603 0
108 505102061 199 0
109 505164418 631 0
110 504950887 600 0
111 502790348 255 0
112 504510071 742 0
113 504759283 294 0
114 504574192 361 0
115 504775285 665 0
116 503663506 380 0
117 503632453 316 0
118 504633802 544 0
119 502862607 328 0
120 505048634 565 0
121 502785770 748 0
122 502864171 154 0
123 503026998 391 0
124 502801265 293 0
125 505160190 313 0
126 502786496 268 0
127 503195678 554 0
128 504893976 283 0
129 504316954 180 0
130 504941276 402 0
131 504604295 559 0
132 504834068 656 0
133 502785912 537 0
134 503075651 181 0
135 505137588 719 0
136 502793194 529 0
137 502786188 129 0
138 504922095 227 0
139 504572912 493 0
140 505033597 676 0
141 502787100 750 0
142 505186931 707 0
143 502792854 295 0
144 505125143 488 0
145 504960935 257 0
146 503613062 604 0
147 504537707 257 0
148 502787414 683 0
149 504930829 793 0
150 505083582 365 0
151 502793092 600 0
152 502785784 654 0
153 502791775 350 0
154 502888343 459 0
155 504731121 208 0
156 503284249 178 0
157 502788617 786 0
158 502786784 325 0
159 504449420 141 0
160 502789230 548 0
161 502787525 478 0
162 504491363 565 0
163 502792272 657 0
164 502949578 234 0
165 502792863 583 0
166 505195143 248 0
167 505115868 433 0
168 505137566 298 0
169 502793955 157 0
170 503978623 393 0
171 502791706 700 0
172 504333824 703 0
173 504757015 682 0
174 502799857 708 0
175 505246165 263 0
176 503107234 427 0
177 504664262 587 0
178 504633794 642 0
179 505233268 509 0
180 502790625 193 0
181 504710121 528 0
182 505109164 528 0
183 502787448 207 0
184 503151774 192 0
185 504861702 274 0
186 504693588 705 0
187 505036392 612 0
188 502796225 655 0
189 504343657 548 0
190 504332253 588 0
191 504944076 482 0
192 504597891 684 0
193 504904607 244 0
194 505012229 625 0
195 505217030 600 0
196 504868987 132 0
197 503630086 776 0
198 504930820 647 0
199 503058114 538 0
200 502791180 126 0

[Speed 0]
0.81
30.0 60.0 0.0 0.6
90.0 150 0.0 0.4
300.0 540.0 0.0 0.81
570.0 630.0 0.0 0.6
660.0 720.0 0.0 0.4
750.0 840.0 0.0 0.81

[Speed 1]
1.33
30.0 60.0 0.0 0.8
90.0 150 0.0 0.6
300.0 540.0 0.0 1.33
570.0 630.0 0.0 0.8
660.0 720.0 0.0 1.3
750.0 840.0 0.0 2

[Speed 2]
1.33
30.0 60.0 0.0 1.0
90.0 150 0.0 0.8
300.0 540.0 0.0 1.33
570.0 630.0 0.0 0.8
660.0 720.0 0.0 0.6
750.0 840.0 0.0 1.5

[Speed 3]
1.5
30.0 60.0 0.0 0.9
90.0 150 0.0 0.8
300.0 540.0 0.0 1.5
570.0 630.0 0.0 0.9
660.0 720.0 0.0 0.8
750.0 840.0 0.0 1.5

[Speed 4]
2
30.0 60.0 0.0 1.1
90.0 150 0.0 0.9
300.0 540.0 0.0 2
570.0 630.0 0.0 1.1
660.0 720.0 0.0 0.9
750.0 840.0 0.0 2

[speed choose matrix]
4 4 4 4 4 4 4 4 4 4 4 4 4 4 4 4 4 4 4 4 4 4 4 4 4 4 4 4 4 4 4 4 4 4 4 4 4 4 4 4 4 4 4 4 4 4 4 4 4 4 4 4 4 4 4 4 4 4 4 4 4 4 4 4 4 4 4 4 4 4 4 4 4 4 4 4 4 4 4 4 4 4 4 4 4 4 4 4 4 4 4 4 4 4 4 4 4 4 4 4 4 4 4 4 4 4 4 4 4 4 4 4 4 4 4 4 4 4 4 4 4 4 4 4 4 4 4 4 4 4 4 4 4 4 4 4 4 4 4 4 4 4 4 4 4 4 4 4 4 4 4 4 4 4 4 4 4 4 4 4 4 4 4 4 4 4 4 4 4 4 4 4 4 4 4 4 4 4 4 4 4 4 4 4 4 4 4 4 4 4 4 4 4 4 4 4 4 4 4 4 4
4 2 3 1 1 3 2 2 3 2 4 0 2 3 1 0 2 1 3 2 3 2 2 0 1 3 3 0 0 4 3 4 3 1 1 4 2 4 4 4 4 3 0 1 4 4 2 1 2 3 0 3 3 2 0 1 0 1 3 1 1 0 0 0 3 2 4 1 1 3 0 1 4 3 2 4 4 0 2 1 4 1 0 4 4 1 2 1 1 3 4 3 1 2 4 4 4 0 3 2 1 3 0 1 1 4 2 4 3 2 4 1 0 1 3 3 4 0 4 2 0 3 1 4 2 1 1 4 1 2 2 4 1 3 4 0 0 2 2 0 0 4 2 0 2 3 2 4 1 0 4 4 2 2 3 0 3 3 0 0 1 0 0 1 2 3 0 0 2 4 4 0 3 4 2 0 0 3 1 1 0 3 2 4 1 0 3 2 2 0 4 1 4 2 3 0 4 0 0 0 4
4 4 2 3 4 3 3 3 1 1 2 0 1 4 3 2 0 2 1 0 0 0 4 3 4 3 2 4 3 2 3 4 2 4 0 2 2 0 4 1 2 3 3 3 0 1 2 0 0 0 0 0 0 3 3 3 4 2 0 3 2 3 0 0 4 3 1 0 4 4 3 0 4 0 4 1 0 1 2 3 2 4 1 0 0 2 3 1 3 1 4 2 2 1 4 2 4 3 0 4 2 3 4 0 4 1 4 4 3 2 1 0 0 3 0 2 3 0 1 0 4 1 3 4 1 1 3 0 0 1 3 3 4 2 2 3 0 3 0 4 0 3 0 0 3 1 1 4 2 4 3 0 4 4 3 3 3 0 4 4 4 4 3 1 2 1 2 0 4 0 1 1 1 0 2 3 3 3 2 4 3 3 2 0 0 1 0 1 4 1 4 4 3 0 3 4 1 4 2 0 2
4 3 3 3 2 0 4 1 1 0 4 1 1 3 4 4 2 4 0 0 0 1 1 1 3 1 2 3 0 2 0 2 3 2 0 4 3 2 3 4 0 4 1 0 0 1 1 1 3 4 2 4 3 4 0 3 4 3 1 3 3 4 3 2 2 4 4 1 2 4 4 0 2 2 3 1 4 1 4 1 4 2 2 1 3 0 3 3 4 2 0 1 4 3 0 4 1 4 2 4 2 4 2 1 2 2 4 0 4 2 4 0 1 3 4 2 0 4 4 2 0 0 1 2 4 3 4 4 2 3 2 0 2 4 1 1 3 4 1 4 3 0 4 4 0 1 0 1 0 4 0 1 0 2 1 1 0 3 4 1 0 4 0 1 4 0 2 3 3 0 4 0 1 1 2 0 1 2 4 2 2 2 3 1 0 1 4 0 2 4 3 4 2 0 0 3 2 2 3 0 3
4 2 4 3 0 0 4 0 4 3 3 0 1 0 3 1 0 0 0 0 3 3 2 4 1 2 0 1 2 4 0 4 2 3 4 3 3 4 4 1 0 2 4 2 4 2 4 3 0 0 3 0 0 4 3 4 2 1 3 1 1 2 4 2 3 3 1 2 4 1 0 3 0 0 0 2 4 2 0 2 2 0 3 0 0 2 0 1 1 4 1 0 1 0 2 3 1 2 2 1 3 0 2 2 2 3 4 3 1 3 4 0 4 0 3 0 1 3 0 2 1 3 3 1 4 3 1 3 0 0 1 3 3 3 0 3 1 4 1 3 2 0 3 2 0 3 3 0 0 1 3 2 0 0 0 0 1 3 3 2 1 1 1 0 1 0 4 2 1 1 4 0 3 4 1 1 0 0 2 2 4 1 3 0 0 3 0 4 3 2 2 0 1 2 1 2 1 4 3 3 4
4 3 3 2 2 3 1 3 4 1 1 1 1 1 4 4 2 3 1 4 1 1 3 2 2 1 1 3 4 0 3 0 1 1 0 2 4 2 2 4 4 0 1 1 3 2 3 0 0 0 4 1 4 0 2 4 1 2 2 3 0 3 4 4 3 4 4 2 2 3 3 2 2 3 3 0 2 0 0 4 1 3 1 0 3 3 1 1 0 3 0 3 0 2 0 4 3 4 1 2 2 3 1 1 1 2 4 1 1 3 0 2 1 4 3 4 0 4 4 0 0 3 4 3 3 3 3 1 1 3 4 2 4 1 1 0 4 3 0 4 4 2 0 3 1 0 1 3 1 2 3 0 1 4 4 4 4 3 4 0 4 2 4 1 2 2 2 4 3 0 0 3 0 3 0 1 0 2 3 2 4 3 3 2 0 1 4 0 4 2 0 1 1 2 4 4 4 0 4 0 3
4 4 3 1 1 4 4 4 0 3 4 2 1 1 3 2 1 1 0 1 0 2 0 2 0 1 2 2 3 2 0 3 0 2 3 0 0 3 1 3 1 3 1 0 0 1 1 3 4 4 0 0 1 4 3 3 4 3 1 3 2 4 2 4 3 3 4 2 2 1 3 2 4 1 3 2 1 0 1 2 2 1 3 1 3 1 2 2 0 1 0 3 2 0 0 2 4 0 1 4 1 2 4 3 0 3 2 3 2 0 1 0 0 1 4 1 3 3 0 4 2 4 4 1 0 3 3 1 2 3 1 1 0 3 0 0 0 1 3 1 2 0 3 3 3 4 1 4 4 1 0 1 1 3 3 2 4 1 4 3 3 1 2 3 0 1 3 1 2 4 2 4 1 4 3 1 4 3 4 0 0 0 0 1 3 3 0 0 0 1 4 2 2 2 0 1 1 1 1 0 2
4 3 3 0 3 2 2 3 3 1 3 1 3 4 3 0 3 3 1 1 0 4 1 0 4 4 2 4 4 0 3 1 0 1 1 0 1 0 0 4 2 1 3 1 0 1 2 4 1 2 1 3 4 1 0 0 1 4 0 1 3 0 3 2 3 1 3 0 0 3 0 1 0 1 4 4 3 1 3 4 1 1 0 2 4 3 4 0 3 0 0 0 1 2 2 3 1 2 4 0 1 1 3 1 1 3 1 4 4 1 0 3 2 1 3 2 2 2 2 4 0 1 0 4 2 0 2 3 0 2 3 4 1 4 1 2 3 3 1 2 2 0 4 0 1 1 0 4 4 1 4 0 2 0 1 4 1 4 2 4 3 4 0 2 3 3 0 1 2 3 4 0 2 4 4 1 3 3 3 0 1 0 4 0 1 0 3 4 1 2 0 4 4 4 1 2 2 2 4 0 1
4 2 2 4 1 3 3 1 1 4 2 2 0 4 1 3 2 0 4 4 4 1 1 1 1 1 0 0 4 1 4 0 4 3 1 0 2 2 0 1 3 1 0 3 2 4 4 4 2 3 2 0 0 2 2 3 2 3 1 2 2 4 1 0 0 1 4 2 0 1 0 0 0 2 3 3 3 4 1 2 3 0 0 4 4 4 4 0 0 4 0 1 0 0 2 2 4 1 3 3 1 2 1 4 1 3 4 1 2 4 3 3 1 1 2 0 1 3 3 2 4 0 2 3 2 4 4 4 0 0 4 3 3 0 1 4 2 2 1 4 3 4 4 3 0 1 4 0 3 3 0 0 0 4 2 1 3 0 3 3 0 2 4 0 0 2 4 1 4 4 0 1 1 1 4 4 0 2 2 4 1 0 0 0 0 3 3 0 1 3 1 2 4 2 4 3 1 2 2 3 1
4 3 4 2 4 3 2 4 2 1 0 2 3 2 4 2 1 3 4 0 1 1 2 0 0 1 4 3 2 2 1 0 2 4 2 1 3 0 3 4 1 1 0 1 1 2 0 4 3 3 1 2 0 4 4 3 3 2 0 4 4 1 2 3 4 4 3 4 0 4 4 2 4 2 3 1 4 4 0 3 0 1 3 0 0 4 0 3 0 1 0 3 1 0 4 0 3 1 3 2 4 1 0 0 0 0 0 2 4 0 1 0 4 3 0 0 1 1 0 0 1 4 1 0 3 4 4 2 2 0 2 4 0 3 1 1 1 0 4 0 3 1 1 4 2 3 4 2 2 2 2 3 1 4 1 4 4 1 2 0 2 2 1 2 4 0 1 3 4 3 1 1 0 0 4 2 3 1 3 0 1 2 2 3 1 1 3 3 3 0 3 1 0 2 2 1 4 2 4 3 4
4 1 2 3 0 1 4 2 4 4 4 0 4 1 0 4 3 2 1 2 2 0 2 4 0 2 3 2 3 1 0 0 1 3 2 4 1 3 4 3 0 0 1 1 4 0 3 4 3 1 4 2 0 3 4 2 0 4 3 0 2 1 1 4 4 0 2 3 0 1 1 0 4 2 2 1 1 3 0 0 0 3 1 2 4 0 0 2 0 0 0 0 4 2 1 1 0 3 4 4 2 4 4 0 1 4 4 0 1 4 0 3 0 4 1 3 2 3 4 3 4 2 3 3 0 0 2 4 1 1 3 2 0 2 0 4 2 3 3 1 1 3 4 3 3 0 3 0 4 1 2 2 2 4 4 4 1 2 3 3 4 0 4 2 4 0 0 4 3 1 3 4 1 0 1 3 1 2 0 3 3 1 1 0 3 0 0 4 4 3 2 1 2 3 3 2 0 0 4 4 2
4 2 2 1 3 4 4 4 4 3 3 2 3 0 3 2 3 3 1 1 4 0 3 4 2 0 0 2 4 4 2 2 3 1 3 3 2 3 4 3 3 0 4 2 1 3 2 3 0 3 2 1 3 2 4 1 1 1 4 2 3 4 3 3 2 1 3 1 3 4 0 4 1 3 1 3 3 3 1 3 4 2 4 4 4 3 1 3 0 4 1 1 4 3 1 1 2 4 3 1 2 4 2 3 1 3 4 3 0 0 4 2 1 4 2 2 3 1 0 0 4 2 2 1 0 3 3 2 0 3 4 0 3 1 3 1 3 3 2 2 4 3 0 1 4 1 3 3 3 4 2 4 0 0 1 4 1 0 1 0 3 0 2 4 3 4 4 0 0 1 2 2 4 3 1 3 1 1 1 1 2 2 0 2 1 4 3 2 3 4 4 2 2 0 0 1 0 2 1 3 2
4 0 1 1 1 1 2 2 1 3 4 0 3 3 4 4 2 4 2 0 4 4 3 3 4 1 1 3 4 0 4 2 4 0 4 3 4 1 3 4 3 1 4 2 0 0 4 2 0 2 1 4 2 1 3 3 4 1 1 3 2 1 2 2 0 4 1 3 1 1 0 3 2 0 2 1 2 4 1 3 0 2 2 3 0 1 4 3 4 2 0 0 3 1 3 0 4 4 0 2 2 2 4 2 1 3 0 1 4 4 0 0 1 1 1 2 2 2 4 4 4 1 4 3 1 1 4 3 4 1 2 0 4 1 1 1 4 3 2 0 4 1 2 1 1 2 1 4 1 1 2 4 1 4 0 1 4 4 1 3 4 0 4 2 4 1 1 4 4 2 2 4 4 2 3 0 2 4 3 0 2 2 2 2 0 3 4 0 3 0 3 0 0 1 0 2 0 2 1 0 0
4 3 4 3 2 2 4 0 4 2 1 2 0 1 0 0 1 3 0 3 0 1 0 4 0 1 1 1 1 3 3 2 4 2 4 1 3 1 2 0 0 2 3 1 3 1 2 4 2 2 2 0 0 2 2 2 2 1 2 1 1 0 3 0 4 0 3 0 4 1 1 3 0 1 0 2 0 1 1 1 1 0 1 4 4 2 1 3 4 1 2 0 1 4 3 0 0 0 4 4 1 4 2 1 1 1 4 2 3 1 3 3 1 2 3 0 1 3 1 2 1 4 0 1 3 2 4 4 1 4 2 1 4 2 2 3 4 4 4 3 3 1 4 0 2 0 2 1 3 4 4 2 1 4 0 1 1 0 0 4 4 0 3 1 3 4 4 2 2 2 0 3 0 1 4 4 0 4 3 4 0 1 1 3 1 4 3 0 0 1 4 0 1 2 0 1 0 2 3 3 3
4 4 2 0 2 1 2 2 2 2 1 0 2 3 4 4 3 1 0 1 1 2 1 4 0 0 1 4 1 2 0 3 3 2 1 1 0 2 3 1 4 1 1 2 2 1 0 3 2 4 2 3 3 0 1 1 1 3 3 1 4 0 4 3 2 1 3 3 3 3 3 0 1 3 0 3 2 4 3 1 0 4 2 1 4 1 3 1 4 4 1 0 2 2 1 3 4 3 0 3 0 0 4 1 0 3 3 1 2 4 4 3 3 2 3 0 2 4 1 0 3 4 0 3 3 0 3 2 3 3 0 1 3 4 1 0 2 1 0 2 4 1 4 4 1 2 4 4 1 0 2 0 4 4 1 1 2 1 3 1 3 0 4 4 3 1 0 3 3 2 3 3 4 4 1 3 4 0 4 4 0 3 2 2 1 0 0 3 3 2 0 4 2 0 2 4 4 1 4 2 4
4 3 1 4 4 3 4 2 0 4 0 4 1 1 2 3 4 3 3 2 0 3 2 2 1 4 4 3 4 0 3 1 4 0 4 4 3 0 0 0 3 0 1 1 1 4 1 4 2 3 3 3 3 0 0 0 1 4 1 3 1 4 0 4 2 0 3 2 3 4 2 0 1 3 4 0 4 2 3 2 2 3 2 3 3 1 4 2 2 0 1 2 1 4 1 0 0 2 1 2 3 1 2 2 1 3 1 4 1 0 4 2 0 4 0 1 1 1 0 1 3 4 2 1 0 4 4 0 4 4 4 1 2 2 0 2 4 1 3 3 4 1 2 2 0 3 4 0 3 1 2 0 0 1 1 1 0 2 3 1 4 1 4 4 0 3 0 4 1 0 0 2 3 2 0 4 1 1 0 4 2 1 3 4 1 2 0 1 3 0 1 2 0 4 2 4 0 3 0 2 3
4 1 3 0 4 1 2 4 0 0 2 4 0 1 2 0 1 1 4 2 1 1 3 4 1 2 3 3 4 1 4 1 3 0 1 4 4 3 2 0 2 1 3 4 1 2 3 3 0 3 2 3 4 1 4 0 4 4 0 1 3 1 4 2 1 3 4 1 0 2 3 4 3 3 0 2 1 2 2 0 4 0 0 2 4 3 4 3 4 4 4 2 4 2 3 1 4 1 0 4 4 4 3 3 0 2 0 3 1 0 4 1 0 2 4 3 2 3 2 2 3 3 0 2 0 4 0 2 0 4 4 1 3 3 2 0 2 1 3 4 0 3 3 3 0 4 2 1 4 1 0 2 0 4 4 2 1 1 4 0 3 3 2 0 0 1 3 1 2 4 0 0 0 2 4 1 3 1 4 2 1 0 4 2 4 0 2 0 4 3 4 1 4 4 3 0 0 2 3 4 1
4 1 1 4 3 2 1 3 0 2 1 2 3 3 3 2 0 0 1 0 4 2 2 3 4 2 2 1 0 2 2 4 1 3 4 4 2 4 4 2 4 0 1 4 4 3 0 0 0 3 0 2 4 2 4 4 0 2 2 3 3 1 3 3 1 4 2 2 2 2 1 4 4 3 1 4 3 2 4 2 1 0 0 0 0 4 0 2 1 3 3 2 0 1 4 1 2 3 1 3 1 3 3 4 3 4 1 2 0 1 1 1 1 1 1 3 2 3 1 2 3 1 2 4 2 0 2 3 1 4 3 3 3 4 4 0 0 2 3 3 3 3 4 3 4 0 4 2 1 4 1 3 4 2 0 4 0 3 0 1 4 1 1 0 2 2 3 3 1 0 4 3 3 1 2 2 0 2 3 4 2 4 4 3 2 0 1 3 1 0 1 2 4 4 3 3 2 2 4 3 4
4 1 3 0 0 3 1 0 2 3 1 0 2 0 1 3 4 2 3 0 2 3 0 2 2 0 3 4 4 3 4 4 2 3 0 4 3 3 0 0 1 4 2 2 3 3 3 0 3 1 4 0 0 4 3 2 1 1 1 0 2 1 4 0 0 0 0 3 3 1 4 2 1 2 2 3 2 0 3 3 0 4 4 4 1 4 4 2 4 2 1 4 4 3 4 1 3 4 4 0 2 3 2 4 2 4 3 3 0 4 3 2 2 3 4 4 4 1 3 1 0 1 2 1 0 4 3 2 4 4 2 3 0 4 1 4 2 0 0 4 4 4 4 2 4 1 1 1 3 2 1 0 4 4 1 1 0 3 2 2 4 3 2 1 3 2 0 3 3 2 1 3 0 1 4 4 3 3 0 4 4 4 1 0 3 2 4 4 1 4 2 3 3 3 2 0 1 3 0 1 0
4 4 1 3 2 0 0 4 1 0 3 0 3 3 4 4 0 4 0 1 1 3 3 0 4 3 0 1 2 2 0 3 1 1 4 3 1 4 4 1 2 4 2 0 3 3 3 4 0 1 0 0 3 1 4 0 1 1 0 1 1 0 2 0 1 3 1 1 3 2 4 2 4 0 0 2 0 1 2 2 4 4 1 4 0 3 1 2 1 1 3 0 3 2 3 1 0 4 1 4 2 0 1 1 1 2 3 4 0 3 0 3 2 1 0 1 0 3 3 2 3 2 4 2 1 0 0 1 1 2 1 2 3 3 0 3 2 2 1 2 1 2 1 2 3 2 4 0 4 0 2 4 3 1 2 0 1 3 1 3 2 0 3 4 4 1 3 2 3 2 2 4 0 2 0 0 3 2 4 4 1 1 4 4 3 2 3 3 2 4 1 2 2 4 2 2 2 2 2 1 0
4 3 1 4 0 1 0 0 0 2 2 1 2 4 1 0 3 2 2 4 2 3 2 2 2 0 4 3 4 1 0 3 3 4 0 4 3 0 4 0 3 2 2 3 4 0 2 1 1 3 1 0 1 3 4 2 1 4 1 3 4 0 4 2 2 4 3 1 0 1 4 2 3 1 3 4 2 2 3 1 3 4 3 3 4 2 0 1 3 0 1 2 4 4 4 2 3 2 3 3 0 1 1 0 2 4 0 3 0 4 4 3 0 2 1 3 1 2 4 3 4 0 0 3 2 1 4 2 2 3 1 3 2 0 1 0 4 4 1 3 0 0 0 0 1 3 4 2 1 1 3 2 2 0 3 3 4 3 3 3 3 4 2 0 0 2 2 1 1 0 1 0 1 2 2 4 2 2 3 2 1 4 1 1 4 4 4 3 4 0 1 0 2 4 0 4 2 0 3 1 1
4 3 1 4 0 3 1 4 4 2 3 0 2 0 4 1 0 2 1 1 4 2 3 0 4 0 0 3 0 4 3 0 4 2 0 2 3 2 0 1 2 2 0 3 1 4 3 3 4 4 2 4 2 4 3 2 3 0 3 3 1 3 2 2 0 3 4 4 1 4 0 4 2 3 1 3 2 1 3 0 0 3 0 4 0 0 0 4 1 3 1 3 0 2 2 3 4 2 4 3 3 3 4 3 0 2 2 3 0 4 2 1 1 1 4 1 3 1 0 0 3 4 1 2 0 1 2 1 0 3 3 0 4 2 1 0 0 3 4 2 0 0 3 0 4 1 0 3 2 3 0 3 0 2 4 0 0 0 2 1 4 0 1 2 4 4 3 2 2 4 0 1 3 1 2 2 0 0 0 0 3 4 3 0 3 4 3 2 0 1 0 3 4 3 0 2 4 2 3 3 4
4 1 3 1 2 0 1 3 1 2 1 0 1 3 2 3 4 3 4 1 2 4 3 2 1 3 2 3 4 1 4 0 2 0 4 2 1 3 1 2 2 3 0 2 0 1 2 1 0 4 0 3 0 0 3 4 2 4 4 1 1 1 4 1 3 0 2 1 4 3 1 1 3 2 3 4 1 4 4 1 4 2 4 4 4 4 2 3 3 3 1 4 4 1 2 4 0 2 2 2 2 2 4 0 3 4 3 2 3 4 0 0 4 3 1 2 2 4 2 0 4 3 4 1 3 0 3 1 3 0 4 4 0 4 4 4 1 4 3 4 1 1 1 3 0 4 1 0 1 0 2 3 4 3 0 2 1 0 4 4 4 0 4 4 4 1 4 1 3 0 0 3 3 0 0 2 1 3 3 2 0 2 3 2 0 4 0 2 1 0 0 4 1 4 2 2 4 1 4 0 2
4 3 3 2 1 1 3 3 3 3 2 0 3 3 1 3 2 0 1 3 1 0 3 4 3 3 3 2 2 4 0 2 2 3 2 3 1 4 4 0 1 2 1 1 3 2 3 1 4 3 2 3 3 3 0 2 4 1 0 0 1 1 2 3 1 3 0 0 4 0 4 3 0 0 2 1 3 2 2 1 3 0 3 2 2 4 3 3 1 3 2 1 2 0 2 3 3 4 0 4 2 0 1 4 0 3 2 4 2 4 1 0 1 2 3 1 4 4 3 0 3 3 0 3 4 2 4 3 0 1 1 3 3 0 4 4 2 1 0 1 2 1 3 4 3 3 0 2 3 1 1 0 2 0 1 0 3 3 2 2 3 0 3 0 4 2 4 4 4 1 1 1 4 1 2 3 2 0 3 3 2 4 4 3 1 1 0 2 1 0 2 4 3 2 2 0 0 0 3 4 0
4 2 4 0 2 2 1 0 4 0 3 2 2 2 0 3 0 0 1 1 2 2 0 4 2 2 2 0 3 2 2 3 2 2 3 1 3 0 1 0 4 2 1 4 1 4 4 0 4 2 1 1 2 4 2 0 0 0 2 3 4 0 3 0 2 1 1 0 0 2 3 1 0 4 4 2 3 2 4 1 2 4 0 0 1 1 0 1 0 2 2 3 3 1 1 4 4 0 1 3 4 0 1 2 4 0 2 2 1 0 4 2 0 2 3 1 0 2 1 1 3 3 4 0 4 1 3 3 3 3 2 2 0 3 1 4 3 4 1 3 3 1 1 0 1 2 3 0 1 3 1 4 3 0 0 1 0 4 2 3 2 1 2 2 3 3 4 4 3 4 2 3 1 1 4 4 1 4 1 4 2 1 4 4 4 0 0 0 2 3 4 1 2 4 1 1 1 2 2 3 0
4 0 4 3 4 4 3 1 4 3 1 1 3 3 4 4 1 2 2 4 3 1 4 1 1 1 1 3 0 3 3 4 1 1 0 3 4 3 1 3 4 3 2 2 3 3 3 1 1 2 4 2 3 0 4 4 1 1 0 4 4 0 1 3 4 3 0 2 0 0 3 2 2 0 4 3 2 3 3 2 3 3 0 0 2 2 3 4 3 0 1 4 0 3 1 0 1 2 1 3 4 1 3 0 3 0 2 4 0 1 4 4 0 1 0 2 3 4 2 3 4 4 3 2 0 0 4 4 1 4 2 1 3 2 1 4 2 1 4 2 2 1 3 4 0 3 2 3 1 1 3 0 3 0 1 2 4 4 4 1 3 2 4 3 2 4 3 1 4 3 1 4 3 1 4 3 0 1 3 3 4 3 0 0 3 1 3 0 2 2 0 2 2 3 1 1 1 4 0 3 2
4 2 4 0 4 0 2 0 2 1 1 2 0 0 2 4 3 2 4 3 3 3 0 4 2 4 0 2 4 1 3 0 3 2 0 3 3 1 3 0 1 4 2 1 3 2 3 3 1 4 1 2 2 3 3 0 2 4 2 0 3 4 3 0 0 0 3 4 3 3 4 1 4 4 1 2 1 4 1 4 4 0 4 0 3 4 4 2 4 3 3 2 1 2 2 0 3 0 1 2 2 2 3 3 2 4 2 4 0 0 2 4 0 1 1 4 1 1 2 4 4 3 2 1 4 0 0 3 2 2 0 3 3 0 2 4 3 4 4 1 1 3 0 4 4 0 1 2 4 1 2 0 4 3 3 0 3 2 1 2 0 3 2 1 3 1 4 0 1 2 0 0 3 4 0 3 2 1 1 1 3 4 2 3 2 2 0 1 2 3 1 1 2 4 0 3 1 4 2 2 1
4 2 3 0 3 4 4 4 1 4 3 4 3 3 1 2 1 2 3 0 2 1 2 1 3 4 1 4 4 1 4 3 3 2 4 3 4 1 0 4 0 2 1 1 4 4 0 0 1 0 2 4 1 1 0 0 2 4 4 0 0 4 3 1 1 0 2 1 2 2 2 3 4 1 0 0 0 3 4 4 4 0 2 4 4 4 0 0 3 2 1 4 4 4 4 3 0 1 4 0 0 0 2 1 2 0 4 0 2 0 2 4 2 0 0 2 1 3 0 1 2 0 4 2 0 1 2 1 2 2 3 3 2 0 3 3 3 0 2 0 3 0 3 1 4 2 3 2 1 3 4 0 4 0 3 4 2 1 3 2 3 4 0 0 1 3 0 3 1 1 3 4 3 4 2 0 0 1 2 4 2 3 0 3 4 3 1 0 4 0 2 1 4 4 4 2 2 3 4 1 0
4 0 1 1 0 2 3 3 3 1 4 2 0 4 2 3 1 3 2 1 3 2 4 3 1 1 0 1 0 0 4 4 4 2 2 0 3 0 2 2 3 2 3 1 3 0 4 2 0 4 3 3 3 1 0 1 4 2 1 4 3 1 0 4 2 0 1 2 1 2 3 2 3 4 0 4 3 1 3 0 4 1 3 3 2 4 3 1 1 3 0 4 1 3 4 4 2 2 1 0 2 0 1 0 4 0 0 1 4 1 2 0 4 3 2 4 3 3 2 3 4 4 4 4 2 0 1 4 2 1 1 1 0 4 0 4 4 1 3 2 4 0 1 4 1 0 3 1 3 0 0 0 4 2 0 2 1 0 3 2 4 3 2 3 0 4 3 2 0 0 4 3 4 0 1 4 2 2 3 3 2 4 4 3 4 0 1 0 3 1 0 1 0 0 3 0 3 1 1 0 4
4 1 4 2 3 0 3 0 4 0 4 3 2 4 1 2 0 0 2 4 4 3 3 1 1 3 4 1 2 3 0 4 4 3 2 1 3 0 3 4 1 1 4 2 4 1 3 3 2 3 4 3 4 2 2 3 1 2 3 0 1 1 4 4 1 1 2 2 2 2 3 4 2 1 1 0 1 2 2 3 3 2 2 3 2 0 0 3 2 3 2 4 2 4 4 3 1 3 3 4 0 0 0 2 3 0 2 0 2 1 3 1 3 2 0 2 1 0 1 4 2 1 3 3 1 4 0 2 1 4 4 3 3 3 1 2 0 0 4 1 2 1 2 0 0 4 0 3 1 3 1 2 0 1 1 4 0 3 3 2 4 0 1 4 0 1 2 2 1 4 3 1 4 3 4 3 4 4 0 3 2 3 0 0 2 2 1 3 0 2 1 2 2 2 4 1 2 3 4 2 1
4 3 0 1 3 1 1 2 1 1 0 0 2 1 3 4 4 2 4 2 1 0 4 1 1 1 3 1 0 4 1 4 2 4 3 1 1 2 3 2 4 3 2 2 2 2 3 3 0 4 3 1 0 1 0 2 4 4 4 3 1 3 3 3 1 2 2 0 0 4 1 1 0 3 3 2 3 0 4 0 2 3 1 3 2 1 2 3 3 4 4 2 1 2 4 1 2 1 0 1 2 3 4 0 4 0 2 0 1 4 1 1 1 1 3 2 0 0 2 2 2 0 0 4 2 3 2 1 1 4 4 3 2 4 1 1 1 3 3 1 3 4 2 0 4 3 4 4 1 4 0 3 4 2 3 3 0 0 4 4 0 0 0 3 0 2 2 3 1 3 3 2 0 2 4 2 4 1 3 4 2 0 1 1 4 1 2 0 2 4 4 3 1 1 3 4 0 3 0 4 0
4 4 0 3 3 4 2 3 0 2 3 3 0 4 4 2 0 1 0 3 2 3 2 2 1 1 4 0 0 1 0 4 4 0 0 0 1 2 0 4 2 1 2 2 1 3 3 1 1 2 3 0 1 1 2 4 4 0 3 3 3 2 0 1 4 2 1 2 4 1 1 4 2 3 3 2 1 1 4 3 2 2 4 1 3 3 0 3 0 2 2 1 2 2 1 3 3 4 4 4 4 2 4 2 2 3 4 4 4 3 3 2 3 2 3 3 3 2 2 3 4 3 0 3 4 0 4 1 1 4 3 1 0 0 3 1 0 1 1 2 2 0 2 4 2 3 2 2 3 3 4 1 0 2 2 3 0 3 0 2 3 4 2 4 1 2 3 1 4 4 2 4 3 0 0 3 0 2 0 4 2 2 4 1 1 1 1 1 4 4 0 3 3 4 3 1 1 1 2 3 2
4 4 0 4 3 4 4 3 4 3 1 1 0 3 0 3 3 2 3 3 1 3 3 0 2 4 4 1 0 0 2 1 3 4 2 0 1 1 0 0 4 4 0 0 1 1 2 2 4 0 4 3 4 2 0 2 2 1 4 4 2 3 0 1 3 0 0 3 1 0 4 3 4 4 2 0 4 1 1 3 1 4 4 2 3 3 3 3 2 0 0 3 2 4 3 0 3 0 1 0 2 3 2 4 1 3 0 4 4 2 2 3 0 3 4 3 0 0 2 1 4 1 3 1 2 0 2 2 2 4 0 4 3 1 0 1 1 1 0 3 2 2 1 3 1 4 1 1 2 0 1 4 1 3 4 4 4 0 0 3 0 1 0 3 1 4 1 3 3 3 1 2 3 3 1 1 4 3 0 1 1 3 2 4 2 4 2 2 0 0 1 1 1 1 4 4 1 2 0 2 4
4 1 0 2 1 1 4 4 1 2 1 0 4 3 2 1 2 2 0 1 1 0 1 0 3 1 3 2 2 3 0 3 4 0 1 4 0 0 1 2 1 1 0 2 0 1 1 1 2 0 4 1 1 4 3 0 0 1 3 2 4 0 2 4 1 1 4 2 4 4 3 1 3 0 3 4 3 3 1 3 1 1 2 2 1 4 0 3 1 2 3 1 3 2 2 0 3 3 2 4 0 0 1 1 3 4 2 4 4 0 1 2 1 1 2 1 1 3 1 2 3 2 1 4 3 4 3 3 4 3 3 0 4 3 1 0 1 2 3 3 2 2 3 1 4 1 0 1 2 2 3 4 1 2 4 2 3 4 4 0 3 4 3 3 4 4 4 1 1 3 1 2 2 0 3 3 4 4 4 1 2 0 4 4 4 4 1 3 0 2 2 2 2 4 1 3 4 4 2 1 4
4 2 0 4 0 4 0 4 4 4 2 2 4 4 0 3 0 2 2 3 4 3 4 2 0 0 1 3 3 3 0 2 0 4 3 4 0 3 0 2 4 3 2 0 2 3 1 2 3 4 1 0 1 0 1 3 3 1 0 3 0 4 0 2 4 2 1 1 2 1 0 2 0 4 2 3 4 2 3 2 4 2 4 4 0 4 3 3 2 2 3 1 2 2 4 1 4 3 0 3 4 4 3 0 3 0 2 4 0 1 1 1 2 3 3 1 1 4 3 1 4 4 0 0 3 2 2 2 4 2 3 0 1 3 2 0 3 1 2 0 2 2 0 2 4 2 4 4 4 0 3 4 0 0 2 0 1 3 2 0 4 3 4 0 2 3 4 0 0 2 0 1 0 1 4 2 4 4 1 4 1 4 3 4 1 4 0 0 0 2 3 0 4 4 0 3 0 4 3 0 4
4 3 4 3 4 2 4 2 3 3 2 2 3 1 4 0 4 0 1 4 1 1 0 3 3 2 0 3 3 1 1 0 4 0 4 1 1 3 1 0 3 3 0 3 2 2 2 2 4 2 3 0 1 0 0 0 0 1 3 1 3 0 3 3 1 4 1 0 2 3 1 3 1 2 1 3 4 4 3 0 4 4 0 2 1 2 4 3 4 0 4 3 4 4 2 1 2 3 0 2 1 1 4 1 4 0 0 2 4 2 1 4 1 0 4 2 1 0 3 3 0 0 1 2 3 4 0 4 3 2 2 4 2 1 2 1 3 4 0 2 2 3 3 1 2 0 2 4 0 3 2 3 2 1 4 2 3 4 1 2 4 4 0 4 1 0 3 3 0 2 4 4 1 3 4 4 1 0 0 1 3 1 0 3 0 2 2 1 0 2 1 4 4 3 1 3 4 1 1 0 0
4 4 4 0 0 3 2 0 1 0 3 4 2 4 0 0 1 0 3 4 3 1 4 2 1 3 1 4 0 3 4 3 1 4 4 4 0 2 1 3 3 3 1 3 2 2 0 0 2 3 2 2 4 0 3 4 4 0 4 1 3 1 1 3 1 3 2 4 2 2 0 1 1 1 2 2 1 2 2 1 2 2 0 2 2 4 4 2 4 1 1 3 4 3 0 1 4 1 2 3 0 3 4 3 2 2 1 2 1 0 3 1 4 3 1 3 2 3 4 3 4 3 3 3 4 0 2 4 4 2 4 0 3 1 1 1 2 1 2 3 1 1 2 0 3 0 0 2 0 4 0 2 2 3 4 3 4 1 1 1 1 1 4 0 0 0 2 1 2 3 0 3 1 0 3 4 1 1 4 4 1 1 0 0 2 2 0 3 3 3 3 1 3 1 2 0 2 1 1 1 1
4 0 4 1 1 2 1 4 1 1 2 1 4 3 1 4 1 1 0 0 2 2 3 4 4 0 2 0 4 4 2 0 0 3 3 1 0 4 4 1 2 2 0 4 0 4 0 1 3 2 0 4 4 0 4 3 2 4 2 0 3 3 2 0 4 3 2 4 3 3 2 4 1 0 2 2 4 1 2 1 3 3 2 0 4 4 4 2 0 1 4 1 2 0 0 1 1 0 4 4 2 3 2 0 4 3 1 3 2 1 1 2 4 0 4 4 1 4 0 4 4 3 4 3 3 2 1 0 4 3 2 1 3 0 1 1 3 4 4 4 0 1 4 3 1 3 3 2 0 2 1 2 1 3 3 0 0 3 0 3 2 2 4 0 0 1 0 4 0 2 2 3 2 0 3 0 3 1 3 3 4 4 3 2 4 2 0 3 3 0 1 1 3 4 2 3 1 2 2 0 2
4 1 2 4 3 4 1 4 3 1 1 0 3 0 1 3 0 3 0 0 2 4 2 0 1 4 0 1 1 3 2 4 3 1 2 0 1 1 4 0 1 0 3 1 0 4 2 1 0 0 3 0 4 2 0 1 3 1 3 3 3 3 0 2 2 2 3 0 4 1 4 1 4 4 1 3 2 3 4 2 4 2 2 0 4 1 2 1 0 0 4 4 4 3 2 3 4 3 1 1 1 3 4 3 3 3 1 0 4 2 4 3 0 0 2 1 1 2 2 4 4 2 4 1 2 1 1 3 4 3 4 1 1 4 0 3 2 3 1 2 3 1 3 4 4 3 1 4 0 1 1 3 1 3 0 2 2 2 3 4 4 4 1 4 1 0 1 1 2 2 4 3 0 1 3 4 0 0 0 2 3 1 0 1 0 0 1 0 1 2 1 4 3 2 3 0 3 2 1 0 4
4 4 1 2 0 3 4 3 4 4 4 1 1 0 0 4 3 0 1 3 1 1 3 1 3 2 2 2 4 1 3 3 0 3 0 0 3 2 3 0 4 0 3 3 3 3 2 1 2 1 1 4 2 3 1 2 1 4 2 3 2 0 2 3 2 2 4 3 2 4 4 4 0 4 0 4 4 4 2 2 1 3 4 3 0 1 1 1 4 3 1 1 1 3 2 3 4 1 0 1 2 1 3 4 2 3 1 0 0 2 4 2 0 3 1 4 4 2 3 2 4 0 2 0 0 4 4 2 3 2 3 2 2 2 0 0 3 2 2 0 1 0 4 3 4 3 4 4 2 2 0 3 2 1 2 0 1 4 1 3 1 3 0 4 1 1 4 0 3 1 2 4 0 2 0 4 0 2 2 0 4 0 0 1 0 1 0 3 0 3 3 1 2 2 2 3 4 2 1 4 2
4 3 4 2 4 2 4 2 3 4 2 0 4 0 1 2 3 4 3 0 2 4 1 1 3 2 3 2 2 4 1 4 1 3 3 0 1 4 4 3 3 4 1 1 4 2 2 3 2 4 4 4 0 3 4 4 2 2 2 3 2 1 4 2 3 4 3 4 4 0 3 2 3 3 0 0 4 3 0 3 0 4 2 0 3 3 4 2 1 3 2 4 4 4 3 3 4 2 2 3 4 2 1 3 2 4 1 3 4 1 0 4 2 3 0 4 0 2 1 1 4 3 0 4 0 0 0 2 2 1 0 2 3 1 4 4 2 3 1 3 3 3 2 1 3 3 0 2 4 3 0 2 1 0 3 0 3 0 1 0 2 0 0 0 3 2 0 3 0 2 1 2 2 3 2 4 4 3 1 3 1 0 4 4 3 3 2 4 4 2 1 0 1 3 3 1 1 4 3 0 4
4 3 0 0 0 1 2 3 2 1 4 4 1 2 1 3 0 0 0 4 2 1 3 3 1 0 1 1 2 4 3 4 0 4 1 1 3 0 4 0 0 3 3 2 3 4 1 0 4 4 4 2 1 2 0 4 1 3 4 2 2 1 2 2 2 3 0 0 0 3 3 1 1 0 1 4 1 0 1 2 4 4 2 1 3 4 0 2 2 4 1 1 2 3 3 3 3 1 1 1 3 3 4 0 3 2 1 1 3 0 3 3 1 4 1 3 0 3 1 3 1 4 2 3 3 3 1 3 4 1 1 1 2 3 2 4 4 1 0 2 1 3 2 0 4 2 3 0 3 2 3 1 4 0 1 3 2 0 1 1 0 4 3 0 1 1 0 2 3 4 4 1 4 2 0 0 0 4 3 1 3 2 1 0 2 2 1 2 1 4 0 2 4 4 0 0 2 0 1 0 3
4 0 3 1 0 2 0 0 3 3 3 2 3 2 2 3 0 4 4 4 1 3 1 3 3 0 1 4 2 0 3 4 2 1 2 0 3 2 0 1 3 2 4 0 3 4 3 0 2 1 2 2 1 0 1 3 1 2 2 3 0 1 3 2 4 4 2 1 4 0 0 4 3 3 2 4 2 3 1 0 3 1 0 2 4 3 0 0 3 3 0 1 0 2 2 2 2 1 3 3 0 1 1 2 1 4 1 0 1 3 3 0 4 0 4 1 2 4 4 2 1 3 2 2 2 4 4 1 0 2 0 2 4 0 0 3 4 1 0 3 1 2 1 2 0 1 0 3 2 3 0 0 4 2 3 4 0 3 3 0 3 1 3 2 2 2 0 3 1 1 1 1 4 4 0 1 0 0 0 2 4 2 1 1 2 2 2 2 1 4 0 2 3 1 2 2 1 0 2 0 2
4 1 2 4 2 1 0 3 4 0 0 4 1 0 4 0 2 3 0 1 3 2 2 1 4 1 3 2 1 1 3 4 3 0 1 3 3 4 1 3 0 4 4 0 3 1 1 2 4 1 0 2 3 0 3 0 4 1 4 0 4 2 4 0 1 1 4 4 0 2 3 0 1 3 0 4 1 1 1 3 2 3 0 1 1 1 1 3 1 4 1 2 4 4 2 1 2 0 3 1 2 2 2 2 0 2 3 0 4 2 2 0 2 0 4 0 0 3 4 0 2 4 4 3 1 0 1 3 1 3 4 4 1 1 1 4 4 1 3 3 3 1 0 1 2 0 2 3 1 4 2 3 0 1 4 3 0 0 1 0 3 2 1 0 4 1 2 4 1 0 2 3 3 3 3 2 4 1 1 0 0 3 2 4 3 0 1 1 0 2 0 4 4 0 4 2 1 0 4 1 4
4 0 4 0 0 4 4 4 0 1 2 2 2 3 1 1 1 3 4 3 4 4 4 1 1 4 2 4 0 0 2 0 1 0 4 4 2 1 0 1 4 2 1 4 0 0 4 3 3 1 1 0 0 2 2 3 4 0 1 0 1 0 0 0 3 3 1 1 1 1 0 1 3 3 4 4 3 0 1 1 4 0 3 3 2 0 2 2 4 4 4 3 0 3 1 4 0 0 2 2 3 2 4 3 0 3 4 4 3 2 1 2 4 1 1 3 4 2 1 0 2 0 3 3 1 0 1 0 2 4 1 2 0 0 2 4 0 4 2 0 1 4 1 1 4 2 1 3 1 3 3 2 3 3 2 1 4 4 1 3 3 1 3 0 2 2 1 2 0 1 0 0 3 4 1 3 3 3 2 4 0 4 2 1 4 4 1 4 2 3 2 0 2 4 3 1 4 0 2 3 2
4 0 0 4 2 4 1 1 3 4 1 2 0 4 2 2 3 0 3 2 2 0 3 0 0 2 1 3 2 3 3 1 0 1 2 0 0 2 2 2 4 1 0 3 3 4 1 4 0 0 2 1 1 0 1 0 2 3 4 2 0 2 2 3 2 0 3 2 3 4 1 2 3 2 4 4 0 2 4 3 3 3 0 4 1 2 4 0 4 2 0 0 3 3 1 3 4 4 2 0 3 1 3 3 1 1 4 3 3 2 4 0 4 0 1 3 1 1 3 4 0 1 0 3 0 3 0 3 2 4 3 3 4 4 1 1 4 3 3 3 1 3 4 1 3 1 3 1 1 2 4 1 1 2 4 1 4 4 3 2 2 0 4 0 1 4 2 3 4 0 1 2 4 4 4 4 0 3 0 0 4 3 0 3 0 2 3 3 3 1 3 4 0 2 0 3 4 4 1 1 0
4 4 1 1 3 1 0 1 1 2 3 4 4 2 2 4 0 1 1 1 1 4 1 2 4 1 4 1 2 3 4 2 3 2 4 1 4 2 4 4 2 1 0 0 1 2 2 3 0 3 0 4 1 3 1 0 1 2 4 3 0 4 0 3 3 3 3 4 2 2 2 3 4 3 3 2 4 4 2 4 4 2 0 3 2 2 0 1 0 1 1 4 1 3 1 4 2 0 0 0 4 3 3 1 0 0 1 0 4 0 3 0 2 4 4 1 0 2 2 3 3 4 0 0 0 1 0 2 1 1 2 0 0 4 1 0 3 3 0 4 1 1 1 2 4 4 0 3 2 1 3 2 0 3 3 1 1 3 2 4 0 1 3 1 1 3 4 1 0 4 2 4 0 2 2 1 3 0 2 2 1 3 1 1 4 4 2 1 2 2 4 2 1 0 1 2 3 3 4 4 2
4 1 3 4 3 3 2 2 2 0 1 3 3 2 0 0 4 3 2 0 3 4 3 4 3 4 4 2 4 0 0 2 3 1 0 1 2 0 1 1 2 2 1 0 3 2 1 2 3 3 1 0 0 2 1 4 2 1 0 2 3 3 1 4 4 2 0 2 4 1 2 0 4 4 1 4 1 0 4 2 2 3 4 3 3 2 0 2 0 1 4 0 1 1 2 4 2 1 3 0 1 0 2 0 0 3 1 1 1 0 4 4 4 2 3 3 4 0 3 1 1 2 3 3 1 1 3 3 4 4 3 1 4 4 4 1 1 3 2 3 4 3 0 2 2 0 4 4 1 3 0 2 4 3 1 2 0 2 1 3 2 1 4 3 3 0 0 2 3 1 3 0 3 3 1 0 0 0 2 4 0 2 3 3 3 3 1 1 0 0 3 4 2 0 0 3 4 4 3 3 0
4 0 3 3 2 3 2 4 1 3 0 4 3 3 2 2 1 4 4 0 3 3 1 4 2 0 3 3 4 3 3 0 3 3 1 4 0 3 3 2 2 0 1 1 1 1 0 1 4 2 3 0 2 1 1 2 1 3 3 1 3 1 2 3 4 1 3 2 3 4 0 4 3 1 3 2 1 4 3 3 3 2 4 4 3 3 4 0 2 2 1 0 2 0 1 3 1 3 2 3 0 3 3 4 1 4 4 2 4 0 4 4 1 4 4 2 2 4 0 0 4 1 1 2 2 2 2 1 2 4 1 3 1 2 2 0 3 0 1 2 4 3 3 3 4 3 3 3 3 2 2 4 0 3 2 1 4 3 0 0 2 1 4 2 3 0 4 3 2 4 4 2 4 2 1 2 0 1 2 3 3 4 1 3 3 0 1 4 2 0 1 4 0 0 3 3 2 4 3 0 0
4 0 4 3 0 0 4 3 3 3 1 0 3 2 0 0 0 1 0 1 2 1 3 0 2 3 3 1 1 4 1 0 1 0 1 2 3 0 1 1 3 2 3 1 1 1 4 1 3 1 0 4 0 1 1 1 1 3 0 3 1 3 0 3 1 0 4 2 0 3 2 0 3 3 3 3 0 0 3 3 0 3 4 3 4 1 4 4 2 4 2 3 1 3 2 4 1 2 4 0 0 0 4 3 0 1 0 0 0 4 1 4 4 0 1 0 4 0 0 2 4 2 4 0 0 4 0 2 1 3 3 3 3 2 1 3 1 1 1 1 3 0 3 3 1 0 1 3 2 2 2 0 2 1 3 2 0 3 1 3 0 3 2 0 2 0 3 4 3 3 0 1 4 3 2 3 2 4 2 0 2 3 1 4 4 0 3 4 2 4 4 3 2 2 2 2 1 0 4 0 2
4 2 4 1 3 1 4 2 0 0 2 4 3 4 2 2 0 1 3 4 4 1 0 4 2 1 3 2 1 3 1 2 3 0 3 4 0 2 4 0 4 4 0 1 3 2 0 4 4 1 2 3 4 0 0 4 3 0 4 3 1 0 0 2 1 0 2 4 1 2 3 2 2 2 2 4 4 0 1 3 2 0 4 1 3 3 4 3 0 0 2 3 1 2 3 1 4 2 3 2 0 3 0 0 4 2 3 1 1 4 0 3 4 2 3 4 2 1 0 0 0 2 1 0 0 0 3 4 2 4 4 1 0 1 2 2 0 4 0 1 0 1 2 3 0 0 3 0 0 3 0 3 2 0 2 2 0 3 4 0 2 0 2 1 0 3 3 1 0 3 2 3 2 3 1 2 4 2 2 3 2 3 2 1 4 4 1 1 4 1 3 0 4 0 2 3 2 3 3 2 2
4 4 2 2 2 3 3 2 3 1 3 4 3 0 2 4 1 1 1 0 3 4 2 1 0 2 4 3 2 0 3 0 0 4 4 0 0 4 2 3 2 1 3 0 1 0 3 1 1 2 3 3 2 3 1 3 0 3 3 3 3 2 4 1 3 2 1 4 4 0 1 0 1 3 3 3 2 0 3 3 1 4 3 0 0 1 4 1 2 4 1 3 1 0 4 0 3 4 1 0 3 2 2 0 0 4 0 4 3 3 0 1 4 0 2 1 2 3 0 1 3 1 0 0 3 4 1 2 1 2 1 4 3 3 3 0 3 0 1 3 3 2 1 2 1 4 3 1 3 4 3 1 0 1 1 0 2 3 4 4 3 3 0 4 2 1 3 2 1 3 4 2 1 1 4 4 1 2 0 1 2 4 3 3 0 0 0 0 2 1 0 1 2 3 1 3 3 1 2 1 0
4 3 2 0 2 3 4 4 3 0 2 0 3 4 0 1 0 0 1 1 4 1 0 4 2 1 3 2 3 4 4 4 4 0 3 1 3 2 0 3 4 2 1 2 0 3 0 4 1 0 2 1 1 1 1 4 1 0 0 1 4 0 4 2 3 3 0 4 3 2 1 2 2 4 1 4 3 4 0 3 3 4 0 3 4 3 0 1 2 1 4 1 1 4 2 3 4 2 4 2 1 1 3 2 4 2 1 1 1 2 4 0 3 4 1 4 1 1 4 4 4 4 0 4 4 2 1 4 0 4 1 2 2 2 1 2 4 2 2 1 1 4 0 3 3 0 0 3 1 1 0 2 1 4 4 0 3 1 4 3 4 3 0 0 2 1 2 0 4 4 2 3 4 2 1 0 2 4 2 2 1 2 2 1 1 2 0 2 3 3 1 0 4 3 0 0 4 3 4 1 0
4 2 1 0 4 0 0 0 1 2 3 1 0 4 3 3 0 3 1 1 1 1 1 3 3 4 4 4 0 4 3 2 3 0 3 1 3 1 2 0 2 4 4 3 1 1 1 4 3 3 4 3 0 1 2 2 1 4 3 4 3 4 3 2 0 2 2 2 1 4 3 4 1 4 2 2 1 0 0 2 4 4 3 4 0 0 3 1 4 1 3 2 1 3 1 2 1 0 2 4 0 4 4 1 2 2 2 3 0 4 0 2 4 1 2 4 0 0 0 3 0 0 2 3 0 3 4 3 2 0 2 0 0 4 0 1 4 4 4 4 0 3 4 0 1 4 2 4 3 1 2 1 3 3 1 0 1 1 4 4 2 0 4 2 3 4 2 4 2 3 1 0 2 2 1 4 3 4 3 1 4 3 0 1 1 2 2 3 0 4 3 4 1 0 3 0 3 4 1 4 4
4 1 1 1 3 0 1 2 3 4 4 4 0 4 1 1 0 3 3 4 3 2 3 0 2 1 0 1 1 2 0 0 2 3 2 2 3 2 1 3 3 4 0 0 1 3 0 1 0 2 0 2 3 4 0 1 4 0 4 1 1 1 2 0 4 1 0 0 3 1 0 1 1 4 3 2 1 4 0 2 3 1 4 0 0 4 4 2 2 0 3 3 2 0 2 0 3 3 2 3 0 2 0 2 4 4 4 4 2 2 0 4 4 3 4 2 4 4 1 4 1 4 4 1 2 4 4 3 3 2 1 3 4 3 1 4 2 2 2 3 1 3 0 3 2 3 0 3 3 2 2 1 4 4 0 3 0 0 1 4 2 0 2 3 4 1 3 1 2 3 4 0 4 3 3 1 1 4 1 2 0 3 3 1 3 1 3 3 3 4 2 2 4 1 1 1 4 2 0 4 4
4 3 0 1 3 3 0 0 0 4 3 2 4 0 2 3 1 0 3 3 2 0 3 2 1 3 0 0 4 3 4 2 1 0 0 2 2 1 3 1 1 0 1 4 2 0 2 4 4 1 0 1 0 4 2 2 4 1 3 3 0 0 3 0 2 3 3 4 2 4 4 2 1 4 3 4 2 4 1 0 4 3 2 4 1 2 1 4 0 3 4 2 4 2 3 1 3 4 4 1 1 4 1 1 0 4 3 4 3 4 4 0 1 2 4 1 3 2 0 1 0 1 1 1 1 0 1 1 3 0 3 3 4 3 0 0 3 1 0 3 4 3 4 4 1 4 3 0 4 3 0 4 4 0 2 2 0 3 1 4 2 4 3 4 0 2 4 2 2 3 4 0 0 4 3 1 2 4 0 1 3 4 3 1 2 3 4 3 3 2 1 2 4 4 2 0 4 4 2 4 1
4 1 2 1 4 4 0 1 4 3 1 0 2 1 3 0 2 1 1 3 0 2 0 2 0 3 4 4 4 4 0 4 2 2 4 2 1 1 3 3 3 3 2 4 3 2 1 3 0 0 4 0 0 4 1 2 0 3 2 2 1 2 3 0 4 3 0 4 2 3 4 4 2 0 4 3 0 0 1 2 4 3 2 4 0 3 3 3 0 2 0 3 1 4 4 4 2 4 1 4 3 3 1 1 1 1 2 2 3 3 1 0 3 4 0 2 3 0 4 2 2 0 2 0 1 1 4 4 2 1 3 0 4 1 4 1 1 0 3 4 1 2 3 3 1 4 2 3 1 3 1 0 2 4 1 2 0 0 1 4 4 2 3 0 4 0 0 4 0 3 1 4 3 1 1 1 3 4 2 0 2 3 2 3 1 3 2 4 4 2 0 3 0 4 1 1 2 4 3 1 3
4 1 0 3 2 3 4 4 1 1 4 0 4 0 2 0 0 2 4 1 4 0 0 2 0 3 4 4 0 0 0 0 2 0 1 2 2 1 0 2 4 2 1 2 4 0 2 3 3 3 2 4 3 3 2 4 3 0 1 4 1 2 0 4 1 1 3 0 4 1 2 1 1 4 3 1 1 4 4 4 4 0 3 0 2 1 3 3 0 0 4 2 0 1 4 2 1 0 4 0 1 1 4 0 3 2 3 4 0 2 0 0 4 0 0 2 0 3 3 3 0 3 3 4 2 0 1 0 0 0 2 1 4 2 4 2 1 4 1 2 4 4 4 1 1 4 2 1 3 3 3 1 4 4 1 0 2 3 4 2 1 1 4 0 2 4 2 2 0 4 0 4 2 4 1 4 1 0 3 1 2 4 1 1 0 4 0 2 0 4 4 2 0 3 3 2 0 3 3 3 2
4 0 3 4 0 3 1 3 2 3 3 0 4 0 2 4 3 2 2 2 4 1 2 2 2 1 2 2 0 4 2 4 1 1 4 1 4 0 4 0 0 3 4 4 4 1 0 3 3 4 1 4 1 2 1 1 3 2 0 4 0 3 0 1 2 2 0 2 4 3 1 4 4 2 3 2 1 4 4 3 2 4 3 0 4 3 4 3 4 2 4 2 3 4 0 4 3 4 4 2 0 1 2 1 4 3 0 4 3 0 3 4 0 1 1 4 2 1 2 0 2 0 1 1 1 1 0 4 0 2 2 3 2 4 4 1 0 2 4 1 4 0 0 4 3 4 2 4 2 0 2 0 4 1 4 2 1 1 4 2 0 1 1 0 1 0 4 1 4 3 4 3 2 2 3 3 1 3 3 2 0 2 2 1 3 3 1 2 3 3 2 2 3 1 2 4 2 0 0 4 3
4 0 0 2 2 0 3 3 0 3 3 1 4 3 4 4 0 4 2 0 3 3 4 1 2 3 3 4 3 2 2 4 0 2 1 0 0 2 1 1 3 1 1 4 2 1 2 4 0 2 3 3 4 4 1 4 3 1 4 3 3 4 0 3 2 1 1 3 0 0 3 0 4 0 0 3 4 2 0 4 0 2 3 3 3 0 2 0 2 0 3 1 1 0 3 4 3 3 2 1 1 4 0 4 1 2 1 2 2 3 1 1 0 2 0 3 2 1 3 0 3 3 0 2 2 3 3 2 4 4 2 4 1 2 1 0 0 3 1 2 2 1 0 2 4 0 4 4 1 3 1 2 4 3 3 4 4 1 3 4 2 0 4 2 1 1 1 3 1 0 4 3 0 2 4 0 0 4 0 0 3 0 0 1 0 3 1 4 3 3 1 2 0 0 0 1 4 3 4 1 1
4 3 0 3 4 0 1 1 2 0 1 3 0 4 4 3 4 0 4 0 2 3 1 2 0 2 4 2 3 3 0 1 2 0 0 2 0 2 1 3 1 2 2 0 3 0 2 2 4 2 4 1 1 2 4 4 1 3 0 2 4 0 4 3 0 4 1 3 3 1 2 2 2 0 0 0 3 0 4 1 1 1 3 1 0 1 0 4 3 2 0 4 1 2 2 3 2 3 1 3 1 2 0 4 2 2 1 3 4 4 2 3 3 3 3 4 4 2 4 0 0 1 4 2 2 1 0 4 0 3 2 1 1 2 2 3 1 4 0 2 1 1 1 2 4 2 2 4 4 2 4 0 1 1 4 4 4 4 0 0 4 3 0 4 0 2 1 1 1 3 3 2 2 2 1 2 2 2 4 1 4 1 2 1 3 4 1 3 3 0 2 4 3 1 4 0 0 3 4 4 1
4 4 1 3 2 0 2 4 3 1 1 4 4 0 3 0 0 1 0 0 3 0 4 1 2 0 1 2 4 4 3 3 3 4 2 1 2 2 1 1 0 0 4 4 1 4 2 2 1 4 3 0 1 1 4 0 4 1 0 3 0 0 0 0 3 2 2 3 2 4 1 2 2 1 2 3 0 2 1 3 4 4 3 2 1 1 4 2 4 1 2 1 0 3 3 0 1 0 2 3 2 3 1 2 4 1 3 4 2 2 3 2 3 2 0 3 2 4 0 0 1 1 0 2 3 2 3 3 1 3 1 4 0 1 2 1 4 0 1 0 3 2 1 0 0 4 0 0 1 4 2 3 4 1 2 0 0 4 4 0 0 4 3 3 1 2 1 1 1 2 0 4 0 4 4 3 1 2 0 0 1 2 0 2 0 4 4 1 3 0 1 1 1 3 1 4 0 2 0 3 3
4 4 2 0 0 0 0 4 2 4 1 4 1 4 0 1 3 3 2 2 3 1 4 0 2 1 4 0 4 0 0 3 2 1 1 0 3 0 0 4 2 0 4 4 1 0 3 0 2 0 2 3 4 0 3 2 0 4 0 1 4 0 4 0 2 3 0 4 3 4 0 1 0 4 0 2 3 4 1 0 0 0 2 4 1 4 2 4 1 2 2 4 4 3 1 4 3 2 4 3 3 0 3 4 3 1 2 0 0 4 0 0 4 2 3 4 3 1 3 0 1 2 1 0 2 0 2 4 1 4 3 2 2 0 4 1 0 2 1 0 1 0 1 4 1 4 4 4 2 2 0 1 4 0 1 1 0 2 2 1 3 3 2 2 0 0 1 4 3 2 1 4 1 2 4 2 1 3 3 2 0 1 2 0 4 0 1 3 0 2 1 1 2 4 2 4 1 0 1 3 4
4 2 2 3 1 1 0 3 1 0 2 2 3 3 0 4 1 1 2 4 2 3 0 2 3 2 2 4 2 3 0 4 0 1 0 1 2 3 2 2 0 0 1 3 4 1 4 2 3 1 2 4 1 4 1 3 2 0 1 1 3 3 2 3 0 2 0 1 2 0 3 1 4 2 0 4 1 0 2 3 3 4 4 1 1 2 4 3 0 3 2 0 4 3 1 3 4 4 3 4 3 1 3 3 4 0 2 0 0 4 0 4 0 2 1 4 2 3 4 0 0 2 2 3 4 0 1 0 1 2 3 2 0 0 0 1 2 4 3 4 0 2 2 0 1 1 0 4 4 3 0 2 3 4 3 1 0 3 3 3 3 1 4 0 3 3 0 4 4 2 3 1 4 3 0 1 1 3 2 1 2 2 0 1 3 1 1 4 3 1 3 4 2 4 2 3 1 4 1 0 4
4 4 1 0 3 1 2 4 3 2 0 4 1 2 3 2 1 4 0 2 0 3 3 0 1 1 0 4 0 1 0 4 0 4 4 3 1 0 0 2 0 3 2 3 2 3 0 1 1 4 0 1 0 3 2 1 2 2 1 0 2 0 1 3 1 0 4 4 0 0 3 4 1 2 4 0 4 2 4 2 0 1 4 1 3 3 3 2 2 0 0 3 1 4 0 4 4 4 2 2 4 0 3 4 1 0 4 2 1 4 1 4 4 1 3 2 2 1 3 0 0 1 2 4 0 0 2 1 2 3 1 0 2 3 0 1 3 3 2 3 2 0 2 3 2 1 3 2 3 2 1 2 3 1 2 0 2 0 2 0 1 3 3 0 0 0 1 1 1 2 3 3 1 3 4 3 3 0 3 3 4 0 0 4 1 3 2 2 0 3 4 0 1 2 3 2 2 3 0 4 2
4 4 2 4 3 3 0 4 1 0 4 0 3 2 1 4 1 2 4 0 3 2 2 2 3 1 2 4 1 1 1 3 1 2 0 2 3 2 4 0 2 1 0 1 1 0 3 4 0 2 3 2 1 0 0 2 4 3 4 1 0 4 1 2 0 4 0 3 2 1 2 3 4 2 3 0 1 0 3 2 4 1 1 1 4 2 3 2 2 2 2 3 2 4 2 1 3 2 1 1 0 3 0 2 3 0 1 4 4 2 2 1 3 3 1 0 2 0 2 4 0 1 3 4 1 2 0 2 0 4 2 4 1 3 2 1 2 1 3 3 2 2 0 2 1 4 1 4 3 0 2 4 4 3 3 0 3 1 0 0 1 1 3 0 3 4 2 0 0 1 2 3 1 4 3 1 1 0 2 2 3 0 2 2 4 3 2 4 1 1 0 1 3 4 0 4 2 0 0 0 4
4 3 0 2 3 4 2 3 3 1 2 3 3 0 0 3 4 2 4 3 1 4 3 1 4 1 1 2 2 4 3 0 2 3 3 3 0 3 1 3 4 2 4 3 1 2 3 0 3 3 2 0 1 4 2 4 4 4 1 3 1 2 2 0 3 0 2 2 1 3 0 4 3 1 2 1 4 4 1 1 3 4 2 1 2 2 3 1 0 3 4 1 0 4 0 2 4 2 1 4 1 4 4 2 0 1 0 4 3 1 2 4 1 0 1 2 3 1 1 3 3 1 3 1 4 2 1 0 1 2 1 1 2 0 4 2 1 1 1 4 1 1 4 3 2 0 3 1 2 3 1 0 1 2 3 2 1 2 0 0 3 0 1 4 0 3 4 3 4 3 4 4 2 3 4 0 0 3 4 1 1 1 4 1 2 0 1 1 3 0 2 4 2 4 3 3 3 4 3 0 4
4 3 4 0 2 0 2 3 3 4 2 2 4 3 0 0 0 1 4 3 4 4 1 2 1 3 3 0 3 2 2 4 1 3 1 1 1 2 3 1 0 1 2 3 3 4 1 4 2 1 1 4 3 2 0 0 2 4 2 4 1 3 3 2 4 0 3 0 2 3 1 3 3 0 2 0 2 0 4 2 4 4 1 1 2 4 0 0 2 0 2 0 1 1 3 4 4 0 0 3 1 0 2 1 4 1 2 2 1 2 2 4 2 3 3 3 4 2 4 1 3 0 0 0 3 0 4 0 0 2 1 1 1 1 4 1 4 4 3 0 2 3 1 1 2 4 4 4 3 4 1 0 4 4 0 1 0 4 1 2 0 3 2 0 2 0 1 2 0 2 0 2 3 0 2 3 2 3 1 0 1 4 4 2 3 4 2 0 3 4 1 3 3 1 0 4 0 3 0 0 1
4 4 4 4 2 1 2 2 1 0 3 1 0 3 0 0 1 1 0 3 3 1 2 3 3 3 4 1 4 2 2 0 0 0 0 4 3 4 3 3 3 3 4 1 0 1 1 0 2 0 0 0 2 2 1 2 4 3 3 4 1 4 1 4 2 2 1 0 4 4 0 0 1 2 3 1 0 1 0 4 0 3 0 3 4 4 3 0 2 4 1 4 4 3 4 4 3 1 0 0 2 3 3 0 2 2 1 1 2 3 4 0 4 0 1 2 0 3 3 2 1 1 3 0 0 3 1 4 0 3 0 3 2 1 0 3 1 0 0 3 3 1 1 2 4 2 3 4 2 0 4 0 1 0 0 1 4 4 0 2 0 1 4 3 0 3 1 4 0 1 3 4 0 3 1 1 0 0 0 3 1 4 0 0 1 4 3 1 3 1 0 0 4 2 0 4 1 0 4 4 2
4 4 0 1 2 1 3 4 2 4 0 3 1 2 2 2 2 3 1 2 2 0 3 2 2 0 2 4 4 4 0 3 3 3 0 1 4 4 3 3 3 2 1 1 2 1 0 2 0 4 2 3 2 1 4 3 2 2 2 1 0 0 1 3 0 4 0 2 4 2 1 4 0 0 4 3 0 2 3 1 3 3 1 4 1 0 4 4 4 4 1 1 3 4 3 0 3 3 4 2 4 2 1 1 1 2 2 4 3 4 4 2 0 1 2 4 3 3 1 1 2 1 1 0 2 0 1 2 4 0 1 1 4 3 0 3 1 4 0 4 4 1 4 3 2 4 3 2 3 0 2 1 0 4 1 1 4 0 1 0 3 1 3 1 2 2 1 1 3 3 1 0 0 3 3 2 4 3 0 3 2 4 1 1 3 0 4 1 2 2 2 1 1 2 1 3 0 4 4 1 1
4 4 3 0 1 2 3 4 1 0 3 1 4 2 0 4 1 3 4 4 1 2 3 3 2 3 2 1 4 3 0 1 3 4 3 2 0 4 1 0 2 4 0 1 2 4 3 2 4 0 1 0 0 1 4 0 1 2 1 0 3 3 3 3 1 1 4 2 4 0 0 0 3 0 4 4 2 0 3 1 4 4 1 4 4 0 4 1 0 4 1 3 4 3 0 0 0 0 1 4 3 2 3 4 0 1 1 4 1 0 1 1 2 1 0 0 3 0 0 2 4 2 3 2 3 1 3 3 4 1 4 1 3 0 4 3 3 4 1 1 2 4 2 3 1 1 0 0 3 3 4 1 2 0 4 3 0 4 2 0 4 0 2 2 2 4 2 0 1 2 0 1 3 1 4 2 3 3 3 3 0 3 4 3 3 3 1 0 2 0 4 4 1 3 4 0 4 0 4 4 1
4 2 4 3 4 3 4 0 2 0 1 0 4 2 4 1 4 0 2 3 0 2 1 3 1 0 2 0 3 0 3 4 0 0 2 1 3 0 4 1 4 2 3 3 4 4 4 0 1 0 1 4 3 4 4 1 4 0 1 2 3 4 1 1 0 2 1 2 1 2 1 1 2 4 0 1 3 2 2 0 3 3 3 3 1 2 2 4 2 2 3 2 4 2 0 0 0 3 2 4 0 0 1 1 3 1 4 1 1 2 2 2 0 2 4 4 4 1 2 4 4 2 3 4 2 1 4 0 3 1 2 2 4 2 2 0 2 3 1 3 0 1 3 2 3 4 3 3 4 3 0 0 1 2 0 3 1 2 2 4 2 2 0 4 1 0 0 2 4 2 3 0 2 1 1 0 0 3 3 1 1 2 0 4 0 1 3 2 1 1 1 4 1 3 1 4 3 4 4 2 2
4 1 1 4 3 0 1 4 0 4 2 3 3 4 1 1 2 4 1 4 2 1 4 1 2 0 3 4 2 0 3 3 2 4 3 2 1 4 0 1 2 0 1 1 3 3 4 1 0 3 4 3 0 0 0 1 2 0 1 2 1 3 2 2 2 3 1 2 3 3 3 2 4 2 0 4 3 0 3 4 3 2 2 4 2 1 3 2 1 1 0 1 2 2 4 1 4 2 2 0 0 0 4 0 4 1 3 0 3 2 3 4 2 2 2 2 0 0 1 4 3 2 0 3 3 3 4 3 4 4 4 4 3 2 3 1 0 2 3 4 0 3 4 2 0 1 0 3 3 3 3 4 4 0 0 0 1 4 4 4 0 4 2 4 3 3 4 1 1 4 4 3 0 1 1 2 2 2 4 1 4 4 4 4 1 0 3 3 2 2 3 0 3 3 3 1 2 3 4 2 1
4 3 0 4 2 1 3 3 3 1 3 1 1 2 1 2 2 4 0 4 1 0 2 2 2 3 3 4 0 2 2 1 1 2 0 3 0 2 3 1 4 2 4 0 3 4 3 4 1 3 2 1 2 3 4 4 1 4 0 1 1 0 1 3 3 0 1 0 1 2 1 1 0 0 3 2 3 4 4 2 2 1 4 3 3 2 3 1 0 2 0 0 2 0 4 3 1 2 1 1 0 2 3 2 4 1 3 4 1 1 0 0 3 2 0 4 3 1 3 3 1 4 0 4 4 0 3 2 0 0 1 2 0 0 1 4 4 4 4 2 2 0 1 1 0 1 0 0 4 4 1 2 0 0 2 4 0 0 3 1 0 3 1 2 1 0 1 1 3 2 1 1 3 0 3 1 3 1 0 4 1 3 0 1 3 0 2 0 0 1 1 2 4 4 1 2 0 1 4 3 1
4 2 3 1 2 4 0 4 3 3 2 0 2 4 4 4 0 0 0 1 3 2 3 1 2 1 3 1 1 3 2 1 2 2 3 1 4 4 0 2 0 1 0 3 4 2 1 2 1 1 4 0 1 2 2 1 3 4 2 4 2 4 3 1 2 1 0 1 3 4 4 2 3 0 3 0 2 2 0 1 2 2 4 3 1 3 2 1 1 0 3 3 3 3 2 2 2 0 4 1 2 4 3 4 4 3 4 2 0 4 2 1 0 4 0 0 4 3 4 4 4 4 0 2 0 3 4 3 4 3 2 2 4 3 4 1 2 0 1 1 2 1 2 4 2 3 4 3 2 0 1 1 4 4 0 3 3 2 4 1 1 1 2 1 0 4 4 1 4 4 0 4 0 1 3 4 1 4 1 4 1 0 1 2 4 2 0 1 0 4 3 0 3 3 3 1 4 4 3 2 0
4 0 4 2 3 3 2 4 0 4 3 3 2 3 0 4 4 0 2 2 2 2 4 4 0 4 3 2 0 2 4 0 2 1 1 2 3 1 3 0 1 2 4 1 0 4 1 3 2 1 1 1 4 2 3 2 2 4 3 4 1 1 0 3 4 1 0 1 3 4 0 2 3 4 3 0 0 1 0 1 1 4 0 4 2 3 0 4 2 0 4 4 0 3 1 4 3 4 1 0 4 0 1 1 4 1 3 3 4 4 2 0 3 0 3 1 2 2 2 0 3 1 3 4 0 0 0 3 4 0 1 3 0 3 3 4 0 2 3 0 0 1 0 2 3 1 3 2 0 1 2 3 1 3 2 4 2 2 0 0 0 4 2 3 2 0 1 4 1 0 0 2 4 0 3 3 3 2 4 4 0 4 0 0 2 0 3 1 4 4 1 4 4 0 0 3 4 0 0 4 4
4 3 4 0 3 3 4 1 0 1 3 4 2 1 0 4 4 0 3 2 1 3 1 1 3 1 4 1 2 2 0 4 0 3 4 3 2 2 2 3 0 4 1 3 0 0 1 1 0 1 3 2 4 0 0 1 0 2 4 4 2 3 1 1 2 2 4 4 0 2 0 0 0 4 1 1 2 4 2 2 3 2 1 4 4 3 0 3 2 0 2 2 4 1 1 4 0 0 1 2 4 3 1 4 0 2 0 0 4 2 1 2 2 2 4 1 3 2 1 4 2 4 4 1 4 4 0 1 2 0 1 0 4 4 3 3 1 0 3 3 3 4 1 2 3 1 1 0 0 1 2 2 0 4 0 2 0 3 1 2 1 3 2 0 3 0 2 3 2 1 3 2 0 3 2 2 4 2 1 4 2 4 1 2 3 4 4 4 3 3 3 3 1 3 2 0 3 3 0 3 2
4 0 4 1 3 3 3 0 4 3 2 3 1 3 0 4 1 2 2 4 3 0 1 0 0 3 2 3 0 3 2 1 2 4 2 4 3 0 0 2 1 2 4 2 1 0 4 3 0 1 0 4 4 0 4 2 1 3 1 1 0 1 1 3 0 1 4 2 2 0 2 0 3 4 4 4 3 0 3 0 0 0 0 3 1 2 3 0 1 4 0 2 1 2 4 0 0 0 4 2 3 1 2 3 3 2 4 2 0 0 1 0 4 0 0 3 4 1 1 4 3 0 4 0 3 3 3 1 2 0 1 3 4 3 3 1 1 1 2 3 4 2 0 1 0 0 1 0 1 3 3 3 2 1 2 2 1 3 3 2 2 0 0 1 0 1 4 2 2 2 2 3 3 0 0 0 4 3 0 1 2 4 0 4 2 2 1 1 1 2 2 0 2 4 2 3 0 2 1 1 4
4 2 0 2 4 1 0 2 0 4 4 1 4 3 3 2 4 1 3 0 2 1 0 4 1 3 2 2 1 4 0 1 0 3 1 2 3 4 0 0 4 4 4 1 1 0 4 4 2 1 4 3 1 4 4 4 1 3 3 4 2 3 4 0 1 1 4 2 3 0 3 0 3 4 2 1 2 3 2 2 3 4 3 0 3 4 4 3 0 2 3 1 0 0 1 3 2 1 0 1 2 4 0 4 3 4 0 0 0 3 0 1 2 2 0 3 2 1 2 2 0 2 4 1 1 4 3 0 3 1 1 2 3 0 4 4 0 1 2 2 4 2 2 0 0 3 1 0 2 3 4 4 3 1 2 1 3 0 3 2 4 4 2 4 0 2 3 4 1 0 0 1 3 2 0 4 0 3 0 3 1 2 0 4 3 2 3 2 2 0 3 0 0 2 2 4 1 0 0 3 2
4 3 3 2 0 2 1 2 4 3 2 0 1 4 2 0 0 4 3 2 1 1 2 2 3 3 4 4 0 3 0 4 2 3 0 3 1 4 2 1 2 1 3 4 2 4 3 0 4 2 3 3 4 4 0 4 4 2 2 2 1 1 2 3 2 3 4 0 3 4 1 1 0 3 0 4 0 3 3 3 3 2 3 0 3 1 3 0 4 1 0 0 4 3 3 1 0 0 3 2 0 0 3 2 4 3 0 4 3 1 0 3 4 4 1 2 1 2 1 4 3 3 3 3 4 2 3 0 0 0 2 1 3 1 0 4 1 0 2 1 3 0 1 4 3 0 4 0 4 3 3 3 3 4 0 0 1 1 3 1 4 4 4 3 0 3 1 2 4 2 3 3 3 0 0 2 4 1 4 0 2 1 0 4 2 2 3 4 3 4 4 4 2 1 1 4 1 3 0 1 2
4 3 1 2 4 4 1 4 3 2 1 2 4 3 3 1 0 2 3 2 1 2 3 2 1 2 0 2 2 1 2 2 1 0 2 3 1 3 3 1 3 2 0 0 0 3 0 3 4 1 3 3 4 0 1 2 3 0 3 1 1 4 3 3 0 2 1 3 3 4 0 3 1 2 1 0 3 2 3 2 1 3 4 3 4 1 2 4 0 4 1 4 2 1 1 4 2 0 2 3 4 1 2 0 1 3 2 3 1 4 2 1 1 4 3 3 0 0 1 2 3 3 4 2 1 4 2 2 1 1 4 4 0 2 4 4 4 4 4 4 2 2 3 0 4 2 0 2 1 2 1 3 0 3 1 1 1 3 0 4 4 2 0 1 3 3 4 3 4 4 3 1 0 2 2 4 3 4 0 0 3 1 3 3 1 0 1 2 3 2 3 4 3 1 2 2 2 3 4 4 4
4 2 3 3 0 4 4 1 4 0 4 4 1 1 0 4 4 2 3 1 1 3 1 2 4 4 2 2 1 0 1 1 1 3 0 2 1 3 2 1 4 4 3 1 3 2 0 1 4 3 4 4 1 2 2 3 4 1 3 0 0 1 1 4 4 3 2 3 2 3 0 1 1 3 0 2 2 1 2 2 3 0 2 0 4 3 0 2 3 0 2 4 3 1 4 3 0 0 3 2 1 3 3 0 0 0 3 3 1 2 0 0 2 1 4 1 4 1 0 3 3 4 2 2 4 4 2 4 2 3 0 4 3 3 1 4 4 1 0 0 3 2 3 1 3 3 4 4 3 4 1 1 2 4 2 2 4 4 4 3 4 1 3 0 4 3 1 1 1 2 0 4 4 3 4 3 1 4 3 2 0 0 2 4 2 4 0 4 2 4 4 3 3 3 2 0 0 3 1 2 1
4 1 1 1 1 2 1 1 1 2 2 1 3 0 4 4 2 2 2 4 4 1 3 4 3 2 3 0 0 1 0 4 3 2 2 0 4 3 2 2 1 3 2 3 1 2 0 2 0 2 0 3 1 1 4 0 1 1 3 1 4 4 2 1 4 2 4 4 1 3 1 3 2 1 2 1 3 2 4 2 2 4 1 4 2 3 2 1 3 0 1 1 4 0 3 4 3 0 3 4 1 4 4 0 3 4 4 1 0 1 0 2 3 0 2 3 1 3 1 1 3 2 0 4 3 1 3 1 4 4 2 2 1 1 2 0 4 0 3 0 3 0 2 4 1 0 0 3 1 4 1 1 0 0 2 4 2 2 0 1 3 3 2 4 0 2 4 2 0 4 3 4 1 1 1 1 3 2 0 4 0 1 4 4 1 4 0 0 3 0 1 4 1 2 4 3 2 2 2 4 0
4 2 1 0 3 2 0 3 1 0 0 0 2 0 0 0 1 0 0 2 4 4 4 3 4 2 2 1 1 2 2 3 3 0 0 0 1 2 2 2 2 1 4 3 4 1 0 4 0 4 3 3 4 3 4 0 0 3 3 0 4 3 4 3 2 0 2 3 0 1 0 2 4 1 0 3 4 4 4 3 4 1 0 1 0 0 0 1 0 4 1 3 2 1 0 0 3 4 2 1 2 4 2 4 0 0 3 4 4 3 1 0 2 4 3 2 0 1 4 1 2 2 0 0 0 0 1 4 2 2 4 2 0 3 3 4 1 0 1 0 1 3 2 0 0 4 0 1 1 4 4 2 1 3 2 4 4 2 1 2 1 4 2 3 4 0 1 0 0 1 2 1 3 0 4 1 4 2 1 2 1 4 1 1 0 2 3 4 4 1 3 0 1 2 4 3 1 1 0 2 1
4 3 3 1 3 2 2 3 1 1 0 0 0 0 3 3 1 4 4 3 3 4 3 0 2 2 1 2 2 1 1 2 3 1 3 4 4 3 1 3 4 0 3 3 4 0 4 0 3 2 0 2 2 4 1 1 0 1 4 3 1 0 3 1 4 3 1 3 4 3 0 0 1 1 0 4 4 2 3 3 0 1 2 2 3 4 1 1 2 3 1 0 0 1 0 4 0 3 1 2 1 1 2 2 4 3 0 1 0 2 4 1 3 1 1 1 1 0 1 1 4 1 4 1 0 4 4 4 3 3 4 2 1 0 0 2 0 4 2 0 1 0 3 4 0 4 2 3 1 3 3 4 2 2 0 4 1 2 0 2 1 1 2 4 1 2 1 0 0 1 0 1 4 3 2 1 3 1 4 0 0 2 2 2 3 0 2 0 0 2 2 1 4 4 3 3 4 1 4 3 3
4 3 2 1 2 3 4 0 1 2 3 0 0 0 3 1 4 4 3 4 4 3 1 2 4 2 1 3 2 4 0 0 3 3 0 2 2 0 0 1 2 2 0 4 0 4 1 1 0 2 3 2 1 2 3 0 4 4 2 0 2 4 1 4 1 4 4 1 3 4 2 0 0 1 0 3 3 3 4 4 1 0 0 4 4 1 3 0 4 3 3 4 2 4 4 0 4 1 1 2 2 4 0 3 2 4 1 1 3 1 0 0 1 4 0 1 2 2 1 3 4 4 2 3 3 2 0 3 4 1 2 4 3 0 0 1 3 2 1 4 3 3 4 2 0 1 0 3 1 2 4 1 3 0 0 4 1 4 0 4 0 4 1 3 1 0 2 2 1 0 3 4 1 4 4 1 2 0 4 4 1 2 3 1 0 0 4 4 0 0 1 2 1 0 4 0 3 2 4 2 3
4 3 1 4 3 1 3 2 4 2 0 2 2 1 1 0 1 3 0 3 4 1 4 0 3 2 3 0 4 4 2 2 4 0 1 1 0 1 1 4 1 0 0 1 2 0 2 1 0 3 2 2 1 4 4 4 3 0 3 3 1 2 4 3 3 4 0 2 2 4 2 2 2 0 0 2 4 2 0 2 0 2 2 2 2 1 0 4 0 2 3 2 1 3 3 4 0 0 0 2 1 0 1 0 4 2 4 3 4 1 2 2 0 4 2 4 4 0 0 4 1 3 2 3 1 0 2 3 2 0 4 3 0 2 3 2 1 2 4 0 0 3 4 4 2 0 0 3 4 1 4 1 4 3 0 3 2 2 3 4 2 3 0 0 4 4 2 3 2 3 1 1 4 1 1 2 0 3 2 0 2 3 0 3 1 4 3 2 3 3 2 3 0 4 4 3 2 1 0 0 3
4 4 3 4 2 0 0 3 2 2 2 1 1 3 3 1 2 1 4 0 1 1 2 1 1 1 4 2 2 4 1 3 1 3 2 3 0 0 1 3 4 4 2 4 2 2 4 0 1 4 0 1 4 4 1 2 3 1 3 2 4 0 0 1 3 1 3 1 0 1 1 4 1 0 4 1 3 0 1 4 2 0 4 0 4 3 4 0 1 3 2 0 4 0 2 2 2 2 1 0 3 2 4 4 1 1 1 0 1 3 4 0 3 2 4 3 1 2 4 4 2 4 2 0 3 1 3 2 2 1 0 0 0 3 0 4 2 1 4 0 3 3 3 2 0 3 4 3 0 1 4 4 3 0 0 3 1 0 2 4 0 2 3 1 1 3 0 0 4 4 0 0 1 4 0 2 2 0 4 1 3 4 3 3 1 3 1 2 0 0 3 1 3 1 1 0 0 2 0 3 3
4 1 4 1 4 4 4 4 4 1 1 3 0 1 3 1 2 0 2 2 1 2 1 4 3 2 3 0 0 0 3 1 0 3 2 1 0 1 3 0 1 3 2 4 3 4 0 3 1 4 2 3 3 4 4 0 0 3 4 4 3 1 2 3 1 0 4 3 0 3 0 2 1 2 1 1 2 0 0 4 1 2 1 3 4 0 0 4 3 4 0 0 1 4 0 2 4 2 1 4 1 2 2 0 0 1 0 4 4 0 0 0 0 0 2 4 3 3 3 4 2 4 4 0 2 3 1 3 1 1 1 3 4 3 1 3 2 1 0 1 3 1 1 1 2 0 4 4 2 2 0 4 2 0 3 4 3 2 2 0 1 4 3 4 0 4 2 4 1 3 2 0 3 4 3 2 0 0 3 1 3 0 3 3 3 4 3 1 1 0 3 3 2 1 3 1 2 2 1 4 3
4 2 1 3 0 0 1 3 3 2 1 3 1 3 3 1 3 1 2 3 2 0 2 3 1 0 0 0 2 3 0 0 1 4 1 1 2 1 4 1 2 2 4 2 3 3 1 2 2 0 2 2 1 3 2 2 4 1 0 4 2 2 4 0 3 3 3 1 2 0 3 0 0 4 3 0 1 3 4 3 1 4 3 4 3 3 0 1 3 0 4 0 1 1 0 2 4 2 2 2 0 3 0 1 0 1 4 4 2 2 1 4 0 1 2 0 4 4 0 1 3 4 3 3 0 1 1 3 0 3 4 1 3 4 2 4 3 1 2 2 2 2 0 1 2 2 2 0 4 4 2 2 2 1 0 4 2 2 4 2 1 3 0 0 2 3 1 3 0 0 1 0 0 3 4 4 0 2 3 4 3 3 0 3 0 1 0 3 3 4 0 2 3 1 0 1 3 4 1 2 1
4 1 4 4 3 3 2 4 0 0 4 3 3 3 4 0 4 3 1 1 4 1 2 1 2 1 4 2 3 0 3 0 0 3 3 4 1 4 0 3 1 4 0 4 2 3 0 4 2 0 3 2 4 1 2 1 1 0 0 4 0 2 2 4 2 1 2 3 4 4 3 2 3 1 1 0 2 2 2 0 2 0 1 1 3 0 3 4 0 1 2 4 2 2 4 3 2 3 0 4 2 2 4 3 0 0 2 3 4 0 3 1 0 1 4 4 4 1 1 0 0 2 2 0 3 2 1 2 4 1 1 4 0 0 0 2 1 2 1 1 3 1 2 2 1 4 3 3 4 4 4 2 4 3 0 0 3 2 3 1 1 2 2 2 3 1 2 3 3 0 1 1 4 0 1 3 0 2 3 2 0 0 3 1 4 2 2 3 1 0 2 4 0 3 0 0 1 0 2 0 0
4 1 1 4 3 1 3 3 2 0 1 2 3 2 0 4 0 4 2 3 1 4 0 1 2 0 4 4 2 2 0 1 3 0 0 3 3 4 3 3 4 2 0 2 4 3 3 3 3 2 4 0 0 1 4 4 4 0 4 2 3 1 2 3 3 0 2 0 2 0 2 2 3 3 0 0 2 3 3 2 0 0 3 3 1 3 3 4 0 0 0 1 0 0 4 2 2 0 0 1 1 1 1 3 0 3 1 0 3 3 1 2 1 0 1 0 2 4 4 0 2 2 0 0 1 0 1 1 1 1 3 2 3 4 4 0 0 3 1 2 4 0 0 0 0 1 1 3 2 0 1 0 4 3 3 4 1 4 1 2 2 3 0 0 1 1 0 4 1 1 0 4 1 4 0 1 1 4 3 3 2 4 4 2 3 2 3 3 2 2 1 4 2 2 4 4 2 2 1 2 3
4 2 2 0 3 2 1 3 3 3 4 0 2 3 3 2 3 0 3 0 1 0 3 3 1 3 3 0 3 4 0 2 3 3 3 3 0 3 3 0 1 0 3 0 0 1 2 0 0 4 3 0 0 3 2 2 2 1 0 0 2 1 4 2 4 3 1 2 3 2 3 1 4 0 2 1 0 2 0 2 0 1 3 3 4 2 1 3 0 0 4 1 4 0 0 2 4 2 4 4 3 4 1 4 0 4 1 2 1 2 1 3 0 4 4 2 2 2 2 2 1 1 4 3 1 4 0 0 2 3 1 3 0 0 3 4 4 3 2 2 3 0 1 4 0 4 3 4 4 4 4 1 2 4 2 2 1 1 2 2 0 1 2 4 2 4 2 3 1 3 0 2 1 4 0 3 2 2 4 1 4 0 0 2 0 3 4 1 0 2 3 2 4 0 3 2 2 3 0 1 0
4 0 2 1 2 3 2 0 4 2 2 4 0 0 3 1 1 1 4 1 2 2 1 4 4 3 4 1 0 0 3 4 0 0 1 2 3 4 0 4 0 3 0 1 2 3 3 2 2 3 3 0 3 3 4 4 1 0 4 0 2 1 2 3 2 0 3 0 0 0 0 3 3 1 3 4 3 0 4 3 2 2 4 4 2 0 2 0 3 0 1 1 4 3 1 2 3 0 0 2 1 0 1 3 0 1 4 4 4 1 4 3 2 1 3 3 1 4 4 2 3 1 0 0 0 1 0 3 2 0 3 0 4 1 1 0 4 2 0 4 2 0 3 1 2 1 2 3 2 4 3 2 0 1 3 2 3 3 2 1 3 1 0 3 0 0 4 3 2 4 2 0 4 3 3 3 1 0 4 3 1 4 1 3 1 1 4 4 0 3 4 4 3 4 0 4 4 1 2 1 1
4 1 0 3 3 3 2 2 3 4 1 0 4 1 0 3 2 2 2 1 3 3 3 4 2 4 2 1 0 4 3 4 3 4 0 3 1 2 4 2 2 2 2 1 0 4 1 0 4 0 4 0 0 2 0 0 4 3 1 4 0 3 4 3 3 1 0 0 2 0 3 2 0 3 1 0 2 1 2 2 2 3 0 2 1 2 0 2 3 3 3 3 0 4 0 2 0 1 1 4 2 3 4 1 1 2 2 0 3 1 0 0 0 1 3 3 1 4 1 1 2 0 4 3 2 4 0 2 0 1 2 0 1 3 1 4 0 2 3 1 0 2 2 3 4 0 4 0 1 4 4 4 0 3 2 0 0 3 4 3 0 0 2 1 0 3 2 3 3 3 1 2 4 4 1 0 2 2 3 2 4 2 4 1 3 0 3 0 0 0 3 4 3 4 1 4 0 4 2 3 1
4 3 0 1 1 1 2 0 3 3 1 2 4 1 1 1 3 4 1 0 2 3 3 2 3 2 0 3 2 2 3 0 0 4 1 3 1 2 4 0 1 3 1 2 0 0 3 3 3 3 2 0 2 3 2 3 0 2 3 0 3 0 3 3 3 1 1 1 3 2 4 2 2 3 3 4 0 1 4 1 3 1 3 0 1 3 3 1 3 1 4 0 3 1 3 2 4 0 1 2 2 2 4 1 0 4 2 1 3 2 0 0 1 1 4 0 0 2 3 3 2 1 4 3 1 2 4 1 1 0 4 2 0 1 4 4 4 0 3 3 4 4 3 1 2 4 1 4 1 3 0 2 1 1 0 2 2 3 2 1 2 0 1 2 0 3 3 3 4 3 1 2 4 1 3 2 0 4 0 4 1 4 3 3 1 1 1 2 1 1 0 0 2 1 0 1 0 0 2 0 2
4 1 4 2 4 2 0 4 0 3 2 1 1 1 4 3 3 3 4 0 1 3 1 4 0 3 2 2 4 2 1 4 2 0 3 2 3 0 1 2 1 1 1 0 3 4 1 4 4 2 1 2 1 4 4 4 0 4 4 2 4 4 3 1 4 4 2 1 0 4 2 0 3 2 2 1 0 0 2 4 0 0 4 3 4 1 2 1 2 1 2 4 1 2 4 1 1 2 0 4 4 4 4 1 4 1 1 1 3 3 0 2 4 4 3 4 4 0 3 3 2 0 0 0 4 0 2 4 4 1 0 1 0 2 4 1 1 1 2 3 4 0 3 2 3 3 0 0 4 3 3 0 2 3 1 4 1 3 4 1 3 0 1 0 3 1 2 3 2 0 1 1 1 3 3 2 0 4 1 4 3 4 1 3 4 1 4 3 3 2 0 4 1 3 3 3 3 0 2 0 1
4 0 0 1 0 2 3 4 1 1 0 3 2 2 2 3 3 4 1 1 2 4 1 2 3 3 2 0 3 3 1 0 1 0 4 2 4 1 2 1 4 0 0 2 0 3 1 3 4 1 2 3 3 1 2 0 3 3 4 1 2 2 2 4 4 2 0 1 3 3 0 1 4 3 0 3 3 3 0 4 0 1 3 4 3 4 0 2 3 4 0 4 2 2 4 1 2 1 2 1 3 2 4 1 4 1 3 0 0 4 1 0 2 3 2 4 2 0 1 4 3 2 2 3 3 0 1 0 3 3 3 0 4 2 0 1 1 4 2 1 3 3 4 0 4 0 3 2 2 0 2 2 1 1 1 2 2 4 3 0 3 3 0 0 4 3 1 2 0 0 3 3 0 3 3 1 0 3 3 0 3 0 0 1 2 4 0 0 2 0 3 4 4 1 0 0 3 1 0 3 2
4 4 4 4 4 0 3 0 1 3 4 4 2 2 3 1 3 0 3 2 3 3 0 4 0 1 0 2 0 2 3 1 2 2 0 4 0 3 3 0 1 3 3 0 2 0 4 0 3 0 4 1 2 3 2 4 0 0 0 1 3 2 2 1 1 1 0 2 2 1 4 1 4 0 4 3 3 0 0 2 1 3 3 0 3 0 2 4 0 3 0 3 2 4 4 3 4 3 2 2 4 2 3 1 2 1 1 2 1 3 0 3 1 3 2 2 3 2 4 3 4 4 0 2 4 2 2 4 2 1 4 2 2 3 2 3 2 3 1 2 3 0 1 0 3 3 0 1 3 0 2 2 3 4 2 1 3 3 3 0 3 1 2 4 3 3 0 0 0 1 0 0 0 0 3 0 1 4 3 3 4 0 3 0 3 4 0 2 0 1 2 1 0 1 4 2 3 0 3 0 2
4 3 2 1 3 4 3 3 4 3 4 3 0 3 3 2 0 3 0 2 4 1 1 4 4 0 4 3 0 2 2 3 4 4 2 4 0 0 2 1 0 2 1 1 3 4 2 0 1 4 1 2 2 1 3 3 0 1 1 4 0 1 4 4 4 2 4 1 2 0 2 0 0 1 0 4 2 1 2 2 0 0 2 4 4 4 3 0 0 1 3 2 4 4 0 1 4 4 0 3 0 1 0 2 3 0 0 3 4 0 4 0 3 2 3 4 3 1 1 2 0 2 4 3 1 3 3 2 2 3 0 3 0 4 4 2 0 1 1 3 1 3 1 1 1 4 2 4 0 3 1 3 2 4 1 2 4 1 1 0 1 3 0 4 3 0 1 3 3 2 2 4 1 1 1 3 0 4 4 4 4 2 2 4 3 0 1 3 4 2 0 2 0 2 0 1 2 1 0 1 0
4 4 3 1 4 4 2 2 2 4 2 1 0 1 4 1 0 4 3 2 2 2 1 0 4 0 1 4 1 2 1 3 4 3 2 1 1 2 2 2 4 0 4 3 3 4 1 2 2 4 3 2 2 1 2 4 2 0 2 2 4 3 0 1 3 1 0 3 4 3 2 4 4 3 3 3 2 1 1 1 3 3 0 2 1 4 2 1 3 3 4 4 0 0 2 3 2 2 4 3 2 2 2 4 2 0 0 4 0 2 3 3 3 2 3 1 3 2 2 3 4 2 2 3 3 4 2 0 0 1 0 0 3 1 2 2 3 1 4 3 1 4 1 2 2 2 1 2 4 0 4 1 2 4 0 0 4 4 3 3 4 3 2 1 0 2 1 3 4 3 1 0 4 0 2 2 0 1 4 3 0 0 1 3 4 4 3 4 1 0 0 0 4 0 0 4 3 1 2 2 2
4 4 1 3 4 4 2 4 2 1 1 4 1 1 1 2 4 4 3 3 2 3 3 2 1 0 4 0 1 1 2 2 1 0 0 2 2 4 2 0 2 4 0 4 2 2 1 0 4 1 2 3 0 2 0 1 0 4 4 3 1 4 0 4 3 0 2 3 2 2 1 4 2 4 1 0 4 3 0 4 2 2 2 2 2 0 2 3 4 4 2 4 2 2 4 0 3 2 1 1 1 1 2 3 2 2 2 1 4 0 1 3 2 2 2 2 4 4 2 2 1 3 4 1 0 4 2 0 4 3 2 2 2 3 1 2 0 0 4 3 3 4 2 0 3 0 1 2 0 1 3 2 4 3 3 0 3 4 1 0 3 3 2 2 2 3 4 0 3 3 1 2 3 1 3 4 1 0 2 2 0 3 3 0 1 0 3 1 3 3 0 4 3 3 4 2 1 0 3 2 2
4 1 1 1 1 1 2 2 0 4 4 0 0 4 3 0 3 1 4 3 3 1 3 4 3 0 1 0 0 1 4 0 1 4 1 1 3 0 3 0 1 4 3 2 3 4 1 4 4 3 3 4 4 3 1 4 0 2 2 4 3 0 4 3 3 2 0 0 0 0 1 4 3 2 1 0 2 2 0 0 1 4 2 3 1 2 4 3 2 0 4 0 1 0 2 4 1 1 1 2 0 0 3 3 1 0 0 3 3 3 0 4 2 3 3 2 2 2 1 1 3 2 4 2 1 4 2 4 3 2 3 1 3 4 0 1 2 1 2 3 1 4 2 4 3 4 1 1 3 4 0 1 1 1 2 2 0 0 3 4 0 1 3 1 2 4 0 3 1 1 3 3 2 2 0 0 4 3 0 4 4 0 1 4 3 2 1 2 2 1 3 1 4 0 1 0 4 2 2 4 0
4 2 4 3 0 4 4 1 3 1 4 4 3 1 2 4 2 1 3 2 2 2 0 3 4 0 3 4 4 3 0 4 2 3 2 4 2 0 1 0 1 2 2 4 1 2 4 3 0 4 1 0 4 0 2 0 1 4 4 2 3 4 3 4 4 0 0 4 4 3 4 0 1 2 2 2 1 3 2 1 2 3 1 1 0 4 2 1 4 1 3 3 2 0 2 2 3 1 1 3 4 2 2 1 4 3 1 2 1 2 3 1 2 4 2 4 3 1 4 3 4 4 0 4 1 2 1 2 4 0 4 2 3 3 4 0 0 1 1 3 4 4 0 2 0 3 1 0 2 2 3 2 4 4 0 2 3 0 0 0 3 0 3 4 4 1 0 2 1 3 1 0 0 2 2 2 0 4 2 1 2 1 0 2 4 0 0 1 3 3 2 1 3 0 0 3 1 1 3 0 2
4 1 4 1 1 1 3 1 3 4 4 3 3 1 3 4 3 2 1 4 1 3 1 0 4 2 1 3 4 3 4 3 4 1 3 0 1 4 3 1 3 1 1 0 3 1 1 4 3 3 4 0 4 4 0 1 2 2 3 1 4 2 4 3 1 4 3 4 4 0 3 0 4 0 0 3 1 4 0 1 2 0 4 2 0 2 0 2 2 2 0 1 1 2 4 3 4 3 1 1 3 0 0 4 0 1 1 3 3 3 3 3 4 1 0 3 1 2 2 4 0 2 4 4 1 4 2 1 2 4 1 4 1 0 4 3 2 1 0 0 1 0 4 4 3 0 2 2 1 3 2 0 4 2 2 2 4 1 3 3 0 3 2 3 2 2 1 0 0 4 3 4 1 2 1 0 3 0 4 4 0 1 3 1 4 1 2 0 4 0 1 2 2 1 3 2 1 3 0 1 1
4 0 1 4 3 1 3 0 4 0 3 2 1 3 1 1 2 0 4 0 2 2 2 0 0 4 1 4 0 0 2 3 2 3 1 3 1 3 4 4 1 1 3 3 0 2 3 3 4 3 2 4 4 0 2 1 1 1 4 4 2 1 2 2 0 3 2 2 0 2 4 0 1 2 2 0 2 0 0 0 1 3 2 1 2 3 1 2 3 0 3 0 1 1 1 1 4 4 2 1 1 0 2 1 3 4 0 0 1 1 1 1 3 4 3 0 1 4 0 1 0 4 3 4 0 3 0 0 4 3 2 3 0 1 4 4 1 0 4 2 0 0 3 3 2 4 4 1 0 4 2 2 4 4 3 4 0 0 1 0 2 2 3 3 4 1 2 2 0 3 4 1 3 2 2 1 3 0 0 3 1 2 1 1 1 3 1 1 2 3 2 3 1 0 4 2 3 4 0 2 1
4 3 3 1 0 1 2 3 2 1 0 4 4 2 2 3 0 0 3 2 1 1 4 0 2 2 1 2 3 2 0 3 4 2 2 1 0 0 4 4 1 0 4 2 1 2 1 0 1 1 3 3 3 4 4 4 1 0 1 3 0 3 3 4 2 0 1 2 0 3 2 0 0 2 3 2 1 3 3 3 1 4 0 1 1 3 1 1 3 3 0 2 0 1 3 0 1 1 1 3 0 1 4 3 4 2 4 2 1 1 1 0 3 1 2 1 3 4 4 0 2 0 2 3 0 1 1 3 2 0 4 3 1 4 2 4 4 2 4 2 3 3 0 4 0 2 3 2 0 4 0 0 3 0 4 3 0 1 0 2 0 1 0 2 1 2 1 0 2 4 1 0 2 1 2 4 4 1 0 2 4 1 4 0 2 4 1 0 3 3 0 3 4 1 1 2 4 0 0 4 4
4 1 3 4 0 1 3 2 0 0 3 3 0 1 1 2 1 2 3 3 1 0 2 0 2 1 1 1 4 2 2 4 1 3 3 1 1 4 1 0 1 3 0 2 1 1 3 4 0 4 4 1 3 2 2 4 0 0 4 4 2 4 1 0 1 3 3 4 4 1 4 1 1 4 3 0 0 2 0 4 3 3 3 4 3 1 0 3 1 1 2 3 1 2 2 0 2 2 3 0 1 2 2 3 0 0 3 3 1 1 4 3 4 3 3 0 2 1 1 3 4 2 3 1 1 1 1 0 4 2 2 4 3 3 4 2 1 1 2 0 1 2 3 2 0 1 2 2 0 0 4 0 3 4 0 3 3 0 1 0 0 0 1 1 1 2 0 4 4 2 0 2 1 1 2 4 0 1 3 0 4 3 4 0 1 1 0 0 0 3 0 4 4 2 0 3 2 1 0 3 4
4 3 4 3 4 0 4 1 0 2 1 4 4 0 1 2 4 1 0 3 0 3 1 1 4 3 4 1 2 0 1 2 0 0 1 2 0 0 1 2 3 1 1 2 4 0 3 0 4 1 4 2 3 3 3 1 0 3 4 1 4 0 1 0 3 4 4 4 1 2 2 3 1 1 1 3 1 2 3 2 0 0 4 2 4 1 2 0 3 4 0 4 0 2 4 3 0 2 0 3 2 4 0 4 3 3 0 4 4 0 4 1 3 4 3 1 1 1 0 4 0 4 0 1 3 1 2 1 3 3 4 4 4 1 2 3 0 4 0 1 2 4 1 4 1 3 3 3 0 0 0 1 2 4 1 4 1 3 0 1 2 0 2 3 0 2 1 1 0 4 2 0 1 1 2 2 2 1 0 2 0 3 1 0 2 1 0 1 1 4 0 0 3 4 4 4 1 2 0 4 0
4 0 3 0 0 3 0 4 1 1 0 1 2 4 0 4 4 2 0 2 0 4 2 1 2 0 0 1 2 3 2 3 3 4 2 0 3 1 2 1 1 1 0 0 4 4 2 4 2 3 3 0 3 3 2 1 0 2 3 3 2 4 4 4 0 1 2 2 0 1 3 1 0 1 2 1 0 4 1 0 1 0 4 4 3 0 1 2 2 0 2 4 4 2 1 1 3 3 1 2 4 4 1 3 1 0 4 0 3 1 3 2 2 2 0 1 0 1 4 0 4 3 0 4 2 0 4 1 2 3 3 1 1 2 0 2 4 4 0 3 3 2 4 3 2 4 3 2 2 2 4 3 4 2 1 1 3 0 3 0 4 1 3 3 4 3 3 0 0 4 0 3 4 3 2 0 4 1 1 4 3 1 0 2 3 4 3 1 0 2 0 4 1 0 3 3 3 4 0 4 4
4 1 1 1 2 0 4 2 4 0 2 2 4 1 2 2 1 4 1 1 4 3 0 3 2 1 3 2 2 0 4 0 2 1 0 4 4 4 1 1 4 0 0 2 0 1 3 2 0 0 0 2 4 0 2 1 4 1 3 4 1 3 0 0 0 2 3 1 1 1 4 4 3 4 0 0 2 0 4 3 4 2 0 0 3 0 4 3 3 1 3 3 0 4 1 0 1 4 0 1 2 3 0 3 4 4 3 1 0 3 4 1 1 1 0 0 2 3 2 2 1 4 4 4 2 3 0 3 2 4 4 1 3 3 0 4 3 4 2 1 4 1 1 2 0 2 4 4 1 3 3 2 4 1 2 0 4 3 2 1 0 1 4 0 2 0 0 4 0 2 1 1 3 4 1 3 3 2 3 3 2 4 2 3 2 2 2 4 1 4 3 3 4 1 0 3 2 4 2 0 4
4 0 4 3 1 1 0 2 4 3 4 4 2 2 2 0 0 3 2 2 3 0 3 0 1 1 1 0 2 2 4 3 1 0 4 0 1 0 3 1 2 0 4 1 4 4 2 3 3 4 3 4 4 4 3 0 3 3 3 1 2 0 3 3 0 1 0 1 2 0 0 4 3 3 3 2 0 1 4 3 1 4 4 2 3 1 2 0 3 0 2 4 2 4 3 1 2 4 1 0 1 3 0 0 1 4 1 0 0 2 3 1 3 0 3 3 4 0 0 1 3 3 3 2 0 1 0 0 1 2 3 4 3 4 3 1 1 0 0 2 3 2 0 1 1 1 0 4 0 3 3 0 4 2 4 3 2 3 4 0 2 1 2 2 4 3 1 4 3 3 1 0 4 2 4 4 3 0 2 1 4 2 3 4 4 2 0 1 4 0 2 0 4 1 3 2 0 2 3 1 1
4 2 1 1 0 0 1 0 1 1 4 3 2 4 1 1 4 1 4 2 3 3 1 3 0 0 0 3 2 4 4 1 1 2 1 0 0 1 0 4 4 3 4 0 0 4 2 3 2 4 0 1 4 1 4 0 2 4 2 4 2 2 4 1 0 4 0 0 1 2 3 3 1 1 1 1 4 0 3 1 3 2 1 4 4 1 2 1 2 4 4 3 3 1 1 1 4 1 0 2 3 3 2 2 1 4 3 4 1 2 3 2 2 2 4 0 1 3 3 3 2 0 4 4 1 4 3 3 0 4 4 0 1 3 2 1 2 1 2 4 3 3 3 3 2 0 4 1 0 2 3 1 3 0 1 2 4 3 3 2 1 1 2 3 0 2 2 4 0 0 3 1 3 2 1 4 1 4 2 3 2 4 0 3 4 4 4 4 0 0 1 3 3 2 1 2 2 3 2 2 4
4 0 3 1 3 2 4 2 4 0 2 4 4 1 0 2 0 0 1 3 2 0 1 4 2 0 0 1 4 0 0 2 4 1 1 0 0 1 4 3 0 0 0 3 0 1 0 3 3 4 0 0 3 3 0 0 2 1 0 1 2 4 4 4 4 0 2 4 3 2 1 4 4 0 0 4 3 2 3 4 4 0 2 1 3 2 2 2 4 2 2 4 0 2 3 2 3 1 4 3 2 0 4 2 4 3 1 1 3 3 2 4 4 4 4 2 4 4 3 3 3 2 2 2 0 4 1 2 4 0 0 4 1 2 2 0 3 4 2 2 4 2 1 4 0 0 4 4 3 2 0 3 4 0 0 4 0 4 4 1 0 4 4 4 0 4 1 0 1 0 2 2 4 1 3 1 1 3 0 1 3 3 3 3 4 1 2 3 4 2 4 0 3 0 2 1 2 0 2 1 3
4 1 4 4 0 3 4 1 4 3 1 0 3 1 2 4 4 4 3 3 2 2 3 4 2 2 4 2 2 3 1 2 3 3 3 4 0 3 4 1 0 3 2 1 4 0 1 0 1 4 3 4 4 0 4 1 2 3 4 3 4 4 1 3 4 0 4 3 3 2 4 1 2 3 1 1 2 1 4 1 0 4 2 4 1 1 2 3 4 1 2 1 3 0 2 1 1 4 1 0 3 3 0 1 2 1 3 1 0 2 4 2 4 1 1 1 2 4 1 1 2 1 2 3 3 3 0 3 2 0 2 4 4 3 3 3 4 2 2 2 0 1 4 3 2 2 1 3 0 2 0 0 4 4 2 3 2 4 0 0 0 4 0 1 4 2 3 1 3 0 1 2 4 3 2 0 4 2 2 0 0 1 2 2 3 1 1 4 3 4 1 3 2 2 0 3 1 4 2 0 2
4 4 4 3 0 0 1 1 4 0 4 4 4 4 4 0 4 1 4 3 2 3 4 1 4 2 2 4 1 2 0 4 1 3 0 0 0 0 2 4 1 3 3 1 3 1 0 1 3 2 2 1 3 1 2 3 4 4 4 1 2 1 0 3 2 0 3 3 4 3 4 0 2 2 4 3 2 2 4 3 0 1 1 1 4 0 0 0 0 1 3 1 0 2 2 3 4 1 1 3 4 0 0 1 0 4 2 0 4 1 1 4 0 3 3 2 2 1 3 0 1 2 0 3 0 3 2 0 3 4 0 2 3 0 4 4 4 1 0 3 3 3 1 0 0 2 2 2 0 0 1 2 4 0 1 0 3 4 4 3 3 0 3 4 0 3 1 2 4 2 0 1 1 2 1 1 0 4 1 0 1 3 3 3 0 2 3 1 1 2 3 1 3 3 2 1 1 3 3 0 4
4 1 3 3 3 0 1 2 3 3 2 1 2 1 2 2 2 0 2 2 2 0 3 1 1 4 0 2 1 3 1 3 1 3 2 1 2 1 4 3 1 2 2 2 2 1 3 3 0 4 1 4 3 4 4 0 0 1 2 4 1 3 4 2 4 1 3 1 1 1 4 3 4 1 0 2 0 3 2 2 1 1 0 3 2 0 0 1 0 1 0 0 1 0 4 4 2 2 0 4 0 2 0 2 3 2 1 3 3 3 3 0 2 3 2 0 3 1 2 0 2 1 2 4 1 0 3 1 0 2 4 1 4 3 0 3 2 4 4 4 1 2 1 3 4 1 0 0 0 1 4 0 1 4 2 2 4 0 2 0 1 3 3 4 4 0 4 2 3 2 3 2 0 1 3 3 1 3 2 4 1 3 3 2 4 3 2 0 3 2 4 0 2 4 1 2 3 3 4 3 0
4 3 2 3 4 4 3 4 0 3 1 4 0 3 2 0 3 4 3 0 1 2 0 2 0 4 3 2 4 1 3 2 1 0 2 2 2 1 3 2 0 1 0 1 0 0 4 0 1 3 0 2 1 3 2 1 4 4 4 1 1 1 1 4 0 1 0 2 2 0 3 3 2 3 1 2 1 2 1 0 1 4 1 0 1 3 2 0 0 0 2 1 1 0 0 0 2 4 0 2 1 3 3 4 3 4 2 4 1 1 2 4 0 1 0 2 2 1 2 4 4 4 2 3 4 1 4 4 3 4 0 1 3 3 4 4 4 3 2 4 3 1 3 1 1 4 0 4 3 1 2 1 0 2 0 4 1 0 0 3 1 0 0 3 2 3 2 1 2 2 2 4 0 0 1 4 3 1 2 1 0 0 4 3 0 2 2 4 0 3 4 0 2 3 1 1 1 4 3 1 4
4 2 0 2 2 4 1 2 3 1 1 0 2 0 0 4 1 0 2 3 0 2 0 4 2 4 0 0 1 1 1 1 2 3 2 0 1 1 4 4 2 4 2 4 3 0 3 1 0 3 2 3 3 0 3 4 2 4 1 2 1 0 1 4 4 0 3 1 2 0 4 4 4 4 3 2 1 0 4 0 1 0 3 1 1 4 4 1 3 2 0 3 2 3 4 1 4 4 0 0 0 0 4 2 3 2 0 3 1 3 4 2 0 1 0 2 0 3 3 0 2 3 2 0 0 4 4 3 1 0 2 1 0 4 2 2 2 1 4 3 1 2 3 3 2 0 4 2 2 2 2 0 3 0 4 3 3 4 0 1 4 4 3 4 4 4 3 0 4 0 4 3 3 2 2 4 3 0 1 1 3 4 2 1 1 2 1 1 1 0 4 4 3 3 1 0 2 0 0 3 0
4 4 0 1 2 4 3 2 1 3 0 1 4 2 4 2 0 0 4 0 4 4 3 4 0 0 0 2 1 4 1 3 3 3 4 0 3 3 3 3 3 2 3 3 0 0 3 2 4 1 0 2 2 4 1 0 1 1 4 3 4 1 1 1 4 0 0 3 0 0 0 0 2 4 0 0 1 0 2 0 2 3 1 3 1 2 4 4 0 1 3 4 3 1 0 1 0 2 1 1 0 4 2 0 2 2 3 2 1 2 1 1 4 4 2 3 0 0 3 0 1 4 0 2 1 2 2 4 2 3 3 4 1 0 0 2 2 4 2 3 4 2 3 4 0 4 4 1 3 0 3 1 1 0 0 1 2 0 3 3 2 3 4 1 0 0 3 2 2 3 4 3 3 2 1 4 2 3 1 0 2 4 2 4 2 1 3 3 0 1 0 1 1 1 0 2 3 3 3 4 4
4 1 1 0 0 1 3 2 1 0 0 3 4 4 2 1 1 2 4 4 3 0 4 2 1 1 1 1 1 1 0 3 3 2 3 1 1 0 2 4 2 1 4 2 4 4 4 3 3 2 4 3 3 4 2 1 3 3 2 3 4 4 0 2 4 3 3 4 1 3 0 2 3 1 3 3 0 3 0 2 2 0 2 0 3 0 0 0 2 4 4 4 4 0 4 3 1 3 3 4 2 1 1 1 1 4 3 3 0 1 3 0 3 3 3 1 4 2 4 2 0 3 4 1 3 4 0 0 2 0 2 4 2 3 2 3 2 0 2 3 1 0 0 3 3 2 0 3 0 0 4 2 2 0 4 0 0 1 4 1 0 1 4 1 2 3 1 3 2 1 1 3 4 1 1 4 3 0 2 2 0 1 4 4 2 3 1 2 2 0 4 0 1 0 2 0 3 0 3 1 1
4 3 1 2 1 0 4 3 1 1 4 1 1 3 1 1 2 3 2 1 1 2 2 4 2 1 0 4 3 1 2 0 1 2 2 1 2 2 0 0 2 2 0 2 2 0 4 0 3 2 1 3 2 2 1 0 0 0 1 2 0 1 0 2 3 4 4 1 4 2 2 4 4 1 3 1 1 2 1 3 2 4 3 4 4 4 3 0 1 4 0 0 4 4 2 2 2 0 3 2 1 4 4 0 1 0 0 0 1 4 0 1 2 1 4 4 3 2 2 2 0 4 0 0 3 3 4 0 0 1 0 2 4 1 0 0 1 2 1 1 2 2 2 2 2 1 1 0 4 1 0 2 2 3 1 0 4 4 0 4 1 0 2 2 2 2 4 2 0 0 4 2 4 0 2 1 4 1 3 4 3 3 3 4 1 3 0 4 4 3 3 3 0 0 1 0 3 4 1 4 4
4 1 2 4 0 1 4 3 3 4 2 2 0 4 2 2 0 2 3 3 1 3 0 2 4 4 3 4 3 1 0 2 1 0 1 0 4 0 3 0 1 4 4 3 4 1 1 1 4 2 1 1 0 3 3 2 4 4 4 4 1 1 1 1 3 0 0 4 0 4 2 1 4 3 4 0 1 1 3 0 3 1 1 0 4 0 4 0 4 0 2 4 2 1 1 4 3 4 0 4 1 2 0 0 0 4 3 1 3 2 3 0 1 4 2 0 1 4 4 2 4 4 1 2 4 0 1 1 3 4 4 2 2 2 1 0 1 0 0 1 2 0 1 0 3 0 3 0 0 3 3 0 1 3 4 2 4 4 1 1 4 0 2 0 2 4 0 0 3 3 2 2 0 4 3 3 1 4 2 3 1 1 0 3 3 3 1 3 4 3 1 2 4 0 1 1 2 0 1 0 0
4 4 2 3 0 3 2 4 0 4 0 3 3 3 3 4 1 1 2 1 0 1 3 1 2 1 3 0 0 2 2 1 0 3 2 3 3 4 2 2 1 2 1 3 4 2 4 1 3 2 1 2 3 1 1 0 1 2 2 2 0 0 4 0 3 4 4 2 0 0 4 2 4 1 0 4 2 0 4 1 4 4 1 3 1 3 0 1 1 3 0 0 4 1 1 3 1 0 0 0 2 1 1 3 3 0 2 0 2 0 0 0 4 1 4 4 4 2 4 1 4 2 4 1 2 4 4 1 3 2 2 0 2 3 2 1 3 1 2 1 0 4 2 0 4 2 0 3 4 2 0 4 4 2 2 1 2 3 2 2 1 2 1 4 0 1 0 3 1 0 0 1 1 4 0 0 3 2 4 0 4 0 4 3 0 4 2 2 4 3 1 0 3 2 4 4 3 4 3 1 2
4 2 2 3 1 2 3 2 2 2 4 0 2 0 2 4 0 2 2 0 1 3 2 3 0 1 3 2 3 2 1 1 1 3 4 3 4 4 2 4 4 0 3 4 3 4 2 2 1 3 0 1 0 2 1 4 3 1 1 4 2 2 0 2 3 1 2 1 1 2 4 3 4 0 0 2 3 0 2 2 3 3 2 1 3 3 3 4 1 1 3 4 2 4 1 1 0 1 1 0 1 3 0 1 1 4 1 1 1 3 1 1 4 2 0 2 4 3 0 0 0 0 3 4 0 0 3 0 2 1 3 0 2 0 0 0 3 3 2 4 0 0 0 4 4 3 0 4 1 2 3 0 0 3 0 4 3 3 1 3 3 1 3 1 4 4 4 2 3 0 3 3 2 2 4 2 0 2 4 3 2 4 0 1 3 2 2 2 0 4 2 3 1 0 0 1 0 0 4 3 2
4 3 3 0 3 0 4 4 0 2 0 0 2 0 3 4 3 0 1 2 0 1 1 1 3 0 4 3 4 1 0 2 1 0 0 2 4 0 0 0 0 1 1 3 4 2 2 4 4 3 0 4 2 1 4 4 0 2 4 4 2 2 1 4 1 4 4 3 0 0 1 0 0 1 1 2 0 2 4 1 0 2 0 4 3 0 0 1 1 1 0 2 2 3 1 4 1 0 3 4 0 0 3 2 3 0 1 1 2 0 2 1 2 0 4 1 4 1 0 0 0 1 4 2 3 0 3 2 1 2 1 0 0 3 4 3 0 3 2 3 3 3 1 1 1 4 4 1 4 4 2 3 2 0 4 4 4 2 3 0 1 1 1 0 2 2 3 2 4 3 2 3 2 3 1 0 1 0 4 0 2 3 0 4 4 0 2 3 4 1 2 1 3 2 4 1 3 2 4 2 0
4 2 3 3 2 0 0 0 0 3 4 0 4 4 3 3 2 3 1 2 1 0 0 3 2 2 0 4 4 4 4 4 3 4 4 2 3 3 1 4 1 2 2 1 2 0 2 4 1 0 1 1 2 3 1 4 0 3 4 2 2 4 3 1 0 4 1 4 4 2 2 0 2 0 3 4 3 4 4 3 1 4 0 0 4 2 2 1 3 3 0 3 0 0 1 0 1 4 0 2 4 2 1 1 2 0 0 0 4 2 1 3 2 1 4 0 3 2 4 2 2 1 4 4 4 2 4 3 0 4 2 3 0 1 3 1 3 2 0 2 1 0 4 0 4 4 3 0 1 2 4 4 3 1 0 2 0 4 4 1 1 0 1 2 2 2 2 1 1 4 3 4 1 2 3 4 3 3 2 1 1 4 4 3 0 4 4 4 4 2 2 0 2 0 3 0 3 2 3 4 0
4 4 1 0 1 4 2 4 2 4 1 4 2 4 1 1 1 3 3 0 1 4 1 3 2 3 3 2 2 2 1 1 1 1 1 4 2 3 3 4 4 4 0 0 2 4 1 3 3 4 0 0 2 3 1 3 1 1 4 3 4 4 2 4 4 4 2 3 2 3 0 1 0 2 3 4 2 0 0 3 1 0 4 2 4 0 3 0 2 2 2 2 3 4 0 2 3 1 2 0 4 4 4 1 2 2 3 1 3 2 1 0 4 0 3 2 4 0 1 0 4 0 1 2 0 1 4 0 2 2 4 3 2 0 1 2 3 0 0 2 4 1 4 1 1 3 3 2 1 2 2 3 2 4 4 3 1 4 4 3 2 2 3 3 4 3 4 0 1 1 1 4 3 1 3 1 4 4 2 1 0 0 1 4 2 4 2 4 4 4 4 3 2 1 0 1 1 4 4 2 4
4 2 3 2 4 2 3 4 1 4 0 4 1 2 1 1 1 4 3 4 2 1 3 4 4 0 3 0 2 3 3 3 4 4 2 0 0 1 4 1 0 0 3 3 0 3 4 3 2 0 3 0 0 1 4 1 1 0 0 0 4 2 2 3 0 3 3 2 3 2 0 0 1 0 2 3 2 0 0 1 4 4 0 1 0 1 4 4 2 4 1 1 3 0 2 4 0 4 0 0 1 0 4 4 2 3 0 2 4 4 4 3 2 1 3 2 1 1 1 2 2 0 4 0 3 2 1 3 2 4 2 3 0 2 1 0 2 3 4 0 2 3 2 0 0 1 0 4 3 2 4 4 1 0 0 0 1 2 1 3 0 4 1 2 2 4 4 2 1 4 2 2 4 3 0 1 3 0 3 3 1 2 3 3 3 1 0 0 2 0 2 3 1 0 4 3 1 2 2 4 2
4 2 3 4 2 0 3 3 1 3 3 4 0 3 1 1 4 4 2 3 0 4 2 1 2 1 1 4 1 4 2 1 4 3 2 3 1 0 4 0 4 0 3 0 3 3 4 2 0 4 2 0 4 4 1 2 3 4 2 0 4 1 2 3 4 0 2 0 2 4 0 4 3 1 0 1 3 3 1 4 3 1 2 0 4 4 3 1 4 4 2 3 1 1 3 4 4 0 4 0 2 3 2 2 3 3 3 4 3 4 0 0 1 0 3 0 4 0 0 1 4 3 3 2 1 0 0 0 3 0 2 0 0 0 0 4 3 3 4 2 3 3 1 4 3 1 4 3 4 0 4 4 4 3 0 1 4 1 0 0 4 4 4 0 0 0 2 3 2 3 0 4 3 0 2 4 3 2 0 2 2 3 2 4 2 1 0 4 1 0 4 2 4 1 1 4 4 2 3 2 1
4 3 0 3 4 0 3 2 3 1 1 1 1 0 3 4 3 4 4 3 1 4 2 4 4 1 4 0 1 4 0 3 2 4 3 4 0 0 4 0 0 0 4 2 0 1 3 2 0 1 3 1 3 1 4 4 3 1 2 3 4 3 4 1 2 4 1 0 4 3 1 3 0 1 4 0 1 2 4 1 1 4 0 0 2 4 4 4 2 4 2 1 4 0 4 1 4 0 0 3 0 3 1 4 1 1 0 2 4 0 4 4 4 0 4 1 1 1 4 1 2 3 3 0 1 0 0 4 4 0 4 2 0 3 3 1 4 0 1 3 3 0 2 4 0 2 4 4 2 3 2 1 2 0 4 1 4 0 2 0 1 3 2 0 2 2 0 4 3 2 1 1 1 0 4 3 0 4 2 4 0 0 4 3 0 1 1 0 0 2 1 4 4 1 2 0 4 2 1 3 4
4 0 0 0 1 0 3 0 3 2 3 2 4 0 4 1 2 4 0 4 4 1 0 2 2 4 3 3 2 1 1 2 1 1 1 2 3 3 3 1 0 1 4 0 0 4 0 3 3 2 1 0 0 4 4 3 4 4 1 1 0 4 0 3 0 3 0 2 1 3 0 1 0 3 4 4 2 4 3 4 3 2 4 2 0 3 2 3 4 4 4 1 4 0 3 1 3 0 2 2 3 4 2 1 2 2 3 0 3 4 3 3 4 2 2 2 0 3 1 0 2 0 3 1 1 1 3 0 3 4 1 2 1 3 0 4 0 4 0 1 0 0 0 0 0 0 0 0 0 1 1 4 3 2 1 4 0 0 2 1 1 1 4 2 1 0 1 3 2 3 1 3 1 0 3 0 4 2 3 1 1 3 1 0 3 3 2 0 2 0 3 2 4 3 4 0 2 2 1 0 1
4 0 4 4 4 0 3 4 2 3 2 3 4 2 1 2 0 2 1 3 1 2 4 1 4 1 3 3 4 2 1 4 4 2 0 0 4 3 0 3 4 0 0 3 0 4 4 1 0 1 2 2 1 2 3 4 3 1 0 2 2 1 4 1 0 3 1 0 4 0 3 0 0 0 2 4 1 4 4 4 0 0 4 1 4 1 2 3 1 0 1 3 1 2 4 4 2 1 0 0 3 3 2 4 3 1 1 4 0 3 2 1 3 4 1 0 3 1 2 0 4 3 0 1 3 3 0 2 2 2 1 3 2 4 2 2 4 4 2 0 4 0 1 1 2 0 1 0 0 1 2 2 4 2 2 3 0 0 4 1 3 3 2 1 3 3 1 0 4 3 1 4 1 1 2 4 4 4 2 3 3 2 3 3 4 3 4 0 0 4 2 4 1 2 0 2 2 2 2 3 3
4 4 1 4 3 3 4 1 4 1 1 2 0 3 2 4 2 4 1 0 2 2 3 1 0 4 1 1 4 2 1 4 2 2 4 4 3 1 0 0 4 2 4 0 0 3 1 3 3 3 3 3 4 1 3 4 0 1 2 2 2 0 4 3 4 0 2 2 4 1 0 3 1 4 2 1 3 2 4 1 1 2 2 0 0 0 1 2 0 0 0 4 4 0 0 2 2 1 2 1 2 4 0 3 2 1 0 4 4 4 1 1 3 1 2 0 2 0 4 0 4 4 0 3 2 3 1 2 1 0 0 3 0 1 2 2 0 1 4 3 4 1 2 2 4 1 4 1 4 4 2 1 4 0 3 0 1 4 1 0 4 2 4 1 1 3 4 1 3 1 0 2 3 2 3 4 3 4 4 1 2 3 0 3 2 1 0 0 1 1 0 3 3 3 3 1 0 1 1 1 2
4 0 3 3 3 3 3 1 3 4 1 1 0 2 4 4 0 2 3 0 3 0 0 1 4 2 0 3 1 2 2 4 1 0 2 0 0 3 2 0 2 4 4 2 4 0 4 1 3 4 1 1 2 3 0 3 2 4 4 2 4 3 0 1 3 2 0 1 0 2 2 0 1 1 1 1 4 3 1 2 4 4 2 3 1 3 1 0 1 0 3 1 1 1 4 4 2 3 0 0 3 0 3 4 4 3 2 1 0 0 2 4 2 4 4 1 0 3 2 0 1 0 0 1 4 3 0 4 2 4 2 4 2 1 4 3 1 2 4 0 4 1 4 2 1 0 3 0 0 4 0 0 0 1 4 3 1 3 0 0 3 4 3 0 3 0 3 2 3 3 0 1 0 1 2 4 0 4 0 3 2 2 4 0 1 2 2 1 4 1 4 0 2 0 2 4 0 0 3 1 3
4 4 0 4 0 3 3 0 4 2 1 3 0 1 1 3 1 4 3 2 1 4 3 4 0 3 1 0 3 3 4 1 0 4 1 1 1 1 1 3 4 2 3 1 3 4 1 4 0 0 1 3 4 3 2 1 0 2 1 4 4 2 4 2 0 4 4 4 3 2 1 3 4 3 3 2 3 3 4 0 2 1 2 4 0 3 1 1 0 2 3 2 0 4 3 0 2 3 2 2 0 4 4 3 4 3 4 3 4 4 3 3 3 2 2 0 3 2 3 1 1 0 4 4 1 0 2 1 1 0 4 0 0 4 4 4 0 2 4 3 4 3 2 2 4 0 3 4 1 2 3 0 4 0 0 0 3 4 2 2 4 2 2 4 1 1 1 4 1 4 4 1 1 0 0 4 1 2 4 4 3 0 2 0 4 4 0 2 3 1 4 0 2 2 4 2 2 0 2 3 0
4 1 4 2 4 4 4 3 2 3 1 3 4 4 4 0 1 0 1 4 2 1 4 4 0 1 4 4 2 1 4 4 4 2 3 4 2 1 1 2 2 2 4 3 3 1 0 1 1 1 4 0 0 4 3 4 1 2 4 0 1 4 2 1 1 0 1 1 0 1 2 1 0 2 1 1 2 0 4 2 3 1 4 1 4 2 1 2 3 0 1 1 4 0 1 0 4 4 3 3 0 2 1 0 2 0 2 2 1 3 3 4 1 2 3 4 0 4 4 0 1 3 2 1 1 0 2 0 2 0 0 2 2 1 0 4 1 0 0 1 4 4 2 4 3 3 0 1 2 1 2 0 0 1 0 4 2 3 4 2 0 0 2 1 3 4 4 2 0 1 4 3 2 1 1 4 2 2 4 2 0 2 1 4 1 3 1 2 1 3 3 2 2 2 1 2 1 2 1 2 4
4 4 0 0 1 1 3 4 1 4 0 2 3 2 2 4 0 4 3 4 1 2 4 1 3 1 2 0 1 2 3 0 2 1 1 3 4 4 2 3 1 4 3 3 1 2 1 4 3 4 0 0 2 3 3 2 4 2 0 0 0 4 3 4 1 0 4 0 0 4 3 0 3 1 2 2 2 1 0 2 3 1 2 2 2 2 2 2 1 1 2 2 2 2 3 4 3 4 2 1 1 4 4 3 4 1 2 3 4 0 1 3 4 3 3 2 4 3 4 0 2 3 4 2 2 0 2 4 1 4 4 0 2 4 3 3 0 2 4 3 4 0 4 1 1 4 0 3 2 2 2 1 3 2 1 3 3 3 3 0 4 2 4 4 3 1 3 3 0 3 0 0 1 2 4 4 2 2 3 0 1 1 4 0 0 0 0 2 3 2 2 3 0 0 2 3 4 1 1 1 1
4 0 0 3 1 1 1 2 3 0 4 1 1 3 2 1 2 0 2 4 2 4 3 3 3 4 2 4 2 2 1 1 3 0 0 1 2 0 2 4 3 2 3 0 1 3 2 4 3 0 2 2 1 4 4 2 3 1 4 1 1 3 1 2 1 4 0 2 1 2 2 2 1 0 4 3 2 4 1 0 3 1 2 0 2 1 2 0 1 1 3 2 2 4 2 0 2 3 2 1 1 1 3 2 0 1 2 0 3 3 2 4 2 1 4 2 1 1 3 2 4 3 4 2 2 1 3 3 4 3 4 0 1 1 1 3 2 1 0 1 3 1 3 0 3 0 1 1 1 2 4 2 2 1 3 1 1 1 0 3 3 0 1 0 1 4 2 4 4 3 3 0 1 0 3 0 3 3 2 4 0 3 3 4 0 2 2 0 0 2 1 2 3 1 1 1 2 1 3 0 4
4 4 3 1 2 1 4 3 3 2 0 2 0 0 1 1 1 1 4 0 1 4 3 4 3 3 2 3 1 0 0 0 1 4 0 4 1 1 4 0 1 2 2 2 2 4 3 2 2 4 2 2 3 2 3 0 2 2 1 1 1 1 1 4 0 4 2 0 1 1 0 1 0 3 0 2 2 4 3 2 0 4 1 3 2 0 0 3 2 0 4 3 0 1 1 2 3 0 3 0 2 0 1 0 1 4 3 2 4 3 4 2 3 2 0 1 2 4 2 3 4 3 1 0 1 3 2 2 4 3 2 3 1 1 2 3 1 1 4 4 3 1 3 2 3 3 0 4 2 0 2 4 0 3 0 2 2 2 3 0 0 1 4 0 4 3 3 4 1 2 4 3 2 1 1 2 4 1 4 2 2 2 0 2 1 3 4 2 1 2 1 1 4 0 4 0 4 0 1 0 0
4 2 4 1 0 3 4 0 0 1 3 1 0 3 1 0 3 3 0 1 1 3 3 4 0 0 1 1 4 4 1 1 3 2 2 0 0 4 2 1 1 3 2 4 2 2 1 2 2 3 4 1 4 3 2 0 1 1 1 1 3 3 2 1 3 0 1 0 2 1 0 1 2 2 3 0 4 3 0 3 2 0 2 2 4 4 3 1 3 3 1 2 1 3 4 4 1 1 2 2 1 1 0 0 3 3 1 2 1 0 1 1 0 0 0 2 3 1 0 2 2 3 2 1 0 3 0 1 3 3 2 4 1 0 2 4 4 4 3 2 3 1 2 1 3 3 4 4 3 0 1 0 1 0 0 2 4 3 0 2 1 0 4 0 3 1 1 4 2 4 1 4 0 0 2 0 2 3 0 4 3 0 0 3 2 2 1 4 2 0 2 4 3 2 2 1 2 1 4 3 3
4 2 2 0 2 2 2 3 4 4 1 4 3 3 2 2 1 3 3 4 2 1 3 0 1 3 3 0 3 3 0 3 0 3 3 1 3 0 3 1 2 2 4 3 2 0 2 4 2 1 4 3 1 0 0 1 3 3 4 1 3 1 3 3 1 1 2 4 3 4 4 4 3 2 4 1 0 1 0 0 1 2 1 1 2 3 2 4 2 4 2 4 3 3 1 1 0 4 2 4 1 4 4 1 1 0 4 2 3 0 1 4 4 0 1 0 1 1 3 1 0 4 0 0 2 3 1 2 3 4 1 0 2 4 2 2 3 2 3 1 3 3 3 0 1 0 1 4 3 3 4 2 3 4 0 4 0 0 2 4 4 1 2 1 3 0 0 4 2 2 1 4 0 1 2 1 0 3 4 3 4 0 0 3 4 2 0 3 3 1 1 0 0 4 3 2 3 2 2 1 3
4 4 2 4 0 1 1 3 2 0 2 3 0 4 0 0 1 1 4 0 2 3 3 1 0 1 4 2 1 4 4 3 4 1 4 3 3 4 1 1 4 2 1 0 1 2 0 4 4 4 3 2 4 2 2 4 0 0 3 1 4 1 1 1 0 1 2 2 3 0 3 1 0 0 3 0 3 4 2 0 0 4 2 0 3 2 3 3 0 3 1 4 4 1 1 0 0 3 4 4 0 3 1 4 1 0 3 4 0 2 3 3 0 1 0 2 4 4 0 2 4 0 2 0 2 0 2 1 3 2 2 4 4 1 1 0 0 4 3 2 4 1 4 3 3 3 2 2 1 3 2 0 0 3 1 3 3 0 0 4 2 0 2 4 0 1 3 3 3 3 3 0 4 2 2 2 1 2 3 1 1 3 3 2 3 3 3 3 0 1 4 1 0 3 2 2 0 3 4 2 1
4 0 3 0 0 0 3 2 0 3 1 0 3 4 0 4 4 0 4 1 2 1 1 3 0 4 3 0 1 4 1 3 4 3 1 1 3 2 2 4 0 2 3 3 1 3 2 4 3 4 2 4 3 0 2 0 4 1 3 2 0 0 1 4 1 0 1 2 1 3 4 2 3 4 4 0 3 1 3 3 4 3 3 0 0 0 0 2 4 1 0 4 2 3 3 4 3 1 4 4 3 2 3 3 2 3 0 3 4 0 2 0 4 2 0 3 1 1 0 0 4 3 1 4 4 0 2 4 4 3 1 3 4 4 1 0 0 3 0 0 0 2 1 4 3 2 3 4 3 3 4 2 4 2 1 0 4 1 1 2 3 3 4 4 0 0 1 3 1 3 1 0 4 2 3 2 3 1 3 3 4 4 2 3 2 2 1 1 4 3 0 4 1 4 2 3 4 1 0 2 3
4 1 2 1 4 0 4 2 1 0 0 1 2 4 0 1 0 3 2 0 1 3 0 3 0 4 2 3 1 1 4 2 0 3 4 1 4 3 2 4 0 2 2 3 2 1 0 0 1 1 4 0 1 0 2 4 3 0 0 1 3 3 4 0 0 3 1 3 4 2 4 3 2 2 2 0 1 1 3 4 1 2 2 0 0 0 4 4 1 3 2 0 0 4 4 2 3 1 0 1 4 3 2 1 1 0 0 3 3 2 0 1 4 1 4 1 0 4 3 3 0 1 1 3 4 2 2 1 1 1 3 4 3 4 2 3 4 1 1 3 2 1 2 2 4 1 4 3 1 1 1 0 3 1 4 3 4 1 1 3 0 0 2 4 0 3 2 2 3 0 1 3 4 3 0 0 2 4 4 1 3 3 3 0 1 4 3 1 3 2 0 4 0 0 2 4 1 4 4 1 3
4 2 1 4 2 0 4 2 3 4 3 3 3 2 1 2 4 2 2 3 4 4 2 2 2 2 0 3 1 3 4 0 4 4 4 1 3 4 1 3 4 3 3 2 1 1 2 2 3 3 1 3 1 0 4 3 2 2 2 4 2 4 0 1 0 3 2 2 1 0 2 3 0 1 1 4 4 4 4 2 1 3 4 1 1 1 4 4 1 2 2 0 3 0 3 2 1 1 2 2 3 2 1 4 3 2 2 1 3 1 3 3 3 1 0 1 1 0 0 0 1 1 0 2 1 2 4 0 3 2 3 2 4 2 4 0 0 2 4 4 1 0 4 2 4 2 4 4 0 1 4 3 2 2 1 1 0 1 0 2 3 2 2 1 1 2 0 0 1 3 1 2 0 1 3 2 4 3 2 3 3 2 2 3 0 2 2 4 2 4 4 2 3 4 4 3 2 0 4 3 0
4 3 2 0 0 4 4 2 0 2 1 3 2 2 2 1 0 0 3 3 0 4 4 2 4 4 0 4 1 3 3 3 4 3 3 0 2 1 2 1 4 0 1 4 3 2 0 3 0 4 4 2 0 3 0 3 1 2 3 1 2 4 0 3 1 3 4 2 2 0 1 2 1 1 3 4 4 1 3 0 4 0 3 0 4 2 4 0 0 2 3 2 0 4 2 2 2 4 2 2 1 4 3 2 1 1 1 1 4 3 0 1 3 2 3 2 4 2 2 2 1 0 1 0 3 3 2 0 4 2 0 0 4 0 1 3 4 4 2 0 4 0 1 2 2 3 1 3 2 0 3 4 2 2 2 4 0 3 3 1 2 3 1 1 1 1 2 2 0 3 4 1 2 4 2 4 3 4 0 4 2 1 2 3 3 1 1 0 3 2 2 1 3 4 4 0 3 0 4 1 2
4 4 0 0 3 3 2 2 4 2 0 1 1 2 0 1 4 0 0 3 2 1 4 4 4 2 4 4 2 3 2 3 3 2 0 1 2 3 1 3 1 4 4 3 1 1 4 2 2 0 2 0 2 4 2 0 3 3 0 1 0 2 2 1 4 4 0 3 0 2 4 4 4 3 2 4 1 0 4 4 1 3 0 2 0 1 0 0 0 3 1 1 2 1 4 0 3 3 1 3 4 3 2 2 4 3 1 2 3 3 0 3 0 1 3 1 1 0 1 2 4 1 1 1 4 3 1 2 2 0 4 3 0 0 0 2 2 2 1 1 2 0 1 3 3 2 3 0 0 0 2 4 0 2 0 3 4 0 3 0 2 0 4 4 0 2 4 2 1 4 3 3 4 1 4 0 3 4 0 3 4 0 1 4 0 3 3 4 1 1 2 2 2 2 3 4 0 1 2 1 1
4 0 2 0 2 0 2 0 1 3 4 2 2 3 1 1 1 2 0 0 3 4 4 1 2 2 4 1 1 4 1 0 1 1 3 1 2 2 3 1 0 4 3 2 1 3 0 1 0 2 4 3 1 2 1 4 4 1 2 2 2 3 4 0 0 0 1 0 1 4 0 1 2 0 4 0 1 3 3 2 4 3 2 2 1 3 4 4 2 1 0 3 3 4 1 0 4 2 3 0 2 2 4 1 2 2 4 0 3 0 1 2 2 0 2 0 4 0 1 3 2 3 3 4 2 0 0 4 4 4 0 4 2 3 4 0 4 3 3 3 3 0 2 1 0 3 0 1 2 2 2 4 3 0 0 3 2 4 4 2 2 3 3 2 2 1 4 4 1 3 1 3 1 3 0 1 3 3 2 0 0 0 2 1 0 4 2 0 4 4 1 4 1 0 2 4 4 1 4 2 2
4 4 0 1 0 1 0 0 1 0 2 0 3 2 1 4 0 0 1 4 2 1 0 3 0 1 1 3 2 2 2 4 4 2 4 2 1 4 1 2 3 2 2 2 3 4 1 4 1 4 4 4 2 4 3 3 2 1 0 1 1 3 4 0 4 3 2 1 0 0 3 0 3 3 4 3 0 2 1 0 0 2 2 3 2 1 4 4 3 2 0 0 0 0 2 4 1 4 0 3 3 0 0 2 2 2 4 3 4 2 4 4 3 3 2 3 3 0 0 2 0 3 2 3 3 1 1 4 4 0 3 0 4 0 0 2 0 3 2 1 3 4 4 0 2 0 1 1 3 2 0 3 0 4 3 2 3 3 2 1 3 2 3 1 2 1 0 2 2 0 0 1 3 0 4 4 3 1 3 3 4 3 4 1 4 1 3 3 4 2 3 3 1 1 2 3 4 0 0 4 4
4 4 0 2 2 0 2 0 1 0 0 3 1 3 0 4 2 4 3 2 4 1 0 0 2 3 2 2 4 0 3 3 1 0 1 4 4 0 1 1 2 4 1 1 4 0 2 3 3 2 2 4 1 1 0 0 0 1 4 0 0 1 1 0 1 2 1 0 1 2 1 0 1 4 0 4 0 3 4 1 2 1 4 1 1 3 1 3 2 3 1 1 3 4 1 2 2 3 0 2 2 0 2 4 2 2 0 2 2 4 3 1 2 2 3 0 3 3 4 3 0 1 1 4 1 1 2 1 2 3 0 3 1 2 1 0 2 1 4 0 2 4 1 4 3 4 3 4 1 0 3 0 0 0 4 3 1 3 3 0 4 3 4 3 2 4 2 3 0 0 1 2 0 0 0 1 3 4 4 2 3 2 2 3 2 2 1 4 0 4 3 1 4 4 1 1 1 3 4 1 3
4 3 3 2 1 3 2 1 4 0 1 1 2 4 2 0 2 3 4 0 3 2 3 0 2 1 2 3 4 1 0 3 4 2 3 2 1 3 2 3 0 2 2 4 4 3 2 4 1 4 1 0 3 3 1 0 0 2 4 2 1 2 4 0 1 4 2 0 0 0 1 4 2 1 0 3 3 1 1 1 3 1 3 1 4 2 2 4 4 1 2 1 2 0 1 0 0 3 4 0 1 4 0 3 4 2 3 0 1 3 0 0 1 3 1 0 0 2 3 0 2 1 3 1 1 1 0 1 1 1 0 4 1 4 3 1 0 3 2 1 0 3 2 1 4 0 3 2 4 3 0 4 2 1 2 3 3 0 4 4 2 4 0 4 1 3 3 4 1 1 4 0 4 2 3 4 0 1 2 1 2 1 3 4 0 2 1 4 2 4 4 2 0 2 2 0 0 3 0 3 4
4 4 0 2 0 1 4 4 2 4 2 3 0 0 0 3 3 0 1 4 4 3 0 2 0 2 1 0 4 4 1 1 2 2 3 4 1 4 4 4 3 4 4 4 2 2 1 2 1 1 4 0 1 0 0 2 1 1 3 2 4 1 2 3 2 2 3 2 3 3 0 4 4 4 3 4 0 0 3 2 1 1 1 2 3 4 4 1 1 4 4 3 3 1 4 0 0 1 4 0 3 2 3 2 1 3 3 3 1 4 4 3 4 3 2 0 4 4 4 2 2 3 2 0 0 2 2 0 4 3 1 4 4 2 3 3 0 2 2 3 4 1 1 0 1 3 2 2 0 0 1 0 4 2 1 0 0 1 4 2 2 0 2 4 3 2 2 3 2 4 0 3 0 0 2 2 1 0 0 4 0 2 4 3 1 1 0 3 4 3 4 1 2 2 0 3 3 2 2 1 1
4 3 4 4 0 1 3 3 2 4 2 0 3 2 1 3 0 1 2 2 2 1 4 3 4 0 4 3 2 0 0 3 2 3 2 0 4 4 4 0 3 3 2 3 0 0 2 4 4 2 3 1 1 2 3 3 0 2 2 4 3 1 3 2 1 4 2 1 0 1 0 3 2 0 1 0 3 2 2 3 1 0 1 2 3 0 4 1 3 3 0 4 3 0 1 1 3 0 3 4 3 2 4 1 0 2 2 2 4 2 4 2 1 1 1 3 2 1 4 4 0 4 2 3 4 1 0 4 4 4 0 3 4 4 3 1 2 3 0 0 1 0 4 1 1 1 0 2 1 4 3 1 1 0 1 3 1 1 3 3 2 1 1 3 1 4 3 0 2 1 2 2 4 0 2 2 3 2 2 2 1 1 0 0 4 0 1 1 0 4 0 1 3 4 0 2 3 0 0 1 0
4 4 4 2 1 4 0 1 0 0 2 2 0 4 4 4 0 3 0 0 1 3 4 0 1 3 2 1 0 3 1 3 2 2 0 0 0 0 2 3 3 4 3 0 0 4 1 3 1 4 2 1 3 0 2 4 0 4 1 1 4 4 1 2 2 4 4 3 3 1 4 2 3 1 2 4 0 3 3 3 1 3 4 4 2 1 0 3 4 3 1 1 1 4 0 3 4 3 2 4 3 4 3 2 3 1 4 3 3 0 0 1 3 3 4 2 0 2 4 3 0 0 3 0 1 4 3 4 0 0 1 3 2 4 1 1 4 4 2 1 1 0 3 2 0 1 1 3 4 4 2 0 4 1 0 4 2 0 4 1 1 3 4 4 1 0 4 3 2 1 2 1 0 1 2 4 2 3 0 1 2 1 0 4 0 2 2 2 2 0 1 2 4 2 3 1 1 0 1 3 1
4 3 2 4 0 2 0 2 4 3 3 1 3 0 1 2 2 3 1 4 0 3 2 3 4 2 4 4 2 3 3 0 1 4 1 3 3 0 0 2 3 1 4 0 2 2 3 3 3 4 0 1 3 1 3 2 2 2 3 0 3 1 0 1 0 4 3 1 4 1 1 2 3 2 4 4 3 3 3 3 1 3 2 2 0 3 0 0 4 0 0 0 0 1 2 1 3 3 2 1 2 4 1 4 2 1 2 1 1 4 3 4 1 1 2 2 3 1 4 4 4 0 3 0 1 2 4 1 4 0 4 4 0 2 0 3 1 2 1 4 0 0 4 4 2 0 4 4 4 3 2 3 2 4 2 0 1 4 4 1 4 2 3 3 3 3 4 1 0 0 1 4 2 3 3 3 0 1 3 3 4 4 3 4 0 2 4 0 0 4 2 0 4 2 2 1 3 1 0 1 2
4 1 0 1 4 3 2 3 4 0 3 3 3 1 1 0 3 2 3 0 1 1 0 2 0 3 4 4 1 0 4 1 4 3 3 2 3 3 4 4 0 4 3 3 4 3 4 2 4 1 1 3 3 1 3 0 2 4 0 3 4 2 4 4 0 1 0 4 4 3 1 2 2 2 3 3 1 3 2 1 0 4 1 4 4 3 4 1 3 4 0 1 2 3 0 0 3 3 1 2 2 3 1 3 0 3 4 1 1 1 0 4 4 3 2 4 3 4 0 3 4 0 3 3 2 1 3 4 0 3 1 1 4 4 4 1 1 2 1 4 1 3 3 1 0 2 1 1 3 0 1 2 3 1 4 3 2 1 1 4 0 1 1 2 2 4 2 2 3 1 3 2 3 2 0 4 0 1 3 3 1 0 0 2 0 4 3 2 4 2 3 0 0 0 0 2 0 2 0 1 0
4 4 0 1 4 2 1 0 2 2 1 0 1 1 2 3 3 1 0 3 0 4 0 4 4 2 4 3 1 4 3 2 3 1 0 4 3 3 4 3 2 1 1 3 4 3 1 0 1 4 0 3 2 4 2 3 1 2 4 4 3 3 3 1 2 4 1 3 4 3 1 4 0 3 0 4 3 2 0 0 2 0 1 1 4 4 1 4 4 0 1 2 4 1 3 0 4 0 1 1 3 0 3 3 3 4 4 2 1 1 0 0 3 1 2 2 4 3 4 1 4 2 1 2 3 2 2 3 4 2 1 2 1 1 0 0 2 0 3 4 3 4 3 1 2 1 4 2 4 4 3 2 2 0 2 1 0 4 0 0 4 3 1 1 1 2 3 2 2 1 2 4 1 2 4 3 1 0 3 4 3 2 4 3 3 4 2 3 3 1 1 0 2 4 3 2 1 0 1 4 4
4 2 4 1 2 0 0 2 1 1 2 4 2 3 4 2 4 1 1 4 1 0 0 1 2 1 3 2 3 1 2 2 4 2 0 3 4 1 0 3 0 2 1 0 1 0 0 1 2 0 1 0 2 0 3 1 3 2 2 0 4 4 2 4 1 2 2 1 0 2 1 4 2 3 1 2 3 4 4 4 4 4 4 3 2 3 3 2 4 2 1 2 1 1 2 0 3 1 3 3 0 1 2 4 4 4 4 2 4 3 3 4 2 3 0 1 0 2 0 2 1 3 1 2 3 0 2 4 3 1 3 3 4 4 3 4 3 1 0 2 1 4 0 0 1 0 4 4 4 3 0 4 4 3 4 1 1 0 4 0 0 0 2 1 3 4 1 4 4 0 0 1 4 0 4 3 2 3 0 4 4 0 0 4 0 0 3 3 0 3 0 2 3 0 2 1 1 1 3 2 2
4 3 3 3 1 4 2 4 3 4 1 0 3 2 1 4 4 4 3 3 0 1 0 4 3 3 4 0 3 0 4 3 0 4 3 2 3 1 2 3 2 0 4 2 3 1 4 4 1 0 0 0 1 1 1 0 0 3 2 3 3 0 0 0 2 3 1 0 1 1 2 0 1 0 4 0 3 1 4 0 0 3 2 1 0 4 1 4 0 2 0 2 4 3 2 0 3 3 4 2 1 3 1 2 1 1 1 3 4 1 1 3 3 4 4 3 0 4 4 0 0 1 1 4 3 1 2 4 0 3 2 0 3 4 4 3 1 0 4 0 1 2 4 1 1 3 1 0 0 0 0 2 1 2 2 0 4 4 0 2 2 3 0 2 1 1 4 4 0 3 3 3 4 3 1 0 0 4 2 2 3 1 1 2 4 1 1 4 2 3 4 1 3 3 2 0 1 1 4 3 1
4 1 3 4 3 2 3 2 2 4 2 4 3 2 3 2 3 0 4 3 1 4 0 0 4 3 4 4 3 4 3 0 0 0 1 2 0 0 2 2 4 2 4 0 4 4 3 2 2 0 4 4 1 3 4 2 1 4 0 2 1 0 2 3 2 2 4 1 2 0 2 0 3 1 1 4 0 4 4 1 0 4 0 1 4 4 3 4 0 3 1 1 1 2 0 4 4 3 0 0 1 1 0 1 0 1 2 4 3 0 4 3 2 4 1 1 3 3 2 2 3 4 4 0 3 1 0 2 0 0 4 3 4 0 1 1 2 0 1 4 2 2 4 1 4 4 2 4 4 1 1 2 4 0 3 2 3 1 0 3 4 0 2 0 0 2 3 2 0 3 3 3 4 1 0 0 3 0 4 0 1 3 4 1 3 2 0 1 3 4 1 3 4 0 4 2 3 3 4 2 0
4 3 3 4 2 2 2 0 4 4 0 1 0 1 0 1 4 1 2 3 0 4 1 2 4 0 2 2 3 3 0 0 1 2 2 3 2 3 3 3 2 3 3 3 0 0 1 1 4 3 0 1 1 0 2 0 1 4 3 3 0 2 4 2 3 0 3 4 4 2 0 1 4 3 4 1 3 2 1 4 3 3 2 0 2 1 2 3 1 0 0 0 0 3 1 2 0 2 2 4 2 1 1 1 1 1 4 0 0 0 0 4 3 0 3 4 3 3 0 4 4 3 3 0 3 0 1 3 0 0 3 1 2 4 1 2 2 3 0 0 2 4 4 2 2 3 3 2 3 2 1 0 1 4 4 2 1 1 1 4 4 1 3 0 3 0 2 1 1 4 3 4 3 2 3 2 4 0 1 4 0 1 1 3 1 2 1 4 2 3 2 1 0 2 0 1 2 2 0 2 0
4 4 4 0 0 2 0 0 0 2 0 3 4 0 3 0 1 1 4 2 1 1 2 1 0 1 1 4 0 4 3 1 3 2 1 3 1 4 4 4 2 1 2 3 1 0 0 2 1 2 1 0 1 0 0 2 3 0 4 0 0 4 3 2 1 4 0 1 2 4 2 1 2 1 4 4 3 3 3 0 4 4 4 0 0 4 4 4 1 2 1 1 2 2 4 1 1 0 4 1 1 1 4 2 4 0 0 1 0 4 0 2 4 1 2 1 2 4 0 4 0 0 4 1 4 4 4 4 3 4 3 4 0 1 1 2 0 2 0 0 4 4 2 0 2 2 4 1 3 2 0 1 4 0 2 3 0 1 3 4 2 2 3 3 1 1 0 2 3 2 0 2 4 0 0 0 2 4 2 2 2 2 1 3 3 1 2 1 4 1 4 0 1 0 1 4 3 3 1 0 0
4 3 3 1 1 4 3 3 2 3 0 1 1 3 3 3 0 0 3 1 2 4 1 0 2 4 3 0 1 0 4 0 3 1 4 1 4 4 3 2 4 4 1 2 4 1 3 4 4 0 3 1 1 3 4 0 2 4 4 0 4 0 1 3 1 3 0 2 2 4 0 1 3 4 4 0 2 4 3 3 0 2 0 3 2 0 2 2 2 1 4 0 3 4 4 2 1 0 3 4 0 4 0 4 4 3 2 0 2 1 1 2 3 0 2 1 1 4 3 1 2 4 4 1 4 0 3 2 2 2 1 1 1 4 2 2 1 2 3 3 1 2 2 4 1 1 1 0 1 3 0 2 4 3 3 2 3 3 3 1 0 0 2 1 0 1 0 4 0 2 0 3 3 0 4 3 4 2 2 1 0 2 4 3 3 4 2 2 2 3 4 2 1 3 4 1 1 0 3 4 0
4 1 2 0 4 1 4 0 0 2 3 3 0 1 2 4 3 0 0 3 3 2 1 3 0 1 0 0 3 1 4 1 1 3 1 0 0 1 0 0 4 1 3 4 0 4 0 3 0 4 0 3 0 0 3 4 3 2 4 2 1 2 4 2 3 4 1 3 3 1 0 4 3 0 1 2 2 1 2 2 2 1 0 2 4 0 2 0 4 0 1 4 1 1 4 4 4 4 2 2 0 1 1 1 0 1 4 1 3 1 4 2 2 2 2 4 1 4 1 4 4 1 4 1 2 2 2 3 2 4 1 0 3 4 0 1 4 4 4 3 1 0 1 2 4 4 3 1 0 3 1 2 0 3 2 4 4 3 3 1 1 3 0 0 4 1 1 1 3 0 0 0 0 3 1 3 2 1 2 2 2 2 0 1 1 3 1 4 4 3 4 4 2 3 2 2 3 3 2 3 1
4 2 4 2 0 2 1 2 3 4 1 1 1 3 4 0 3 3 3 3 1 2 2 2 3 4 0 1 4 0 2 1 0 0 4 2 0 1 4 4 3 0 1 4 3 2 2 2 0 1 1 1 1 0 0 4 0 1 2 1 2 4 4 4 2 0 3 2 1 3 1 4 0 1 1 2 2 2 2 4 3 2 4 1 2 1 1 3 2 2 3 4 2 3 3 3 0 1 3 4 1 4 2 2 2 4 0 4 0 2 4 0 3 3 0 2 4 2 1 3 3 1 1 2 1 4 3 4 4 4 2 1 2 3 4 1 1 0 1 3 4 1 3 2 3 3 4 1 4 1 4 4 0 4 0 0 0 4 1 3 0 1 2 1 3 4 3 3 4 0 2 1 2 0 2 2 0 0 4 4 4 2 2 2 1 4 1 3 1 3 3 2 2 2 1 0 0 4 4 1 2
4 0 0 3 3 3 1 1 2 0 3 4 2 0 0 1 1 2 3 1 2 2 2 4 4 1 3 1 3 1 2 0 3 2 2 4 4 3 1 2 0 0 2 0 3 4 2 3 3 4 0 3 4 3 2 1 0 2 1 3 4 2 1 3 1 3 4 1 1 1 3 1 1 2 2 4 1 1 0 4 2 4 1 3 4 0 4 2 2 2 3 2 0 3 1 0 4 0 3 3 4 4 1 1 0 2 2 2 4 2 0 4 4 3 0 1 0 2 1 2 1 2 1 3 3 2 4 3 1 4 4 1 1 3 0 0 1 3 4 4 3 4 3 4 1 3 3 2 3 3 1 3 0 4 2 2 2 1 3 3 0 1 4 3 0 2 0 0 4 0 0 1 1 2 2 1 2 0 4 4 2 3 3 4 4 1 1 0 3 1 1 2 1 3 3 3 2 1 4 4 0
4 3 1 3 3 0 4 0 4 0 2 0 2 1 3 0 0 4 1 0 3 1 2 1 1 3 4 0 2 4 3 2 4 4 2 3 3 2 1 2 0 2 2 0 3 4 4 3 0 0 0 0 2 4 3 1 3 0 1 1 2 3 2 1 2 2 1 4 0 4 1 3 1 0 2 3 1 4 2 4 2 1 3 2 3 4 3 2 2 0 3 1 2 2 4 4 4 1 4 2 4 3 3 3 4 2 2 0 3 0 2 1 0 1 4 2 2 2 1 1 0 3 1 0 0 2 1 3 0 4 0 4 2 3 0 0 1 1 2 1 3 3 2 1 3 2 4 1 1 4 1 2 1 1 0 2 1 2 3 3 1 2 0 3 3 3 2 2 0 0 0 4 4 1 4 4 2 1 0 0 3 1 0 4 1 1 1 4 0 1 3 4 4 2 1 0 4 2 4 4 4
4 3 4 4 0 3 0 4 0 1 1 3 0 2 1 1 1 3 2 3 2 0 2 4 0 1 3 2 4 4 3 3 3 4 3 1 1 4 4 2 3 1 1 0 4 1 0 2 1 0 3 1 4 4 0 4 1 3 0 4 3 0 1 0 1 3 0 0 2 0 1 1 3 1 4 1 2 3 4 3 2 0 3 2 0 2 0 0 4 1 4 3 3 1 1 4 2 1 2 0 2 2 2 4 0 4 3 3 1 3 3 4 1 4 3 3 3 3 1 4 2 2 0 2 4 1 0 2 3 3 1 1 2 4 0 0 2 0 3 4 4 1 4 3 4 0 2 3 1 1 0 1 3 2 4 2 4 0 3 1 0 0 2 4 4 0 4 0 4 1 2 2 0 3 4 4 2 1 3 3 1 3 4 1 2 2 2 3 4 2 4 2 3 4 0 2 2 0 3 0 0
4 0 2 4 0 4 2 2 1 2 1 3 1 4 2 4 1 2 2 1 1 2 1 0 3 1 3 1 3 2 2 2 2 2 1 3 2 4 4 1 4 1 1 2 3 4 1 0 4 2 4 4 4 2 3 3 3 3 2 3 2 4 3 2 0 2 0 1 1 3 0 2 3 1 4 4 1 2 3 4 4 2 0 4 2 4 4 1 2 4 1 2 3 0 4 1 2 1 2 4 2 3 1 0 0 3 1 1 1 2 0 2 1 3 1 4 3 2 2 0 4 1 2 0 3 2 3 4 1 1 4 2 4 3 3 0 2 3 2 0 1 0 2 3 3 0 4 3 2 0 3 4 4 1 1 2 2 1 2 0 3 4 2 0 3 1 0 0 2 3 0 4 0 2 0 1 4 0 2 4 0 0 4 4 0 0 4 3 3 0 3 4 4 2 1 2 1 1 0 2 4
4 4 0 3 3 1 4 2 4 0 4 4 4 4 3 0 0 3 4 0 4 3 0 3 0 0 2 0 2 2 3 0 0 1 0 2 4 3 2 3 1 3 2 4 3 3 4 0 4 1 1 0 2 4 0 3 4 3 1 1 2 1 4 2 3 0 3 1 3 4 2 3 0 2 2 0 1 4 4 4 0 2 4 3 4 3 3 1 0 1 4 3 1 2 1 1 4 2 2 0 4 3 0 2 3 3 1 2 4 4 1 3 4 2 2 3 2 3 0 0 1 4 2 2 3 2 0 1 2 1 3 1 4 4 1 2 4 0 3 3 1 0 0 4 4 2 0 1 0 3 3 4 3 4 0 4 3 2 4 4 4 0 0 2 2 2 4 0 4 0 4 1 1 2 2 0 0 0 2 4 1 1 3 3 3 1 2 2 4 1 4 4 4 1 2 1 4 4 1 2 3
4 2 4 3 2 0 0 2 0 0 2 2 4 0 4 2 3 1 1 0 4 2 0 2 3 2 3 3 4 3 2 0 2 1 1 1 4 2 1 1 0 3 2 2 0 3 3 3 4 2 4 3 1 0 0 1 3 0 4 0 3 4 2 0 0 4 3 4 3 3 1 1 0 2 0 3 3 1 2 4 3 2 3 2 0 1 0 0 2 3 4 1 0 0 1 2 0 3 3 2 2 1 4 2 2 2 4 0 2 2 2 2 4 0 0 0 3 0 2 3 3 2 1 0 3 4 2 2 4 4 2 0 2 1 1 4 4 1 0 3 3 4 1 2 4 0 1 4 1 2 1 4 3 1 4 1 4 4 0 3 3 4 2 3 2 2 2 3 0 0 1 0 0 1 2 4 1 2 2 0 2 2 4 4 3 2 3 4 4 1 2 0 3 3 1 2 4 4 2 1 4
4 1 1 3 2 0 2 3 3 4 2 4 0 0 1 1 1 3 2 2 2 1 0 3 1 0 2 1 0 1 2 1 1 3 0 3 3 1 2 3 3 1 4 3 0 0 1 0 0 3 0 3 2 3 0 0 3 3 2 2 0 0 1 0 4 3 2 4 1 3 2 3 2 0 2 4 3 3 1 3 4 2 0 3 1 1 1 2 4 4 0 3 3 4 0 0 0 2 1 1 2 2 4 2 4 3 0 0 3 0 3 2 4 0 3 4 0 3 0 4 3 1 1 0 3 1 4 1 1 3 3 0 3 2 1 2 1 3 1 4 2 3 2 0 2 3 3 3 1 1 3 0 4 1 2 0 0 3 4 0 2 1 0 1 4 3 3 2 1 4 0 1 3 1 0 0 0 3 2 0 2 0 0 4 3 3 4 0 1 0 1 3 3 2 0 2 4 3 0 2 0
4 2 1 3 0 0 3 2 1 4 3 0 1 4 1 4 2 0 3 4 2 4 4 1 3 1 3 0 3 2 1 3 2 2 2 4 4 0 1 3 1 3 3 4 1 3 3 4 2 0 3 2 2 3 4 4 2 0 2 2 3 4 3 4 4 0 4 4 0 3 2 1 2 0 0 4 2 0 4 4 4 2 2 0 0 2 1 0 1 0 1 3 1 4 1 2 3 1 1 1 0 1 1 2 2 1 0 1 4 0 2 2 3 4 4 3 3 1 3 4 1 0 1 4 0 1 1 0 0 4 3 1 3 3 2 2 2 4 3 3 4 0 2 0 0 2 3 4 0 1 3 2 4 3 3 0 1 2 3 2 2 3 0 4 4 3 4 2 3 3 3 1 4 0 2 0 2 0 1 2 3 1 0 0 3 3 4 4 2 3 4 1 3 3 2 0 3 3 0 0 1
4 0 0 4 3 2 1 2 1 2 2 3 4 0 0 1 3 4 1 4 1 1 0 4 2 1 4 3 3 4 4 1 2 3 2 1 0 4 2 4 0 3 3 0 3 1 4 3 1 1 1 0 4 0 2 0 2 0 1 1 0 2 0 4 4 1 3 1 2 1 0 3 2 0 4 2 1 0 3 0 3 4 4 2 3 3 4 2 2 0 2 1 3 2 0 3 1 2 3 3 4 4 4 1 1 1 3 2 1 4 0 4 0 1 3 2 3 0 3 4 0 1 4 1 2 3 3 3 1 3 2 2 0 4 1 4 0 4 2 4 4 4 0 0 0 3 4 3 1 4 4 1 1 2 3 1 3 3 2 4 3 0 0 0 4 0 2 3 3 4 1 0 0 0 2 3 3 1 4 2 0 1 1 2 4 3 1 3 0 2 0 0 4 0 0 1 2 0 1 4 0
4 3 4 3 3 4 2 2 0 0 4 0 2 4 2 1 4 1 0 3 0 4 3 3 4 1 4 3 2 2 2 2 2 0 0 1 4 3 0 1 0 2 2 4 0 3 3 4 3 3 0 3 0 4 2 2 3 1 4 0 2 1 2 3 1 2 1 4 1 1 2 2 2 1 3 3 3 3 0 1 0 3 1 4 0 4 2 2 4 4 1 3 1 3 3 3 1 2 0 4 1 2 3 1 3 4 3 1 2 4 0 4 1 3 4 4 3 3 3 1 3 3 3 4 3 4 1 4 3 2 3 0 0 0 3 4 0 1 0 4 2 2 3 1 1 4 3 3 0 1 0 2 2 1 1 4 1 2 4 2 4 2 0 4 1 3 2 3 4 4 1 4 4 0 0 3 1 1 2 2 0 1 2 1 3 0 0 2 1 2 3 2 1 4 1 2 3 0 3 1 0
4 3 4 4 4 2 0 1 2 0 3 0 2 2 4 3 1 0 3 0 1 4 0 1 3 1 1 4 2 4 1 2 1 0 3 0 3 0 2 3 4 4 3 4 1 2 3 3 3 0 0 0 1 2 0 4 3 4 0 3 2 1 4 3 3 1 0 4 0 2 0 4 4 2 1 1 3 4 0 3 4 4 0 0 1 0 1 4 2 4 2 3 4 4 3 4 4 0 2 3 1 0 4 4 0 2 1 3 4 0 4 3 1 2 3 0 2 1 0 1 1 4 4 2 4 1 2 3 1 3 0 3 4 4 4 0 2 4 0 2 0 0 3 3 0 1 2 0 2 2 0 1 1 1 1 0 4 1 0 1 0 0 1 3 1 3 4 0 0 1 0 0 1 0 3 4 1 1 3 1 2 3 3 4 3 3 3 2 3 0 3 4 0 2 3 3 2 4 0 4 0
4 0 0 1 2 4 4 3 3 4 3 4 3 1 2 1 1 2 4 2 1 2 2 0 2 0 1 4 2 1 1 0 4 4 3 2 1 3 1 4 0 4 3 2 0 1 2 1 4 1 3 1 1 2 1 1 0 2 0 3 2 4 3 0 2 4 1 2 0 2 1 2 1 3 4 1 2 3 3 1 3 2 3 1 4 3 3 0 3 2 2 0 2 2 0 4 3 4 4 3 4 2 1 0 0 0 4 1 2 2 0 1 0 1 3 0 1 2 3 1 3 1 3 4 0 3 3 2 0 2 0 1 4 0 2 3 0 3 1 3 2 0 0 4 1 3 3 0 1 4 4 0 3 2 4 0 2 0 1 1 1 4 1 1 2 1 2 3 2 3 4 4 4 1 3 2 2 2 2 4 4 2 0 0 0 1 1 2 1 3 3 4 3 3 4 0 0 4 0 3 3
4 3 3 3 4 2 4 3 3 1 0 0 1 0 3 1 2 1 2 3 2 0 4 2 0 0 4 2 4 0 2 0 4 2 2 2 4 3 1 2 3 3 4 2 1 3 4 4 3 1 4 0 0 1 1 4 0 4 4 2 4 4 0 3 0 1 1 2 2 3 3 0 1 4 2 1 0 2 2 2 3 2 1 4 3 2 4 0 2 4 1 4 0 4 3 2 1 1 2 0 0 4 2 2 1 0 0 2 2 2 1 3 0 2 4 0 2 2 2 3 4 3 2 3 0 1 1 1 0 4 2 3 2 1 3 1 2 2 4 4 4 0 4 2 4 4 3 3 1 4 3 3 2 0 0 1 3 2 2 2 2 2 0 1 1 4 4 3 4 3 0 0 0 1 3 1 0 2 1 1 3 0 0 4 3 4 3 1 1 4 3 2 1 1 3 2 2 1 2 0 3
4 3 3 2 1 1 0 2 3 4 1 3 1 1 2 4 3 1 2 0 4 4 4 1 0 4 4 1 0 1 2 4 2 2 1 3 0 4 2 1 3 2 3 1 4 3 0 1 0 2 2 4 3 3 0 0 0 0 4 2 1 3 1 0 0 1 4 1 3 3 0 3 0 3 4 2 1 2 0 1 2 1 0 2 1 1 3 3 1 0 4 0 2 0 4 3 0 2 3 2 0 4 3 4 3 0 4 4 0 1 0 0 0 2 4 4 1 3 1 0 1 1 1 4 2 0 1 3 3 2 3 4 2 4 4 4 0 1 3 0 0 1 1 4 2 4 3 4 2 2 2 0 3 2 0 3 4 0 1 3 2 4 0 3 4 1 0 2 4 2 1 3 0 1 2 4 0 2 0 2 3 4 1 2 3 1 0 2 4 3 0 3 2 3 3 2 1 0 3 1 0
4 0 2 4 1 0 2 3 2 1 0 3 2 0 2 2 0 3 3 1 4 2 1 0 2 1 2 4 2 2 2 1 4 2 4 1 1 1 4 3 0 3 3 0 0 4 2 3 1 1 2 3 3 0 0 2 3 1 1 4 1 1 4 0 3 2 2 4 3 1 3 3 4 1 1 3 2 4 0 3 4 3 0 1 1 3 4 0 2 2 4 3 3 4 0 3 2 3 4 3 4 0 2 2 0 2 4 1 0 4 0 1 2 2 1 1 4 0 0 0 0 2 3 3 2 4 3 3 0 0 1 1 0 2 3 1 0 0 2 0 1 4 2 1 0 4 3 0 4 0 2 1 0 3 4 3 3 2 3 3 2 1 1 2 0 0 0 0 1 0 1 3 4 3 1 2 0 2 0 0 3 4 0 4 4 0 0 4 2 1 2 2 3 2 0 1 0 2 1 4 3
4 3 2 0 1 0 4 2 2 2 1 1 0 1 2 1 2 0 3 2 3 4 2 2 1 0 3 3 1 3 0 1 0 4 1 2 0 4 2 2 0 1 3 1 0 0 1 3 1 4 4 4 4 4 1 0 3 0 3 4 4 1 3 1 2 2 4 2 3 2 3 4 1 4 1 0 2 1 4 4 4 2 2 3 1 2 0 3 3 0 1 1 2 4 0 1 1 1 2 0 0 0 2 2 3 2 2 0 3 3 0 3 3 0 2 1 4 3 3 0 3 3 0 2 1 3 4 2 4 1 3 2 2 4 4 0 0 0 1 2 0 0 0 3 0 0 4 3 0 0 1 1 4 0 1 1 1 2 0 2 3 1 2 4 0 0 0 3 1 1 2 0 0 1 3 0 4 4 2 1 4 0 2 3 3 0 3 4 4 3 4 4 4 1 2 4 1 2 0 1 1
4 2 0 1 2 0 1 3 4 2 3 0 1 2 3 3 3 0 3 2 3 4 0 4 4 4 4 1 1 4 4 1 1 1 1 0 3 0 1 3 2 2 4 3 1 3 0 2 1 2 4 0 1 3 2 3 4 0 0 0 3 0 1 1 3 1 0 4 2 2 2 3 4 2 0 3 3 3 2 2 0 4 4 2 0 3 4 3 0 0 3 3 2 2 4 1 3 4 4 1 0 3 1 2 3 1 2 2 2 2 3 1 3 4 0 2 0 2 0 0 4 0 3 4 2 2 3 1 0 2 0 3 4 3 4 3 2 3 0 1 2 0 1 2 0 3 3 2 2 2 3 2 1 0 0 2 1 2 4 2 4 4 4 1 3 3 1 4 2 2 2 4 1 3 1 2 2 2 1 3 0 2 4 0 1 2 1 4 4 4 4 2 2 4 3 0 3 2 3 0 4
4 4 1 3 4 1 0 2 4 2 1 3 4 2 1 4 3 1 4 0 4 2 0 0 4 2 1 1 4 4 4 0 3 2 0 0 2 4 1 3 4 2 1 2 1 4 4 4 4 0 2 3 0 1 0 4 3 2 4 2 3 1 2 4 0 0 3 3 3 0 2 1 2 1 0 1 2 4 0 1 1 2 4 1 3 4 0 1 1 3 3 4 4 2 4 3 1 4 4 3 4 4 1 1 0 4 1 2 3 1 2 1 3 4 2 4 0 2 0 0 0 2 4 4 0 0 1 4 2 4 4 0 4 3 4 0 1 3 1 0 3 4 4 2 2 4 1 4 3 4 1 4 2 1 2 1 0 3 3 3 4 3 3 0 3 2 1 0 3 2 4 4 3 2 3 2 3 0 2 1 3 0 2 4 0 2 4 0 3 2 1 2 0 1 2 1 2 2 0 4 4
4 1 2 1 3 0 3 1 3 2 4 1 1 3 0 3 1 2 3 1 3 4 0 4 1 2 0 0 0 1 3 3 0 3 1 0 1 4 1 4 0 4 3 2 1 1 2 4 1 2 2 3 2 1 4 1 2 3 2 1 1 3 3 3 4 2 1 0 1 1 2 3 2 0 1 3 4 4 0 2 4 2 4 4 0 2 4 2 0 4 3 1 3 3 3 2 0 3 0 1 2 0 1 0 0 0 1 0 2 2 1 4 4 4 0 3 0 4 1 4 1 4 4 1 3 0 1 0 4 1 4 3 1 0 2 3 1 0 2 3 2 2 0 0 1 3 0 4 3 0 3 0 2 3 1 0 0 2 3 3 2 2 3 3 0 4 2 4 0 1 4 3 2 4 0 1 4 1 4 3 3 4 2 2 3 3 2 2 2 2 4 3 4 2 0 4 1 3 3 0 3
4 3 3 0 3 3 4 4 3 3 0 4 2 4 4 0 1 4 3 0 3 2 3 4 1 4 3 0 4 0 1 0 2 4 4 0 2 3 1 2 1 3 0 1 2 3 0 2 0 4 3 4 2 1 2 1 2 3 2 2 2 1 0 0 4 0 4 1 1 3 2 2 1 4 4 1 0 2 3 3 2 0 2 2 2 0 1 2 2 2 4 1 0 3 3 0 3 3 1 0 3 1 4 4 4 0 2 4 0 0 1 3 0 4 0 4 3 2 2 4 3 4 0 2 0 4 0 0 4 2 1 3 0 2 3 1 0 0 0 3 1 0 3 2 3 4 3 2 1 1 3 2 1 0 0 0 1 1 1 0 1 0 3 0 3 1 4 0 1 3 1 3 1 4 2 2 4 4 0 0 1 1 0 2 3 2 2 1 0 1 1 2 2 0 4 3 2 0 0 1 0
4 4 0 0 0 0 0 1 0 1 3 3 2 3 2 3 3 4 2 0 1 0 3 0 1 1 4 1 1 2 4 3 1 4 4 4 2 2 0 4 1 3 4 0 2 0 0 1 3 3 4 3 1 1 3 3 2 2 0 0 1 1 4 0 2 1 3 4 1 4 1 2 4 1 0 4 0 2 4 0 3 0 2 2 2 0 3 2 4 2 4 0 1 0 3 3 4 1 0 3 3 3 0 4 1 4 1 2 1 4 0 4 1 0 3 2 0 1 1 4 0 1 2 3 4 4 2 2 0 1 4 2 2 2 4 0 4 0 2 4 2 1 3 0 1 0 1 3 4 0 2 1 4 2 4 4 0 1 4 0 3 1 4 0 2 1 3 0 1 2 0 4 4 0 4 0 3 3 3 1 2 2 1 2 4 2 1 2 1 3 0 4 3 3 4 0 0 0 2 0 1
4 4 1 3 1 1 1 1 0 0 2 4 0 1 1 4 1 3 0 4 3 2 3 1 0 1 1 4 2 3 3 2 0 1 3 1 2 0 1 2 3 4 0 2 3 1 3 3 1 0 2 0 2 4 3 2 2 4 2 2 1 3 2 0 2 4 2 1 0 1 2 2 0 1 3 0 3 4 2 3 2 4 0 4 0 3 4 4 4 0 4 1 3 1 2 2 4 2 4 1 3 1 4 2 1 2 0 4 3 3 4 3 2 1 2 3 2 0 3 0 2 2 1 4 3 3 0 3 3 0 3 2 0 0 2 3 4 0 1 0 4 2 2 0 3 4 4 2 0 4 3 1 1 1 1 1 2 2 4 2 3 4 2 1 2 0 4 0 1 2 4 1 1 3 3 1 0 1 2 4 0 3 2 0 2 1 3 3 4 0 1 4 4 2 0 3 1 1 3 4 1
4 1 2 1 1 0 4 3 3 2 4 2 0 1 0 3 0 4 2 1 2 3 2 1 4 4 3 2 1 1 3 1 3 2 4 0 0 3 0 0 2 3 4 2 0 0 2 3 4 1 0 4 1 2 1 2 0 1 2 3 4 2 2 1 0 1 0 2 0 3 3 4 3 2 2 4 0 0 0 4 2 1 0 1 4 0 3 3 1 2 0 2 3 1 2 2 2 2 0 3 1 4 3 3 0 2 3 4 1 1 3 1 4 0 2 1 2 0 2 2 3 2 1 4 0 0 2 0 2 1 2 0 3 2 3 0 4 3 0 1 2 1 3 1 0 0 4 4 0 1 4 4 1 3 3 3 4 2 4 0 4 0 2 2 3 4 3 4 4 1 2 2 1 1 4 0 0 2 3 4 1 4 2 4 3 2 2 4 1 4 0 2 1 0 4 1 4 2 2 3 4
4 1 3 4 0 4 0 4 4 2 3 2 1 4 1 0 3 3 0 3 1 4 4 1 1 3 3 1 0 1 1 3 1 3 0 0 2 4 0 0 1 0 2 2 4 2 0 4 4 2 2 4 0 3 2 2 4 4 0 4 3 3 2 4 4 2 4 0 2 4 0 4 3 4 4 1 2 2 3 2 2 4 1 4 4 3 0 3 2 1 1 0 1 0 1 1 4 4 2 1 3 3 3 0 2 2 4 3 1 4 3 1 1 0 0 4 1 4 3 2 3 3 1 4 4 3 3 0 4 0 0 2 2 1 2 0 3 4 0 3 1 1 4 0 3 0 4 0 4 0 3 1 3 2 2 3 3 0 3 1 3 2 1 4 1 0 0 1 4 0 0 0 1 1 0 0 0 0 3 1 3 4 0 2 1 4 2 0 3 1 0 1 0 4 2 2 2 1 0 2 3
4 2 3 0 4 1 2 2 3 0 4 4 4 0 1 0 4 3 4 4 1 0 2 2 1 2 1 4 4 2 2 3 0 3 2 3 1 1 0 4 1 4 2 1 3 4 2 2 0 4 1 0 0 2 2 2 1 2 4 3 1 2 3 3 0 0 3 3 0 4 0 1 1 0 3 0 0 4 1 0 1 2 2 1 4 1 0 4 0 4 2 4 0 4 4 0 0 1 3 1 0 4 2 0 3 1 2 4 2 1 1 4 2 0 4 2 1 1 3 0 3 1 0 4 3 2 3 3 3 2 0 3 1 0 1 2 0 0 2 2 4 4 0 4 0 3 4 3 1 3 3 0 0 0 4 2 4 2 2 3 3 2 1 1 2 0 4 1 0 3 0 3 3 4 1 0 2 1 0 0 1 2 0 1 2 1 4 1 3 2 0 4 1 4 4 1 0 2 3 0 0
4 3 2 3 3 3 2 2 2 4 1 2 4 1 1 3 4 2 3 4 1 2 3 3 1 1 3 1 2 3 4 0 0 2 0 3 3 1 1 0 2 0 0 2 2 4 1 1 4 2 0 2 4 3 0 3 1 2 3 4 0 0 2 3 0 2 0 4 3 2 4 4 0 0 3 1 1 1 3 0 2 0 0 0 0 2 2 4 0 4 3 2 2 4 1 0 4 0 3 2 1 2 0 4 0 2 4 4 4 1 4 1 4 2 4 4 1 4 2 0 3 4 3 1 4 2 1 3 2 2 4 2 2 0 2 1 1 0 0 3 2 3 2 4 1 4 0 0 1 4 3 4 4 0 4 4 1 2 1 0 1 4 3 0 1 2 1 0 2 1 3 1 0 4 2 4 2 0 0 3 4 0 0 4 3 4 0 1 4 2 3 2 4 3 2 0 2 3 0 1 1
4 2 3 2 1 0 0 1 1 2 4 3 4 3 0 1 4 2 3 3 1 4 4 4 2 4 1 3 0 2 2 2 4 1 3 2 0 4 3 2 0 3 1 3 3 1 4 3 0 4 1 0 0 2 1 4 0 4 1 1 1 3 3 1 3 1 0 4 4 3 3 0 4 4 2 4 2 3 0 4 0 3 2 1 3 0 0 0 2 2 2 4 0 1 2 4 0 3 0 3 4 0 4 2 1 1 0 0 2 3 4 0 1 3 3 2 2 4 4 3 2 0 3 4 1 1 0 2 0 2 4 0 0 0 0 0 0 1 1 1 2 3 3 4 0 3 3 2 1 3 4 4 2 4 2 4 3 1 2 3 4 1 4 4 0 2 0 0 0 4 0 3 0 1 2 4 4 2 1 0 2 4 4 1 2 2 1 1 4 0 1 2 2 2 2 2 0 0 2 1 1
4 1 1 1 3 3 2 4 0 1 2 4 2 1 3 4 2 4 2 2 4 2 4 4 4 1 2 4 4 0 3 0 4 3 2 1 0 2 0 2 1 4 2 4 2 0 2 1 4 4 0 1 0 0 0 0 4 2 0 4 3 3 4 1 0 1 0 1 1 2 0 1 3 0 0 0 0 1 0 0 0 0 0 4 1 2 1 3 4 3 2 3 0 1 4 3 0 4 1 3 1 2 1 1 2 0 4 4 2 3 0 2 1 3 3 4 1 2 1 0 3 4 4 1 0 4 4 1 0 0 4 1 3 4 2 1 4 0 1 1 4 4 3 3 2 1 1 0 3 2 1 2 2 1 2 3 4 0 3 4 2 0 4 0 2 4 4 0 4 0 0 4 1 1 3 4 4 0 3 0 3 3 1 4 3 1 4 3 3 0 0 1 2 4 3 4 2 1 4 3 4
4 1 3 0 1 3 2 0 4 2 2 0 1 0 2 2 0 1 0 3 4 4 2 0 1 4 4 3 0 2 1 1 0 1 2 0 4 1 3 3 0 2 1 3 2 1 2 1 0 1 2 1 0 4 1 0 3 3 3 4 2 4 4 2 1 2 4 1 0 3 2 2 2 3 3 1 2 1 0 3 0 4 2 0 2 4 3 1 3 0 4 0 4 0 0 2 2 1 1 0 4 3 0 4 2 0 0 3 2 3 3 1 1 3 2 0 2 2 1 0 4 1 2 3 4 1 4 3 2 3 2 1 2 2 4 1 3 0 4 1 0 2 2 2 2 4 0 1 3 0 2 1 3 2 3 0 3 4 0 4 4 2 1 4 3 1 0 0 4 0 1 0 4 4 1 2 1 2 4 0 3 2 2 2 2 0 1 4 1 3 4 2 4 4 4 0 2 1 1 4 4
4 4 3 0 4 2 0 3 3 3 3 3 0 2 1 0 0 1 1 1 0 2 2 0 4 2 1 4 1 0 0 1 0 1 2 1 0 3 4 0 3 1 4 0 1 0 2 0 0 0 0 3 2 3 2 3 1 4 4 3 4 4 3 1 0 3 1 0 2 2 2 4 1 4 1 0 1 1 4 3 0 0 2 1 3 1 4 3 2 4 3 1 1 4 4 2 4 4 0 4 2 1 0 4 1 3 4 4 2 4 1 4 4 4 4 4 3 0 3 4 1 1 3 0 1 3 1 1 1 2 0 0 2 1 4 1 2 0 3 1 1 0 2 1 0 2 1 2 2 3 4 2 1 3 4 3 0 2 4 0 2 4 3 1 0 1 3 4 2 4 3 1 2 0 3 4 3 1 0 2 4 3 4 3 2 3 3 0 2 3 1 4 4 1 4 0 4 4 1 2 1
4 1 1 4 0 0 4 4 0 1 0 2 3 0 4 3 2 1 2 3 3 4 2 1 4 1 3 1 4 1 0 2 2 1 1 0 1 0 4 0 4 2 3 0 4 3 2 0 3 2 3 1 1 2 1 2 4 0 4 3 3 1 2 0 2 2 3 2 4 4 0 4 1 0 2 4 1 1 3 4 0 3 0 2 1 4 1 4 4 2 4 4 2 0 0 4 3 0 2 1 0 1 4 1 2 3 4 2 3 0 0 3 1 3 0 3 4 3 4 3 2 2 3 4 1 4 1 1 1 4 3 1 4 2 3 2 1 1 0 4 1 3 4 2 1 1 1 4 0 3 3 1 0 3 3 4 0 0 4 2 2 0 4 4 2 1 2 3 4 2 4 0 4 4 0 1 0 4 4 3 3 3 3 3 1 4 1 3 4 3 3 4 0 4 0 3 3 3 1 1 2
4 2 2 1 2 1 3 0 0 0 4 1 1 0 2 0 1 4 2 4 2 3 4 4 4 0 0 2 1 4 1 4 0 2 1 0 4 4 0 3 3 0 3 1 1 1 1 1 4 4 0 3 0 0 2 2 3 0 0 3 1 3 2 0 1 4 0 1 2 2 0 2 4 0 4 2 4 4 2 4 1 0 1 4 3 0 4 1 3 0 0 1 3 0 4 4 4 2 1 0 4 0 0 3 3 4 0 0 2 0 2 1 4 0 4 4 2 2 3 2 3 0 2 4 1 1 3 2 2 4 0 4 3 1 4 1 0 2 1 4 4 3 2 1 3 2 3 3 1 0 1 3 0 2 3 0 2 2 0 2 0 2 2 4 0 3 0 4 2 0 2 2 2 3 0 1 1 1 3 4 3 4 1 0 4 4 2 4 0 4 2 1 2 4 3 0 0 2 1 0 2
4 1 2 4 4 2 3 0 3 4 2 4 4 0 1 2 3 3 1 4 0 4 4 2 2 0 2 0 1 1 3 3 3 2 4 0 2 3 2 3 4 3 4 4 3 1 2 0 4 0 4 0 1 4 2 1 4 1 0 1 3 1 1 1 3 4 1 3 0 2 3 2 1 0 2 1 1 1 1 1 0 2 4 4 3 0 1 4 2 3 4 3 1 3 0 2 0 4 4 0 4 2 2 0 0 1 1 0 0 2 3 0 1 2 4 1 1 3 0 3 2 4 3 0 3 0 2 2 2 3 2 2 2 3 0 1 3 3 1 4 1 4 1 0 4 2 3 1 1 2 0 1 0 0 0 0 0 1 2 3 1 0 1 1 3 0 2 0 4 1 1 0 2 2 1 3 0 2 2 0 1 2 4 3 1 2 4 0 2 4 0 2 3 2 2 2 0 0 2 1 4
4 1 2 2 1 2 4 4 1 1 1 2 4 3 4 1 2 0 1 2 0 2 3 0 1 1 4 1 3 2 3 1 4 4 0 2 2 3 1 3 3 0 4 3 0 2 1 4 4 0 3 3 2 3 4 4 2 0 4 4 3 4 2 4 0 3 4 1 3 1 2 2 1 3 4 1 1 3 4 1 0 4 3 1 1 4 1 1 1 3 2 2 1 0 0 4 2 2 0 4 0 3 3 2 2 0 2 1 1 3 4 0 1 2 2 1 2 2 3 4 3 2 4 3 4 0 4 2 2 4 3 1 0 2 2 4 3 2 0 0 3 1 0 3 3 1 2 3 3 4 0 4 1 3 4 1 2 1 2 3 2 4 4 0 4 2 4 3 3 4 4 1 1 1 2 0 1 2 2 1 1 0 3 0 1 4 4 1 1 3 3 1 4 4 1 0 4 3 0 4 2
4 0 4 2 4 3 2 3 2 0 2 0 4 0 3 0 0 0 3 2 0 2 3 4 3 0 1 2 1 3 3 4 3 4 4 0 4 3 1 2 3 1 3 1 4 0 2 0 0 4 3 3 3 3 2 0 0 0 3 1 4 2 3 0 4 2 4 3 3 1 4 4 4 0 0 2 0 0 2 0 3 1 1 3 2 2 1 4 0 0 2 4 3 0 0 1 1 1 2 3 2 3 4 1 4 2 4 1 4 0 1 1 3 0 2 3 0 2 1 3 3 0 3 1 1 0 4 0 1 2 2 3 3 0 1 4 0 1 4 4 3 2 2 1 1 0 0 0 3 1 2 2 2 1 1 3 0 0 2 4 4 3 4 2 4 2 4 3 0 1 0 1 1 1 2 1 4 0 2 3 1 0 1 3 1 1 0 4 2 0 1 0 3 2 0 0 0 2 2 1 1
