104
1000
1000

[Node]
0  0  0   0  0
105 0  0   0  0

[pickup]
1       502789527      11          9
2       505079993      11          6
3       504459921      11          14
4       504910673      12          18
5       504411672      13          9
6       504944047      25          10
7       503058102      32          5
8       505083274      33          8
9       504807788      33          17
10      504389727      34          7
11      504360638      36          16
12      502785834      39          8
13      505023534      39          20
14      503658864      41          8
15      502798324      41          11
16      505057705      42          7
17      504362567      42          18
18      502789900      42          11
19      504654384      45          16
20      505112394      46          8
21      503282693      46          12
22      504757015      51          7
23      505088149      53          16
24      505170366      53          6
25      504893967      54          18
26      503161393      54          17
27      502786496      55          14
28      504042384      56          15
29      505125143      62          10
30      503167459      64          16
31      504433520      65          19
32      502792112      67          14
33      503589812      72          19
34      504865782      73          18
35      504930826      80          13
36      505117949      80          10
37      502799470      84          13
38      504701928      84          10
39      504814981      84          7
40      503228783      89          6
41      504793290      91          20
42      504940824      99          20
43      503556497      102         10
44      504782558      105         8
45      503642641      106         6
46      502970822      107         19
47      504802242      109         7
48      503657465      109         18
49      503202377      109         9
50      504856540      111         7
51      505154681      113         15
52      502794467      115         13
53      503613062      119         9
54      502793597      121         17
55      504940738      126         19
56      505076939      129         18
57      503167442      133         11
58      505077327      133         5
59      505191728      136         10
60      503284101      137         20
61      502790178      140         13
62      502875595      148         9
63      504591167      148         10
64      502785855      154         19
65      502789170      155         16
66      504795387      159         20
67      502798824      162         10
68      504416396      162         8
69      502798845      166         15
70      502786497      169         20
71      505195131      183         6
72      503251698      190         11
73      502892641      202         17
74      503689218      217         14
75      505117077      222         6
76      502794531      224         13
77      503592373      226         17
78      504945646      230         13
79      502795357      232         8
80      502787809      233         20
81      503192571      233         16
82      502890094      242         14
83      503012782      251         8
84      502794929      295         18
85      503278639      296         11
86      505084995      301         7
87      502788707      317         5
88      504639383      320         7
89      502786707      320         10
90      502788402      324         13
91      502800753      334         13
92      502802061      337         16
93      503229542      350         6
94      504861698      368         20
95      504800637      396         6
96      503184278      402         7
97      503297612      412         19
98      504924574      516         12
99      502804546      543         20
100     504783210      557         9
101     502835894      837         6
102     505218118      1000        20
103     504940835      1000        20
104     504851316      1000        5

[Speed 0]
0.81
30.0   60.0 0.0 0.6
90.0   150 0.0 0.4
300.0  540.0 0.0 0.81
570.0 630.0 0.0 0.6
660.0 720.0 0.0 0.4
750.0 840.0 0.0 0.81

[Speed 1]
1.33
30.0   60.0 0.0 0.8
90.0   150 0.0 0.6
300.0  540.0 0.0 1.33
570.0 630.0 0.0 0.8
660.0 720.0 0.0 1.3
750.0 840.0 0.0 2

[Speed 2]
1.33
30.0   60.0 0.0 1.0
90.0   150 0.0 0.8
300.0  540.0 0.0 1.33
570.0 630.0 0.0 0.8
660.0 720.0 0.0 0.6
750.0 840.0 0.0 1.5

[Speed 3]
1.5
30.0   60.0 0.0 0.9
90.0   150 0.0 0.8
300.0  540.0 0.0 1.5
570.0 630.0 0.0 0.9
660.0 720.0 0.0 0.8
750.0 840.0 0.0 1.5

[Speed 4]
2
30.0   60.0 0.0 1.1
90.0   150 0.0 0.9
300.0  540.0 0.0 2
570.0 630.0 0.0 1.1
660.0 720.0 0.0 0.9
750.0 840.0 0.0 2

[speed choose matrix]
4 4 4 4 4 4 4 4 4 4 4 4 4 4 4 4 4 4 4 4 4 4 4 4 4 4 4 4 4 4 4 4 4 4 4 4 4 4 4 4 4 4 4 4 4 4 4 4 4 4 4 4 4 4 4 4 4 4 4 4 4 4 4 4 4 4 4 4 4 4 4 4 4 4 4 4 4 4 4 4 4 4 4 4 4 4 4 4 4 4 4 4 4 4 4 4 4 4 4 4 4 4 4 4 4 4 
4 1 3 3 4 3 1 4 2 1 1 4 2 1 2 2 1 3 3 3 3 1 4 1 1 2 4 3 1 3 1 4 3 1 3 3 1 4 3 2 2 3 4 2 4 4 3 3 2 2 3 4 4 3 1 3 4 1 1 2 4 2 4 1 4 1 4 2 2 4 4 1 2 3 3 4 1 3 3 1 1 1 4 3 3 2 2 1 3 4 3 2 4 3 2 1 2 2 1 3 3 2 4 2 3 4 
4 4 2 4 3 1 3 2 4 2 4 2 2 1 2 1 2 3 3 2 2 3 1 2 3 2 4 3 3 3 1 2 1 3 4 2 3 2 1 1 3 3 4 2 4 3 2 3 1 2 3 2 4 3 1 3 1 3 3 2 3 1 3 2 4 2 2 2 4 1 2 4 1 1 4 1 2 3 2 4 2 2 2 2 3 3 1 2 3 1 3 2 3 4 4 2 2 3 2 2 1 3 1 4 1 4 
4 1 2 1 3 2 3 4 2 4 1 4 4 1 3 2 2 4 3 2 2 1 1 4 3 2 1 3 1 4 2 4 3 2 4 1 1 2 3 2 2 4 2 2 4 4 4 1 4 3 3 3 2 3 1 4 4 1 4 2 4 1 1 4 2 1 2 2 2 1 2 4 1 4 1 3 4 4 3 4 4 2 1 2 3 2 2 4 4 1 1 2 2 1 4 1 3 4 1 1 2 1 1 2 3 4 
4 2 2 1 1 4 3 4 2 4 3 3 2 1 2 4 3 2 1 2 1 2 1 2 3 1 4 4 2 1 3 2 2 3 3 1 1 1 3 4 2 3 4 3 1 4 2 4 4 1 1 3 3 2 3 1 4 4 3 3 1 1 3 3 3 2 3 2 3 3 2 4 4 1 2 4 4 3 4 2 2 3 3 4 2 4 4 1 2 3 3 4 4 2 2 2 2 1 3 4 1 3 4 1 2 4 
4 2 2 1 3 3 1 4 3 4 3 3 2 3 3 2 3 2 4 4 1 3 4 4 4 2 2 3 3 2 2 1 4 4 2 2 2 4 2 4 2 1 2 4 2 4 3 3 4 1 1 2 3 2 2 1 2 3 4 2 1 3 3 3 3 1 3 4 1 1 2 4 2 4 1 2 1 3 4 2 4 3 2 2 2 2 1 4 1 1 1 2 4 1 2 2 3 2 2 2 1 3 3 4 1 4 
4 3 4 1 4 1 3 3 3 4 3 3 3 1 3 3 2 3 3 3 3 2 2 1 4 4 1 3 3 2 4 1 4 1 2 2 2 3 1 1 3 1 2 3 4 4 1 1 4 3 1 2 3 4 3 2 3 1 2 2 3 3 3 3 4 1 2 1 2 3 4 3 3 3 1 2 2 2 3 2 4 4 2 1 4 3 1 1 1 2 4 2 1 3 4 2 1 1 2 2 1 1 1 2 3 4 
4 2 2 1 2 3 3 2 2 2 4 1 2 2 3 1 4 3 4 4 4 3 1 4 4 1 4 3 2 1 4 1 2 1 2 1 1 4 4 3 3 3 2 4 2 1 3 1 1 3 2 3 3 4 1 1 2 3 3 4 1 2 4 4 3 4 2 2 3 3 1 1 1 1 4 4 4 2 2 2 3 2 1 2 1 4 2 3 3 3 1 3 3 4 1 2 4 2 2 1 3 4 4 3 1 4 
4 3 3 1 4 2 3 1 2 3 1 3 1 4 2 2 4 2 2 4 4 2 2 2 4 3 2 1 3 4 1 4 4 4 3 1 2 3 1 2 4 3 1 1 2 3 2 4 3 3 1 2 3 2 3 2 3 1 1 1 1 2 4 1 3 2 2 4 3 3 1 3 3 2 2 1 3 1 3 4 4 2 3 4 1 1 2 4 2 1 2 2 4 4 4 2 1 4 2 2 2 1 2 4 4 4 
4 4 2 4 4 4 2 3 3 1 3 2 1 3 4 2 2 4 4 4 1 2 1 1 4 1 4 3 1 2 1 1 4 3 1 1 2 1 4 4 4 4 1 1 3 2 2 4 1 3 2 3 3 3 4 4 4 3 2 4 2 1 3 2 2 1 4 1 4 1 3 2 1 4 2 4 2 4 3 3 1 1 2 3 4 4 3 1 4 1 3 3 3 4 1 4 4 1 4 2 4 3 2 1 4 4 
4 1 1 1 4 1 4 3 2 2 1 2 1 1 1 3 4 1 2 3 4 4 4 2 2 2 1 2 3 3 3 1 3 4 3 3 1 3 4 1 4 4 3 3 1 2 2 1 1 4 2 3 3 1 1 1 4 4 3 2 4 2 2 2 2 4 4 4 2 3 1 3 2 4 2 2 3 3 4 3 2 1 2 4 2 3 3 3 4 1 2 3 1 3 4 4 1 1 4 3 4 3 2 3 3 4 
4 3 3 4 2 2 3 3 1 2 4 1 2 3 4 3 2 1 3 4 4 1 4 3 2 1 1 4 3 1 3 3 4 1 1 1 3 2 4 4 3 3 1 4 1 2 3 1 2 2 3 3 2 4 1 2 4 2 1 4 2 4 3 3 2 1 3 3 4 2 4 2 2 3 3 3 4 1 2 3 2 2 2 2 3 3 4 1 1 3 3 1 1 3 4 1 3 2 1 4 3 2 3 1 2 4 
4 2 2 3 3 4 2 3 1 2 3 2 3 4 2 3 4 4 4 1 1 1 1 3 1 1 4 2 3 4 1 1 4 3 2 1 1 2 4 3 4 2 1 2 1 1 2 3 2 3 1 1 1 1 1 4 3 1 3 2 4 3 1 2 2 2 1 4 1 3 3 1 1 4 3 2 4 3 2 2 4 3 1 1 1 4 3 4 1 1 3 2 4 2 2 2 4 4 2 1 1 2 2 1 4 4 
4 2 3 3 2 3 3 1 4 1 2 3 3 1 2 2 2 1 4 1 2 1 3 4 3 1 3 4 2 2 4 4 3 3 2 1 4 1 1 3 2 2 1 2 3 1 1 1 3 2 3 3 3 2 3 1 1 4 3 1 4 3 1 2 4 4 3 1 3 1 1 2 3 4 1 1 1 2 4 4 1 4 2 4 2 3 3 4 3 3 1 2 2 3 4 3 1 4 1 1 3 2 3 3 1 4 
4 1 2 3 4 2 1 3 4 2 4 4 3 2 1 3 4 1 2 1 1 4 3 2 1 3 4 1 1 1 4 4 1 1 4 3 4 1 3 1 4 4 3 3 3 4 1 1 4 3 1 1 3 3 3 3 1 4 1 3 1 4 4 1 4 4 3 1 1 2 2 4 3 1 1 2 3 4 2 3 3 2 4 3 4 4 2 1 4 3 1 2 1 2 3 1 2 2 3 1 4 2 4 2 3 4 
4 1 3 2 2 3 3 4 3 1 2 2 3 2 4 1 2 2 2 2 2 4 1 3 2 2 2 1 2 3 3 1 4 2 3 3 2 4 1 1 3 3 3 4 4 2 1 2 3 1 2 1 4 3 2 1 3 1 1 4 3 2 1 3 2 2 3 1 1 2 1 3 2 3 4 4 1 1 1 4 1 1 1 3 3 2 3 2 1 2 2 1 1 4 2 3 3 2 3 3 2 1 2 4 4 4 
4 2 3 2 4 4 2 2 3 3 1 2 3 3 4 3 4 4 3 2 1 2 4 1 3 4 2 1 2 2 3 1 3 4 4 3 4 1 3 2 2 1 3 2 1 1 4 2 4 2 4 3 1 1 1 1 2 1 3 2 2 3 2 3 3 3 2 1 3 4 4 2 2 3 3 2 3 4 4 4 4 3 3 2 1 1 4 1 3 2 4 1 2 1 4 4 2 4 1 2 4 3 1 1 1 4 
4 4 4 4 2 4 4 2 3 1 4 3 3 1 1 1 1 1 4 1 1 3 1 3 4 4 3 2 4 3 2 4 3 3 4 2 2 4 3 1 3 4 4 3 4 2 4 1 1 4 1 4 2 1 4 3 3 4 1 4 2 3 2 4 1 3 1 2 3 2 1 1 1 4 1 3 4 4 3 2 4 3 4 3 4 3 3 2 2 3 2 1 2 3 4 4 1 1 1 1 4 2 4 4 3 4 
4 3 2 2 1 3 1 3 1 4 1 1 3 3 2 2 1 4 2 2 3 2 2 3 2 2 1 1 4 1 1 3 2 3 2 4 4 4 3 3 4 2 3 1 1 3 3 4 1 1 1 1 4 3 4 3 2 4 4 3 2 1 3 4 3 1 2 4 3 4 4 4 2 3 3 3 2 2 1 4 1 1 3 3 3 1 3 3 4 3 1 4 4 2 3 4 1 4 2 2 3 2 2 2 4 4 
4 3 4 3 2 1 2 3 2 3 3 4 4 3 2 3 1 2 4 1 3 4 3 3 2 2 3 2 1 2 2 3 2 3 3 1 1 1 2 3 2 4 3 1 3 4 4 1 2 1 4 3 2 2 4 2 4 2 1 2 3 2 4 4 2 2 4 2 1 3 4 2 2 4 2 1 4 1 2 2 3 4 3 4 1 4 1 2 3 1 4 1 4 4 3 3 3 2 4 4 3 2 2 2 1 4 
4 4 4 1 3 4 1 4 2 3 4 4 4 1 4 3 1 4 3 1 1 3 2 3 1 4 3 4 4 4 4 2 4 3 1 2 1 4 2 1 4 2 1 4 4 1 1 1 3 2 1 2 2 2 4 4 2 1 4 4 4 3 3 2 3 1 1 1 2 4 1 4 4 3 1 4 1 3 1 3 3 2 4 4 3 1 1 2 1 1 2 1 4 1 1 4 3 3 4 4 2 3 2 3 4 4 
4 4 4 4 1 3 2 2 3 3 4 3 1 1 3 1 4 4 1 3 1 4 3 4 3 2 2 3 1 1 4 3 2 2 1 2 1 3 3 1 1 1 1 3 1 3 2 4 1 2 2 3 3 2 2 4 3 1 3 1 2 4 4 1 3 1 4 3 2 2 1 2 4 3 3 4 3 1 1 2 2 2 4 3 3 1 2 3 2 3 3 1 4 3 2 1 2 2 4 4 1 1 1 2 3 4 
4 4 4 1 3 3 1 4 2 1 2 1 2 2 1 2 2 2 2 3 1 3 1 3 2 4 4 4 3 2 3 1 2 4 1 4 2 2 1 1 4 3 4 4 2 4 4 4 3 1 2 4 4 4 4 1 1 3 2 1 1 2 1 2 1 4 1 3 3 1 1 2 1 1 4 4 3 1 1 3 2 1 4 4 3 1 1 4 1 1 3 2 4 2 1 1 1 1 2 1 4 3 3 2 3 4 
4 3 1 1 4 4 4 1 4 2 4 1 1 2 2 3 1 3 1 1 4 2 2 1 3 3 3 1 1 3 1 1 1 1 4 3 4 1 2 4 1 1 1 3 2 3 3 1 2 3 3 1 4 2 2 4 2 3 4 1 4 2 1 4 2 4 1 4 1 3 3 3 1 1 1 1 2 3 1 1 3 1 4 2 1 2 3 3 1 2 2 2 1 2 2 4 2 4 1 4 2 2 4 4 1 4 
4 3 3 2 3 2 1 2 1 2 2 3 1 4 2 1 1 2 3 4 2 3 4 1 1 3 2 4 4 1 3 1 2 4 2 1 3 3 2 2 4 4 2 2 4 1 1 2 3 1 4 1 2 1 3 2 1 2 3 1 1 3 1 4 4 4 4 3 1 3 4 1 1 1 3 3 2 3 2 1 3 1 1 4 4 4 2 3 1 4 3 1 2 3 4 2 2 2 4 2 2 4 3 2 4 4 
4 1 3 3 1 4 4 4 2 1 3 4 3 4 1 3 4 3 2 4 4 3 4 1 4 4 1 2 1 4 3 3 2 4 3 3 4 4 3 1 4 1 3 2 1 3 4 2 3 4 2 1 1 4 3 1 1 2 2 1 2 3 4 1 4 1 4 4 4 4 2 3 2 2 1 1 2 3 1 3 3 2 3 3 2 3 4 2 1 1 1 2 3 2 4 3 3 3 1 1 1 1 4 1 1 4 
4 3 3 2 4 3 2 4 3 1 3 3 1 3 4 2 2 2 3 1 4 4 1 2 4 4 4 1 3 1 1 1 3 4 3 4 2 4 3 1 2 1 2 4 1 2 2 1 3 3 4 1 3 3 1 3 3 4 4 1 3 1 1 3 1 2 4 4 4 4 3 1 2 4 3 3 4 3 3 2 4 3 3 2 3 1 4 3 3 2 4 3 1 2 4 3 2 1 2 1 4 3 3 2 1 4 
4 4 4 3 4 2 1 2 1 4 3 1 2 4 2 2 3 2 1 3 1 4 1 1 2 3 3 3 3 1 2 4 4 3 1 4 3 4 1 2 2 4 2 2 4 3 1 3 3 3 4 2 1 2 1 1 2 3 4 4 3 3 2 1 1 2 2 3 1 4 4 4 2 3 1 2 4 2 2 1 4 2 1 4 3 3 1 1 4 3 2 2 3 2 2 3 3 3 1 1 2 1 4 1 2 4 
4 1 4 3 3 2 3 2 4 4 2 3 4 3 1 4 2 3 1 3 4 1 4 1 4 2 1 1 1 4 1 2 3 2 3 1 4 4 2 3 2 4 1 2 3 4 1 4 3 2 3 3 4 2 1 4 4 2 2 1 3 1 1 3 3 3 2 4 3 4 1 4 3 1 2 1 4 2 4 2 3 4 2 4 4 2 3 3 3 1 2 4 4 1 2 4 1 1 2 1 3 4 3 1 1 4 
4 3 4 3 3 3 2 1 2 3 1 3 2 4 3 3 1 2 3 4 1 2 2 2 3 4 2 3 1 2 4 2 1 2 2 2 3 1 3 1 1 4 4 1 1 2 3 2 2 4 3 1 2 2 1 2 4 4 2 3 4 2 4 1 3 3 2 1 4 4 4 1 3 1 1 1 1 2 1 3 4 3 2 2 1 1 1 4 2 2 3 1 1 3 2 1 4 2 3 4 3 1 2 3 4 4 
4 4 4 1 3 4 2 3 2 4 4 3 1 4 1 1 3 2 1 2 4 2 4 3 4 2 3 1 4 2 4 4 3 2 1 4 2 2 4 1 4 1 1 4 3 3 1 3 1 1 1 4 2 3 3 3 2 1 2 1 3 1 2 3 2 3 3 1 4 4 4 1 1 3 2 1 3 1 2 2 2 4 3 4 3 4 1 3 2 1 2 4 4 4 3 1 2 3 1 4 3 2 3 4 2 4 
4 1 4 4 4 1 1 2 4 1 3 2 4 2 4 2 1 4 4 3 2 3 1 2 4 2 2 3 3 4 4 4 4 2 2 1 3 2 2 1 4 1 3 3 1 3 1 4 3 4 4 3 2 1 3 4 4 2 4 3 1 2 4 2 4 3 2 2 1 3 3 1 4 2 4 2 2 2 4 4 1 3 1 1 2 2 1 2 1 4 1 2 3 1 1 3 2 4 4 2 3 3 2 2 1 4 
4 1 3 3 2 3 3 3 2 2 4 4 2 4 3 4 1 3 1 4 2 2 1 2 1 2 3 1 4 2 3 1 4 4 1 2 3 3 2 3 2 1 2 1 3 3 1 1 2 2 2 2 1 4 2 2 2 3 4 2 2 4 4 4 2 1 2 1 3 1 2 3 3 4 4 4 1 2 3 2 4 4 1 4 1 2 3 2 2 1 3 1 1 1 1 4 3 4 3 3 2 3 4 3 2 4 
4 1 1 4 4 3 2 2 1 1 3 1 1 3 3 4 3 1 3 1 1 4 4 2 1 3 1 1 2 4 4 4 3 1 4 2 2 4 3 3 3 1 2 1 3 4 1 4 3 1 4 3 4 4 1 3 2 1 4 2 4 1 1 4 1 3 3 2 2 2 4 3 4 4 2 1 1 2 2 4 3 2 4 3 3 4 2 2 4 4 2 1 1 4 3 3 1 3 1 1 2 3 3 3 3 4 
4 2 3 3 3 2 3 3 3 2 4 4 4 1 2 2 2 1 3 2 3 3 1 2 3 1 4 4 3 4 1 4 4 4 1 4 3 3 3 1 3 3 2 3 1 3 3 4 3 1 2 1 3 3 4 2 2 4 1 4 4 4 4 2 2 3 2 3 4 2 3 3 3 3 4 2 4 4 1 3 4 3 4 1 4 4 1 2 4 2 1 2 3 1 1 3 4 1 4 1 4 2 1 3 4 4 
4 3 3 2 3 1 4 1 2 1 2 3 1 4 1 4 4 1 3 4 3 2 4 2 2 4 1 3 4 1 1 2 1 3 2 3 3 1 1 2 3 1 4 1 1 2 1 2 2 1 1 4 1 2 4 4 2 3 3 2 1 2 4 1 3 2 3 1 1 4 1 1 3 3 4 1 1 3 1 2 4 4 4 2 4 3 2 1 2 1 3 1 2 2 3 2 2 1 4 4 2 3 2 2 3 4 
4 4 3 2 3 2 2 3 2 3 1 2 1 4 4 1 3 3 3 2 2 1 2 2 3 4 1 1 1 3 4 2 4 3 1 3 4 4 1 1 2 4 4 2 2 2 1 4 3 3 2 2 4 4 4 4 2 1 3 1 2 2 1 3 3 1 4 2 3 4 3 2 1 3 1 3 1 1 4 4 3 4 1 2 3 3 4 4 4 4 3 1 4 1 1 4 4 4 3 4 3 2 3 1 1 4 
4 4 3 4 3 4 1 3 4 3 1 2 1 2 4 1 2 4 4 2 3 1 4 2 3 1 1 4 3 1 4 2 1 3 4 1 4 3 2 2 4 2 4 1 1 3 2 3 2 4 4 3 4 3 1 2 1 2 1 1 3 1 2 3 2 1 2 1 4 4 2 3 1 2 1 3 1 1 2 3 2 2 1 3 1 3 1 2 4 1 3 1 4 4 1 1 2 2 3 1 3 3 3 4 1 4 
4 1 2 3 2 2 1 2 4 4 1 2 1 1 3 2 2 1 3 3 2 1 2 2 3 3 3 2 3 3 2 3 2 4 4 1 2 1 1 2 3 4 2 2 4 3 1 3 3 2 3 3 4 4 4 2 4 1 2 4 1 1 2 3 3 4 4 4 2 2 3 3 2 1 3 4 3 1 2 1 3 3 3 2 1 2 2 4 4 2 3 2 4 2 3 4 1 4 3 1 1 4 2 2 1 4 
4 3 1 4 1 1 1 2 2 1 4 1 2 2 2 1 4 1 3 4 2 3 2 2 1 2 3 3 2 1 3 4 3 1 4 4 1 1 4 3 3 1 4 1 1 4 1 4 2 2 2 4 3 1 1 2 2 2 4 4 2 2 1 3 4 1 3 1 1 2 2 1 4 3 4 3 3 2 3 2 1 3 2 1 4 2 1 1 4 1 4 1 4 1 2 2 1 1 3 3 4 3 4 3 1 4 
4 4 4 3 1 4 1 1 3 1 3 2 2 3 4 1 1 4 1 2 3 2 2 4 4 4 4 4 4 2 1 3 1 1 2 3 3 1 4 2 4 3 2 3 4 2 3 3 2 1 3 4 3 4 1 1 3 1 4 1 2 3 4 3 1 2 2 2 3 3 1 1 1 1 4 3 4 1 4 3 3 1 3 1 4 1 2 3 4 4 1 3 3 4 2 2 1 4 2 1 4 3 3 1 3 4 
4 4 2 4 4 4 3 4 3 4 2 4 1 2 1 3 4 3 3 4 4 2 4 4 1 3 2 2 4 2 1 3 3 2 3 2 2 1 4 4 4 1 4 4 3 1 3 1 4 3 3 4 1 1 2 2 1 2 2 2 2 3 2 4 1 3 1 4 4 1 2 2 1 3 2 3 4 2 4 4 1 2 1 2 2 2 3 3 2 1 3 2 3 1 1 3 3 3 3 3 2 2 1 1 4 4 
4 4 4 4 4 1 4 3 1 2 3 4 1 4 1 2 1 4 1 3 1 4 2 1 4 3 1 2 3 2 2 2 2 1 4 3 3 2 2 2 1 1 1 4 3 3 2 2 1 4 3 2 3 1 1 2 1 4 3 3 4 4 1 3 2 2 3 2 3 2 2 2 4 1 1 4 4 4 2 4 4 3 1 3 3 3 3 4 2 3 2 1 3 4 3 2 1 3 2 2 3 2 1 3 4 4 
4 3 3 2 1 1 3 3 2 4 3 2 2 2 4 4 4 2 1 3 2 3 4 4 4 3 2 4 3 2 1 2 1 2 4 3 1 1 4 4 1 1 3 4 3 2 1 3 4 1 2 1 4 4 4 1 2 4 3 3 3 1 1 3 2 1 4 2 3 4 2 3 2 3 1 4 3 2 4 1 2 1 3 3 2 3 1 2 3 3 1 1 3 4 3 2 1 4 2 1 2 4 1 1 1 4 
4 1 3 4 2 2 2 3 4 2 4 2 1 1 2 1 2 4 3 3 1 3 3 3 3 2 4 3 2 2 1 4 3 1 4 4 3 3 1 2 1 2 1 1 4 3 3 1 4 1 2 2 3 4 3 2 1 3 1 1 2 4 1 1 1 1 2 2 3 4 4 1 2 2 2 1 3 4 4 1 1 3 3 2 4 1 1 1 1 4 4 4 3 2 1 2 1 2 2 2 2 2 4 1 2 4 
4 3 1 2 4 1 4 3 4 3 3 3 1 4 4 4 1 4 3 4 2 3 1 4 1 2 2 4 2 4 2 1 1 2 3 3 3 3 4 1 1 3 4 1 2 2 3 4 2 4 3 4 3 4 3 1 4 3 3 4 2 1 4 3 1 3 4 2 3 1 4 2 4 1 4 1 1 3 3 3 1 1 1 1 2 4 4 3 3 1 2 1 2 3 2 1 3 4 1 2 1 3 4 2 4 4 
4 4 3 4 4 4 4 4 4 2 4 3 3 1 2 3 3 3 3 2 2 3 4 2 2 2 2 2 4 1 1 1 1 4 3 3 4 4 3 4 3 4 4 2 4 1 1 1 4 1 3 4 3 2 3 3 3 4 4 1 2 2 4 3 4 3 4 3 2 2 1 4 2 4 1 2 1 1 4 3 1 2 3 2 3 3 2 2 1 2 2 1 4 3 3 1 3 1 3 1 1 1 4 2 1 4 
4 2 2 4 2 3 4 3 3 2 3 2 2 2 2 1 1 3 4 3 2 3 3 1 4 4 2 2 3 1 4 4 2 1 2 4 4 3 3 4 1 2 2 2 1 2 1 3 2 1 2 4 2 2 1 4 3 1 4 3 3 3 1 1 3 2 4 1 3 3 4 1 1 2 2 4 2 4 4 1 1 1 1 2 2 1 2 4 3 3 3 2 1 1 1 3 2 1 4 4 1 3 2 1 4 4 
4 1 2 1 4 3 3 4 3 4 2 1 2 4 1 3 4 2 3 2 2 2 2 1 4 2 4 1 2 3 4 3 1 3 4 1 4 1 1 4 1 2 2 2 2 1 4 4 4 3 1 2 2 2 3 4 1 4 4 2 2 2 2 3 1 3 2 4 2 1 1 2 3 3 4 2 3 3 4 1 2 2 3 2 4 3 2 3 4 4 4 4 1 3 2 2 4 1 3 4 4 2 4 2 4 4 
4 4 2 3 4 2 3 4 2 2 1 3 3 2 2 3 3 1 4 4 4 4 2 2 2 1 3 4 4 4 3 4 1 2 4 1 2 4 3 3 1 4 1 1 3 1 2 3 4 4 1 4 3 4 4 3 4 4 3 2 4 3 4 2 1 4 1 1 1 3 1 4 3 2 1 2 1 2 3 1 3 2 4 3 1 1 2 3 1 4 2 1 1 4 4 4 1 4 1 3 2 3 1 2 3 4 
4 1 3 2 3 2 3 1 3 1 3 4 1 1 4 4 2 2 1 4 1 4 3 4 4 1 1 4 1 2 3 4 1 4 3 2 1 4 2 2 3 4 2 1 3 4 2 2 1 4 4 1 1 3 1 1 3 4 3 3 2 2 4 1 1 2 1 4 2 2 1 4 1 2 1 1 1 2 2 1 3 2 1 3 4 3 2 4 1 1 2 4 3 4 4 3 4 3 1 2 4 1 1 1 4 4 
4 1 4 3 4 2 4 2 3 1 4 2 1 3 4 2 4 2 3 3 2 3 3 3 2 4 4 2 4 4 1 1 4 1 1 1 2 2 4 3 3 1 4 4 3 4 3 3 1 1 3 3 2 3 4 4 2 1 2 2 3 4 3 4 4 2 4 3 4 4 1 4 4 4 3 1 2 2 4 1 1 4 4 4 2 1 4 4 2 2 2 1 4 4 3 1 1 1 2 1 1 2 1 1 4 4 
4 1 1 2 3 3 4 1 2 1 3 1 1 1 3 1 4 2 4 3 1 1 4 4 3 3 3 3 2 1 3 1 2 4 3 1 2 4 4 4 3 1 2 4 4 3 4 3 2 1 4 2 4 4 4 1 1 3 1 2 1 4 4 1 2 3 4 3 4 3 3 1 4 1 1 1 4 2 2 3 1 4 3 1 2 1 2 1 3 3 3 2 4 2 2 4 4 4 1 3 2 3 2 2 3 4 
4 3 1 4 3 3 1 2 4 2 3 1 1 4 4 3 4 4 1 4 1 4 1 2 3 4 2 2 2 4 3 1 4 4 3 4 3 3 4 3 2 2 3 2 1 3 2 2 1 4 2 2 4 1 2 2 1 1 3 1 3 1 1 4 4 1 3 1 3 3 3 2 4 1 3 3 2 4 1 1 1 2 2 1 3 2 1 2 3 1 2 2 2 3 1 3 2 3 4 2 1 3 1 2 2 4 
4 1 4 4 3 4 2 1 4 1 1 4 2 1 1 2 4 2 4 1 2 3 2 1 2 4 4 3 2 2 4 2 2 1 3 3 2 4 1 1 1 3 4 4 2 2 3 1 3 2 4 1 3 4 2 4 1 3 1 4 2 4 4 4 3 2 2 1 3 1 4 4 4 3 4 2 2 3 1 1 4 4 3 4 1 2 4 3 2 1 4 1 4 2 1 4 3 2 1 1 1 3 1 1 1 4 
4 1 4 2 2 4 3 4 2 4 4 3 3 1 2 4 4 3 3 3 1 4 3 3 4 1 2 1 3 1 4 1 1 4 2 3 1 1 3 3 3 2 1 4 4 3 3 3 4 2 4 3 2 4 2 2 1 4 3 3 3 3 2 1 1 3 2 1 4 4 3 2 2 4 1 1 4 1 2 1 4 1 1 3 3 4 3 2 1 2 4 4 3 3 1 1 2 4 3 3 1 2 1 1 3 4 
4 2 3 3 1 1 1 3 2 3 2 4 2 3 3 1 3 1 2 1 2 2 1 1 2 3 3 2 2 3 2 1 1 2 1 2 1 2 3 2 3 1 2 1 4 1 4 1 1 1 1 2 4 2 1 1 4 2 3 3 1 2 2 1 3 1 3 3 4 4 4 4 4 3 3 2 1 4 2 4 2 1 2 1 4 1 3 1 2 1 2 4 1 3 3 3 3 3 2 1 1 3 4 4 2 4 
4 4 1 3 4 2 1 4 3 3 2 2 2 2 3 4 4 3 4 1 4 1 4 3 1 1 2 4 3 2 3 1 4 4 1 1 2 4 1 1 2 4 2 4 3 1 4 4 3 2 2 1 4 1 1 1 1 4 4 1 3 2 3 1 1 1 4 3 3 3 3 1 4 4 1 2 2 1 2 3 1 3 4 3 3 3 3 3 4 4 1 3 3 4 2 2 3 1 1 1 4 2 4 2 4 4 
4 4 1 1 4 2 4 1 2 3 4 3 3 4 2 3 4 2 3 2 1 3 2 1 1 3 1 1 3 1 1 3 4 3 4 1 1 3 4 2 2 1 3 4 3 4 3 4 4 3 3 3 3 4 1 4 3 2 2 2 2 4 4 4 3 4 4 1 2 4 4 4 3 2 2 2 3 2 1 3 4 1 1 3 1 4 1 2 3 2 2 1 2 1 4 1 3 2 2 1 1 3 3 1 2 4 
4 4 2 4 4 1 2 4 3 3 3 1 3 4 2 1 3 3 2 4 1 4 1 3 1 2 2 1 2 1 4 2 3 2 2 3 2 2 3 4 3 1 2 1 3 4 3 3 4 3 4 4 1 3 2 3 4 3 2 3 4 2 3 2 3 3 3 2 1 1 4 3 1 1 3 3 1 4 4 1 3 3 1 2 4 2 3 4 3 2 4 4 2 2 3 2 1 2 3 2 4 2 2 4 4 4 
4 3 4 4 1 1 1 3 2 2 1 2 2 1 4 4 4 4 1 2 3 3 3 2 4 1 3 2 3 4 1 2 4 4 3 3 2 1 2 3 2 2 2 1 3 3 1 4 2 1 4 1 2 1 1 2 1 2 3 1 3 1 3 4 2 4 1 2 1 1 2 4 3 1 4 4 4 3 2 3 2 2 3 4 3 4 4 4 1 1 1 3 4 1 3 3 2 3 1 1 1 3 1 1 3 4 
4 4 4 2 1 1 1 1 2 3 4 2 2 2 2 4 4 4 4 2 4 2 4 1 3 3 2 3 2 1 3 3 2 2 1 1 2 2 3 3 3 2 3 3 4 3 3 1 1 3 1 1 3 4 1 2 3 2 2 2 2 4 4 3 4 2 1 2 4 1 2 3 3 3 2 4 4 4 1 3 1 2 2 4 1 3 1 1 3 2 2 2 2 3 3 1 2 3 4 3 1 3 3 4 4 4 
4 2 3 1 2 4 3 3 3 2 3 3 2 4 3 3 4 2 3 4 1 4 3 4 1 3 3 4 4 3 3 1 3 1 3 1 2 1 3 2 3 4 1 4 2 2 1 2 4 4 1 1 4 3 3 3 3 1 1 1 4 1 3 4 1 2 2 3 4 4 1 1 1 3 3 4 3 4 3 2 1 1 2 2 4 3 4 4 3 1 4 4 1 3 1 3 4 3 1 1 1 3 3 4 3 4 
4 1 3 2 1 1 4 2 2 4 2 3 3 1 3 4 1 1 1 1 4 1 2 4 1 1 3 2 1 4 4 1 2 1 2 2 4 4 2 3 4 4 3 2 1 2 4 3 1 2 4 4 1 4 3 3 2 2 2 4 4 3 3 3 3 1 1 3 1 4 1 3 3 1 2 3 4 2 1 4 3 2 1 3 4 4 4 3 1 3 3 2 1 4 4 2 4 3 4 3 3 1 2 2 2 4 
4 2 1 1 4 4 2 4 4 1 2 2 4 3 2 2 4 1 1 1 1 3 1 3 4 3 2 3 3 1 1 3 2 2 1 4 3 4 4 2 2 1 2 4 1 1 3 3 3 1 3 3 4 3 3 2 3 3 2 3 3 1 4 2 4 4 2 1 1 3 1 1 4 1 3 4 1 1 4 1 1 4 4 4 2 3 2 3 4 1 4 3 4 3 2 4 3 2 2 2 1 3 4 4 2 4 
4 2 4 2 3 1 4 3 2 1 4 2 4 3 1 4 4 2 2 3 1 3 3 4 1 3 4 2 4 2 4 2 1 3 3 4 4 4 3 4 4 1 1 4 3 3 3 4 1 1 4 1 4 3 2 4 2 2 1 4 3 2 4 4 2 1 1 4 1 4 2 1 2 4 2 1 2 2 3 2 4 3 4 1 1 2 2 2 3 3 3 2 3 3 1 2 3 1 1 3 1 1 3 3 3 4 
4 2 1 2 4 2 1 2 2 4 3 2 2 3 2 4 2 1 2 4 4 4 4 2 2 2 1 4 3 3 4 4 2 2 4 3 3 4 2 4 4 3 1 3 4 3 1 3 4 1 4 1 4 3 3 4 3 1 3 2 1 3 4 4 1 2 4 4 4 3 4 2 2 2 4 4 2 1 4 4 3 2 4 1 2 3 4 2 1 1 4 3 1 1 3 3 4 2 1 1 2 1 1 4 4 4 
4 2 1 3 4 1 1 2 3 2 4 4 1 1 4 1 1 1 4 1 1 2 2 4 3 4 2 1 3 4 4 4 2 3 2 2 2 2 1 2 4 2 1 2 2 1 3 4 3 4 4 3 3 3 2 1 1 3 2 4 3 3 1 1 2 1 4 2 2 2 3 3 3 1 1 2 1 2 3 1 2 3 4 4 1 3 1 4 3 3 2 4 1 4 1 1 1 3 3 3 3 2 2 4 4 4 
4 2 1 2 4 3 1 4 3 3 1 3 3 1 4 2 3 1 3 3 1 2 3 2 3 2 4 2 3 3 2 1 1 2 3 1 1 3 1 3 2 4 4 4 1 3 4 1 4 1 4 4 2 2 3 1 4 2 2 1 3 2 3 4 1 4 3 4 1 3 3 4 1 1 1 3 3 4 3 1 4 1 3 4 2 3 2 4 3 3 2 4 2 1 3 4 2 3 3 1 3 2 4 2 1 4 
4 3 4 2 4 4 2 4 1 4 3 1 2 4 4 1 4 4 2 4 3 1 3 4 2 1 4 1 3 3 3 3 4 1 2 3 2 1 4 3 3 2 3 1 1 1 4 3 4 1 1 1 1 3 3 2 4 2 1 4 1 3 2 4 3 3 1 4 3 4 3 2 2 1 3 1 4 2 1 2 4 1 3 4 2 1 3 2 1 4 1 4 1 4 4 2 3 4 3 3 4 2 1 2 3 4 
4 3 2 1 1 3 3 3 4 2 3 1 3 3 3 2 2 4 3 2 4 1 3 4 3 1 4 1 3 4 2 4 3 3 2 3 2 2 1 3 2 1 3 2 4 3 4 3 4 3 2 2 4 3 2 3 1 2 1 1 3 3 4 4 4 3 1 3 1 4 2 4 3 3 1 3 2 3 2 2 3 2 3 3 1 2 2 3 1 3 2 4 1 1 3 2 2 1 2 2 3 2 2 4 4 4 
4 4 3 4 4 3 3 2 2 3 1 3 4 3 3 3 3 1 4 2 4 1 4 2 2 4 1 4 1 2 3 2 4 2 3 4 4 1 1 4 4 2 4 1 1 3 3 3 2 4 3 4 3 3 4 3 3 3 1 3 4 4 4 1 3 1 4 2 4 2 2 4 2 2 4 4 1 1 1 1 1 4 4 1 4 1 1 4 1 3 4 1 3 1 4 1 4 2 1 2 4 1 4 4 4 4 
4 2 4 1 1 1 2 4 1 3 4 3 3 3 3 2 1 2 2 1 3 1 2 4 3 4 4 1 2 3 3 2 4 1 3 1 1 2 4 3 4 1 1 2 3 3 1 1 2 2 2 4 4 3 2 3 2 1 3 2 4 1 1 2 3 3 3 2 1 4 4 3 2 3 2 1 3 3 2 2 2 1 1 1 1 2 3 1 3 4 4 3 1 2 3 4 1 4 4 4 4 1 3 3 2 4 
4 2 3 1 1 2 1 4 4 4 2 3 3 3 3 4 4 3 4 4 2 1 2 2 3 1 2 4 4 3 4 4 2 4 2 1 1 3 4 4 4 4 4 3 2 2 4 4 3 2 1 3 3 4 1 2 1 2 3 4 1 1 3 1 3 1 3 1 4 4 3 1 1 1 3 2 1 3 3 3 4 2 1 4 2 4 1 3 4 2 4 1 3 2 2 1 4 4 4 1 1 4 4 2 4 4 
4 4 3 1 2 3 1 2 4 1 3 1 3 4 3 1 3 2 3 1 4 1 1 4 3 1 4 1 1 4 2 1 1 2 3 4 3 1 1 4 1 4 2 1 1 4 3 2 1 2 1 4 1 1 4 1 2 1 2 1 3 2 2 2 3 2 3 1 2 3 4 1 2 4 4 4 4 2 4 3 4 2 3 4 4 2 4 1 1 1 4 1 3 2 4 1 2 4 3 4 2 3 4 2 4 4 
4 3 2 2 3 4 2 3 4 2 2 1 1 1 2 3 4 4 4 3 2 2 1 3 2 2 2 3 2 1 4 4 1 4 1 3 4 4 4 3 2 3 1 2 2 1 2 3 1 4 2 2 3 1 3 2 2 4 2 1 2 3 1 2 1 2 1 3 2 4 4 2 4 4 4 3 1 3 1 3 4 4 2 1 2 1 2 2 4 4 3 4 1 3 1 1 2 2 4 3 1 4 4 1 2 4 
4 3 1 1 4 2 3 1 4 4 2 1 4 1 1 3 4 3 2 1 3 1 2 3 4 3 4 2 4 3 4 1 1 1 3 2 4 2 1 3 1 4 3 1 4 1 3 1 2 2 1 3 2 4 4 3 3 1 1 2 1 3 3 3 2 4 3 2 4 3 4 3 2 3 4 4 4 2 2 2 3 2 3 3 2 3 1 3 4 2 3 1 1 4 1 2 4 4 4 1 4 2 1 4 3 4 
4 4 2 4 2 4 1 4 2 3 3 1 3 3 4 2 4 1 4 2 2 2 1 1 4 4 3 3 1 4 3 4 4 4 3 2 1 4 4 3 2 3 3 1 2 4 4 2 1 1 3 2 4 2 1 3 4 4 3 2 1 1 3 1 2 2 1 3 3 2 1 4 3 4 4 1 2 2 4 3 1 1 3 1 3 1 3 4 2 4 2 3 1 4 1 3 2 3 1 2 4 2 1 1 2 4 
4 1 2 4 2 2 4 3 4 2 4 2 3 4 1 1 3 4 4 4 1 1 3 2 1 1 3 1 3 3 1 1 3 2 3 1 1 1 1 1 3 4 2 2 3 1 2 2 2 4 1 1 4 2 2 2 1 4 3 4 3 2 3 3 4 4 2 1 3 3 1 1 4 2 4 3 4 1 3 3 4 4 4 1 3 4 2 1 2 1 3 4 1 2 4 2 3 1 3 3 4 2 3 3 4 4 
4 3 2 1 2 2 1 3 2 3 2 3 4 1 2 3 4 4 4 1 3 1 1 1 1 3 1 2 4 3 3 2 1 2 4 2 1 1 4 4 4 4 4 1 4 3 2 1 1 3 3 1 1 4 3 1 1 3 2 1 2 4 2 2 1 2 4 1 3 4 4 3 2 3 2 3 1 4 3 2 3 2 2 1 3 4 3 2 2 2 3 2 4 2 2 1 4 2 2 4 4 4 3 4 4 4 
4 4 2 4 2 3 2 3 3 1 1 3 4 4 2 2 1 2 4 3 1 4 3 1 2 3 1 2 1 2 2 4 2 2 2 2 1 2 3 1 1 1 2 2 2 1 2 3 1 2 1 2 1 2 3 2 3 3 3 1 1 4 1 4 3 4 4 3 4 3 1 3 3 2 2 4 3 4 2 1 1 4 4 4 3 1 1 3 3 4 4 2 1 4 3 2 2 2 3 1 2 2 4 4 4 4 
4 1 1 4 3 3 4 3 1 2 3 4 2 2 3 1 3 1 4 3 4 4 1 3 2 2 3 3 3 4 3 1 1 1 1 3 1 2 4 3 2 3 1 1 4 2 3 2 1 2 1 1 4 4 3 1 2 3 3 3 1 3 2 3 2 2 2 4 4 1 4 4 3 4 4 1 4 4 4 2 3 1 2 1 4 2 3 2 3 3 2 4 3 1 3 1 1 4 4 4 2 1 1 1 1 4 
4 2 2 3 2 2 1 1 3 3 3 1 4 2 4 4 4 1 3 2 1 2 4 2 4 3 4 2 2 4 3 4 4 2 4 4 3 4 3 4 2 1 2 2 4 3 2 4 4 4 3 4 2 1 4 1 3 2 1 2 1 1 4 1 2 1 3 4 1 3 1 3 4 2 3 3 3 2 4 2 4 1 3 4 1 4 1 1 3 3 2 3 2 2 4 4 3 2 2 1 3 3 4 4 1 4 
4 2 1 1 2 4 4 4 1 3 2 1 1 3 4 1 2 3 3 4 2 2 3 3 4 1 4 3 2 2 1 1 4 3 4 2 3 4 3 3 4 1 2 2 1 4 3 2 4 3 2 1 3 3 1 1 2 3 3 1 3 2 2 1 3 1 1 3 4 4 4 3 4 2 1 1 4 4 2 3 4 3 4 4 2 3 1 4 1 4 1 1 3 4 4 2 2 2 4 2 2 2 3 1 3 4 
4 1 2 3 2 2 2 1 2 2 1 1 3 4 4 3 4 3 4 1 4 2 4 4 1 1 4 1 2 4 4 2 2 2 2 2 2 4 3 4 2 4 3 3 4 3 4 4 2 1 1 2 4 4 3 4 3 2 4 2 1 2 2 4 3 4 1 4 4 4 4 4 1 1 4 1 1 3 3 4 4 1 1 4 1 1 1 3 1 2 3 4 3 2 2 2 4 2 3 3 4 3 2 2 4 4 
4 1 2 3 1 2 3 4 1 2 4 3 3 4 4 3 1 3 4 4 3 2 4 4 4 4 1 4 4 4 4 4 3 1 1 4 2 1 2 4 4 1 4 3 1 2 4 4 4 4 1 4 1 1 3 2 1 4 1 1 1 2 2 3 1 4 2 4 3 3 2 3 2 3 1 3 1 1 3 1 1 1 2 2 4 1 3 3 3 4 2 2 3 3 4 1 1 3 1 2 3 4 3 1 4 4 
4 4 1 2 4 4 2 4 4 2 2 3 4 2 2 3 1 4 4 2 4 3 4 3 2 4 4 1 3 1 2 2 4 2 4 1 3 3 4 1 1 1 4 4 3 2 3 3 1 3 1 1 1 3 4 1 2 3 1 1 3 1 3 4 3 2 1 2 3 4 2 3 4 2 4 1 2 4 3 4 2 1 3 4 3 3 2 2 1 3 1 2 4 3 2 2 1 4 2 2 2 4 3 1 3 4 
4 1 4 1 2 2 2 1 4 2 2 3 2 1 1 2 2 3 4 4 2 1 4 1 4 3 2 2 4 2 1 4 4 2 1 4 2 3 4 1 3 2 1 3 2 4 3 3 4 1 2 1 2 1 4 3 2 3 1 4 4 2 1 2 3 3 1 2 2 3 1 1 3 3 3 2 2 2 4 4 2 4 1 4 3 2 1 3 4 4 4 3 1 4 3 3 1 2 1 4 2 4 2 4 3 4 
4 2 1 1 4 3 1 3 4 2 1 3 2 2 1 2 2 1 4 1 1 1 1 2 4 3 2 1 3 4 3 1 4 4 1 3 3 1 4 4 4 4 4 2 2 3 3 1 2 2 4 4 3 1 4 1 3 2 3 2 4 2 3 1 3 2 4 4 4 3 2 3 4 3 3 2 4 1 4 4 3 3 4 3 1 4 4 1 2 4 1 3 1 3 4 2 4 3 4 1 1 1 2 3 2 4 
4 2 2 3 2 3 4 4 2 3 1 2 3 2 4 2 3 1 3 3 3 2 3 2 4 3 3 4 2 3 4 4 4 1 3 3 1 2 1 2 3 1 2 4 3 4 3 1 2 3 2 3 3 2 4 1 1 3 1 1 4 2 3 1 3 1 2 1 4 2 2 1 3 3 1 4 2 2 3 2 3 3 2 3 3 2 2 2 4 1 4 4 3 3 3 2 2 1 4 4 1 3 2 3 2 4 
4 1 4 4 3 1 1 4 2 3 1 4 4 4 1 1 1 1 1 1 2 4 1 1 4 3 1 2 3 3 3 2 4 2 4 2 2 3 4 2 2 2 1 1 1 2 4 2 2 2 4 2 4 4 2 3 2 3 1 3 3 1 2 2 1 3 2 2 4 4 2 2 4 3 2 3 1 4 4 3 2 1 2 2 3 1 1 1 4 2 4 2 2 1 1 4 4 4 3 2 2 4 2 2 3 4 
4 3 3 4 3 1 3 4 2 2 1 1 4 1 3 3 1 3 4 4 1 1 1 1 1 4 1 4 4 4 2 4 3 1 4 2 3 2 3 3 2 1 1 2 4 1 4 4 1 3 1 3 3 4 3 3 3 3 2 4 1 3 1 2 2 4 1 3 2 1 2 3 2 2 4 1 3 1 2 2 2 4 4 4 1 2 1 2 3 1 1 1 1 4 3 1 1 4 3 3 2 3 2 2 2 4 
4 1 1 3 4 3 3 2 1 3 2 4 4 4 1 3 1 2 1 2 4 2 1 3 3 4 2 2 2 4 3 2 1 2 2 3 1 3 1 4 2 3 2 2 4 4 2 4 2 4 4 4 3 4 3 4 4 3 4 3 1 3 3 3 4 4 1 2 3 1 2 1 1 2 2 3 1 3 2 2 4 1 4 2 4 3 3 3 3 4 2 2 1 4 2 1 2 4 4 3 3 3 4 1 3 4 
4 3 4 1 3 1 1 4 1 1 1 2 3 1 2 2 1 1 2 1 3 3 1 4 3 3 2 3 3 2 3 4 2 2 3 3 3 4 4 4 1 3 2 1 4 4 2 4 4 3 2 4 1 2 2 3 3 4 1 2 1 1 2 3 2 4 1 1 1 3 1 1 1 3 3 1 1 2 2 4 4 4 3 3 4 1 2 3 2 2 3 3 2 2 4 2 1 1 1 1 3 2 3 2 1 4 
4 2 1 4 1 2 1 1 3 3 1 2 3 3 4 4 2 1 1 3 2 3 4 2 1 2 2 2 4 2 3 2 1 2 3 3 3 4 2 2 2 1 3 4 1 3 2 2 3 4 4 2 2 2 3 2 3 1 1 3 2 1 4 4 1 4 4 3 3 4 3 4 3 1 1 2 4 3 4 4 1 3 3 3 3 2 4 4 2 3 4 1 1 3 4 3 1 2 2 4 3 2 4 1 2 4 
4 3 1 2 2 3 2 4 1 3 1 4 2 2 3 2 3 2 4 1 1 4 1 1 1 1 4 2 1 4 2 4 1 2 2 1 2 1 2 4 2 3 1 3 4 3 1 1 1 1 4 3 1 1 1 1 3 4 4 2 1 2 2 3 4 4 2 4 4 1 1 4 3 4 3 4 4 1 1 4 4 4 1 3 4 1 2 3 1 2 3 1 2 4 2 3 2 3 2 2 3 4 3 3 2 4 
4 1 3 4 3 2 4 2 4 4 1 3 3 2 1 1 2 1 1 4 4 1 3 4 1 2 3 1 4 4 1 4 1 4 4 4 2 2 2 3 2 4 4 4 2 3 1 2 2 3 1 3 1 3 4 3 1 1 1 4 1 4 2 1 2 1 2 4 4 1 3 1 2 3 4 4 1 1 2 2 3 4 4 2 2 2 1 3 2 4 1 1 3 1 4 4 3 2 1 3 3 3 2 1 1 4 
4 1 3 3 2 3 2 1 3 4 4 3 2 2 4 3 3 3 2 4 2 2 2 2 4 4 2 2 1 3 3 4 2 3 4 1 1 4 3 3 1 2 2 2 1 1 2 1 2 4 1 1 2 4 2 2 4 4 1 2 3 4 4 3 1 4 1 3 3 4 3 4 2 3 4 3 3 3 1 2 1 3 1 2 3 3 1 3 3 2 2 2 2 3 3 1 2 4 3 4 2 1 2 3 4 4 
4 1 2 2 4 4 2 4 1 3 1 1 3 4 3 3 2 3 1 1 3 4 4 3 2 2 2 2 3 4 3 3 2 2 4 3 4 1 2 3 3 1 2 4 1 1 3 4 2 3 2 4 3 2 4 4 4 4 4 1 4 4 2 1 2 1 4 2 3 4 2 3 1 3 1 3 3 1 3 1 3 3 2 2 4 1 4 3 4 4 3 2 1 4 1 2 1 3 4 2 3 2 1 2 2 4 
4 2 2 2 4 4 2 1 3 3 4 2 1 1 4 1 1 2 3 3 3 2 4 3 2 2 4 1 4 3 3 2 1 1 2 2 1 3 4 3 4 4 4 1 2 3 3 3 3 3 3 1 2 3 1 2 1 4 4 3 3 2 2 2 1 1 2 1 2 4 2 3 4 1 3 2 3 3 1 4 1 2 1 4 4 4 2 4 1 4 3 3 3 2 2 2 2 1 1 3 1 1 3 3 2 4 
4 2 2 3 2 1 1 3 4 3 4 2 4 1 3 1 1 3 2 3 3 3 4 3 2 1 2 1 3 4 3 3 4 4 2 3 3 3 1 1 1 4 1 3 1 3 3 2 1 3 4 3 4 1 1 3 4 1 2 4 1 1 2 4 3 3 1 1 3 2 2 2 3 3 2 1 4 3 2 1 1 4 3 1 3 2 2 2 4 1 1 4 3 1 1 2 4 4 2 1 2 4 3 4 1 4 
4 1 3 4 2 4 3 1 3 2 3 3 1 3 1 4 3 3 3 4 4 2 4 4 1 3 2 1 1 4 3 2 4 3 4 1 1 1 3 2 3 2 2 1 2 1 2 4 4 4 4 3 2 3 2 4 1 2 4 3 3 4 4 2 4 1 3 3 3 4 2 2 4 2 1 2 4 1 4 3 2 4 2 4 2 1 4 2 1 4 4 3 3 1 2 1 2 3 2 1 4 1 1 2 2 4 
4 3 4 1 4 3 2 2 1 2 2 4 2 2 1 2 4 4 4 2 1 4 2 1 2 2 2 1 3 1 3 3 3 3 2 3 2 3 4 4 3 3 4 2 2 4 3 4 3 1 4 4 1 1 4 4 2 4 4 3 1 2 4 3 2 1 3 3 1 2 2 1 2 4 3 3 4 3 4 1 2 3 2 2 4 1 2 2 3 1 4 4 4 2 3 4 1 4 4 3 4 4 3 4 1 4 
4 1 4 4 2 4 1 4 1 4 2 4 2 3 1 3 4 4 2 3 4 3 1 4 1 2 4 1 3 4 2 1 4 4 2 3 3 4 4 1 3 4 1 2 3 2 3 1 3 4 1 2 2 2 1 4 1 1 4 2 4 2 2 3 2 3 4 2 4 2 3 1 3 4 2 4 2 4 1 3 2 4 1 4 3 2 3 4 3 1 2 4 4 1 4 2 2 3 4 3 1 3 2 3 4 4 
4 4 4 1 4 4 1 4 3 1 2 4 4 2 3 3 3 3 1 4 3 4 4 1 3 1 2 4 2 2 2 3 1 2 1 2 1 2 2 4 2 3 2 1 3 3 1 1 1 3 2 4 3 2 3 4 4 3 1 1 3 1 3 4 4 3 3 1 1 4 4 2 1 1 4 3 3 2 4 4 4 1 1 2 2 1 1 3 2 4 2 2 2 2 1 4 4 1 4 3 3 3 1 1 4 4 
4 4 4 4 4 4 4 4 4 4 4 4 4 4 4 4 4 4 4 4 4 4 4 4 4 4 4 4 4 4 4 4 4 4 4 4 4 4 4 4 4 4 4 4 4 4 4 4 4 4 4 4 4 4 4 4 4 4 4 4 4 4 4 4 4 4 4 4 4 4 4 4 4 4 4 4 4 4 4 4 4 4 4 4 4 4 4 4 4 4 4 4 4 4 4 4 4 4 4 4 4 4 4 4 4 4 

