105
1000
1000

[Node]
0  0  0   0  0
106 0  0   0  0

[pickup]
1       504852746      16          6
2       504559662      24          9
3       505160192      27          13
4       503615814      28          14
5       504930826      32          17
6       505112394      33          19
7       505195416      33          15
8       504731124      34          20
9       504632589      39          20
10      502794879      39          17
11      505123014      40          7
12      504489908      41          14
13      505057713      42          20
14      502789178      42          17
15      503629917      43          13
16      504558137      46          8
17      505230253      47          15
18      504619160      48          9
19      505036392      53          14
20      505185201      54          10
21      502795047      56          8
22      504725765      57          19
23      504930829      58          6
24      504944052      61          9
25      504579938      62          12
26      502800271      63          19
27      502851705      65          5
28      504563723      66          16
29      504959841      72          11
30      503240801      73          11
31      505170069      73          14
32      505131975      76          5
33      504549590      79          5
34      505128819      80          16
35      503284249      81          10
36      503242004      82          15
37      505233265      84          15
38      504940824      90          9
39      505029423      90          17
40      505026956      92          20
41      505170366      93          17
42      504959617      108         19
43      502794770      109         10
44      505186923      113         12
45      502789180      113         10
46      505191730      115         19
47      503251698      117         13
48      503249203      119         12
49      503184278      119         5
50      505084618      120         6
51      503904846      123         7
52      504559658      123         9
53      504553396      124         20
54      504904607      126         7
55      503136759      126         11
56      504423494      130         6
57      502785877      147         6
58      503202377      154         8
59      502794547      157         9
60      503586355      159         8
61      505193078      166         8
62      503188362      168         12
63      502793979      174         16
64      502785866      182         12
65      502789708      182         7
66      504692561      183         5
67      504945646      191         20
68      504491355      198         11
69      502787619      199         16
70      503254639      199         12
71      504632568      206         19
72      502798846      209         8
73      504826545      225         8
74      504398963      229         10
75      503168027      240         19
76      504940738      256         14
77      505176368      259         9
78      504539377      261         20
79      502785862      262         18
80      502787414      285         20
81      502798241      293         17
82      505163840      296         13
83      503819061      303         15
84      505082920      309         8
85      504608410      312         15
86      505130422      322         14
87      503297612      331         7
88      503746302      335         10
89      504012514      346         12
90      504940726      368         19
91      502792352      380         7
92      504777883      503         15
93      502947275      530         10
94      504804145      563         7
95      503220254      569         5
96      504579944      642         18
97      504461228      780         12
98      504040924      781         11
99      502798842      833         13
100     504459915      1000        11
101     504930822      1000        14
102     502785928      1000        7
103     504411671      1000        5
104     502804546      1000        10
105     504940835      1000        20

[Speed 0]
0.81
30.0   60.0 0.0 0.6
90.0   150 0.0 0.4
300.0  540.0 0.0 0.81
570.0 630.0 0.0 0.6
660.0 720.0 0.0 0.4
750.0 840.0 0.0 0.81

[Speed 1]
1.33
30.0   60.0 0.0 0.8
90.0   150 0.0 0.6
300.0  540.0 0.0 1.33
570.0 630.0 0.0 0.8
660.0 720.0 0.0 1.3
750.0 840.0 0.0 2

[Speed 2]
1.33
30.0   60.0 0.0 1.0
90.0   150 0.0 0.8
300.0  540.0 0.0 1.33
570.0 630.0 0.0 0.8
660.0 720.0 0.0 0.6
750.0 840.0 0.0 1.5

[Speed 3]
1.5
30.0   60.0 0.0 0.9
90.0   150 0.0 0.8
300.0  540.0 0.0 1.5
570.0 630.0 0.0 0.9
660.0 720.0 0.0 0.8
750.0 840.0 0.0 1.5

[Speed 4]
2
30.0   60.0 0.0 1.1
90.0   150 0.0 0.9
300.0  540.0 0.0 2
570.0 630.0 0.0 1.1
660.0 720.0 0.0 0.9
750.0 840.0 0.0 2

[speed choose matrix]
4 4 4 4 4 4 4 4 4 4 4 4 4 4 4 4 4 4 4 4 4 4 4 4 4 4 4 4 4 4 4 4 4 4 4 4 4 4 4 4 4 4 4 4 4 4 4 4 4 4 4 4 4 4 4 4 4 4 4 4 4 4 4 4 4 4 4 4 4 4 4 4 4 4 4 4 4 4 4 4 4 4 4 4 4 4 4 4 4 4 4 4 4 4 4 4 4 4 4 4 4 4 4 4 4 4 4 
4 2 4 4 4 3 4 1 1 2 3 2 3 1 4 3 2 1 4 3 2 1 3 3 3 4 1 4 2 3 1 2 3 2 1 2 1 1 2 2 1 2 3 1 4 4 2 4 2 2 1 4 2 4 3 2 3 3 2 3 1 2 1 2 1 1 1 2 4 4 2 1 2 2 4 4 1 1 4 4 4 2 3 3 2 1 2 1 1 2 3 1 4 3 3 2 2 4 1 1 2 2 4 4 1 1 4 
4 4 1 3 2 2 3 2 2 1 2 3 4 2 1 2 4 1 2 4 2 1 4 4 2 4 1 1 4 1 4 4 4 2 4 1 3 1 1 2 3 3 4 2 4 2 3 1 3 3 2 4 2 2 3 1 4 3 3 4 3 1 2 1 4 4 4 3 3 1 2 2 3 3 3 4 3 2 4 1 3 4 4 3 2 1 2 1 4 3 2 4 3 2 1 1 4 2 1 1 2 2 3 4 1 4 4 
4 2 2 4 3 3 4 2 2 3 4 3 3 3 2 4 4 1 3 4 2 3 1 3 2 1 3 3 1 4 4 2 3 2 3 3 4 1 1 4 2 2 3 2 2 2 2 4 2 3 1 4 1 3 4 4 4 3 3 2 4 4 2 2 3 1 1 1 1 3 3 1 3 2 1 2 1 3 2 4 3 4 4 1 3 2 1 3 3 2 4 4 1 2 3 2 2 3 1 4 2 3 2 4 1 4 4 
4 2 4 2 1 2 3 4 1 3 2 1 1 2 4 3 1 4 1 4 2 1 3 2 2 2 1 2 1 4 2 4 4 1 4 3 1 1 2 2 4 4 1 1 3 3 3 1 1 1 4 4 2 4 3 4 1 3 1 4 3 4 2 3 4 1 4 4 2 1 2 2 2 4 1 1 1 4 3 3 4 1 2 3 4 3 1 2 1 3 4 2 3 3 1 3 3 4 1 1 1 3 4 4 3 3 4 
4 4 3 3 2 3 2 2 1 1 3 4 3 4 3 4 2 3 2 3 1 2 3 2 4 4 3 3 3 2 1 1 1 4 3 2 4 3 1 3 1 1 4 4 2 2 3 4 4 4 3 1 2 2 2 2 3 2 2 2 2 2 2 4 3 2 1 2 3 2 3 3 4 1 1 1 2 3 1 1 4 3 1 4 4 1 2 2 1 3 2 1 1 2 3 1 1 1 2 2 2 1 1 3 3 4 4 
4 2 3 3 2 3 2 3 2 1 3 3 4 2 2 3 1 3 2 3 4 1 4 3 4 3 2 4 1 3 2 3 3 4 3 1 1 2 4 3 4 2 1 4 4 4 3 1 2 4 2 3 4 3 4 4 3 3 3 3 2 1 1 4 3 3 3 3 2 2 1 2 4 4 2 2 1 2 4 4 1 1 4 2 4 2 3 4 2 2 4 1 3 2 2 4 4 1 1 4 3 2 2 2 3 1 4 
4 4 1 1 3 3 4 2 1 2 4 1 1 2 1 4 3 2 2 3 1 3 2 3 3 2 3 1 2 3 3 3 4 3 2 2 2 2 3 1 4 1 3 1 1 3 3 3 3 4 3 3 3 2 1 4 3 1 2 2 1 3 1 3 1 2 2 4 4 1 3 3 4 2 1 3 3 1 1 4 1 2 4 4 1 4 4 1 4 1 4 1 1 4 1 4 4 1 4 3 1 2 3 2 2 3 4 
4 4 4 3 3 2 2 3 2 3 3 4 1 4 4 2 1 1 4 3 2 3 3 3 4 2 3 3 4 2 3 3 2 3 2 1 2 2 3 4 2 1 4 3 3 4 1 3 2 2 4 2 2 1 4 3 1 4 1 4 1 1 1 1 1 4 1 3 4 1 3 1 2 2 2 2 4 4 3 2 1 2 2 4 4 2 2 2 4 1 3 3 1 3 2 2 3 1 4 4 2 1 4 3 1 1 4 
4 3 2 1 4 1 2 3 3 3 2 3 3 3 3 3 2 4 1 4 1 1 3 3 4 2 1 1 3 1 2 1 4 3 1 2 4 4 1 4 4 1 3 2 1 1 1 1 3 3 3 1 2 4 4 1 3 3 3 3 4 2 1 3 4 4 4 1 4 4 3 3 2 1 4 1 4 1 3 4 3 3 1 4 1 4 4 1 2 3 4 4 4 2 2 2 2 3 2 1 4 1 4 1 1 2 4 
4 1 1 4 4 3 4 4 2 1 2 4 4 3 4 1 3 1 3 4 4 3 2 3 1 1 2 1 3 2 2 3 1 2 2 1 1 2 3 2 1 2 1 4 3 4 4 2 2 1 4 4 1 2 1 4 3 3 1 1 3 2 2 3 3 1 2 1 2 3 3 4 2 1 1 2 4 4 3 2 3 3 3 4 1 1 2 4 4 3 2 4 2 2 4 4 3 3 1 4 2 2 1 3 3 1 4 
4 2 2 4 2 2 2 3 3 2 4 2 2 1 3 4 1 3 1 1 4 1 1 3 1 3 1 3 4 4 2 3 3 1 3 3 4 3 3 1 1 1 4 3 3 1 2 3 2 1 3 2 2 1 4 2 3 1 3 2 3 2 3 1 4 2 1 2 2 4 2 3 1 1 2 4 2 3 3 2 4 1 4 2 4 2 2 1 4 4 4 2 2 3 1 1 1 2 3 4 3 3 4 4 4 2 4 
4 1 1 1 1 2 2 3 3 1 1 3 3 3 4 3 1 2 4 4 2 2 3 3 3 2 1 3 2 3 3 1 1 4 1 3 3 4 4 2 1 3 1 3 3 4 2 1 2 4 3 3 1 4 4 1 2 3 3 2 3 1 2 3 1 4 1 4 3 1 2 4 2 2 3 3 2 4 1 1 4 1 4 4 2 2 3 4 4 1 1 2 1 3 4 2 4 4 2 4 3 2 2 4 1 2 4 
4 1 2 4 2 2 2 3 3 2 4 4 4 3 1 2 3 4 1 1 3 2 1 2 3 3 1 3 3 2 3 4 2 4 4 2 1 2 4 2 1 2 4 1 3 3 1 2 2 4 4 3 1 1 1 1 2 1 2 2 4 2 3 2 4 2 3 4 4 3 1 3 1 3 1 1 1 1 1 1 1 2 1 3 3 2 4 3 2 4 4 1 3 3 1 2 2 3 2 3 3 1 1 1 2 2 4 
4 1 2 2 4 4 4 2 1 3 4 4 1 4 3 4 3 3 3 3 4 2 3 4 1 3 3 1 3 4 3 4 3 4 3 3 3 2 2 4 4 3 2 1 2 3 4 3 4 2 1 1 4 4 3 3 1 4 4 4 3 2 1 4 4 1 2 1 2 4 3 1 3 4 4 1 4 3 1 4 2 1 3 4 3 3 3 4 4 2 1 2 3 4 2 4 3 1 2 2 2 1 3 3 1 2 4 
4 2 4 1 4 3 2 4 1 4 3 3 2 2 4 2 1 2 2 2 4 4 3 3 2 1 3 1 1 2 3 2 3 1 3 3 3 4 2 4 2 2 4 3 1 4 3 4 3 3 4 2 1 3 2 1 4 3 4 4 1 3 3 4 2 2 1 1 3 3 4 3 2 1 1 3 4 2 2 4 1 1 1 2 2 1 4 3 3 3 1 1 1 2 4 1 1 1 2 1 4 1 3 3 3 4 4 
4 1 3 4 3 4 4 2 2 4 1 1 1 4 4 3 1 3 4 4 4 2 3 1 4 4 3 3 2 1 4 4 1 4 3 3 1 4 2 3 2 3 3 4 2 4 3 1 2 4 2 4 4 4 4 4 3 2 1 1 2 3 4 4 2 2 2 2 2 1 4 2 2 4 3 4 2 2 3 4 3 4 3 4 1 2 1 1 4 3 3 3 2 1 2 4 3 1 1 3 3 3 3 1 1 3 4 
4 1 3 3 2 2 3 1 3 4 4 3 3 2 4 2 3 3 1 3 1 4 4 2 2 4 1 2 4 2 1 1 2 3 1 3 4 4 4 3 4 1 3 4 4 1 2 2 1 3 3 2 3 3 4 1 3 4 2 4 2 4 1 4 2 2 3 3 2 3 2 1 2 1 4 1 4 1 1 2 1 2 3 2 1 3 4 1 1 3 1 1 4 3 4 4 4 2 3 2 1 4 2 2 3 3 4 
4 3 1 3 3 1 4 1 1 2 3 3 4 2 2 4 2 4 1 4 3 3 4 1 2 1 4 3 3 2 3 2 2 1 4 3 3 1 1 1 1 4 3 4 3 3 1 3 2 2 1 2 2 1 1 2 4 2 4 1 4 2 4 3 3 4 2 3 4 1 2 1 4 4 4 3 2 2 3 2 2 4 3 3 4 2 2 4 3 3 4 4 4 4 2 1 1 2 4 1 1 4 3 1 3 2 4 
4 4 2 1 1 2 1 4 2 2 1 4 1 1 2 4 3 4 1 2 1 3 1 3 2 2 1 2 4 4 1 3 1 4 1 3 3 4 4 4 1 1 3 4 4 2 1 4 2 1 3 2 1 4 3 4 1 2 2 2 4 4 4 4 3 2 3 1 3 2 4 1 1 1 3 1 4 1 3 3 2 4 1 3 3 4 1 4 2 4 1 1 4 4 1 2 4 4 4 4 4 4 3 3 3 3 4 
4 3 1 2 4 1 1 4 1 3 4 2 3 4 4 1 3 3 3 2 1 3 3 4 4 2 3 3 3 3 3 2 2 4 1 2 1 4 3 1 1 2 1 1 1 3 4 2 1 4 3 3 3 3 1 2 3 3 1 3 4 1 4 3 3 4 3 1 3 3 1 4 2 4 2 3 3 2 1 1 4 4 4 4 3 3 3 4 3 2 3 3 3 4 1 3 3 2 2 2 3 3 3 4 1 3 4 
4 1 1 4 3 3 3 3 2 3 2 3 3 2 1 1 3 2 3 2 4 3 4 4 1 2 4 1 4 3 2 2 3 2 1 2 1 2 3 2 3 2 3 3 3 2 3 3 3 2 1 3 4 2 2 3 3 3 2 2 3 3 1 4 2 2 2 4 3 3 1 3 3 2 4 3 1 4 4 3 3 1 2 4 4 2 1 2 4 3 4 2 2 3 3 3 3 4 4 2 2 3 3 1 3 2 4 
4 1 3 3 3 1 4 4 3 4 3 4 2 4 2 4 4 2 1 3 1 4 3 2 4 2 2 4 1 3 3 2 2 4 3 2 2 4 1 1 4 1 1 1 1 2 1 1 1 4 3 4 1 4 2 1 3 3 3 1 1 2 4 4 4 1 3 4 3 4 1 2 2 1 3 4 2 3 4 4 3 3 3 2 3 2 1 3 1 2 4 1 4 3 2 3 2 3 2 3 4 1 1 3 3 3 4 
4 4 1 3 4 1 2 3 3 2 4 4 4 2 2 2 1 4 4 4 1 4 1 4 1 3 4 1 2 2 2 2 3 1 4 3 1 2 4 4 3 1 1 3 2 1 1 1 1 4 4 1 4 3 4 1 1 3 4 3 4 2 4 4 1 3 2 1 4 3 2 2 1 1 3 3 3 2 1 1 1 2 2 1 4 1 4 2 1 1 2 1 4 4 4 3 4 2 2 2 2 1 4 4 1 2 4 
4 4 2 4 4 4 4 1 4 4 1 4 3 3 3 1 1 3 3 4 4 2 3 3 1 2 4 3 4 3 1 3 3 1 4 2 2 1 3 3 1 1 2 2 1 3 4 1 3 4 2 2 4 1 3 1 4 3 1 1 1 2 2 3 2 1 1 1 4 4 4 2 3 4 3 4 4 3 4 4 2 2 4 2 2 2 2 2 3 4 3 2 4 4 1 1 1 3 3 4 3 4 4 1 1 4 4 
4 4 1 3 2 1 1 2 4 2 4 1 1 1 2 2 1 1 4 1 4 1 2 3 4 3 4 3 4 4 1 1 2 1 1 2 1 4 4 1 1 4 2 3 3 1 1 3 3 2 3 1 2 4 4 4 3 2 2 4 3 3 2 4 4 4 1 4 2 1 4 3 1 3 2 1 3 3 3 1 1 1 4 2 3 4 3 4 2 4 1 2 3 4 2 3 4 2 1 4 1 3 4 3 4 2 4 
4 2 2 2 4 1 2 2 4 1 2 3 2 1 2 3 3 3 3 3 2 1 1 2 2 2 3 4 3 4 3 2 3 1 1 4 1 3 1 2 1 4 4 1 2 1 2 4 2 3 3 2 1 4 2 3 1 4 2 2 3 1 3 1 2 4 1 1 3 3 3 4 4 3 2 4 3 3 2 1 2 4 4 1 4 3 3 2 2 4 2 3 3 1 4 2 1 4 4 4 3 2 2 3 1 4 4 
4 2 1 3 3 1 4 4 2 2 2 1 2 1 2 1 3 3 2 4 1 2 4 4 4 2 1 1 4 4 3 3 2 2 2 4 2 2 4 4 3 2 1 2 2 1 2 2 2 2 2 3 4 3 2 1 4 2 4 2 3 2 1 2 2 1 3 3 1 4 4 1 2 3 4 4 4 2 3 4 4 4 1 4 4 3 3 3 1 4 1 4 1 2 3 4 2 3 3 2 3 4 1 3 2 2 4 
4 1 1 3 3 3 4 2 2 4 4 3 3 4 4 2 3 3 3 3 3 4 4 4 2 3 4 2 1 4 4 1 4 3 1 2 4 3 2 3 1 2 3 2 4 1 2 2 3 2 1 1 3 2 4 4 4 1 1 4 2 3 1 1 3 3 4 4 2 1 2 2 3 3 4 4 3 1 1 3 2 1 1 2 2 3 3 1 4 3 3 4 2 4 2 1 4 1 4 3 1 4 2 4 2 3 4 
4 4 2 1 3 3 2 3 3 4 3 4 1 4 1 2 3 3 2 4 2 1 2 1 2 3 1 4 2 2 4 2 2 4 1 4 4 3 3 3 3 3 2 1 1 2 1 1 2 1 3 4 1 2 2 1 1 3 2 1 2 4 1 1 3 4 4 4 3 1 2 2 3 4 1 3 2 4 4 2 3 3 3 3 2 4 4 1 2 1 4 3 4 3 2 3 2 1 2 1 1 3 2 2 4 1 4 
4 4 2 2 2 2 4 4 1 2 4 3 2 3 3 3 1 4 3 3 3 4 4 1 1 2 1 4 2 3 1 4 4 2 2 4 2 2 4 2 3 2 1 4 2 3 1 2 4 3 3 1 2 1 2 3 3 3 1 3 3 3 1 3 2 4 2 1 4 2 1 1 1 4 3 1 3 1 1 1 1 1 4 1 1 1 2 3 1 4 2 4 1 2 2 1 1 2 2 2 1 1 4 1 4 4 4 
4 3 1 2 4 4 2 1 1 4 2 2 4 2 3 3 2 3 1 3 2 4 4 4 4 4 2 1 2 4 4 3 1 3 2 4 1 4 3 4 3 2 4 1 1 4 4 3 2 4 4 4 1 1 4 2 1 1 1 4 3 3 3 4 1 1 3 2 4 1 3 2 4 1 2 1 2 3 4 1 3 3 2 3 1 4 3 2 1 4 3 2 1 4 2 3 4 3 1 4 2 2 4 4 4 3 4 
4 1 1 4 2 4 3 1 2 3 3 3 4 1 3 4 4 3 3 1 3 1 4 2 2 1 4 2 2 3 2 2 4 2 3 1 2 1 3 4 2 1 3 4 3 4 4 4 2 3 1 4 4 3 2 2 3 2 1 3 3 3 4 4 3 1 4 2 4 4 4 1 1 4 1 1 1 1 3 1 3 2 1 4 2 1 1 4 1 4 3 1 3 1 4 4 3 2 4 2 1 1 4 4 1 1 4 
4 3 4 4 4 3 2 4 3 3 3 1 3 4 4 2 1 1 2 2 2 1 2 2 4 1 1 1 1 2 3 1 1 1 2 4 3 2 4 3 4 3 1 3 2 1 2 4 4 1 2 2 3 3 3 2 3 3 4 3 3 2 1 3 4 4 3 4 4 4 2 4 4 4 1 2 2 1 3 2 4 4 3 3 1 3 3 3 1 3 1 4 1 2 2 1 3 4 4 1 2 3 1 1 2 2 4 
4 2 4 1 4 1 1 1 3 1 3 3 1 1 1 1 3 4 2 1 1 3 3 2 1 2 4 3 3 3 1 2 1 2 2 1 1 4 2 2 3 3 4 2 3 4 4 4 1 4 4 3 3 1 1 4 4 1 3 1 4 3 2 1 4 3 4 4 3 1 4 2 3 3 1 1 1 3 1 1 4 1 2 3 3 1 1 3 4 4 1 3 3 1 3 1 2 3 1 1 4 1 3 3 3 3 4 
4 3 2 3 3 2 2 1 1 3 3 1 3 3 1 2 1 3 1 1 2 2 3 1 2 3 4 3 1 1 2 4 1 4 4 1 1 1 3 3 4 2 2 2 1 2 4 3 1 2 3 1 3 1 3 2 2 2 4 4 1 3 3 2 4 4 1 3 3 1 4 1 2 1 1 3 4 2 4 3 3 4 2 1 3 3 2 3 3 1 2 2 3 3 4 3 1 4 3 4 2 3 4 4 2 4 4 
4 4 3 3 3 2 2 4 2 2 4 4 3 2 4 1 2 2 4 1 1 2 4 1 1 4 3 1 1 3 2 1 4 4 3 4 2 3 3 4 1 4 4 2 4 2 2 4 2 2 1 1 1 4 1 2 1 4 2 2 2 4 4 2 3 1 4 2 3 4 2 3 4 1 4 3 1 2 3 1 4 3 4 4 2 4 3 2 1 2 3 3 2 1 1 4 2 2 1 2 4 3 4 2 1 3 4 
4 1 3 2 4 3 3 3 3 1 2 3 2 1 2 1 4 2 2 1 4 1 1 3 4 2 1 1 1 2 1 4 4 4 3 3 3 4 3 2 4 2 2 4 3 3 4 2 2 2 1 1 4 4 3 2 1 3 3 2 1 2 1 2 4 1 2 2 3 3 2 4 1 3 4 1 1 4 3 2 2 4 2 3 4 1 4 3 3 3 3 3 4 2 3 2 3 2 1 3 4 3 1 4 3 2 4 
4 2 1 4 3 4 3 2 1 3 1 1 2 4 4 1 1 1 1 4 1 4 4 4 3 2 2 2 3 4 1 1 4 3 4 2 1 1 4 4 2 1 2 2 1 2 4 1 4 4 4 1 1 3 1 3 4 4 3 1 1 2 1 2 4 1 1 1 2 1 1 4 1 4 2 4 4 2 2 2 1 4 3 4 1 4 3 4 4 3 3 2 1 4 3 4 2 4 1 1 4 4 3 2 1 1 4 
4 2 3 2 4 1 4 4 2 3 4 3 4 4 2 3 1 3 3 3 3 4 4 3 4 3 4 2 4 1 1 1 3 3 2 3 2 1 3 2 1 1 4 1 4 3 2 4 1 1 2 4 2 1 3 1 4 3 2 2 3 3 3 4 1 2 1 3 4 3 2 3 3 1 2 1 3 4 2 3 2 3 2 2 3 1 2 3 1 3 4 2 3 1 1 2 1 3 3 3 1 4 4 2 3 4 4 
4 1 2 4 2 4 2 2 4 4 1 1 1 3 1 4 1 4 3 2 1 2 3 2 1 3 4 4 3 3 1 4 2 4 3 3 3 4 4 2 2 1 3 2 2 4 4 4 2 3 3 3 4 3 2 1 3 2 2 1 4 2 4 4 2 2 3 2 4 2 3 1 3 3 1 4 3 3 4 4 4 2 3 4 2 3 3 2 3 4 1 2 2 3 3 3 4 1 2 1 1 2 2 2 2 1 4 
4 4 2 2 1 1 1 4 3 4 1 1 3 1 4 4 1 1 4 3 4 2 2 3 2 1 3 4 2 4 3 1 1 3 4 4 2 2 3 3 1 1 4 4 1 3 2 3 2 2 2 1 3 1 2 4 4 3 1 2 3 3 1 3 1 3 3 1 3 3 2 2 4 1 3 1 3 4 2 2 3 4 2 1 2 3 4 4 1 3 4 1 2 1 4 1 3 4 2 3 2 3 2 4 2 4 4 
4 2 1 1 1 1 3 4 1 1 3 2 1 3 3 4 4 1 3 4 1 1 4 2 2 4 2 1 1 2 3 4 3 4 3 2 2 4 1 2 2 4 1 1 3 3 2 4 1 4 2 2 2 4 1 2 1 1 2 4 1 3 1 4 2 4 3 4 1 4 2 2 4 1 1 2 2 3 3 2 2 4 1 3 1 3 2 3 4 3 4 1 4 1 1 4 2 3 4 2 2 4 3 3 3 1 4 
4 4 1 3 2 3 3 3 2 3 3 4 1 1 3 4 2 4 1 1 3 3 1 3 1 1 1 1 1 3 1 4 3 2 4 2 3 3 4 3 4 1 4 2 2 3 3 3 3 4 3 3 1 4 3 1 2 2 4 3 3 2 3 2 4 4 4 2 2 4 1 2 1 1 1 2 1 4 3 3 4 4 4 3 1 1 4 3 1 2 4 4 4 4 4 2 3 3 1 3 3 1 1 2 2 4 4 
4 2 3 4 2 3 1 4 1 4 2 1 3 4 4 4 1 2 2 4 1 3 1 3 4 4 1 4 1 1 1 1 3 2 2 1 1 1 3 1 1 3 2 3 1 4 4 4 3 1 3 4 4 2 1 2 3 3 3 2 1 3 1 1 4 2 4 3 3 4 2 4 1 4 1 2 1 3 3 1 2 1 2 3 2 2 2 3 2 1 1 3 3 3 4 2 4 4 2 1 1 1 1 3 1 1 4 
4 1 3 1 4 1 4 4 1 2 4 4 2 2 3 2 4 1 1 4 1 2 2 3 2 2 3 4 3 3 3 1 3 3 2 4 2 3 2 3 4 1 4 4 3 4 2 4 2 2 2 1 3 1 1 1 2 4 3 3 3 2 2 4 1 2 1 2 3 3 1 2 1 4 3 2 1 4 3 4 2 1 2 4 4 3 1 2 2 4 2 3 1 1 4 1 3 3 4 1 3 1 3 1 4 1 4 
4 3 4 3 2 3 3 1 1 2 4 1 4 3 4 1 1 1 2 4 4 1 3 3 2 2 1 3 1 2 1 2 3 4 4 1 4 1 1 1 1 3 2 1 4 4 2 2 1 4 4 3 2 2 4 4 4 2 1 3 1 2 3 4 2 3 4 2 2 3 4 2 3 3 2 3 2 3 4 3 1 2 3 1 1 1 3 3 4 1 1 1 4 3 2 2 4 2 1 3 1 2 1 3 4 1 4 
4 2 1 1 4 2 3 1 2 3 4 1 2 1 1 1 4 4 3 4 3 4 4 1 4 1 2 1 3 2 1 4 2 1 3 1 1 4 2 3 2 2 2 3 3 3 2 2 3 3 1 4 1 1 4 4 4 1 3 1 2 4 1 3 3 4 2 4 3 2 4 2 3 2 2 2 3 2 3 4 2 1 2 3 2 1 2 4 4 3 4 4 4 4 1 3 1 1 2 2 2 2 3 4 2 1 4 
4 2 2 1 1 4 1 3 3 2 2 2 2 3 2 2 2 3 3 2 1 4 2 2 1 1 3 1 4 4 1 1 2 3 3 2 4 1 3 2 2 4 2 2 2 3 3 2 1 3 1 1 1 4 1 1 2 1 3 3 1 2 4 3 2 3 2 2 3 4 4 3 2 1 4 1 3 4 4 4 4 2 3 3 2 2 3 4 2 2 3 2 3 3 1 1 2 2 1 3 1 1 4 3 2 3 4 
4 1 4 1 1 2 3 4 2 2 3 1 4 2 2 3 1 1 2 2 3 3 3 4 4 2 2 3 4 2 2 2 4 1 1 4 1 3 3 2 4 2 4 4 3 4 4 1 2 1 2 3 2 1 3 2 1 1 3 4 1 3 1 3 1 4 1 1 1 2 3 2 4 3 4 4 1 4 3 1 3 3 2 4 3 3 1 3 2 1 2 4 4 4 1 2 4 1 1 1 2 2 2 1 3 2 4 
4 2 1 1 4 2 3 2 1 1 1 1 3 2 2 3 2 2 3 3 4 4 2 1 2 2 2 4 1 1 2 3 3 3 3 2 1 3 2 4 3 1 1 3 3 4 4 4 1 4 1 3 4 4 1 3 2 3 4 4 4 3 2 4 2 1 3 3 1 1 3 3 1 4 3 1 4 1 3 4 4 4 1 1 3 4 2 3 4 4 3 1 1 4 3 4 2 4 2 4 2 3 4 4 4 1 4 
4 1 4 3 2 1 1 2 1 4 4 1 3 2 4 1 1 4 1 1 3 3 3 3 3 2 3 2 3 3 4 1 1 2 4 2 4 3 4 4 2 2 2 2 2 1 3 1 2 3 3 1 1 3 1 2 4 4 1 2 2 1 4 3 1 4 3 2 1 3 4 2 3 3 3 3 2 3 4 4 1 4 3 1 1 1 1 3 1 3 1 2 1 4 2 2 2 4 4 2 3 3 3 3 4 1 4 
4 1 2 1 4 4 3 3 2 1 1 1 1 4 4 2 4 4 2 3 3 1 2 1 4 2 3 4 3 4 2 2 3 1 2 2 4 4 1 4 1 3 1 4 2 2 4 4 4 4 2 3 2 4 3 4 4 3 1 2 2 3 1 1 4 2 4 1 1 1 3 1 3 2 4 3 4 1 3 1 2 3 4 1 2 1 4 3 1 3 4 2 3 1 3 4 2 3 4 2 2 4 4 2 4 1 4 
4 1 1 4 1 2 4 1 2 1 1 2 3 4 3 3 3 3 2 2 1 1 2 3 2 2 1 3 2 1 1 1 2 1 4 4 1 4 4 2 3 2 4 4 3 3 4 2 3 4 3 1 1 1 2 2 4 2 2 1 2 2 4 4 4 2 2 4 4 4 2 4 4 4 3 3 4 3 3 3 3 1 3 2 4 3 1 4 3 3 1 1 1 3 3 2 3 4 2 3 3 4 1 2 4 4 4 
4 2 1 3 2 2 4 1 2 2 4 2 4 4 2 2 3 3 2 4 1 4 4 4 1 2 4 4 2 4 2 1 3 3 2 1 2 4 3 2 2 4 3 1 2 2 2 3 2 2 1 1 3 4 1 4 3 1 3 2 3 3 3 3 4 3 3 3 1 1 3 2 3 1 2 3 3 1 1 3 2 1 4 4 1 4 1 1 4 2 4 3 3 3 4 4 4 4 1 4 3 2 1 3 4 3 4 
4 4 3 3 2 3 3 3 3 1 3 3 3 4 2 4 3 4 2 4 1 4 3 1 3 3 2 4 3 1 4 3 2 4 1 3 4 1 4 1 2 4 2 3 3 2 2 2 3 1 1 4 1 3 1 4 1 3 1 1 2 3 4 1 1 2 4 3 3 3 4 3 3 4 4 3 1 1 4 2 2 4 3 3 4 3 2 2 4 2 2 4 2 3 4 4 2 3 4 2 1 3 3 1 2 4 4 
4 1 2 4 1 2 1 2 3 4 1 4 3 1 2 2 4 4 1 2 2 4 2 4 2 4 2 4 2 3 3 3 1 1 3 4 1 3 3 4 4 4 4 2 3 1 2 4 2 1 3 4 1 4 4 3 2 3 4 2 2 1 4 3 2 3 4 2 3 2 2 3 2 3 1 2 1 4 4 2 2 3 2 3 2 3 4 4 4 1 4 2 1 2 4 4 4 3 2 4 2 4 2 4 1 3 4 
4 3 4 3 1 4 4 2 3 4 1 4 2 4 4 1 1 3 4 3 4 3 1 4 2 2 3 1 3 4 3 3 1 4 1 4 1 3 1 1 2 1 4 3 3 1 3 2 4 1 4 4 3 4 1 4 2 4 2 4 2 3 2 2 1 1 1 4 1 2 1 1 3 1 3 4 1 2 2 3 4 2 4 3 4 2 4 3 2 2 1 4 2 4 2 1 4 3 1 2 3 3 4 1 3 1 4 
4 4 1 3 3 1 1 1 4 1 1 4 3 2 4 1 2 2 1 2 2 3 1 1 3 2 4 3 3 3 1 4 4 3 4 3 2 4 3 1 3 3 3 2 2 2 3 4 1 4 2 2 4 1 4 4 4 3 2 3 3 3 3 1 4 4 4 4 1 1 1 1 1 3 1 3 4 4 2 3 4 4 4 2 1 2 1 4 4 3 1 1 4 3 1 3 3 1 3 3 2 1 1 4 2 1 4 
4 1 3 3 1 4 3 2 4 1 3 2 1 3 4 2 1 3 3 2 1 4 4 3 1 1 1 1 4 4 2 2 2 2 1 3 4 3 4 4 4 2 1 1 3 3 2 1 1 3 4 2 3 4 4 3 3 4 2 3 1 1 1 3 2 4 1 1 3 3 1 4 1 3 2 1 2 4 3 4 3 3 2 3 1 4 3 2 3 1 4 3 2 4 2 4 1 3 3 2 2 1 1 1 3 1 4 
4 1 3 2 4 1 3 1 1 4 4 4 4 1 2 2 2 4 2 4 2 3 1 4 2 3 1 3 1 2 4 2 2 2 2 2 1 4 1 1 4 2 4 2 2 4 3 2 2 4 3 3 4 4 4 1 2 4 2 1 2 3 1 1 4 4 2 2 4 1 4 4 2 2 4 2 1 4 4 3 1 1 1 4 2 4 4 4 2 1 1 3 1 4 1 1 4 2 1 3 4 1 3 4 2 3 4 
4 4 4 2 1 4 4 4 1 1 1 2 3 2 4 3 2 4 2 4 4 3 4 4 1 1 4 3 2 4 1 2 1 3 3 3 1 4 3 4 4 1 1 2 1 1 3 4 1 4 3 3 3 3 4 3 2 2 4 4 3 3 3 3 1 2 1 1 2 2 2 2 4 3 1 3 3 2 1 4 2 2 3 1 3 4 3 1 2 1 3 2 4 2 3 1 1 1 2 3 3 2 3 3 4 4 4 
4 3 3 3 4 2 3 1 4 3 3 2 4 4 3 3 3 4 2 2 4 4 3 1 4 2 1 1 2 4 2 3 4 2 4 3 4 4 1 4 1 1 2 4 1 4 4 4 2 2 3 2 4 3 1 2 4 4 4 4 2 3 1 1 4 2 2 1 4 2 4 2 2 2 3 2 4 1 2 3 4 4 1 3 3 4 4 1 3 4 3 4 3 2 2 1 1 1 4 4 2 1 4 4 1 2 4 
4 4 1 1 1 1 4 4 3 4 1 4 2 4 4 2 3 1 1 3 4 1 4 1 3 4 3 2 4 1 2 1 1 4 3 4 1 2 4 1 4 1 1 1 1 2 3 2 2 1 1 3 4 4 2 1 3 1 3 2 3 1 2 1 4 4 2 2 2 3 3 3 1 3 2 4 2 2 4 1 2 2 3 1 4 2 3 2 1 3 4 1 1 4 2 4 3 4 1 2 1 1 1 1 3 2 4 
4 1 3 1 4 1 4 1 2 2 1 3 2 3 1 1 4 1 2 4 4 4 4 3 3 1 1 4 1 3 3 1 1 1 1 3 3 2 2 2 1 3 4 4 4 2 4 4 3 1 3 4 2 1 3 4 3 4 4 2 1 1 1 3 1 1 3 2 4 2 4 1 3 2 2 1 4 4 3 3 4 2 3 3 4 2 3 3 4 2 1 1 3 2 4 2 2 4 3 4 1 4 2 4 4 4 4 
4 2 1 1 1 3 1 2 1 1 1 2 3 4 1 4 2 2 3 2 2 4 3 4 3 4 1 3 1 3 4 4 2 2 4 3 4 4 4 3 2 4 3 2 2 1 3 2 4 4 4 1 4 4 4 1 4 2 3 2 1 4 4 3 1 4 1 3 4 2 3 2 2 1 1 1 1 3 4 4 2 4 2 3 2 3 1 2 4 3 3 2 4 1 1 1 4 1 1 2 2 2 1 3 2 4 4 
4 2 1 1 3 1 1 4 3 4 4 2 2 2 1 1 3 1 1 4 4 3 2 1 3 1 4 4 4 4 2 3 1 1 1 2 4 1 2 4 1 4 4 1 1 1 1 2 4 3 4 3 3 3 3 2 3 1 3 3 3 1 4 4 2 1 2 4 2 1 1 3 2 3 2 1 2 3 2 3 4 3 1 3 4 3 3 4 2 2 4 2 1 1 3 1 2 1 3 4 3 3 1 3 1 3 4 
4 3 4 2 3 2 2 1 4 3 1 2 1 1 3 1 4 3 3 4 1 4 1 1 3 4 2 4 1 3 2 1 2 2 1 2 3 1 2 3 1 3 1 3 3 1 4 3 2 1 1 3 1 1 4 2 3 1 2 4 4 1 3 1 3 3 4 4 1 4 1 2 2 1 3 4 1 3 1 1 4 1 4 4 1 4 2 4 3 1 3 4 2 1 2 2 1 2 1 2 4 2 3 1 1 2 4 
4 3 4 3 4 2 1 3 2 4 1 4 2 4 1 1 1 4 3 2 2 1 3 3 1 3 3 4 4 3 1 1 4 3 4 4 3 2 2 4 4 4 4 3 2 3 1 4 3 4 4 3 2 1 3 1 3 4 2 4 1 1 2 3 1 2 3 4 2 1 4 3 3 4 1 1 2 4 1 1 1 4 4 1 4 4 4 1 2 1 3 4 3 3 2 2 1 3 3 3 3 4 3 1 1 3 4 
4 1 3 4 1 3 4 1 1 2 3 4 2 1 1 4 3 4 2 2 3 4 4 2 2 4 1 1 3 2 4 1 3 3 4 4 2 2 3 3 1 3 2 4 2 1 1 1 3 4 2 1 4 3 2 2 2 4 3 2 3 2 3 2 3 2 2 4 4 4 3 2 1 4 3 1 2 2 3 1 1 1 1 1 4 4 2 1 1 1 4 4 3 2 2 1 1 2 3 2 1 1 3 3 3 4 4 
4 2 4 2 1 4 3 1 1 2 4 2 3 2 4 3 2 3 2 4 2 3 2 4 4 2 2 1 4 1 3 4 3 3 4 1 2 3 3 2 4 3 1 3 1 4 2 2 1 2 4 3 4 3 1 2 4 4 4 4 3 3 4 3 2 3 2 2 1 1 3 3 3 2 4 1 2 4 4 4 2 2 3 2 3 1 3 3 4 1 1 2 3 2 4 1 1 2 2 2 4 3 3 4 1 2 4 
4 2 4 3 1 2 1 2 2 2 3 1 2 2 3 2 1 4 2 2 2 2 3 2 2 2 2 3 2 2 1 2 2 4 4 1 4 1 2 3 4 2 2 4 3 1 2 4 4 3 1 3 3 2 4 2 2 3 3 4 1 2 3 4 4 2 3 1 1 4 4 2 3 3 2 4 1 3 1 1 4 3 2 4 1 4 1 4 2 3 4 1 4 2 4 3 4 3 3 4 4 3 4 1 1 4 4 
4 1 1 3 4 2 2 4 3 2 1 1 3 4 1 4 1 3 3 4 4 2 2 2 3 3 2 3 3 4 4 2 3 3 4 1 3 4 3 4 2 3 4 2 4 2 4 3 3 2 1 3 4 4 3 3 1 4 4 1 3 2 1 2 4 4 4 4 1 1 2 4 2 1 4 4 2 3 4 1 3 1 2 3 3 4 2 4 2 3 4 3 2 1 2 2 2 2 4 4 1 4 1 4 2 3 4 
4 3 4 4 3 2 2 2 2 4 1 3 2 2 1 3 1 1 4 3 3 3 4 1 4 2 3 4 4 3 3 2 1 3 4 1 2 4 1 1 1 4 4 3 4 4 3 1 1 2 2 1 2 1 1 1 1 3 3 3 2 3 3 4 4 3 3 2 3 1 2 3 4 4 3 4 2 4 1 3 3 4 1 2 1 3 3 4 4 1 2 2 2 1 4 1 3 3 2 1 2 1 1 3 4 2 4 
4 2 3 1 1 4 2 4 3 2 1 4 3 3 4 3 2 2 3 3 1 4 4 2 4 3 2 3 3 4 2 3 2 4 1 4 4 2 4 4 2 2 3 1 3 3 3 1 2 2 4 4 1 3 4 2 1 1 3 3 2 2 1 1 4 1 3 1 4 1 2 1 4 2 4 3 3 3 3 3 3 2 3 1 1 3 4 4 1 1 1 1 4 1 1 3 3 2 2 4 4 4 1 4 4 1 4 
4 3 1 2 2 1 4 1 3 3 4 1 1 1 3 2 3 4 3 4 4 1 3 2 4 2 2 2 4 1 3 2 2 4 3 4 3 4 1 3 3 3 3 4 3 4 4 3 4 4 1 4 2 2 1 2 3 3 2 2 1 4 2 2 3 1 2 1 4 3 1 3 3 4 2 2 2 2 3 3 2 3 1 4 2 2 1 1 2 4 2 2 3 1 2 4 4 2 3 1 4 4 4 4 3 4 4 
4 4 3 3 4 3 3 4 4 3 2 1 3 3 4 1 2 4 4 4 3 4 2 3 3 3 2 1 1 4 4 3 4 3 2 1 4 2 2 1 3 3 3 1 4 2 4 1 4 2 4 2 4 4 4 3 2 4 2 2 3 3 4 3 2 2 1 1 4 2 3 4 1 2 3 4 3 4 3 1 4 3 4 3 1 2 3 3 1 3 1 2 1 1 2 1 1 4 1 1 3 3 1 1 1 2 4 
4 1 4 4 3 4 3 2 3 1 3 1 2 4 4 3 1 4 4 3 1 4 1 2 2 4 1 3 4 3 1 1 2 3 3 1 2 4 3 4 2 3 3 2 3 4 2 4 2 4 4 3 3 2 4 3 2 4 1 1 4 1 3 4 4 2 1 3 3 1 4 1 4 2 1 1 1 4 4 1 2 4 2 2 3 3 4 3 2 4 4 1 1 4 1 3 1 2 3 1 3 1 2 1 3 3 4 
4 3 2 4 2 2 3 4 4 3 1 2 4 1 4 1 4 2 3 1 2 1 2 1 2 2 1 3 4 2 1 2 3 1 3 1 3 2 2 4 4 1 2 4 2 4 3 1 3 3 4 4 2 2 1 2 1 1 1 3 2 2 2 1 4 4 3 1 4 2 4 4 1 4 3 2 4 2 2 2 3 3 4 1 4 3 3 4 1 2 3 2 1 4 1 2 2 4 3 1 2 3 2 1 1 2 4 
4 2 2 2 3 4 1 4 2 2 4 1 2 3 3 1 1 1 2 2 2 4 1 2 4 4 1 3 3 1 2 3 3 1 4 2 4 3 4 3 2 3 2 4 4 3 4 2 2 4 3 3 3 1 2 3 3 1 3 3 3 1 3 4 1 1 4 2 4 2 2 3 2 4 2 2 4 3 4 4 3 1 2 3 4 1 2 3 4 1 1 3 1 1 4 3 4 4 2 4 3 1 4 1 3 4 4 
4 2 4 2 4 3 1 1 2 3 2 4 2 1 3 1 3 3 3 1 2 4 2 2 2 4 2 2 2 1 4 1 1 3 3 4 3 2 1 4 4 4 4 3 1 4 2 2 1 2 2 4 2 3 4 4 1 2 2 4 3 1 1 3 2 3 4 2 1 1 3 4 3 3 3 1 1 4 1 3 1 4 4 4 2 3 4 3 2 1 2 1 4 2 1 1 4 1 3 1 1 1 2 4 2 2 4 
4 2 4 2 4 4 4 2 4 3 1 4 4 1 2 2 2 2 2 4 1 1 3 3 1 1 1 3 4 2 2 3 4 2 2 1 1 2 2 4 4 1 2 3 1 3 1 2 4 2 2 3 3 1 4 2 1 3 2 3 4 3 1 2 1 2 2 3 1 3 2 1 1 4 4 3 1 1 1 3 3 3 1 2 1 3 3 4 3 4 3 3 2 1 2 4 2 1 3 3 4 3 3 2 4 2 4 
4 4 3 2 1 2 1 3 4 4 4 1 4 4 2 1 4 4 1 2 2 1 3 1 1 2 1 4 3 4 4 2 2 1 1 4 2 2 2 2 2 3 4 4 2 2 2 4 2 3 2 1 4 3 3 1 1 4 3 4 3 2 3 1 2 4 1 3 3 2 4 1 3 2 3 3 4 2 3 4 3 2 4 2 2 1 3 4 2 1 3 2 4 4 2 2 4 4 2 1 3 4 1 3 2 1 4 
4 4 4 3 3 4 1 1 3 4 1 4 2 4 3 4 3 2 1 2 2 1 3 1 3 3 4 4 1 4 4 4 3 2 1 1 2 4 3 1 4 1 4 2 3 2 3 3 4 3 1 4 2 2 4 2 3 3 1 2 1 2 3 2 1 2 1 3 3 1 3 1 2 3 2 2 2 2 1 1 1 3 2 1 2 3 4 1 2 4 4 4 3 1 1 1 1 2 4 4 1 2 2 4 1 3 4 
4 1 4 2 1 1 3 4 3 3 3 3 2 1 2 3 1 1 3 3 2 3 1 3 1 2 3 3 4 2 1 1 2 4 3 2 2 1 1 1 3 4 2 4 4 1 2 4 4 2 3 1 3 2 1 4 2 3 3 1 2 4 1 3 1 2 1 4 3 3 1 3 1 1 1 3 4 2 2 4 1 4 1 2 4 4 4 3 2 2 4 1 3 3 1 1 1 4 2 4 2 3 2 1 3 1 4 
4 1 2 2 2 3 2 3 1 2 1 2 1 3 3 2 1 2 3 3 3 1 3 4 4 4 1 2 2 1 3 4 4 1 4 3 2 4 1 1 4 4 4 2 1 3 4 3 1 4 4 3 3 3 1 1 1 1 4 2 2 1 1 1 2 3 3 3 2 3 4 4 2 2 2 4 4 4 4 4 3 2 2 1 1 1 1 1 3 2 4 3 2 2 4 2 2 2 2 3 2 1 4 4 4 4 4 
4 3 4 1 4 3 3 4 3 2 1 2 1 2 4 1 4 1 1 4 3 4 3 3 3 2 1 1 1 4 3 1 4 1 3 2 1 2 3 1 3 4 2 3 2 1 2 1 1 2 4 2 4 1 4 1 2 3 3 3 3 3 1 2 3 4 3 1 1 4 4 3 1 1 2 2 3 1 2 4 3 4 3 1 4 4 3 1 2 2 3 1 1 1 3 1 4 4 3 4 3 4 1 3 3 1 4 
4 1 3 1 4 4 1 1 3 2 1 1 2 1 2 2 4 3 2 3 4 2 1 4 4 2 1 3 1 2 1 1 1 2 3 2 1 4 4 2 4 1 3 2 2 3 4 1 4 1 2 4 4 2 2 4 1 4 4 2 1 3 1 1 1 1 4 4 4 2 4 4 2 1 1 2 1 4 2 3 4 1 1 3 2 1 1 1 1 3 4 4 2 3 4 2 1 3 1 3 4 2 2 3 3 1 4 
4 2 3 3 2 3 4 4 4 2 1 4 3 1 1 3 2 4 4 1 2 4 2 3 1 1 2 1 1 1 4 3 4 1 2 1 2 3 3 4 2 2 3 4 3 4 4 3 2 4 3 3 3 2 4 1 3 3 3 2 1 2 3 1 4 3 1 3 1 2 2 4 4 2 1 2 4 2 2 1 4 4 3 2 4 2 4 1 4 4 3 3 4 3 3 4 2 4 2 2 1 1 4 4 1 3 4 
4 4 1 4 2 2 3 2 1 1 3 1 3 1 3 4 1 1 2 1 4 1 4 3 3 2 4 2 2 2 3 4 1 4 3 2 2 3 1 3 4 3 2 1 1 3 2 2 1 1 3 4 1 4 3 2 3 4 1 1 3 1 4 3 4 3 1 3 3 2 3 1 3 1 4 3 1 1 4 3 3 3 1 2 3 1 3 1 1 4 3 2 1 1 2 4 1 2 1 4 3 3 1 4 1 3 4 
4 4 1 3 3 2 4 1 2 2 1 3 3 3 4 2 3 4 3 4 2 4 3 2 4 1 3 4 2 3 2 4 2 3 1 4 4 1 4 4 1 2 3 3 1 3 2 2 3 2 2 2 3 2 2 1 4 3 3 2 3 3 1 4 3 2 1 4 1 3 3 3 4 3 4 4 3 4 2 2 3 2 2 1 1 3 2 4 4 1 4 2 4 1 3 2 3 2 2 1 1 3 1 3 2 3 4 
4 4 4 2 4 1 2 3 1 4 2 1 3 3 2 2 3 2 2 1 2 4 4 1 3 1 4 1 1 3 4 3 4 4 1 2 3 3 1 4 1 3 4 1 2 4 4 1 4 2 4 2 2 2 1 4 1 2 3 4 1 3 3 1 4 3 3 4 4 4 3 3 4 4 1 4 2 4 4 2 2 4 2 2 1 4 3 1 4 3 4 1 4 1 3 2 4 4 4 1 1 2 1 2 2 3 4 
4 2 1 3 2 4 4 1 2 2 1 1 4 3 3 3 1 4 1 2 1 4 4 3 3 2 1 3 2 4 1 3 4 1 4 2 3 1 2 4 2 1 4 4 4 3 2 1 2 4 2 4 1 3 3 2 2 1 4 3 4 3 2 4 2 1 2 3 4 2 1 2 1 4 1 3 4 1 4 1 2 2 3 4 3 1 1 3 4 2 2 3 2 2 3 1 4 4 3 2 3 3 3 4 1 2 4 
4 3 3 2 3 1 3 2 3 1 1 1 3 3 3 2 3 2 1 4 2 3 1 2 2 3 4 1 4 2 4 2 4 1 3 4 1 4 2 4 3 1 1 2 4 1 4 3 3 1 3 3 1 4 4 2 2 1 1 3 4 3 2 1 2 4 3 1 3 2 2 4 3 4 3 2 2 3 3 1 3 4 4 1 4 1 4 1 1 1 2 4 2 1 2 2 2 4 1 3 1 2 3 1 1 3 4 
4 2 1 2 1 1 2 1 2 1 2 1 3 1 4 3 3 1 2 3 3 2 1 1 1 1 3 3 1 1 4 3 2 2 1 4 2 2 4 3 2 1 2 4 3 4 2 1 1 4 2 4 3 4 4 1 3 4 3 3 2 1 4 3 3 3 1 3 1 3 3 1 2 1 4 2 1 1 4 2 4 2 1 3 4 1 3 3 4 4 3 2 1 1 1 4 2 2 2 2 2 1 3 2 1 2 4 
4 3 4 1 2 1 2 1 1 4 1 2 3 4 2 3 3 3 3 1 4 4 4 1 3 4 2 1 3 4 4 1 4 1 1 4 2 2 2 1 1 2 1 1 3 1 4 1 1 4 3 2 2 4 4 1 4 3 3 4 3 3 4 2 4 3 3 4 2 3 4 4 3 2 3 4 3 3 2 1 3 1 1 1 4 4 1 4 3 1 4 2 2 4 1 3 4 1 2 3 4 3 3 1 2 1 4 
4 2 3 3 1 1 4 2 3 3 4 4 4 3 4 4 4 4 4 2 1 2 1 1 4 3 1 4 2 1 1 3 1 1 2 1 1 4 2 3 3 2 4 1 1 1 4 4 1 1 4 2 2 3 2 2 4 4 2 3 1 4 1 3 3 3 3 3 1 3 2 4 1 3 1 3 1 2 4 4 3 3 1 2 1 4 4 4 3 4 1 1 3 4 4 4 3 4 2 3 2 4 1 1 3 2 4 
4 3 4 4 2 1 4 3 4 1 4 2 1 1 4 1 1 1 3 2 3 4 1 4 3 3 4 1 2 2 3 4 1 3 3 1 2 2 1 4 1 1 4 1 2 2 2 3 1 1 2 1 3 4 3 3 3 4 1 3 4 3 2 1 2 3 3 2 3 4 4 2 1 4 4 2 2 4 4 1 1 4 3 3 2 4 4 4 3 1 4 4 3 1 3 1 1 2 4 4 1 4 3 3 2 4 4 
4 2 4 2 1 1 4 4 3 4 2 1 1 1 4 2 4 1 1 3 2 1 3 4 1 1 1 3 4 4 3 3 1 2 3 1 3 2 1 1 2 2 3 2 4 3 2 1 1 3 2 4 4 1 3 3 1 1 2 1 2 2 1 3 2 1 4 4 1 1 1 4 2 3 2 2 4 4 1 4 3 3 2 2 3 3 2 4 1 1 1 3 3 2 3 4 2 2 4 1 4 4 2 1 1 2 4 
4 1 4 4 2 4 4 2 2 3 1 3 2 3 2 2 3 4 3 3 1 2 4 4 1 3 2 1 2 2 1 4 3 2 4 4 1 4 4 1 2 1 1 4 4 3 1 4 3 4 2 1 1 3 3 3 4 3 1 1 2 4 4 3 2 2 2 3 1 2 3 1 4 1 2 1 2 3 2 2 4 2 1 4 3 2 1 4 1 4 1 1 4 3 2 1 1 1 2 3 2 3 3 1 4 3 4 
4 4 4 3 4 2 2 3 2 1 2 3 2 1 1 1 2 2 4 2 4 3 2 2 3 2 2 2 4 4 3 2 3 3 3 2 3 3 4 3 2 4 1 2 3 2 1 3 4 2 2 4 4 1 2 3 1 1 4 3 1 2 2 4 3 4 2 2 2 1 1 2 1 1 2 1 2 3 3 3 2 3 4 1 2 3 4 3 3 1 3 2 4 4 3 1 3 1 1 4 4 1 4 4 2 2 4 
4 3 3 4 3 2 3 1 1 1 1 2 2 4 2 2 4 1 2 2 2 2 2 1 1 3 3 4 3 2 2 2 3 4 3 3 1 3 3 4 2 1 1 1 4 4 1 1 4 1 1 1 4 3 3 2 4 2 1 2 2 4 4 4 2 4 3 4 3 1 3 3 1 2 1 4 1 1 2 4 1 1 3 1 1 1 1 2 3 3 2 1 3 1 1 2 2 3 1 2 2 2 4 1 4 1 4 
4 3 3 4 3 3 1 2 2 2 1 4 1 1 2 1 2 4 2 3 4 3 1 1 1 1 1 1 3 4 1 1 2 4 4 3 1 3 2 2 2 4 4 2 4 2 2 2 2 1 2 3 2 2 1 3 3 1 2 2 1 3 4 2 2 4 4 2 2 2 4 1 4 1 4 2 1 1 1 2 1 4 4 3 3 1 3 1 2 3 4 2 1 2 3 1 1 4 3 1 3 2 4 1 1 4 4 
4 2 1 4 2 3 2 4 4 1 3 4 4 4 1 1 3 4 4 3 1 3 1 4 1 3 1 1 3 2 3 3 2 4 2 3 1 3 1 1 4 4 4 2 1 2 4 3 1 2 1 4 3 4 1 1 2 3 2 2 4 3 1 1 2 2 2 4 3 3 2 2 4 4 4 4 4 1 2 3 4 3 2 3 3 1 2 2 3 1 1 2 1 4 1 2 1 1 2 3 2 3 3 1 2 4 4 
4 2 4 2 3 1 1 3 3 4 4 4 3 4 3 2 4 3 1 2 2 2 2 3 4 2 3 1 4 3 2 4 3 1 1 4 3 1 1 2 3 2 3 1 1 4 1 1 1 1 1 2 3 3 3 3 2 2 3 4 4 3 1 3 4 1 4 4 4 3 2 1 4 1 3 3 4 1 2 2 3 3 3 2 2 4 4 1 4 1 2 4 1 1 3 1 3 3 2 1 2 4 1 2 3 2 4 
4 2 2 3 2 4 2 3 4 1 2 3 2 2 4 3 4 3 2 1 4 1 2 2 3 1 4 2 4 1 4 2 2 1 1 1 1 1 4 3 1 2 3 1 1 4 2 2 1 3 2 4 3 2 4 1 3 3 4 1 4 1 1 2 3 1 1 4 4 4 1 2 1 1 2 4 4 4 4 3 1 1 1 3 3 3 3 2 3 3 4 3 1 2 1 4 1 2 1 2 3 1 4 2 4 3 4 
4 4 4 4 4 4 4 4 4 4 4 4 4 4 4 4 4 4 4 4 4 4 4 4 4 4 4 4 4 4 4 4 4 4 4 4 4 4 4 4 4 4 4 4 4 4 4 4 4 4 4 4 4 4 4 4 4 4 4 4 4 4 4 4 4 4 4 4 4 4 4 4 4 4 4 4 4 4 4 4 4 4 4 4 4 4 4 4 4 4 4 4 4 4 4 4 4 4 4 4 4 4 4 4 4 4 4 

