106
1000
1000

[Node]
0  0  0   0  0
107 0  0   0  0

[pickup]
1       502789527      11          12
2       504815398      20          11
3       502797344      20          9
4       504459921      21          17
5       503657465      24          10
6       504537707      24          5
7       503058122      24          18
8       505162674      27          13
9       504944067      32          19
10      505023534      32          18
11      503282693      34          16
12      502796495      34          12
13      504910673      40          20
14      503058102      41          18
15      504433520      47          9
16      505125143      47          16
17      503167459      48          11
18      503589812      48          20
19      505083274      48          9
20      503273252      52          19
21      502794547      53          7
22      504095458      53          5
23      504563723      56          19
24      504960935      57          8
25      502792112      60          11
26      502792854      61          20
27      503301564      61          9
28      505150249      63          14
29      504360638      67          6
30      503161393      67          19
31      504507032      69          15
32      502939981      70          10
33      505057705      72          9
34      503171563      74          7
35      502789230      74          19
36      503304580      77          9
37      502789900      84          20
38      502799030      85          13
39      504795387      88          9
40      505179308      88          16
41      504940824      91          6
42      504940738      100         12
43      502791054      107         12
44      503249203      108         12
45      505183803      109         20
46      502798686      113         16
47      504836184      115         19
48      503613062      118         7
49      504427291      122         16
50      503167442      130         5
51      505088149      132         18
52      502788402      134         5
53      505191730      139         5
54      502892641      144         7
55      503202377      147         13
56      505195131      149         20
57      504930826      152         5
58      504904607      157         11
59      504959617      160         5
60      504726267      162         17
61      503219384      164         20
62      504941835      164         15
63      502786497      175         15
64      505190963      192         10
65      504558135      196         8
66      502800753      197         14
67      502791061      211         12
68      502798845      217         5
69      502787162      219         8
70      505137588      221         5
71      502787525      223         13
72      503592373      243         5
73      505170366      252         6
74      504553396      254         13
75      502785770      259         19
76      504945646      262         12
77      504814981      268         6
78      504591167      288         10
79      505160758      289         10
80      504989072      291         8
81      503251698      299         16
82      502793597      310         5
83      503229542      312         15
84      503184278      322         5
85      504303490      333         10
86      503192571      335         11
87      503273259      337         20
88      502789170      339         12
89      502792303      340         14
90      503278639      349         9
91      502786707      443         16
92      503297612      449         20
93      502787101      463         12
94      504928743      513         7
95      502835894      562         6
96      503635633      617         13
97      504861698      653         5
98      502786500      674         10
99      502788471      678         15
100     504608410      692         9
101     504040924      714         15
102     504930822      749         10
103     503525248      756         11
104     502794531      1000        14
105     504783210      1000        9
106     502792352      1000        12

[Speed 0]
0.81
30.0   60.0 0.0 0.6
90.0   150 0.0 0.4
300.0  540.0 0.0 0.81
570.0 630.0 0.0 0.6
660.0 720.0 0.0 0.4
750.0 840.0 0.0 0.81

[Speed 1]
1.33
30.0   60.0 0.0 0.8
90.0   150 0.0 0.6
300.0  540.0 0.0 1.33
570.0 630.0 0.0 0.8
660.0 720.0 0.0 1.3
750.0 840.0 0.0 2

[Speed 2]
1.33
30.0   60.0 0.0 1.0
90.0   150 0.0 0.8
300.0  540.0 0.0 1.33
570.0 630.0 0.0 0.8
660.0 720.0 0.0 0.6
750.0 840.0 0.0 1.5

[Speed 3]
1.5
30.0   60.0 0.0 0.9
90.0   150 0.0 0.8
300.0  540.0 0.0 1.5
570.0 630.0 0.0 0.9
660.0 720.0 0.0 0.8
750.0 840.0 0.0 1.5

[Speed 4]
2
30.0   60.0 0.0 1.1
90.0   150 0.0 0.9
300.0  540.0 0.0 2
570.0 630.0 0.0 1.1
660.0 720.0 0.0 0.9
750.0 840.0 0.0 2

[speed choose matrix]
4 4 4 4 4 4 4 4 4 4 4 4 4 4 4 4 4 4 4 4 4 4 4 4 4 4 4 4 4 4 4 4 4 4 4 4 4 4 4 4 4 4 4 4 4 4 4 4 4 4 4 4 4 4 4 4 4 4 4 4 4 4 4 4 4 4 4 4 4 4 4 4 4 4 4 4 4 4 4 4 4 4 4 4 4 4 4 4 4 4 4 4 4 4 4 4 4 4 4 4 4 4 4 4 4 4 4 4 
4 4 1 4 3 3 2 2 2 1 2 3 3 4 2 3 2 1 3 4 1 1 4 1 3 3 4 4 4 3 2 1 1 4 4 4 4 2 2 3 2 3 4 2 2 4 2 1 4 1 1 3 2 4 4 4 1 1 1 1 3 2 3 1 1 4 2 1 3 4 1 1 3 2 2 3 2 2 3 2 1 3 2 1 1 2 1 4 3 1 3 3 3 4 1 2 3 2 2 4 1 2 2 3 2 3 2 4 
4 1 2 1 4 2 4 3 4 3 3 2 2 1 4 2 1 1 2 2 1 3 4 2 1 2 3 3 2 1 3 1 1 4 1 1 3 1 3 4 4 4 4 3 4 4 3 1 3 4 3 1 4 4 1 4 2 1 4 4 4 1 3 4 3 4 1 4 1 2 1 3 3 2 4 3 2 4 2 1 1 4 3 4 3 3 4 1 1 3 2 2 4 3 2 2 4 2 4 4 2 3 3 4 3 3 1 4 
4 1 4 4 3 2 4 1 2 1 1 2 3 3 2 2 1 2 3 3 4 2 2 3 1 1 4 3 2 1 3 3 4 2 1 1 1 2 1 1 1 2 2 3 4 1 4 4 3 4 1 4 3 3 4 1 2 4 2 1 4 2 2 3 4 2 4 3 4 4 2 1 4 3 3 4 1 3 3 4 2 2 4 3 4 4 2 2 1 4 1 2 1 1 2 3 4 4 1 3 2 3 1 3 3 2 1 4 
4 2 2 1 2 1 2 2 3 2 1 4 4 2 4 2 2 3 2 3 3 4 3 4 4 1 2 4 2 4 2 3 2 4 4 2 2 3 2 4 3 1 4 1 1 3 4 1 2 4 1 1 1 4 2 3 4 4 2 2 3 1 3 4 4 2 3 2 4 4 3 3 3 4 3 4 3 3 3 3 4 3 2 4 4 4 4 2 2 1 4 1 2 1 2 4 4 1 2 1 2 4 1 3 2 4 3 4 
4 3 2 2 3 4 4 3 3 2 1 2 4 2 4 3 3 1 1 2 4 4 4 4 2 2 3 2 1 1 3 4 2 4 1 2 3 1 3 3 4 1 2 2 2 2 3 3 4 3 2 3 2 2 1 3 3 2 4 4 1 2 4 4 1 2 3 3 3 1 1 1 1 4 3 1 1 3 1 2 2 2 2 2 3 3 4 1 3 2 4 4 4 4 2 1 3 3 4 2 1 2 2 3 1 3 1 4 
4 3 2 2 4 4 1 3 2 3 3 1 4 3 3 2 1 3 2 4 4 1 3 4 2 1 2 4 3 4 1 4 1 4 4 4 1 2 2 1 1 3 3 4 4 4 4 4 1 2 3 1 1 1 3 3 2 3 2 1 3 1 3 3 2 1 4 1 2 1 4 2 2 1 3 1 3 4 4 2 3 2 1 1 1 2 4 1 1 2 4 1 1 4 1 3 4 4 1 3 4 4 1 1 1 2 3 4 
4 1 1 1 2 4 3 3 3 3 2 1 3 3 3 1 3 2 1 4 1 4 4 3 1 2 1 3 1 4 3 3 2 2 2 3 3 2 3 1 1 1 1 2 3 4 2 4 3 4 1 3 4 4 3 2 1 3 4 1 2 4 3 4 3 2 2 3 3 1 2 2 3 2 1 4 1 3 4 3 2 4 1 2 4 1 2 2 4 2 4 4 2 1 4 3 1 2 3 1 1 3 3 2 3 4 4 4 
4 3 4 4 1 2 1 4 4 4 3 2 3 2 4 1 2 2 3 1 3 2 4 4 3 3 3 1 3 2 1 3 4 1 4 2 2 1 3 2 3 4 1 4 2 3 4 4 4 4 3 3 2 4 1 3 2 2 2 3 2 1 4 3 2 2 4 4 3 1 1 1 1 4 3 4 4 3 3 4 2 1 4 1 1 3 1 2 2 2 3 3 1 3 2 4 2 4 3 1 1 1 1 4 4 3 4 4 
4 3 1 2 1 4 4 4 2 1 4 4 2 2 2 1 3 1 2 2 1 4 4 1 3 2 1 4 4 1 2 2 1 3 3 3 2 4 2 1 2 4 3 4 2 4 2 2 4 1 3 1 1 1 1 2 1 1 4 2 3 3 1 4 2 4 3 3 3 2 1 1 3 3 1 3 2 2 2 3 1 3 2 4 1 1 3 3 4 2 4 3 3 4 3 3 4 2 2 3 3 1 4 2 2 1 4 4 
4 2 1 3 1 1 3 1 2 1 1 3 1 2 4 1 3 3 2 4 3 2 3 3 2 2 4 4 2 3 3 3 2 3 2 2 4 3 3 4 3 1 3 2 4 4 2 3 2 4 1 2 4 1 1 1 2 1 2 4 1 1 2 3 2 4 3 3 1 1 3 1 1 4 2 4 2 4 3 2 1 1 4 2 1 1 4 3 3 4 2 3 2 1 2 4 3 4 4 2 4 1 3 1 3 4 2 4 
4 4 1 1 4 2 2 2 1 4 1 2 4 1 3 3 4 1 2 1 1 2 2 4 4 4 1 1 2 1 4 1 3 4 4 2 2 1 2 2 2 3 3 1 4 3 3 1 2 4 2 1 4 1 1 4 2 2 1 3 2 4 4 2 4 2 2 2 2 3 4 4 2 1 3 1 2 1 4 1 4 1 1 3 4 2 3 4 2 2 4 3 2 2 2 2 1 1 2 1 3 2 2 2 3 1 4 4 
4 4 1 2 3 4 4 3 1 2 3 4 4 1 2 3 3 3 2 4 2 1 3 1 3 1 3 4 4 1 1 1 2 3 4 4 3 2 3 4 3 3 3 2 2 3 3 1 1 4 4 1 3 1 2 3 3 4 1 1 1 1 3 2 3 4 1 3 3 2 1 3 2 3 4 2 1 3 2 2 2 1 4 2 4 4 2 3 3 4 4 2 1 4 2 4 1 1 1 3 4 1 3 3 3 1 2 4 
4 2 3 4 1 3 2 2 1 1 4 3 4 3 2 3 2 2 4 2 2 2 2 3 2 4 2 4 2 3 2 1 3 4 4 3 2 2 4 4 2 2 1 4 4 4 1 2 1 3 2 1 4 1 3 2 2 3 3 3 3 1 2 4 3 2 4 4 4 3 3 1 3 4 3 3 3 2 2 4 4 4 3 4 1 3 3 1 3 1 4 3 3 4 3 1 3 3 2 1 3 3 1 1 3 3 4 4 
4 2 3 4 1 3 4 3 3 4 2 2 1 2 1 3 1 4 1 1 1 2 3 2 4 3 3 3 1 2 1 1 2 2 4 1 1 3 3 3 1 3 3 1 2 3 4 3 3 4 1 4 1 4 1 2 1 2 2 1 4 4 1 3 3 4 4 1 1 1 3 1 3 2 3 1 3 4 3 2 4 2 2 3 1 1 4 4 2 4 2 3 2 2 1 4 1 4 2 4 3 4 3 1 4 2 3 4 
4 3 2 4 3 2 2 2 1 3 2 1 1 3 4 1 2 1 4 2 4 2 1 1 1 4 1 3 2 4 4 3 1 1 4 4 3 3 1 1 3 3 3 3 3 2 1 3 4 4 2 3 2 1 1 4 3 2 1 4 2 1 2 3 3 4 2 2 3 4 4 1 3 3 3 3 2 2 3 3 4 2 4 2 1 2 1 3 1 1 4 3 4 4 2 3 3 2 4 2 3 4 2 4 4 3 2 4 
4 1 3 1 1 4 4 3 2 3 2 4 2 3 3 2 3 1 1 4 3 4 2 4 3 4 2 1 1 2 3 3 4 1 1 3 3 4 1 3 4 4 1 3 4 2 3 3 1 1 2 2 2 2 2 1 2 2 1 4 4 3 4 3 4 2 4 2 3 4 4 1 1 2 1 2 2 2 4 3 2 2 1 2 2 4 1 3 4 3 2 2 2 1 2 1 1 1 2 3 2 2 2 1 4 2 4 4 
4 2 4 1 1 3 2 2 2 4 3 3 1 4 1 4 1 3 2 4 3 2 1 2 4 3 4 4 1 3 2 1 1 3 4 4 4 2 3 1 2 1 4 2 4 2 2 4 2 1 1 2 2 3 4 2 4 1 4 1 2 4 1 3 1 1 2 3 3 2 3 2 4 4 4 1 3 1 1 2 1 3 4 3 1 2 3 4 4 3 1 3 1 1 4 2 3 2 1 4 2 3 2 4 3 2 3 4 
4 2 2 4 2 4 3 3 4 2 3 2 4 2 3 1 3 4 2 2 1 3 4 4 1 4 3 3 3 1 1 4 4 4 2 2 1 4 4 2 2 1 1 3 3 3 3 1 1 3 1 2 1 4 1 3 3 2 4 3 1 4 2 2 4 2 2 1 3 3 4 3 2 3 1 3 3 3 2 2 3 2 1 1 2 4 2 2 2 1 2 2 1 4 3 3 2 1 4 3 3 3 4 4 1 2 1 4 
4 3 2 4 2 2 3 4 2 2 1 2 3 2 1 3 4 4 4 2 1 1 4 3 4 2 3 4 3 2 1 4 4 4 3 1 2 2 4 1 1 4 4 2 2 3 3 3 4 1 2 4 2 3 2 3 4 2 2 3 1 2 4 2 2 3 2 2 3 1 2 4 2 4 3 1 4 3 3 3 4 1 3 3 1 4 4 4 1 4 1 2 2 2 3 4 3 2 3 4 3 1 1 4 1 3 4 4 
4 4 3 3 3 3 2 4 3 4 4 1 4 4 2 2 1 3 3 1 1 1 4 4 1 1 2 4 2 2 2 2 3 4 3 2 2 1 3 2 1 1 3 4 4 1 3 1 2 4 2 3 1 3 3 4 1 4 4 4 3 1 1 2 3 3 2 2 1 3 3 1 4 1 3 3 1 4 1 3 4 2 4 4 4 1 1 3 4 4 4 1 3 3 2 3 4 3 2 1 2 4 3 4 3 4 3 4 
4 1 4 1 4 1 1 2 4 2 4 1 3 2 3 4 4 2 3 2 3 1 2 1 3 1 4 3 4 3 2 3 3 2 4 4 4 1 3 4 2 4 1 2 4 4 4 1 2 2 3 1 1 2 2 1 1 2 3 2 1 3 3 2 4 2 4 1 2 1 3 1 2 3 1 2 1 3 3 1 1 1 4 3 4 4 1 3 3 1 3 3 2 3 1 3 3 2 1 2 4 1 2 2 4 1 1 4 
4 4 4 3 1 4 1 2 2 1 2 1 2 2 3 3 4 1 2 3 4 4 1 4 3 2 3 3 4 1 4 2 1 3 3 4 4 2 1 3 3 1 2 1 2 2 3 1 1 1 4 3 2 1 2 1 2 2 3 2 2 1 2 2 2 3 1 2 3 2 3 4 3 2 2 2 1 2 3 4 4 1 2 4 2 2 1 4 3 3 4 1 2 2 4 1 3 2 3 4 4 2 3 4 3 3 1 4 
4 4 3 4 1 3 1 3 2 2 4 3 2 4 2 3 3 1 3 1 2 1 2 1 4 2 4 4 4 2 4 4 4 3 3 4 2 4 2 2 1 1 1 3 3 1 3 3 4 4 4 2 4 1 2 1 1 1 2 1 1 2 1 3 1 2 4 1 3 3 3 1 3 4 4 4 2 1 1 4 4 2 1 4 3 3 4 1 1 2 4 2 2 2 3 1 4 1 4 1 2 4 3 4 1 2 4 4 
4 2 1 2 2 1 1 3 4 1 1 3 3 1 3 2 4 2 1 4 1 3 4 3 4 4 3 1 3 3 1 4 1 3 1 3 2 2 1 3 1 2 4 1 3 4 3 3 3 2 2 3 2 3 1 2 4 1 4 1 2 1 2 2 4 4 2 1 4 4 1 2 3 2 2 1 2 3 2 3 3 4 1 4 4 2 4 1 2 4 4 4 2 2 4 4 1 3 1 4 1 3 3 4 2 4 1 4 
4 4 2 4 2 3 3 2 3 1 4 3 2 2 3 2 4 3 3 1 1 2 4 4 3 3 4 1 1 4 3 1 2 3 4 4 4 4 4 1 2 2 3 4 1 2 4 3 1 4 3 2 3 2 2 1 2 3 4 2 1 4 3 2 1 3 2 1 1 2 3 2 2 2 4 2 4 1 3 3 2 1 3 1 1 1 2 2 3 2 2 3 2 3 3 2 3 4 3 4 2 3 4 3 4 2 3 4 
4 4 2 2 4 1 4 1 1 1 4 2 3 1 3 3 2 3 3 2 1 4 3 3 2 3 1 4 4 3 4 4 4 4 2 4 4 3 1 4 2 4 3 2 1 2 1 2 2 4 4 4 3 1 4 2 4 2 1 1 2 2 4 3 1 2 1 4 3 1 2 2 1 2 4 4 4 3 4 2 1 2 4 2 4 4 4 4 1 2 3 2 1 2 4 4 4 3 1 3 2 3 1 3 4 3 4 4 
4 3 1 2 2 1 4 1 1 4 1 2 2 4 2 4 4 4 1 3 2 4 3 2 4 3 1 2 1 1 1 1 4 1 2 2 3 1 4 3 4 3 2 2 4 2 4 3 1 1 4 3 2 3 2 3 3 2 4 2 2 4 1 3 2 1 2 4 1 4 4 2 1 3 4 4 4 3 2 4 4 2 4 3 3 1 4 2 1 2 2 2 1 1 2 4 3 1 2 1 4 1 4 4 1 4 4 4 
4 1 4 1 2 4 2 4 2 3 1 1 1 4 2 3 2 3 3 4 3 1 4 3 4 4 2 4 4 2 1 4 2 1 4 1 1 3 4 1 3 2 3 2 4 1 4 2 3 1 1 1 2 3 1 4 4 1 3 2 4 2 1 3 4 4 2 2 3 2 2 4 4 3 2 4 2 3 3 1 1 3 1 2 2 2 2 4 3 3 3 1 4 1 1 4 4 1 3 3 3 3 2 1 3 2 3 4 
4 2 2 1 3 3 2 3 1 4 2 1 4 1 4 1 1 1 2 4 4 2 1 3 3 2 2 1 3 1 4 3 2 3 4 4 2 2 2 2 4 2 2 4 4 2 3 1 1 3 4 4 4 3 3 2 3 1 3 1 3 3 4 3 1 4 1 4 4 3 3 2 4 3 2 3 2 2 4 4 4 3 3 1 3 1 1 1 4 1 1 1 1 3 4 4 3 4 2 1 1 3 3 3 3 4 4 4 
4 3 2 2 2 4 1 2 1 2 4 2 2 3 1 4 3 2 2 3 2 3 3 3 4 4 3 3 4 1 3 2 4 1 2 2 4 3 1 2 4 4 4 4 1 1 3 1 1 4 3 2 1 1 4 3 3 3 1 4 3 1 4 1 2 2 3 1 3 4 4 3 4 1 4 1 1 4 2 4 1 2 2 4 2 4 2 2 3 4 4 1 4 1 3 3 2 4 1 4 2 4 3 3 3 4 1 4 
4 4 2 4 1 4 4 2 2 1 4 4 4 4 3 1 4 3 3 1 3 2 3 2 1 1 3 4 3 4 1 2 4 1 4 4 3 4 1 3 3 3 2 4 1 4 4 2 1 3 4 2 4 2 3 2 1 1 3 3 1 2 3 1 3 3 4 1 4 4 2 3 1 1 4 1 3 4 1 2 1 3 3 1 2 3 2 2 1 3 1 2 2 2 2 1 3 1 3 1 2 2 1 1 2 3 4 4 
4 4 4 1 2 3 2 3 2 2 1 1 4 2 1 1 2 4 4 1 3 4 1 2 2 4 4 3 1 1 1 1 3 3 1 1 3 3 4 3 3 4 4 3 4 3 4 2 2 1 3 2 2 4 2 1 3 1 1 1 4 4 1 2 4 4 3 2 4 2 2 2 2 4 3 3 3 2 2 1 1 1 2 4 3 1 2 1 2 4 4 1 1 3 3 4 1 2 3 4 1 3 4 4 2 2 1 4 
4 1 2 1 4 4 1 4 3 2 3 4 2 3 3 1 1 2 3 2 2 3 1 4 4 1 3 1 1 2 4 1 3 3 3 4 3 4 2 2 1 1 3 3 1 2 4 3 2 3 2 4 2 4 2 2 4 2 2 2 2 3 2 1 4 4 3 3 4 4 4 2 4 3 3 3 3 2 1 3 1 3 4 4 2 2 1 4 2 2 2 4 3 4 2 1 3 2 2 4 3 2 1 2 3 2 4 4 
4 4 1 1 1 4 4 1 1 1 4 4 4 1 4 2 4 2 4 1 3 1 4 2 4 4 2 2 1 3 3 2 3 4 2 3 1 4 2 1 4 3 1 2 3 1 2 1 2 1 3 2 2 2 1 4 2 1 4 1 1 2 4 2 3 2 2 2 2 2 4 2 3 3 1 2 2 3 2 3 4 2 4 3 2 3 3 4 3 2 3 4 2 3 4 2 2 3 2 1 3 3 4 1 4 3 3 4 
4 3 2 3 1 3 3 4 1 2 2 1 4 2 4 3 3 4 4 2 2 4 3 2 4 1 3 3 4 2 1 3 4 1 3 2 1 3 3 3 4 4 1 3 3 2 4 4 4 4 3 3 3 3 3 3 1 3 4 4 2 4 3 3 1 2 3 2 4 1 4 4 3 2 3 4 4 3 1 4 3 1 2 2 4 3 4 2 4 1 4 3 3 4 3 3 4 3 1 2 2 4 3 2 3 3 3 4 
4 3 3 2 4 3 4 4 1 4 3 1 1 4 1 3 2 2 1 2 3 2 1 3 2 2 2 3 1 4 4 2 2 3 4 2 3 4 3 2 4 4 2 3 1 1 4 3 2 3 3 1 3 1 3 4 4 1 4 3 1 1 2 4 2 1 2 4 3 3 2 1 1 3 2 1 2 2 3 2 1 4 1 3 4 1 2 1 1 3 2 3 2 1 1 4 1 1 1 3 1 3 4 1 2 2 2 4 
4 2 1 2 1 2 4 3 2 3 2 2 1 1 2 1 4 1 1 1 1 4 3 1 4 1 4 1 4 2 2 2 1 2 2 1 4 3 4 2 3 4 3 2 2 4 2 3 1 2 1 4 4 2 2 1 4 3 4 1 3 3 2 2 2 2 3 4 4 3 4 3 1 1 1 3 3 3 3 2 2 3 1 1 1 3 4 2 3 2 2 3 2 1 1 1 3 2 1 4 4 4 4 4 4 4 3 4 
4 1 2 2 3 3 1 1 2 2 3 2 4 4 4 2 2 4 2 1 1 3 1 1 1 1 2 2 3 2 1 2 2 3 3 4 3 1 2 1 2 2 3 4 4 1 2 1 1 2 2 1 1 1 1 3 4 1 3 4 3 1 3 3 1 1 4 3 3 4 1 4 3 2 1 2 2 4 1 3 1 2 3 3 1 4 2 4 3 4 1 2 1 2 1 1 3 1 2 3 2 4 3 2 4 4 2 4 
4 3 2 1 4 2 3 3 4 3 4 1 3 4 2 1 3 4 4 1 4 1 2 1 2 4 2 3 3 1 4 4 2 2 4 2 2 4 4 3 1 2 4 1 1 2 4 3 3 2 2 1 3 1 4 2 1 3 1 4 1 2 3 3 3 1 1 2 3 1 2 2 3 4 2 4 2 4 2 3 4 2 1 2 4 3 1 4 1 2 2 3 1 1 1 1 1 2 2 2 2 1 4 4 2 1 4 4 
4 2 4 1 2 3 4 4 3 4 4 2 3 4 4 3 4 1 3 2 1 2 4 2 1 3 3 2 3 4 1 4 4 2 1 2 1 3 3 3 1 2 1 2 3 4 4 1 4 4 4 3 4 4 3 3 2 2 1 2 1 1 2 4 4 3 2 3 1 4 4 1 3 1 1 1 3 1 3 4 2 2 4 1 1 2 3 1 3 2 3 1 1 1 2 2 2 3 2 1 4 3 4 1 2 4 2 4 
4 2 3 4 2 4 2 1 3 2 1 1 2 2 4 3 4 1 1 1 3 1 2 2 4 3 2 2 2 1 2 3 1 1 3 3 3 4 3 1 4 3 4 1 3 3 4 1 3 1 1 2 4 3 2 3 2 3 1 4 2 4 2 2 4 2 3 1 1 2 3 3 3 2 2 4 3 2 1 1 3 3 1 1 4 4 2 1 3 2 1 1 1 4 2 2 1 3 3 1 3 2 3 2 4 4 4 4 
4 1 3 2 4 1 3 1 1 1 3 4 1 2 2 1 1 1 1 1 4 3 1 2 3 4 3 1 1 4 4 2 3 2 1 3 1 1 1 3 2 1 1 2 1 1 3 2 4 4 4 3 1 3 4 4 1 3 1 3 3 2 1 3 4 3 3 4 2 3 1 1 4 1 4 4 4 3 4 4 1 4 2 1 3 4 2 3 3 1 1 2 1 3 2 2 2 2 2 1 4 2 4 3 1 2 4 4 
4 4 3 3 3 3 4 1 2 3 2 2 4 2 3 4 4 1 1 1 3 1 1 2 1 3 2 1 4 4 4 2 2 3 1 4 2 1 4 4 2 1 2 1 2 4 1 3 4 3 4 1 1 3 1 1 4 4 2 3 2 4 3 2 2 1 1 4 2 1 2 3 3 1 1 1 1 4 2 3 2 4 3 1 2 3 4 2 4 4 1 3 3 4 3 3 3 4 1 3 2 1 1 3 4 2 2 4 
4 3 2 2 3 4 4 1 1 3 2 3 1 1 4 2 3 3 4 4 2 4 4 4 1 4 2 1 4 4 2 2 1 4 1 4 3 3 3 3 2 1 3 3 2 4 2 2 3 4 2 1 1 2 2 2 3 2 4 3 3 2 1 2 2 1 2 3 1 2 4 1 3 2 3 2 3 3 3 4 2 4 4 4 1 2 1 3 4 1 4 4 2 4 1 4 2 2 3 1 3 2 1 2 1 1 1 4 
4 2 1 3 4 1 1 2 3 3 3 4 4 1 4 2 1 2 3 3 2 2 2 1 3 3 3 2 4 1 2 4 2 1 2 4 3 4 2 1 2 2 3 2 2 2 2 2 4 2 2 4 2 4 4 3 1 3 4 2 2 2 1 4 4 4 1 3 2 1 1 4 3 3 1 2 4 2 2 1 4 1 3 4 1 1 2 1 3 2 2 2 3 3 3 2 2 1 3 4 2 3 2 3 1 4 3 4 
4 1 2 2 4 1 2 4 2 4 4 4 1 4 2 4 1 3 2 1 3 3 3 3 3 3 4 4 4 3 4 1 4 1 4 3 3 1 1 1 3 1 4 3 4 2 2 4 2 1 4 2 1 4 2 4 2 1 3 2 2 2 4 4 4 1 1 3 1 3 4 4 2 1 4 4 1 1 3 2 4 4 3 3 2 1 3 3 3 1 3 3 2 2 1 3 1 4 2 1 3 4 1 3 1 3 4 4 
4 2 3 2 3 1 3 3 1 4 1 2 2 4 2 1 2 2 1 1 2 1 4 4 3 1 4 4 1 3 3 4 4 1 1 4 1 2 3 4 2 1 1 1 3 2 4 4 3 2 1 1 1 1 4 1 3 1 3 4 1 1 2 4 2 2 2 2 4 3 2 1 2 4 2 4 4 4 4 2 4 3 2 4 1 1 4 1 3 4 4 3 3 1 1 1 1 2 4 3 2 4 2 4 4 1 4 4 
4 1 1 3 1 3 4 1 1 3 3 1 4 4 3 2 4 1 2 1 3 4 1 2 3 1 3 1 2 2 2 2 1 1 4 3 3 1 2 1 3 1 1 3 4 3 4 2 2 3 2 3 4 3 1 2 2 4 4 1 4 4 4 2 1 3 3 1 3 1 2 3 3 4 3 4 3 2 2 3 3 2 1 2 3 2 2 3 4 1 1 2 2 3 1 3 1 4 1 1 2 1 3 1 3 3 1 4 
4 4 2 1 4 2 3 4 3 3 4 4 3 1 3 4 3 2 1 1 1 3 3 1 1 1 2 3 1 1 4 2 4 1 1 3 3 2 4 2 4 2 2 2 2 3 1 1 4 4 2 1 1 4 2 2 1 2 3 4 2 1 4 1 4 2 2 2 3 3 1 4 3 2 2 4 2 2 4 2 1 4 4 2 4 1 2 3 3 4 1 3 3 3 2 3 4 2 3 1 3 3 4 3 3 4 2 4 
4 3 4 2 4 1 1 3 3 2 2 4 3 1 3 3 3 2 3 3 4 3 3 2 2 1 4 4 4 2 3 1 2 4 2 4 1 1 3 1 2 4 3 3 1 1 3 2 3 2 1 4 2 4 4 3 1 2 3 1 1 3 4 1 3 2 2 2 2 1 2 3 4 3 1 2 4 3 3 1 4 4 1 4 2 4 3 1 1 1 2 4 1 1 1 3 4 3 3 4 1 2 1 2 4 2 3 4 
4 1 4 4 4 1 4 4 1 4 2 2 4 2 1 1 4 1 2 4 4 2 1 3 1 1 3 1 4 3 2 4 2 3 1 4 3 4 4 3 2 1 1 3 3 2 4 1 2 4 4 3 4 2 1 2 2 1 4 2 1 4 1 2 4 2 1 1 2 4 4 4 3 1 1 3 2 3 1 2 2 1 3 4 4 2 1 1 1 3 2 1 1 2 2 3 3 3 1 4 4 1 2 3 2 1 2 4 
4 4 3 1 1 4 3 4 2 2 4 3 3 2 1 2 1 3 1 3 4 4 4 4 4 3 2 4 3 3 3 1 4 4 4 3 1 1 4 1 3 4 4 1 1 3 2 1 3 1 4 2 1 3 2 3 2 3 2 3 1 1 4 1 3 1 3 3 1 4 3 2 1 3 2 2 3 1 3 2 4 3 3 3 3 3 4 3 1 1 1 2 3 3 4 2 2 2 1 2 3 4 4 3 4 4 2 4 
4 3 4 1 4 1 1 3 3 3 2 2 1 1 1 3 4 1 3 3 3 1 2 2 2 2 2 1 2 1 2 3 4 1 1 3 2 3 3 1 2 4 2 2 4 4 1 4 1 4 2 4 3 2 1 4 4 2 3 4 3 2 2 2 1 1 3 1 3 2 2 3 4 2 3 2 3 2 2 3 3 3 2 4 4 1 1 3 1 1 2 2 1 4 1 1 4 3 4 3 1 1 4 2 1 2 1 4 
4 4 4 3 4 2 1 1 1 1 3 4 1 2 3 1 1 1 1 3 2 4 1 1 2 3 4 1 4 3 1 4 2 4 4 3 3 3 1 4 4 3 3 2 4 4 4 2 2 3 1 1 3 4 3 1 3 1 1 4 2 3 4 2 1 2 4 1 3 3 2 3 2 3 4 2 4 4 3 4 4 3 3 4 3 2 3 1 2 4 2 1 4 2 4 4 4 1 1 2 2 3 4 3 4 4 1 4 
4 1 4 4 3 1 1 3 4 3 3 4 1 2 3 3 1 4 1 4 1 2 1 2 2 2 4 4 4 4 1 3 4 3 4 2 2 4 1 2 4 2 1 4 4 1 4 3 1 2 2 1 2 3 1 3 1 1 3 2 4 4 1 4 1 2 1 2 2 1 3 1 1 1 1 4 2 3 1 3 2 4 1 1 1 1 4 2 1 1 2 1 1 2 4 3 2 2 3 4 1 2 1 2 2 3 2 4 
4 4 2 3 1 2 1 1 1 4 1 4 1 3 2 2 4 3 4 1 2 1 2 2 3 2 1 2 2 4 4 1 4 4 1 2 3 2 2 4 2 1 3 3 2 4 1 3 2 2 3 3 2 2 1 4 3 2 4 3 1 3 3 4 3 3 3 1 2 2 1 4 3 2 3 2 4 2 3 1 3 1 4 2 4 4 1 1 4 1 3 3 1 4 4 3 4 1 2 4 2 3 2 2 1 2 1 4 
4 4 2 3 1 4 2 3 3 3 4 3 1 1 1 4 3 2 2 4 2 1 3 2 4 4 3 2 3 3 2 4 2 1 2 4 1 3 4 2 4 4 3 4 2 2 1 1 2 3 4 2 4 3 1 4 1 1 1 4 4 4 4 3 4 4 3 3 4 1 3 4 3 2 3 3 2 4 4 2 3 3 1 1 2 4 1 2 1 2 1 4 2 4 2 2 3 1 3 2 1 1 4 2 3 2 4 4 
4 2 3 1 2 1 3 2 1 2 1 2 1 4 3 3 3 3 2 4 1 3 3 1 4 4 4 3 2 2 2 1 1 2 4 1 2 4 2 3 2 3 3 2 1 4 4 2 1 1 3 4 3 3 4 2 3 3 2 3 1 1 4 2 1 3 1 3 3 1 2 4 2 3 2 3 4 4 1 2 2 4 4 1 1 2 4 4 3 4 2 3 2 2 2 4 3 4 3 4 1 2 3 4 2 1 2 4 
4 3 1 4 1 4 2 4 3 1 1 3 2 3 3 3 3 3 3 2 4 4 1 2 3 3 3 2 4 2 3 1 2 2 4 3 3 3 3 2 4 3 1 1 2 3 4 2 4 1 4 1 2 1 1 2 4 3 1 4 2 3 3 4 2 4 1 1 4 1 2 1 4 2 1 1 1 4 3 2 3 1 3 2 1 2 1 2 4 1 1 1 2 3 4 3 1 2 1 4 2 2 2 3 3 3 1 4 
4 3 3 2 1 3 3 3 2 1 4 3 3 3 2 1 2 1 4 3 2 3 1 1 1 1 1 2 2 4 2 3 1 3 1 1 3 4 2 2 3 4 3 3 4 2 1 2 3 4 2 2 4 2 2 4 4 2 1 2 3 3 2 2 3 4 1 3 1 2 1 4 1 1 4 3 2 1 1 3 4 2 1 1 2 3 4 1 2 4 4 1 2 4 2 3 1 2 4 2 2 3 1 2 3 1 2 4 
4 1 2 3 1 4 4 1 2 4 3 1 3 4 1 4 1 2 4 3 3 3 2 1 3 1 3 3 1 3 2 3 1 2 2 2 1 2 4 2 2 2 4 1 3 1 3 3 3 2 1 3 2 4 1 4 3 3 4 3 3 4 2 2 1 3 3 3 4 4 2 1 1 4 3 3 4 4 4 3 1 2 2 4 2 2 4 2 1 3 2 3 2 1 1 3 4 4 4 3 1 1 2 3 3 1 3 4 
4 3 1 2 2 1 2 2 2 2 3 4 4 2 2 1 2 1 1 3 4 1 2 4 3 4 2 1 1 3 2 2 4 1 3 1 3 1 2 4 2 3 2 1 1 3 3 2 2 1 1 3 2 3 1 3 3 3 1 2 2 2 2 1 2 4 1 3 3 2 4 3 1 3 3 4 4 2 2 1 2 4 1 4 3 4 4 2 2 2 4 1 3 4 1 3 3 1 1 4 3 4 4 1 3 3 2 4 
4 1 3 3 3 1 2 4 4 3 2 1 4 3 2 4 1 2 2 1 1 3 4 2 3 2 2 3 1 2 3 2 3 4 4 3 2 2 2 3 4 4 1 3 1 1 1 2 2 2 2 2 3 3 1 1 4 4 2 3 2 3 2 4 2 3 3 1 2 1 3 3 4 1 2 4 4 1 3 2 4 1 3 1 3 4 4 4 3 2 2 2 2 4 2 1 3 3 2 4 1 1 3 2 1 3 4 4 
4 2 2 3 3 3 4 1 2 2 1 4 1 4 4 2 1 4 4 1 1 3 4 3 4 3 1 4 1 4 1 3 4 1 4 1 1 3 3 3 4 3 1 3 3 1 2 4 3 3 4 4 4 1 3 4 3 2 4 3 3 4 2 1 1 2 4 2 1 3 4 1 4 3 4 1 1 4 3 3 3 2 3 2 3 1 2 4 1 3 1 4 4 2 3 3 1 3 2 2 2 3 2 3 1 2 4 4 
4 4 2 3 2 2 2 4 4 3 1 3 3 2 1 3 4 4 1 4 4 3 2 4 1 1 3 1 2 2 1 4 3 4 1 2 1 2 2 4 3 2 3 4 1 3 3 4 1 1 1 2 4 2 4 1 1 2 2 2 4 2 1 2 4 3 3 1 4 4 1 3 3 1 2 2 4 3 4 3 4 3 1 2 2 3 4 4 1 3 1 1 1 3 3 4 4 1 4 3 4 3 3 4 2 2 4 4 
4 4 3 3 2 2 3 3 1 3 2 2 3 4 4 3 2 2 1 1 4 4 3 1 2 4 2 1 2 2 1 1 1 3 3 2 4 2 3 3 3 2 4 4 2 2 4 1 3 4 2 4 4 1 4 3 1 4 4 1 2 3 3 1 4 2 1 1 1 4 1 2 2 4 2 3 2 2 1 4 2 1 1 4 3 3 1 2 4 1 4 2 4 2 1 3 3 4 1 1 3 2 1 1 4 1 3 4 
4 2 2 1 2 1 3 4 1 2 4 3 1 1 3 3 1 1 1 1 2 1 1 4 1 3 1 2 3 3 2 2 4 1 1 1 1 2 3 2 3 1 4 2 2 1 3 3 2 2 2 3 4 3 3 3 2 1 2 4 1 1 3 4 4 1 4 2 4 2 1 4 2 3 3 4 3 4 1 4 1 1 3 4 1 1 2 4 1 3 4 4 1 2 4 2 1 1 1 2 1 3 2 3 1 2 4 4 
4 2 4 3 3 3 4 2 2 2 4 1 2 3 3 1 3 2 2 2 4 3 4 4 4 3 3 4 3 4 1 4 3 2 3 3 1 1 4 1 2 2 4 4 4 2 3 4 2 1 1 3 1 3 1 3 3 1 2 2 2 4 2 2 3 2 2 4 2 3 2 3 4 4 2 4 3 2 2 1 2 4 4 4 2 3 3 2 2 2 1 1 1 1 1 4 2 2 3 1 2 3 3 1 2 2 3 4 
4 1 4 2 4 4 1 3 3 4 4 2 1 2 1 4 2 1 1 1 1 2 1 3 1 1 1 1 4 1 1 4 1 3 4 3 2 1 1 4 1 1 3 1 1 1 4 3 2 3 1 3 4 1 4 4 3 3 4 1 2 3 3 3 1 4 1 2 4 1 2 4 2 2 3 4 2 1 2 2 4 4 2 3 3 3 3 2 1 4 1 3 4 1 4 1 4 1 2 2 3 1 3 1 2 4 1 4 
4 3 3 2 1 3 2 4 1 2 4 1 4 3 1 4 2 1 2 4 4 2 2 2 2 1 2 3 4 3 4 2 2 1 2 2 3 3 3 4 4 3 2 4 3 4 1 4 3 4 2 2 1 4 3 3 3 3 4 3 4 3 3 1 3 3 3 1 1 3 4 3 3 4 3 4 4 1 1 2 3 3 2 4 1 1 2 2 2 4 3 3 3 2 4 2 1 1 1 4 2 4 2 2 4 3 1 4 
4 3 1 1 4 2 3 3 3 1 3 1 4 4 4 2 1 4 4 4 3 3 1 2 1 4 1 4 3 1 1 3 2 3 1 1 4 4 1 3 3 4 2 2 3 4 3 4 2 3 3 3 1 4 4 2 3 4 1 2 3 2 4 3 4 3 4 3 4 3 2 1 2 2 3 3 4 4 2 3 4 3 2 4 3 1 2 2 3 4 1 1 2 2 4 1 4 2 2 3 4 3 2 3 2 1 3 4 
4 1 1 4 1 4 4 3 3 1 3 1 2 3 1 3 2 4 4 1 3 4 2 4 2 2 3 4 1 3 1 2 3 1 3 3 1 2 1 2 2 3 1 2 2 2 1 1 4 2 2 3 3 1 3 4 4 3 3 3 4 1 2 4 1 1 2 4 1 4 1 2 4 3 4 2 1 3 4 4 1 2 2 1 4 2 2 2 4 4 2 2 3 3 3 3 2 1 2 2 4 1 4 2 2 2 4 4 
4 1 2 3 4 2 2 3 3 4 2 3 2 3 4 4 2 4 1 1 1 4 2 3 4 1 2 3 4 2 2 2 1 4 3 3 3 4 2 4 3 3 4 2 3 2 3 4 3 1 3 4 4 1 2 2 3 1 4 4 4 1 4 3 3 4 2 4 2 1 2 1 1 4 2 3 3 1 3 2 2 1 2 1 2 2 3 4 4 4 2 2 3 2 2 3 3 1 2 3 3 3 1 3 4 4 1 4 
4 4 1 3 4 3 3 3 1 1 2 3 1 1 4 2 1 4 3 1 1 1 2 2 4 1 3 1 3 4 3 2 2 1 1 2 3 2 1 2 2 3 4 1 4 1 2 1 3 3 1 1 4 1 3 3 3 1 2 3 4 2 3 1 2 3 4 4 2 2 2 4 3 4 4 4 4 3 1 3 1 3 4 1 2 2 4 3 3 3 4 4 1 3 4 4 3 2 3 3 3 3 4 2 2 3 1 4 
4 2 2 4 4 2 4 2 1 3 2 2 1 2 1 3 4 4 2 3 2 3 1 4 4 1 4 3 2 3 4 2 1 1 2 4 3 4 3 2 2 3 2 1 1 3 1 3 2 1 3 1 3 3 2 2 3 2 1 1 3 2 1 1 3 3 2 2 3 1 1 1 4 4 2 4 3 4 1 2 2 3 3 2 3 3 3 2 2 3 1 3 3 3 1 2 2 2 3 2 2 2 4 2 1 4 3 4 
4 3 1 2 4 4 2 2 1 1 2 4 3 2 4 1 1 3 3 4 3 4 3 3 1 4 2 1 4 1 2 1 2 2 1 3 3 3 2 2 4 4 3 4 4 2 3 3 1 3 4 3 4 3 4 3 1 1 2 4 4 4 3 2 1 1 1 4 3 1 2 4 2 4 3 2 2 3 2 3 4 4 2 3 1 2 2 2 1 1 4 2 3 1 3 2 1 2 3 4 1 1 3 3 4 2 2 4 
4 2 2 2 1 1 4 2 4 4 4 1 1 4 2 2 1 1 4 1 1 2 3 2 2 3 2 1 3 3 4 1 2 4 3 4 1 2 3 3 4 4 2 4 1 1 1 2 3 4 2 1 4 1 3 4 3 2 2 3 4 3 1 4 4 4 2 3 4 1 1 3 1 3 4 3 4 3 3 1 2 4 2 3 2 2 4 1 3 4 1 3 1 2 3 3 1 3 2 3 2 2 1 2 1 3 1 4 
4 3 4 1 3 3 1 3 2 4 4 2 2 3 2 1 4 2 4 2 1 1 1 2 2 3 4 2 1 2 3 1 1 3 1 4 3 3 3 1 3 4 1 1 2 2 2 2 1 3 3 4 3 4 3 4 3 1 4 1 1 3 4 4 2 2 1 3 4 1 1 1 4 2 4 1 3 4 1 3 4 1 1 4 1 2 1 3 3 4 1 4 3 2 4 1 3 1 1 1 1 1 4 2 2 4 4 4 
4 2 3 1 3 1 3 1 2 3 2 2 1 1 2 3 3 3 3 4 2 1 4 1 1 1 2 4 3 1 2 1 4 4 3 3 1 3 3 1 2 1 3 2 1 3 2 2 2 2 1 1 1 2 1 1 4 4 2 1 3 4 2 1 1 3 1 4 2 1 2 1 2 4 2 1 3 4 4 2 2 2 2 4 4 3 2 3 2 2 1 2 2 4 2 2 3 4 1 2 1 2 1 2 1 4 2 4 
4 4 2 4 4 2 4 3 2 3 2 1 1 2 1 3 4 1 1 2 4 4 4 4 4 4 3 3 3 2 3 3 2 3 3 2 1 2 4 2 2 3 4 2 1 3 2 2 2 2 1 1 1 4 2 1 3 2 1 2 1 3 4 2 1 3 2 3 3 1 3 4 4 2 1 1 1 2 2 2 2 1 3 4 4 1 3 3 4 1 3 2 2 3 3 1 3 3 2 4 3 3 2 2 4 2 3 4 
4 4 3 2 4 3 3 2 4 1 2 2 3 4 2 2 3 4 4 3 2 1 3 1 3 1 1 1 1 1 3 4 1 2 1 3 4 2 1 1 2 3 4 3 4 4 4 1 4 3 3 1 4 4 1 3 4 4 1 3 1 3 3 1 2 3 4 4 1 2 3 3 2 4 2 4 3 1 3 1 2 2 1 1 2 2 4 2 4 3 3 3 3 3 1 1 3 4 1 4 3 1 2 3 2 2 2 4 
4 2 1 2 1 4 2 2 4 2 4 1 2 3 3 2 2 3 1 2 4 3 1 4 1 4 4 4 4 4 2 3 1 3 2 4 2 1 3 1 1 2 3 1 4 2 2 1 4 3 2 4 2 1 2 4 3 2 2 3 2 4 2 3 2 3 1 4 2 2 1 1 4 2 4 4 4 3 1 1 4 4 4 4 1 3 1 1 3 4 2 2 2 3 4 2 4 2 1 4 3 3 4 2 3 4 1 4 
4 4 1 1 3 2 2 3 3 4 2 1 1 1 1 3 2 1 4 4 4 4 1 1 3 2 2 2 3 1 4 3 1 3 3 1 1 4 3 1 1 1 3 2 4 4 3 1 2 2 4 4 4 1 2 3 4 3 2 4 2 3 4 4 1 3 3 3 4 2 1 1 1 1 3 3 1 3 3 3 3 1 4 1 1 4 4 2 4 3 3 3 3 4 1 2 3 1 1 3 1 2 2 1 2 3 3 4 
4 2 3 4 4 3 2 1 1 1 4 1 2 2 3 4 3 3 2 3 3 2 2 1 3 3 4 2 1 1 1 3 4 3 1 1 4 2 1 3 2 2 2 3 4 4 3 2 4 3 3 4 2 3 2 4 2 1 2 2 1 1 4 1 2 3 3 4 1 3 4 1 1 1 4 3 1 1 2 1 4 4 2 1 2 1 1 3 4 1 1 4 1 4 1 3 4 4 2 4 3 3 4 3 2 3 2 4 
4 2 1 1 1 1 2 1 2 3 2 1 4 2 2 2 3 1 2 3 4 3 2 1 1 2 4 3 4 1 3 3 2 4 1 3 1 2 4 3 1 1 4 2 1 3 1 1 1 3 4 3 2 3 1 2 3 3 2 4 1 2 2 4 1 2 2 1 4 1 2 3 2 2 4 3 2 4 4 4 4 4 2 2 2 4 4 4 1 3 2 2 4 2 4 1 4 2 4 1 4 1 1 1 1 3 1 4 
4 4 2 4 4 2 3 4 2 2 3 1 3 2 3 1 2 1 1 4 4 4 3 4 2 1 2 1 1 3 3 2 4 2 4 1 3 1 3 3 2 3 4 3 1 1 3 4 2 3 4 4 2 1 3 2 2 2 2 4 2 1 4 4 3 2 3 4 2 3 4 4 3 3 1 2 1 3 3 4 1 2 1 1 3 4 3 2 2 3 1 1 3 2 3 1 4 2 2 3 1 2 1 3 2 4 1 4 
4 4 4 3 3 3 3 4 2 2 3 4 2 3 4 4 3 1 3 1 4 4 1 1 4 4 4 1 3 4 1 3 1 4 3 2 1 2 2 4 1 2 4 2 3 4 3 1 1 1 2 1 1 4 3 1 2 2 1 1 4 1 1 2 3 2 4 2 3 1 4 1 3 4 3 2 2 3 4 3 4 1 3 3 4 4 3 3 1 1 1 3 1 2 2 3 2 1 1 1 3 3 3 3 2 4 4 4 
4 1 3 2 4 1 3 4 1 2 1 4 2 4 2 2 3 2 3 2 2 2 4 1 3 3 3 2 1 2 4 2 3 2 1 1 1 1 4 1 4 4 3 4 2 1 1 1 2 3 2 2 1 3 1 4 2 3 2 1 1 4 2 2 3 1 1 2 4 4 3 1 4 1 1 4 2 2 3 2 2 4 2 1 1 2 4 1 4 1 4 1 3 3 4 3 2 3 3 3 1 2 1 3 2 4 1 4 
4 4 1 2 2 4 4 2 3 4 1 1 4 3 4 1 3 2 2 4 2 3 2 2 1 2 4 4 3 1 2 1 1 4 4 4 4 4 3 2 1 1 1 4 4 3 3 1 2 4 3 1 3 3 2 3 4 2 1 4 1 1 1 4 4 1 1 2 1 4 3 4 3 1 3 2 1 2 3 1 2 3 4 3 1 1 2 4 3 2 3 4 2 3 4 2 1 2 3 4 2 4 3 1 2 2 2 4 
4 2 3 2 4 4 4 3 3 1 2 3 4 2 1 1 3 2 4 1 4 1 1 3 2 4 3 3 3 3 4 2 4 2 3 1 1 4 3 4 2 4 1 1 3 4 3 1 2 3 1 3 1 1 2 3 2 1 1 3 3 3 1 3 3 3 1 3 1 1 1 1 4 4 3 1 2 3 4 1 4 2 1 1 3 4 2 3 4 1 4 3 3 4 2 4 3 3 1 4 4 4 1 2 3 2 3 4 
4 2 4 4 1 3 1 3 1 3 4 4 3 1 4 1 4 2 1 2 1 2 4 2 1 4 3 2 3 2 1 4 4 2 4 2 2 3 4 3 4 2 3 4 2 3 2 3 1 1 2 4 1 4 4 2 4 1 4 3 3 4 2 3 1 4 2 2 3 2 1 4 2 1 2 2 1 4 1 1 4 4 1 3 2 3 2 2 4 4 1 4 2 4 1 3 1 1 4 1 1 3 1 3 1 4 4 4 
4 2 2 2 4 4 1 3 1 4 2 1 3 4 3 3 2 1 3 4 1 3 1 4 1 3 1 4 3 1 4 2 3 1 3 4 2 4 1 4 2 2 2 3 1 4 2 2 2 4 3 3 2 2 2 3 2 1 4 4 4 4 3 2 1 4 2 2 4 2 3 3 3 1 1 2 3 3 2 2 1 4 2 2 1 2 4 1 4 3 3 4 1 4 3 2 2 2 1 4 1 2 3 3 3 3 4 4 
4 4 3 4 3 4 4 2 4 1 1 2 3 4 1 3 3 2 3 4 3 1 3 2 2 3 2 4 2 4 2 1 1 4 4 4 3 2 1 4 4 4 3 1 4 4 1 2 3 2 3 1 4 2 4 2 4 3 4 1 2 3 2 2 4 4 4 2 4 3 3 2 3 2 3 3 4 4 1 2 4 3 1 1 1 2 2 3 4 1 3 3 4 3 2 3 3 4 1 1 1 1 3 1 1 1 1 4 
4 2 1 2 1 2 3 4 3 4 3 3 4 4 1 4 3 1 3 1 4 1 3 1 3 4 2 2 3 3 3 3 1 2 4 4 2 4 4 4 4 4 1 3 4 3 4 3 2 2 1 4 2 1 1 3 3 3 1 3 2 1 1 2 2 1 2 1 3 4 2 3 1 1 4 4 4 1 2 4 2 1 1 3 1 4 2 3 2 4 1 2 4 4 1 1 1 4 1 1 4 3 2 4 2 3 4 4 
4 4 3 1 3 2 1 3 1 4 2 2 1 4 1 2 2 3 3 3 1 4 2 1 4 2 1 2 2 3 3 4 4 2 1 4 3 4 3 2 4 1 1 3 3 1 1 2 4 4 4 1 3 4 4 4 3 3 3 2 1 4 4 1 3 2 4 2 1 1 2 4 2 4 4 2 1 1 1 4 4 1 3 2 2 4 4 4 4 2 1 4 1 2 4 2 1 1 3 3 4 4 2 1 4 1 2 4 
4 1 3 1 2 2 2 3 4 4 3 3 2 3 1 4 1 2 4 4 3 4 1 1 2 3 2 3 2 1 3 4 3 1 4 4 4 3 2 1 1 4 1 3 3 3 1 1 1 2 2 4 3 4 1 3 2 3 2 4 4 1 3 1 2 3 2 3 2 3 1 1 2 4 1 1 3 2 4 1 3 2 3 3 2 4 1 3 2 1 1 3 3 3 3 1 2 4 2 4 3 4 1 2 4 3 3 4 
4 2 4 1 3 4 3 2 1 1 1 4 4 3 3 1 2 1 3 2 1 3 2 1 4 3 1 3 2 2 1 2 1 1 3 4 3 2 1 1 2 2 1 2 2 4 2 2 2 1 4 2 3 3 4 1 3 2 1 2 2 2 3 2 2 1 3 4 1 1 4 2 3 3 3 1 1 4 4 4 1 2 4 3 1 3 1 3 3 4 2 1 4 1 4 2 1 2 4 4 4 3 1 2 1 3 2 4 
4 1 4 3 2 3 2 3 1 3 2 3 3 3 3 2 1 2 2 2 2 1 1 2 3 1 4 3 3 2 3 2 1 1 4 1 4 3 1 3 3 4 4 1 2 3 3 2 4 2 1 4 3 2 1 2 1 3 4 1 3 4 4 1 3 2 4 2 3 4 4 4 1 4 3 3 1 2 4 1 2 3 2 2 4 4 1 3 3 1 4 3 2 2 1 4 1 2 1 1 3 4 2 1 4 2 3 4 
4 1 3 3 1 1 4 1 2 3 1 1 4 2 3 2 3 1 1 4 2 2 4 2 3 1 3 3 4 2 3 1 1 2 2 1 1 4 3 4 1 1 3 3 3 2 3 3 3 2 1 3 1 1 3 3 1 1 1 1 1 3 4 2 2 4 3 4 4 4 3 2 1 1 3 1 4 2 2 1 1 3 4 3 3 4 4 2 1 1 1 4 4 2 3 1 2 3 4 2 2 2 3 4 1 2 4 4 
4 3 4 2 2 2 3 2 2 4 3 1 3 2 3 3 2 1 2 4 3 2 1 4 1 4 2 2 2 2 4 2 1 2 1 1 4 1 2 3 1 1 2 1 3 2 1 4 2 1 1 4 1 1 4 1 4 1 1 2 1 1 1 2 3 4 3 4 2 4 4 1 3 4 4 1 2 1 4 1 2 4 1 1 3 3 4 2 3 1 2 2 3 2 1 4 4 4 1 1 4 1 4 1 3 2 1 4 
4 2 1 4 1 2 1 3 1 4 3 3 3 3 3 4 2 2 4 1 4 3 2 3 4 1 4 1 1 4 4 2 3 4 4 2 1 1 1 2 2 2 2 4 4 2 2 4 1 1 2 4 2 2 3 1 1 1 4 3 2 4 3 3 2 4 1 3 4 3 3 1 2 4 3 1 4 4 2 3 2 2 1 3 2 1 1 4 4 3 4 2 2 4 3 3 2 1 2 1 2 4 1 4 1 1 4 4 
4 1 2 1 4 2 2 4 4 4 2 3 4 1 4 4 4 2 3 2 2 3 2 1 3 2 2 2 2 3 4 2 2 1 4 1 4 1 3 1 3 2 2 4 4 3 2 4 3 2 2 1 2 4 3 2 2 1 2 1 4 1 4 4 1 3 3 3 1 1 2 2 3 1 1 4 2 1 2 1 2 3 4 1 1 2 2 3 4 3 2 2 2 3 3 2 3 1 2 1 2 4 1 3 1 1 3 4 
4 3 1 4 2 4 3 3 4 2 4 3 1 4 2 3 2 4 3 4 1 4 2 2 1 2 2 3 3 4 1 2 4 2 3 4 2 1 2 3 1 2 2 4 1 3 2 3 1 3 4 4 2 2 1 2 2 4 3 2 3 4 1 1 2 1 1 1 3 2 2 4 1 2 2 4 1 4 4 3 3 4 1 4 2 4 1 3 1 4 1 3 4 4 3 4 3 1 2 1 3 1 3 1 2 1 3 4 
4 4 2 1 1 2 2 3 3 1 1 1 3 1 3 3 2 2 4 2 1 4 1 2 3 2 3 2 3 3 1 1 2 3 4 3 3 4 1 2 4 3 3 2 4 2 4 1 4 1 4 1 3 3 2 4 1 4 3 2 2 3 2 2 3 2 3 4 1 3 2 4 4 3 1 1 1 3 4 4 1 1 4 2 2 2 2 2 4 3 2 3 2 2 2 3 1 3 4 3 2 2 2 4 3 3 3 4 
4 2 2 4 2 3 3 3 3 3 1 3 2 2 4 3 4 1 1 2 3 2 3 3 3 2 1 1 3 1 4 3 3 2 4 4 1 4 3 1 2 4 2 3 4 3 4 1 3 1 2 1 3 2 2 3 1 3 4 2 3 3 3 2 2 2 3 1 1 1 4 3 4 1 3 3 4 2 4 3 3 2 4 1 3 4 2 1 3 1 2 1 1 1 4 2 2 3 4 1 4 1 2 4 1 2 2 4 
4 4 2 3 1 4 4 2 4 1 1 1 3 4 3 4 3 3 2 2 2 3 2 2 2 2 2 1 3 4 4 1 4 4 1 2 2 4 2 4 4 1 3 4 4 2 1 1 2 2 2 3 3 1 4 2 1 4 3 2 3 4 4 1 4 3 4 1 2 2 2 3 4 2 3 3 3 2 1 4 1 3 1 1 1 3 1 4 3 4 4 3 3 3 4 1 4 4 3 4 1 4 1 3 4 3 2 4 
4 4 4 4 4 4 4 4 4 4 4 4 4 4 4 4 4 4 4 4 4 4 4 4 4 4 4 4 4 4 4 4 4 4 4 4 4 4 4 4 4 4 4 4 4 4 4 4 4 4 4 4 4 4 4 4 4 4 4 4 4 4 4 4 4 4 4 4 4 4 4 4 4 4 4 4 4 4 4 4 4 4 4 4 4 4 4 4 4 4 4 4 4 4 4 4 4 4 4 4 4 4 4 4 4 4 4 4 

