110
1000
1000

[Node]
0  0  0   0  0
111 0  0   0  0

[pickup]
1       504725765      20          16
2       504559662      24          13
3       503058122      24          19
4       504944047      25          11
5       505128819      25          12
6       504888671      27          13
7       504360638      30          14
8       504548682      31          14
9       503589812      33          5
10      504558137      33          10
11      503301564      33          14
12      503282693      34          13
13      504632589      35          18
14      502843210      38          5
15      504944067      39          13
16      502794879      39          5
17      505023534      39          13
18      503587915      40          15
19      502970822      40          17
20      503266124      41          16
21      504944052      43          8
22      504826545      47          6
23      503282703      47          5
24      502796495      50          18
25      505083274      53          6
26      505049443      53          15
27      505150270      54          17
28      505162674      54          12
29      502785877      55          16
30      503058102      56          18
31      503012782      58          11
32      503240801      63          14
33      505036392      67          20
34      504433520      67          18
35      504989072      69          11
36      502875595      70          15
37      502791054      72          5
38      504489908      72          19
39      504904607      74          17
40      505172794      75          17
41      504930826      76          9
42      505131975      80          19
43      504726267      81          10
44      505057713      82          5
45      505082920      82          7
46      504742888      83          10
47      503168027      84          6
48      502787600      88          6
49      504549590      89          7
50      505026956      91          11
51      504940824      93          20
52      504579938      95          15
53      503284249      97          9
54      504559658      99          17
55      502796205      102         5
56      505088149      105         18
57      505084618      106         9
58      502789230      108         5
59      504952771      109         16
60      502798393      116         11
61      504959841      127         19
62      504930829      137         5
63      504959617      137         17
64      503657465      140         10
65      504802242      140         11
66      504692561      150         11
67      503242004      150         20
68      505160758      153         20
69      505185201      157         15
70      503613062      158         9
71      502794547      161         8
72      504489902      161         8
73      504726270      162         5
74      503746302      168         12
75      503689218      168         20
76      502892641      171         13
77      505170366      172         10
78      502798649      174         14
79      505170924      176         20
80      502789708      178         14
81      503249203      187         5
82      504553396      189         20
83      504928743      190         9
84      504491355      198         14
85      504483576      202         6
86      502800753      203         17
87      502787414      206         7
88      504591167      211         10
89      504940738      214         5
90      502798241      216         11
91      503297612      216         5
92      505076939      219         20
93      502787809      221         12
94      503592373      227         17
95      503219384      238         14
96      504579944      245         17
97      503278639      269         10
98      502786619      286         19
99      503192571      288         17
100     502787162      295         8
101     505186923      301         11
102     505137588      323         8
103     505126631      334         17
104     504475038      492         14
105     504040924      502         19
106     504555619      642         17
107     504930822      712         9
108     502798842      787         16
109     503525248      1000        6
110     503220254      1000        13

[Speed 0]
0.81
30.0   60.0 0.0 0.6
90.0   150 0.0 0.4
300.0  540.0 0.0 0.81
570.0 630.0 0.0 0.6
660.0 720.0 0.0 0.4
750.0 840.0 0.0 0.81

[Speed 1]
1.33
30.0   60.0 0.0 0.8
90.0   150 0.0 0.6
300.0  540.0 0.0 1.33
570.0 630.0 0.0 0.8
660.0 720.0 0.0 1.3
750.0 840.0 0.0 2

[Speed 2]
1.33
30.0   60.0 0.0 1.0
90.0   150 0.0 0.8
300.0  540.0 0.0 1.33
570.0 630.0 0.0 0.8
660.0 720.0 0.0 0.6
750.0 840.0 0.0 1.5

[Speed 3]
1.5
30.0   60.0 0.0 0.9
90.0   150 0.0 0.8
300.0  540.0 0.0 1.5
570.0 630.0 0.0 0.9
660.0 720.0 0.0 0.8
750.0 840.0 0.0 1.5

[Speed 4]
2
30.0   60.0 0.0 1.1
90.0   150 0.0 0.9
300.0  540.0 0.0 2
570.0 630.0 0.0 1.1
660.0 720.0 0.0 0.9
750.0 840.0 0.0 2

[speed choose matrix]
4 4 4 4 4 4 4 4 4 4 4 4 4 4 4 4 4 4 4 4 4 4 4 4 4 4 4 4 4 4 4 4 4 4 4 4 4 4 4 4 4 4 4 4 4 4 4 4 4 4 4 4 4 4 4 4 4 4 4 4 4 4 4 4 4 4 4 4 4 4 4 4 4 4 4 4 4 4 4 4 4 4 4 4 4 4 4 4 4 4 4 4 4 4 4 4 4 4 4 4 4 4 4 4 4 4 4 4 4 4 4 4 
4 3 1 1 2 4 3 1 1 4 3 3 4 2 2 1 1 4 2 1 2 2 2 1 1 1 4 4 2 4 1 2 3 4 1 2 1 3 2 1 2 2 2 2 4 3 1 4 2 2 3 3 1 4 1 3 2 2 2 2 1 2 1 1 3 1 4 3 1 2 2 3 3 4 1 3 1 1 1 2 3 2 1 2 1 1 3 2 1 1 1 3 2 4 2 3 3 3 1 2 3 4 4 4 3 3 3 1 3 3 4 4 
4 3 1 1 4 1 1 1 2 1 3 2 3 2 1 1 2 4 3 1 4 4 4 3 2 2 3 3 2 1 1 2 4 2 4 3 1 3 1 4 3 4 3 3 4 2 4 1 1 3 4 3 2 4 3 2 1 3 1 3 1 3 3 2 4 2 1 3 2 4 1 3 4 2 3 3 4 4 4 2 4 4 1 1 2 4 2 3 1 1 4 3 2 4 2 3 1 1 1 1 1 2 2 4 2 4 1 2 1 1 1 4 
4 1 3 4 3 4 1 4 2 1 4 2 1 1 2 2 1 1 1 2 1 1 4 2 3 1 1 2 3 4 1 1 4 3 2 1 2 1 2 2 4 4 2 2 4 3 4 2 2 2 4 2 3 2 1 2 1 1 3 3 1 4 3 1 3 1 4 2 2 4 4 1 2 2 1 3 1 4 2 1 1 3 4 1 2 2 3 1 1 1 4 3 2 3 1 4 2 3 4 1 2 1 2 3 1 3 1 4 4 3 2 4 
4 1 3 4 2 4 4 1 3 4 2 2 1 3 2 3 1 1 2 1 2 2 3 1 2 3 4 2 3 2 3 3 1 4 1 2 4 3 3 3 2 3 1 3 2 1 4 1 1 2 3 1 4 1 1 2 4 4 3 3 2 1 2 2 1 1 4 2 2 4 2 3 2 4 1 4 1 3 2 3 2 1 2 3 4 4 1 1 1 2 1 1 4 4 4 4 1 4 3 3 3 1 3 2 2 4 3 3 1 4 1 4 
4 2 2 2 3 2 3 2 4 3 3 2 4 3 1 3 1 1 2 4 3 1 2 1 4 4 4 3 1 4 3 1 3 1 3 2 3 2 1 2 1 3 1 1 4 4 1 3 2 2 3 3 3 2 4 3 3 3 1 4 3 3 4 4 1 2 1 1 2 3 1 1 3 1 3 1 1 1 1 4 1 4 1 4 1 3 1 2 1 1 3 4 4 3 3 2 1 2 4 3 4 2 4 4 2 2 2 2 4 1 4 4 
4 3 3 3 3 1 2 1 4 3 1 1 2 1 1 2 3 4 4 3 4 4 2 2 3 3 2 2 4 1 1 2 3 2 4 1 1 3 2 2 3 3 1 1 3 4 4 1 1 1 3 1 2 3 2 1 4 4 3 1 2 3 3 1 3 4 1 3 3 4 1 3 3 4 2 4 1 4 4 1 1 1 4 2 4 4 2 1 1 1 1 2 3 2 1 1 3 2 2 1 1 1 2 4 1 2 1 3 4 4 4 4 
4 1 1 2 1 4 2 1 4 3 3 4 3 4 1 4 3 1 2 2 2 2 1 1 4 2 1 3 1 1 2 2 2 2 3 4 1 1 2 2 3 1 1 2 4 3 1 1 4 4 4 3 2 4 1 1 4 1 3 2 4 3 4 3 1 2 2 3 4 1 1 4 2 4 1 2 4 1 3 4 4 4 3 1 1 4 1 3 4 3 3 3 2 2 4 2 1 3 1 1 3 3 4 2 2 4 2 2 2 1 4 4 
4 1 4 1 2 1 4 2 2 3 2 4 1 2 4 2 2 4 2 4 1 3 3 3 4 3 4 1 4 3 4 3 2 3 3 2 4 4 3 4 2 2 3 4 3 3 3 4 3 1 4 1 2 3 1 1 2 1 1 4 3 4 1 1 4 4 2 2 3 1 4 2 3 4 3 1 4 4 2 2 2 1 2 1 3 3 1 4 4 4 3 3 1 4 4 1 3 1 4 2 1 2 1 3 1 3 4 3 2 4 3 4 
4 1 1 1 4 4 1 4 3 4 2 2 2 2 1 4 2 3 3 3 4 4 2 3 3 3 1 2 3 2 3 1 3 3 4 1 3 3 1 2 2 2 1 1 4 2 1 3 1 1 1 4 2 1 3 2 3 4 3 1 4 3 3 3 1 2 1 2 3 1 3 2 1 4 2 4 4 4 3 2 4 1 1 3 2 2 4 4 2 2 1 2 3 1 3 1 2 2 3 3 4 4 2 1 4 2 1 1 4 4 2 4 
4 3 1 4 4 2 4 4 2 2 1 3 3 2 2 1 3 3 3 2 4 1 3 2 2 3 2 4 1 2 4 4 3 1 4 4 2 1 4 3 3 1 2 1 1 4 3 4 3 1 4 2 3 1 2 2 2 1 4 1 3 1 3 2 3 2 1 2 3 4 3 2 1 3 4 1 4 3 4 1 3 1 4 1 1 1 2 3 1 4 4 3 3 3 2 3 4 4 1 1 4 1 3 4 2 3 1 4 2 4 4 4 
4 4 2 1 1 3 3 4 4 2 1 1 3 4 2 1 4 1 4 4 1 2 3 3 1 2 4 4 4 3 3 4 3 2 4 1 2 1 4 2 4 4 2 1 2 4 2 3 1 1 3 1 2 3 1 2 4 3 1 4 4 3 4 2 2 1 2 4 3 2 1 1 4 2 2 3 2 3 4 4 3 1 2 3 2 2 2 1 4 2 1 2 1 1 1 2 1 1 4 3 1 3 4 2 1 2 1 2 1 1 4 4 
4 1 3 4 2 1 1 4 2 2 3 1 3 4 4 1 1 3 1 2 3 3 3 2 4 4 3 4 1 1 2 3 2 2 4 3 3 1 1 4 2 3 1 1 2 3 2 4 2 1 2 4 4 4 4 3 3 3 2 1 4 1 2 3 2 4 3 2 3 3 4 2 3 4 1 1 1 2 2 1 2 3 3 3 1 3 4 1 4 2 3 1 4 4 1 3 2 4 4 3 3 2 1 1 3 1 1 4 4 3 4 4 
4 3 2 1 3 4 2 4 2 1 1 3 2 2 2 4 2 2 1 3 1 2 4 2 4 3 1 1 3 3 4 3 4 4 3 2 2 1 1 2 4 2 3 1 1 2 4 4 3 1 2 1 1 4 3 4 1 4 4 1 3 2 1 3 4 2 2 3 4 1 1 3 1 1 4 2 2 4 3 4 2 4 2 2 4 4 3 2 1 4 2 1 1 3 4 3 4 4 1 3 1 1 4 2 3 1 1 2 4 2 2 4 
4 1 4 2 4 4 1 3 1 4 2 2 3 1 1 1 3 2 4 1 1 3 3 2 3 2 4 2 3 4 4 3 4 3 3 4 1 3 2 2 1 4 2 3 2 4 2 3 4 4 4 1 3 2 2 1 4 4 1 2 4 1 1 2 4 3 2 1 1 2 4 2 1 4 3 3 2 1 3 2 3 3 1 4 3 1 2 1 2 3 3 4 1 1 2 4 2 4 2 2 4 3 1 1 3 3 2 2 3 2 4 4 
4 2 4 4 3 1 4 2 3 3 4 4 4 3 3 3 2 3 2 2 3 3 1 4 2 3 1 2 3 2 4 2 4 1 2 4 2 2 4 1 3 2 1 3 3 2 4 3 3 4 3 1 1 4 4 4 1 2 1 2 3 2 3 3 1 3 4 1 3 3 4 4 2 1 4 2 2 2 2 3 4 4 2 2 3 4 3 3 4 1 4 1 1 2 2 2 4 3 4 3 2 4 4 3 2 2 1 1 3 4 3 4 
4 2 3 2 2 1 2 2 1 4 3 3 3 4 4 1 4 3 1 3 4 3 3 1 4 4 2 2 2 2 3 1 1 4 1 2 3 4 2 3 1 4 3 1 2 1 4 3 3 1 2 2 2 4 1 1 1 2 3 1 4 1 3 2 2 3 2 4 1 1 3 4 1 3 2 1 2 4 2 1 2 4 3 1 4 2 3 1 4 3 3 3 3 3 1 1 3 2 3 4 1 3 3 2 2 1 1 1 4 1 4 4 
4 1 4 4 2 1 4 1 2 2 3 4 1 2 2 1 4 2 1 2 2 4 1 3 2 2 3 2 3 4 4 1 1 3 4 4 1 1 2 2 2 4 4 3 2 2 2 2 2 2 1 4 3 2 2 4 3 2 2 4 1 2 1 2 2 1 3 1 3 1 4 2 4 2 1 4 1 3 3 4 1 4 1 2 2 4 1 2 2 1 4 4 3 4 3 2 1 1 1 1 3 1 1 1 3 1 2 2 4 1 2 4 
4 3 3 4 1 3 3 2 4 1 1 2 3 1 3 1 3 4 2 4 1 2 1 3 4 3 1 4 3 3 1 2 2 2 2 4 1 2 4 3 3 4 2 4 4 2 1 2 2 4 4 2 2 4 2 4 2 2 4 3 2 4 2 2 4 4 3 1 3 2 2 4 3 3 1 2 1 2 1 4 3 2 2 4 4 4 3 3 3 1 2 3 1 4 1 2 3 1 3 2 4 1 1 3 2 2 1 1 2 3 2 4 
4 1 4 3 2 2 3 2 2 3 4 4 2 3 3 4 2 3 2 1 3 4 2 4 4 1 4 3 2 1 1 1 4 2 2 1 1 2 4 1 2 1 1 2 3 2 4 1 1 1 3 1 3 4 4 4 4 1 1 1 4 4 1 2 4 2 1 2 3 2 4 2 2 1 1 2 1 2 1 3 2 3 2 3 4 1 2 1 1 4 3 4 1 4 1 3 2 3 1 1 3 1 2 3 1 2 3 2 3 2 4 4 
4 3 2 4 3 2 3 4 2 3 2 4 2 3 1 4 1 2 1 2 1 1 3 4 1 3 2 1 1 2 2 3 2 2 1 3 4 1 4 1 3 4 2 4 4 1 4 4 3 3 4 3 3 2 2 2 1 4 2 4 2 2 3 3 4 3 2 1 2 3 4 3 2 3 2 3 3 3 3 1 3 3 3 2 4 2 4 1 4 1 1 4 2 2 1 4 3 1 3 3 4 3 3 3 1 3 3 2 1 1 2 4 
4 2 2 3 2 4 1 4 4 2 1 2 1 2 3 4 3 3 4 2 2 3 3 4 4 1 4 2 4 2 2 4 2 3 1 1 1 3 2 1 4 3 1 2 4 4 1 3 1 1 2 1 2 4 4 2 4 2 2 3 2 4 3 3 3 1 4 4 4 2 2 2 3 2 3 2 2 4 1 1 4 4 4 3 3 1 2 2 2 2 3 1 2 4 3 4 2 1 4 1 4 4 3 1 1 1 4 3 4 4 3 4 
4 4 4 3 1 4 4 4 2 3 1 4 3 2 3 1 4 3 3 4 3 4 4 4 1 4 2 2 2 4 3 2 1 4 1 1 3 3 3 2 4 4 4 1 1 2 2 4 4 3 1 1 4 4 4 3 4 4 3 4 4 4 4 1 4 3 2 4 3 3 1 3 1 2 1 3 3 4 2 2 2 4 2 4 2 1 1 3 3 3 1 3 2 1 1 4 4 2 4 3 2 3 2 4 2 4 4 4 1 3 4 4 
4 4 1 3 2 1 3 2 3 1 3 2 3 2 3 1 1 4 4 3 2 2 1 4 1 2 1 4 2 2 1 4 2 2 4 1 3 1 4 3 4 1 1 1 3 1 1 1 2 3 1 4 3 4 3 4 1 4 1 2 3 1 1 4 4 4 3 3 2 3 3 2 3 2 2 1 2 1 4 3 3 2 4 3 2 3 1 1 4 1 3 4 3 3 4 1 4 1 2 1 1 2 2 4 3 1 2 1 1 2 1 4 
4 2 1 1 3 1 1 1 4 4 1 1 3 3 4 3 4 1 2 4 4 4 1 1 2 3 2 4 4 1 2 2 1 4 1 2 3 1 3 3 3 4 1 4 2 4 4 3 1 4 1 3 1 1 2 1 2 4 1 1 1 1 3 4 2 4 3 4 2 4 1 2 1 4 2 1 3 4 3 1 3 2 4 1 4 1 4 1 4 4 3 4 4 4 1 1 4 3 3 2 4 3 1 4 4 3 3 1 2 4 2 4 
4 4 4 4 4 4 2 2 2 2 3 2 4 1 1 1 1 1 3 3 2 3 2 1 2 3 3 4 4 2 2 1 1 2 4 4 2 1 1 2 1 1 1 1 1 3 3 1 2 4 1 2 1 4 2 3 4 3 3 3 1 3 3 4 4 2 1 3 3 1 1 1 1 3 1 1 4 2 2 4 1 2 1 2 4 3 2 3 2 1 4 3 3 4 3 4 1 3 2 3 4 3 4 2 1 1 2 4 4 3 1 4 
4 2 2 1 1 2 1 3 4 2 2 2 4 4 1 4 3 1 1 4 1 4 1 2 2 2 2 4 3 3 4 4 2 3 3 2 2 1 2 3 2 3 1 4 1 3 1 4 3 2 1 2 2 2 2 1 1 4 4 4 4 3 1 1 3 1 1 2 4 1 2 3 3 3 3 3 4 1 3 4 2 1 1 1 3 4 2 3 3 4 2 1 3 2 2 3 2 1 4 4 2 1 4 2 3 1 3 2 1 4 1 4 
4 1 4 3 4 4 1 3 2 2 3 1 2 3 3 1 1 3 1 1 2 3 2 4 2 1 1 3 4 3 2 1 1 3 2 1 3 3 1 2 3 2 3 4 3 4 1 4 1 4 3 1 3 4 4 3 4 3 2 4 2 3 1 1 3 1 1 4 4 2 4 1 3 3 1 1 1 3 3 4 1 4 3 1 4 1 2 4 2 2 3 4 2 3 4 4 1 1 1 4 1 2 2 2 3 1 3 2 2 2 3 4 
4 3 1 2 1 4 3 2 3 3 2 1 1 3 3 1 1 2 4 3 2 3 3 4 1 2 2 1 1 2 1 4 3 2 4 2 3 3 4 3 2 1 3 3 3 4 2 4 1 3 3 2 1 4 4 4 3 3 3 2 4 2 3 4 4 4 4 4 1 2 3 3 4 3 1 4 4 1 3 1 3 4 1 4 3 4 4 2 2 2 3 1 2 3 4 3 2 4 3 4 3 3 4 3 4 1 4 3 3 1 4 4 
4 3 3 4 1 3 1 1 2 3 1 3 3 3 3 1 4 1 3 3 3 4 2 2 3 1 1 3 2 4 2 4 4 3 4 1 4 1 3 3 3 2 4 4 4 1 3 1 4 4 2 4 1 1 1 4 3 4 1 4 1 2 4 1 2 2 2 2 3 4 4 4 2 3 3 4 4 3 3 4 2 1 2 1 4 1 1 4 2 1 4 3 2 4 3 1 1 1 2 4 2 2 4 3 2 2 3 1 4 4 1 4 
4 4 1 4 1 1 1 1 2 2 4 2 1 4 2 3 1 2 3 3 3 2 1 4 3 4 1 1 4 1 1 1 3 1 1 4 1 3 4 1 3 3 2 3 3 3 3 1 3 3 4 3 4 4 4 1 3 3 1 3 2 2 2 3 1 4 3 1 3 1 2 3 4 4 1 1 4 2 4 3 4 4 3 3 1 2 4 4 3 2 1 2 4 4 1 1 4 4 1 2 2 2 4 3 1 4 2 3 3 1 3 4 
4 1 4 4 2 3 4 3 3 1 2 4 4 3 2 1 3 1 4 3 3 1 4 2 4 3 3 3 4 2 4 1 3 1 2 2 3 3 3 1 3 3 1 1 3 1 4 3 2 3 4 3 1 3 4 1 2 3 2 2 4 2 4 1 3 1 3 4 2 1 4 2 4 2 1 4 4 2 2 1 4 1 2 4 4 1 3 4 4 2 4 1 4 4 2 3 4 4 4 1 2 1 1 4 1 4 3 3 1 1 2 4 
4 4 3 2 2 1 2 1 1 1 4 3 4 2 4 4 4 1 4 4 3 1 4 2 3 2 3 4 4 1 2 4 2 1 4 2 3 2 3 2 2 4 3 4 4 2 2 3 3 2 4 2 1 1 1 3 3 1 2 1 3 4 1 3 2 3 2 2 1 4 1 2 1 4 3 2 4 1 3 2 4 2 3 4 2 4 4 3 1 1 1 4 4 2 3 4 4 4 2 1 1 2 1 4 3 3 2 3 4 2 2 4 
4 3 4 2 1 1 4 4 1 2 4 3 3 1 2 3 1 3 2 3 4 1 1 1 3 1 4 3 3 3 1 2 2 3 2 1 4 4 2 1 3 4 2 2 3 4 1 2 4 1 2 4 4 4 3 1 3 3 1 3 3 3 3 3 2 3 3 2 1 1 1 1 3 1 4 2 1 4 1 1 4 4 2 3 2 2 4 1 3 2 2 3 4 1 4 3 4 2 3 3 3 1 1 1 3 4 3 3 1 2 4 4 
4 3 1 1 2 3 2 4 1 4 2 4 1 3 3 4 3 3 1 2 2 2 4 1 1 4 2 1 4 2 1 1 4 3 2 4 2 1 1 1 4 2 3 1 4 1 3 1 4 4 3 4 1 3 2 4 1 4 2 3 3 2 2 2 1 4 4 4 2 2 1 2 4 3 4 3 1 2 1 1 1 1 4 1 1 2 3 1 4 3 3 1 3 4 1 1 3 1 1 3 4 4 4 4 3 3 2 3 2 1 4 4 
4 3 1 2 1 1 2 3 2 3 1 2 3 4 1 3 3 4 4 1 4 2 2 4 4 4 1 3 4 2 1 3 1 2 4 1 3 2 3 1 4 1 3 3 1 1 1 1 1 1 2 2 3 3 3 2 3 3 3 3 2 4 1 1 3 2 4 2 2 2 4 1 4 4 2 4 2 3 1 3 3 4 1 4 2 4 4 2 3 1 2 1 1 1 1 4 1 1 4 4 2 4 1 3 3 4 2 4 1 1 1 4 
4 3 3 3 1 2 2 4 4 1 3 3 1 4 2 4 3 2 2 1 4 1 4 2 4 4 1 2 2 3 2 4 2 2 1 1 1 2 2 3 3 1 2 3 2 1 2 3 2 3 3 2 4 4 1 2 2 1 3 4 3 2 4 1 2 2 4 4 4 4 2 4 1 1 1 1 1 2 2 4 3 2 3 4 4 3 3 3 2 4 1 3 4 2 3 1 2 3 2 4 2 4 1 3 1 4 3 1 4 2 4 4 
4 1 1 2 3 2 4 3 3 3 2 3 1 4 3 4 4 3 1 2 2 4 2 4 3 2 4 4 4 3 2 4 3 4 2 2 4 1 1 2 1 1 4 3 4 3 4 2 2 3 4 2 2 4 4 2 3 4 4 1 4 2 4 2 4 1 2 4 1 2 1 1 1 4 1 1 2 3 3 2 4 2 2 2 2 3 3 3 4 2 3 2 1 1 1 3 3 2 1 2 3 3 3 4 4 3 1 1 4 2 3 4 
4 1 1 2 2 2 2 2 4 4 2 4 2 2 1 1 4 3 3 4 2 4 4 2 4 4 3 2 1 4 3 3 1 4 2 2 2 2 1 4 1 2 4 1 4 3 3 4 2 1 1 1 4 1 3 2 4 3 2 1 4 4 4 1 4 2 4 4 2 3 4 2 2 3 3 2 3 2 1 3 2 4 2 3 4 2 4 3 2 3 3 3 2 4 1 2 1 2 1 1 2 3 4 1 2 1 4 1 4 3 4 4 
4 4 3 1 2 4 2 4 2 4 3 2 3 3 1 2 3 1 3 4 1 1 4 3 4 4 1 4 4 4 2 2 4 3 3 3 2 2 3 2 1 2 4 2 3 3 1 2 3 4 1 2 1 1 4 2 3 1 4 1 4 1 4 1 2 1 3 2 3 4 1 3 1 3 3 3 1 1 1 2 3 1 3 2 2 1 2 1 4 3 4 3 3 3 4 1 1 3 4 3 2 4 4 2 1 1 4 1 4 3 4 4 
4 3 2 2 4 4 3 2 1 1 1 2 2 1 3 4 3 4 2 4 1 4 1 3 4 3 4 1 2 3 2 3 4 3 2 3 1 3 3 1 1 3 2 4 4 2 4 1 4 2 3 3 2 1 4 4 1 4 3 2 4 2 4 1 4 3 2 1 1 2 1 3 1 1 3 1 3 1 4 3 2 3 3 1 2 1 1 1 1 1 2 2 1 2 3 3 3 3 1 3 2 3 2 2 1 4 2 2 2 3 4 4 
4 4 2 1 1 2 3 4 2 3 1 3 4 4 2 4 4 2 3 1 4 1 3 2 2 4 2 4 2 3 3 1 2 4 3 1 3 3 4 4 4 4 4 2 3 3 4 3 3 4 4 1 3 2 3 3 1 3 2 3 2 1 3 2 1 3 3 4 2 1 3 3 1 4 3 3 1 3 2 1 4 3 1 1 4 2 1 3 1 3 4 2 1 1 3 4 4 4 2 4 1 3 2 3 1 2 3 3 4 3 3 4 
4 2 1 2 4 2 4 2 4 3 4 2 2 1 1 2 2 4 1 1 3 4 1 2 3 3 2 3 2 1 3 2 3 2 2 2 3 4 3 2 3 2 2 2 1 2 3 3 1 4 1 1 3 1 1 2 3 3 4 1 1 2 1 2 3 4 2 2 3 2 4 2 1 2 1 1 1 3 1 3 1 1 4 3 2 4 1 1 2 3 2 2 4 2 4 3 2 4 1 2 3 2 4 3 1 3 4 4 2 1 4 4 
4 4 3 1 3 2 1 4 4 2 1 1 2 2 1 1 2 3 3 2 3 3 1 3 2 4 3 2 4 4 4 1 4 1 3 3 1 1 2 4 3 1 3 3 2 2 4 3 1 3 2 2 1 1 2 1 2 4 2 1 2 4 1 4 3 3 3 3 4 1 4 2 3 2 2 2 1 1 4 1 2 3 1 4 3 3 4 4 4 1 3 4 3 2 1 4 3 2 1 2 2 3 4 1 3 1 4 2 3 2 2 4 
4 1 2 3 4 2 4 1 1 4 1 4 3 2 3 4 4 1 2 4 1 4 1 2 1 4 4 2 3 4 2 1 4 2 4 4 3 2 1 2 2 2 4 4 3 4 3 4 3 4 1 3 4 2 2 2 3 1 2 4 4 4 3 4 4 2 1 3 4 2 4 4 2 2 2 4 3 2 1 4 4 1 2 2 2 2 3 1 4 1 2 2 4 1 1 1 1 1 3 1 1 1 1 4 2 4 2 3 2 1 2 4 
4 1 1 2 1 4 4 1 4 3 2 3 3 4 3 1 2 4 1 3 1 3 4 4 2 1 2 3 2 2 1 2 1 2 4 3 4 4 1 1 2 4 2 1 1 4 4 3 2 3 1 4 4 1 2 4 4 4 3 3 4 1 3 4 4 3 2 2 1 3 2 4 1 1 1 3 2 4 4 2 3 3 4 4 2 1 2 2 3 4 4 4 3 2 2 4 4 1 2 2 2 1 2 4 4 2 3 1 2 4 4 4 
4 2 3 1 4 1 4 4 2 2 4 1 4 2 3 1 1 3 1 2 4 4 4 4 4 1 4 3 1 1 2 4 3 3 2 3 4 4 4 1 1 1 4 4 1 1 2 4 3 2 4 1 2 4 2 3 2 1 2 4 3 1 3 3 2 2 2 4 2 1 3 3 3 4 3 1 2 1 2 2 3 1 3 2 3 2 3 1 4 1 2 1 3 1 1 3 1 4 2 4 1 1 1 3 3 3 2 2 1 4 3 4 
4 4 4 1 1 3 2 1 4 2 2 3 3 2 3 2 4 4 4 3 4 4 3 2 2 4 4 4 2 2 1 2 2 3 1 4 4 4 4 1 4 4 2 4 3 4 3 1 1 4 2 4 2 1 3 2 4 1 2 2 1 3 1 4 2 4 1 2 1 4 3 2 2 4 1 1 3 1 1 2 1 3 4 4 1 2 2 2 1 2 4 4 1 1 3 2 1 1 3 2 3 2 2 2 1 3 2 4 2 3 2 4 
4 3 3 3 4 4 3 1 1 1 4 3 2 1 1 4 1 1 3 4 1 4 4 1 2 3 3 2 3 1 4 2 1 1 2 2 4 4 2 2 4 4 1 4 1 2 3 4 3 4 1 1 1 3 4 3 2 1 2 3 3 2 3 4 4 4 1 3 2 1 4 3 3 4 4 2 2 3 2 2 4 2 1 3 3 3 4 3 3 3 2 1 1 2 2 3 4 1 4 1 3 4 1 1 2 2 4 2 3 3 3 4 
4 4 3 3 1 2 2 2 4 2 2 2 4 3 1 1 1 2 2 4 4 2 1 2 3 2 1 1 2 2 2 3 1 1 2 1 2 1 1 4 1 1 1 2 1 3 1 3 3 2 4 2 3 2 4 1 1 1 2 1 4 4 4 4 1 2 2 4 2 3 2 1 3 2 2 2 2 4 1 3 2 2 4 2 2 4 2 1 1 4 4 4 3 1 4 2 1 2 1 3 1 2 1 4 3 3 4 1 2 4 2 4 
4 4 4 3 2 4 1 2 4 1 1 3 4 4 2 2 3 4 2 1 2 1 1 3 2 2 4 3 4 3 1 3 2 3 1 1 2 2 4 4 4 3 1 3 3 3 4 3 1 1 1 3 3 4 2 3 4 2 1 1 4 2 3 2 2 1 3 3 4 1 4 2 1 2 2 1 1 2 2 4 1 2 1 3 2 1 3 1 4 2 1 4 3 1 4 1 3 1 2 4 1 2 3 3 4 2 1 1 1 3 3 4 
4 4 2 4 2 3 1 3 3 4 2 1 3 1 1 2 1 1 1 2 2 2 2 3 3 3 1 4 3 1 3 2 1 2 3 4 3 1 2 3 3 1 1 2 3 1 1 1 1 2 4 1 4 1 1 4 4 3 3 4 1 1 1 4 2 1 1 2 4 1 4 1 1 4 3 3 3 2 3 1 4 2 3 2 2 1 2 1 2 4 3 2 2 4 1 4 3 4 4 3 1 1 4 2 2 4 2 4 3 3 4 4 
4 1 3 1 3 3 4 3 3 4 4 1 2 3 4 4 3 2 3 4 2 2 4 4 4 3 2 1 2 1 2 2 2 1 1 2 2 4 3 2 1 4 3 2 3 4 1 1 4 1 1 3 2 4 4 2 2 3 3 4 4 2 1 2 1 4 3 1 2 4 2 2 1 3 1 2 2 4 4 3 2 1 3 1 2 4 2 1 4 3 4 4 3 2 3 3 2 1 2 2 2 2 1 3 2 1 4 1 3 3 3 4 
4 1 1 3 3 4 2 3 2 2 2 1 2 1 2 1 1 3 4 3 4 1 4 4 2 1 1 3 3 2 4 1 3 1 2 1 2 2 4 4 1 4 4 1 3 1 1 1 3 2 1 1 3 4 1 1 4 2 4 2 3 1 1 2 4 2 4 1 4 1 1 1 2 1 4 4 4 1 1 2 4 3 2 2 4 3 4 3 2 4 4 2 2 3 3 3 3 1 1 4 4 3 2 1 3 1 2 3 2 4 3 4 
4 2 4 3 1 1 3 1 4 3 4 1 4 1 4 3 1 4 1 4 1 2 4 4 4 1 3 2 3 1 1 4 1 3 2 3 4 4 2 2 3 1 1 1 1 2 2 2 1 1 4 2 1 4 4 4 4 2 3 2 4 3 4 3 2 1 1 2 4 1 2 3 4 1 4 3 1 4 2 2 2 2 4 1 1 4 4 4 1 2 4 2 2 1 4 3 3 3 1 1 2 3 3 3 2 4 2 2 4 1 1 4 
4 3 4 3 4 2 3 2 4 3 1 3 1 2 4 2 4 2 1 4 3 2 1 1 3 3 2 2 4 2 3 4 2 3 4 3 1 3 2 4 3 2 4 4 2 3 3 4 2 4 1 3 2 3 2 4 4 3 3 3 1 3 1 4 4 4 4 1 1 2 4 3 1 2 1 3 1 1 3 3 4 3 2 1 3 3 2 4 3 1 3 4 3 2 4 2 4 2 1 2 1 3 2 4 2 4 1 2 1 1 4 4 
4 2 4 4 2 4 4 4 3 4 3 3 2 2 1 1 1 4 1 2 4 3 4 1 4 2 2 4 4 2 3 4 1 1 2 4 2 4 2 3 1 1 1 4 1 1 2 4 2 3 1 1 4 2 1 2 3 1 1 3 4 4 4 4 2 1 2 1 3 3 4 1 1 1 2 3 2 3 4 3 1 2 2 4 4 1 3 3 2 2 4 3 4 3 1 1 2 4 2 1 3 1 2 2 1 1 2 1 1 2 4 4 
4 2 3 4 4 1 4 2 3 2 1 1 4 2 2 2 4 4 1 4 4 1 3 2 3 2 4 4 2 4 3 1 4 4 3 1 2 3 2 4 2 4 2 3 2 4 4 1 1 2 3 1 2 1 3 1 2 4 3 2 4 2 2 1 3 2 1 3 2 4 4 3 1 2 4 1 4 2 4 2 1 4 3 4 2 4 1 3 2 3 3 2 1 4 1 3 4 4 1 3 2 3 4 1 3 4 4 2 1 4 3 4 
4 1 1 2 4 2 1 2 2 2 4 1 4 1 3 1 2 3 3 2 3 4 1 4 2 3 2 1 3 4 3 1 4 1 1 2 3 3 4 2 3 1 1 4 3 1 3 1 4 2 4 4 4 3 4 4 1 1 2 4 4 2 2 3 2 4 1 3 3 1 1 3 4 2 2 3 1 1 1 3 2 1 4 3 1 3 2 4 1 3 2 2 4 2 2 3 2 2 1 1 4 1 2 3 4 2 4 1 2 1 3 4 
4 1 4 2 1 3 2 1 4 3 2 1 1 2 2 2 1 3 3 1 4 1 4 2 4 2 1 3 1 4 1 4 3 2 2 4 3 2 4 1 1 2 3 2 4 4 2 2 1 1 4 2 1 2 3 4 4 3 3 4 2 2 2 1 1 1 2 2 1 2 2 3 3 3 2 1 2 2 4 2 2 1 4 1 3 2 4 2 2 1 3 3 1 2 4 3 2 2 3 2 4 4 1 2 2 3 4 1 4 1 2 4 
4 2 3 2 2 4 2 2 2 3 3 1 4 4 4 4 2 1 1 4 4 1 1 2 4 2 2 4 2 1 2 3 4 3 1 4 1 2 3 3 1 2 3 1 2 4 2 4 2 1 2 1 2 3 2 1 3 1 3 3 3 2 4 2 3 3 2 2 4 3 3 4 4 3 2 1 1 3 3 4 4 4 4 3 2 4 3 1 1 1 2 1 4 2 4 4 2 1 1 2 4 2 3 2 2 4 1 3 3 1 3 4 
4 4 1 3 2 3 1 4 2 3 3 3 3 4 2 2 4 1 4 2 2 3 4 4 4 1 2 4 4 4 3 4 3 1 2 2 1 4 1 2 3 2 4 2 2 4 3 3 3 3 1 1 2 4 1 1 2 3 2 3 4 4 3 4 4 1 3 4 3 4 2 4 4 1 2 4 4 3 1 3 3 2 2 3 4 1 1 4 1 2 2 4 4 1 3 1 3 4 4 2 3 3 3 4 3 3 2 2 4 4 3 4 
4 1 1 4 4 2 4 4 2 1 1 3 1 3 4 2 3 3 2 4 1 1 2 1 4 1 3 4 4 3 1 2 1 4 3 4 1 4 3 4 2 2 4 4 1 4 3 4 4 4 1 4 3 4 3 4 1 4 4 4 3 3 2 2 2 2 2 4 2 2 3 4 4 4 2 3 1 4 2 2 1 4 1 4 1 3 2 4 4 4 2 3 1 1 2 3 1 3 3 2 1 3 4 4 4 2 2 1 1 2 2 4 
4 4 3 4 2 2 1 2 4 3 2 3 2 1 1 1 3 1 4 2 1 3 4 4 2 4 2 2 4 3 1 2 4 1 4 1 2 2 3 3 3 1 3 2 1 1 4 3 3 2 1 2 3 4 3 4 3 2 4 4 3 3 4 1 1 2 2 1 1 3 4 2 3 4 1 4 2 1 4 2 2 2 3 3 4 1 3 1 4 4 3 1 1 4 4 4 4 2 2 3 3 3 3 2 3 3 2 2 3 3 1 4 
4 1 3 2 4 3 1 4 2 4 1 2 1 1 4 4 3 2 2 1 3 3 3 3 4 1 2 4 4 3 2 3 4 3 3 4 1 4 1 1 1 2 2 1 3 4 2 4 1 1 3 2 1 2 2 4 2 2 2 3 2 4 3 2 2 1 1 1 2 1 2 4 1 4 4 1 3 3 3 3 2 1 4 1 1 4 1 2 2 3 2 4 4 2 1 4 2 3 1 3 2 2 3 1 3 3 1 2 3 2 4 4 
4 3 3 4 2 3 4 2 1 3 4 1 1 1 4 2 4 2 1 1 2 2 2 3 3 1 2 3 4 1 2 3 3 4 3 1 4 1 4 3 2 3 1 1 2 2 2 4 4 4 2 1 4 3 1 4 1 4 1 2 4 2 2 2 4 3 2 1 2 2 4 4 2 2 2 4 1 3 4 2 1 1 4 3 4 4 4 1 1 4 1 1 2 2 2 3 4 4 3 2 4 2 2 3 4 1 4 1 2 2 1 4 
4 4 3 4 3 4 1 2 4 4 4 1 2 2 3 3 1 1 3 3 2 1 1 4 2 1 3 2 1 2 2 3 1 1 1 1 1 2 1 1 2 1 1 2 4 2 3 4 4 1 2 3 3 2 2 4 3 2 1 3 1 2 4 3 1 4 4 2 3 2 4 1 4 1 4 2 1 2 2 4 2 3 2 1 1 4 3 3 1 1 4 2 1 2 1 1 2 3 1 3 3 3 2 2 3 3 1 1 4 2 1 4 
4 4 2 1 1 3 4 3 3 1 2 2 4 1 2 2 2 4 2 2 2 2 4 1 3 4 2 4 4 3 4 2 4 4 1 2 1 4 1 1 4 2 4 3 1 4 3 3 1 4 1 2 2 3 1 2 1 4 3 4 3 3 1 1 1 3 3 1 2 2 4 4 2 4 3 2 1 2 3 4 4 3 1 2 4 1 3 3 2 4 3 3 3 1 1 4 1 3 3 4 3 1 1 4 3 4 3 3 4 1 2 4 
4 3 2 2 4 2 3 1 2 1 4 1 2 2 2 1 3 2 3 3 3 4 2 2 2 3 2 3 3 3 2 4 4 4 1 2 4 3 1 2 2 3 3 2 2 2 3 3 1 1 3 3 4 4 3 4 3 2 3 1 2 3 4 4 3 3 3 1 2 3 2 4 1 4 3 1 1 4 3 4 4 3 2 4 4 2 2 4 3 4 1 1 3 4 4 3 4 2 2 4 4 1 2 2 2 4 3 4 1 1 2 4 
4 3 3 1 2 2 4 2 4 3 1 4 1 4 4 4 3 2 3 2 1 4 4 4 3 4 1 2 2 3 3 1 2 1 2 1 4 3 1 3 3 4 4 2 2 1 4 2 4 1 3 4 2 4 3 2 4 1 1 1 4 4 4 1 2 3 3 2 3 2 2 3 4 3 4 4 2 3 2 1 3 3 4 1 2 1 2 4 1 4 3 4 3 2 1 1 3 4 2 4 3 4 1 1 2 3 4 1 1 3 4 4 
4 4 2 3 4 3 3 1 2 3 2 4 2 3 1 1 1 1 4 3 3 4 4 3 4 4 3 4 2 4 1 2 1 1 1 4 2 1 2 4 1 1 2 1 3 1 1 2 3 1 2 1 2 4 2 1 4 2 4 2 2 2 2 1 2 3 4 3 4 2 3 3 3 3 4 3 3 3 3 1 4 1 1 2 4 2 1 2 3 4 2 4 1 3 1 3 4 2 4 3 2 2 4 3 1 2 3 4 3 2 1 4 
4 2 2 1 4 1 3 3 3 1 4 4 3 3 2 1 4 2 4 3 2 3 3 2 2 4 4 4 4 3 2 3 3 3 4 2 2 4 1 3 1 4 3 1 2 2 4 3 1 3 1 2 3 4 2 3 3 1 1 3 3 2 3 3 2 2 3 4 4 4 4 2 3 3 3 2 1 4 3 3 3 4 4 4 3 3 4 2 4 1 4 3 4 1 4 1 3 3 1 2 3 4 2 3 4 2 2 1 2 3 2 4 
4 4 4 2 4 2 1 3 1 2 2 1 1 3 2 4 3 1 1 2 2 1 2 4 3 2 3 3 3 4 2 2 4 4 3 1 1 3 2 1 2 4 2 3 1 1 2 1 3 3 2 4 3 1 2 2 4 2 4 3 2 2 4 2 2 4 2 1 3 3 4 2 1 1 3 1 1 2 1 2 1 4 4 1 1 4 4 3 3 1 3 1 4 1 2 2 2 2 2 1 3 3 2 3 3 4 3 1 4 1 3 4 
4 1 2 1 1 1 3 2 2 3 1 1 3 2 4 4 2 4 1 1 1 1 2 4 4 3 1 4 2 3 2 2 3 3 2 2 1 4 4 2 4 1 1 1 3 3 3 1 3 3 3 4 1 1 2 4 1 4 2 3 1 4 2 2 4 2 3 1 4 2 2 1 3 4 4 3 4 4 3 2 4 4 3 1 2 2 4 1 4 3 2 1 3 2 1 3 2 4 4 2 3 4 1 3 2 1 3 2 2 2 3 4 
4 2 2 4 3 2 1 4 1 2 4 2 1 1 1 4 4 3 1 1 2 4 3 4 1 4 4 4 2 3 2 4 4 1 3 4 4 3 4 1 3 2 3 4 4 4 1 4 4 3 1 3 2 4 4 4 3 3 4 1 2 1 4 1 4 2 1 3 4 2 3 1 3 3 1 4 2 3 2 3 3 4 2 1 3 1 1 3 4 4 1 1 2 1 2 1 2 2 3 4 1 3 3 4 1 2 2 2 4 3 1 4 
4 4 4 3 2 3 3 4 4 4 4 4 1 3 1 4 2 2 3 2 2 3 3 3 2 2 1 4 2 1 1 1 3 3 4 4 1 4 2 2 1 4 3 3 1 1 3 3 2 2 3 3 3 4 4 2 2 2 4 3 2 3 3 2 2 2 2 2 1 4 2 3 1 1 2 2 3 2 2 1 2 4 1 3 1 3 3 2 2 1 2 4 4 4 1 3 2 4 3 2 3 3 2 2 4 3 1 3 3 4 3 4 
4 1 4 1 4 1 3 1 1 4 2 1 3 4 3 2 3 1 4 3 1 3 4 2 3 4 2 4 4 2 4 4 1 2 1 3 1 2 3 4 4 1 3 2 2 4 2 2 4 3 3 1 3 2 3 1 2 4 3 4 3 1 1 2 1 1 4 3 4 2 1 4 4 2 2 4 4 3 3 4 4 2 1 4 3 1 2 2 2 2 2 3 1 4 2 1 4 2 1 3 3 1 1 1 1 1 3 2 3 3 3 4 
4 2 4 2 2 2 4 1 4 1 4 4 1 1 1 1 3 4 2 1 3 1 4 1 4 2 4 2 1 2 3 4 2 4 1 3 1 4 4 3 2 2 3 1 3 3 3 2 3 4 2 3 4 3 1 4 3 1 3 1 3 4 4 1 4 3 1 4 3 4 2 4 2 3 1 1 3 1 2 2 1 4 2 2 4 4 4 3 1 2 2 3 3 3 4 3 4 1 1 1 4 2 3 1 2 3 3 4 4 1 4 4 
4 4 3 3 4 2 4 3 1 2 2 4 1 3 1 1 1 2 3 1 4 3 4 3 3 1 3 3 4 1 3 1 2 1 4 3 2 2 3 2 3 1 2 2 4 1 2 3 3 3 4 2 2 4 1 3 1 2 1 4 4 3 1 4 3 4 2 3 2 4 1 3 1 1 3 1 3 1 4 3 4 4 4 2 4 4 4 4 3 1 4 2 1 4 4 4 3 2 3 2 1 1 2 4 2 2 4 3 4 2 1 4 
4 2 1 4 1 1 2 3 4 3 4 1 1 3 2 4 2 3 3 4 4 3 3 2 1 4 1 4 1 3 1 1 2 2 4 3 1 2 3 4 2 3 2 4 3 4 4 1 1 3 1 4 4 2 3 3 1 2 1 4 3 2 1 2 3 2 4 1 3 4 2 4 3 1 2 2 3 4 3 2 4 2 2 4 2 1 4 1 2 2 4 2 2 2 4 1 2 4 1 3 3 3 4 2 2 2 3 3 2 2 2 4 
4 3 2 4 4 4 2 1 3 4 3 3 1 1 2 2 4 3 3 3 3 1 3 2 4 2 3 4 4 4 4 3 3 4 2 1 2 4 1 2 3 1 3 4 1 4 2 1 1 4 1 1 1 3 4 4 2 2 3 1 3 1 3 1 2 2 3 2 1 3 4 3 2 3 3 2 1 2 3 3 2 4 1 3 4 2 4 3 4 3 3 1 3 2 4 2 2 3 1 4 3 1 4 4 1 1 3 3 3 4 2 4 
4 1 1 1 3 2 2 1 1 1 2 2 1 4 3 4 4 3 4 2 1 4 3 3 3 3 2 4 1 3 4 1 3 1 2 1 2 1 2 4 3 2 1 4 2 2 1 3 3 2 2 2 2 1 3 1 4 4 3 3 3 1 3 1 4 3 2 2 4 4 4 4 2 2 1 3 3 4 2 4 3 3 3 2 2 2 2 3 2 1 4 1 2 2 4 3 1 3 2 1 3 4 3 3 4 2 4 2 2 3 2 4 
4 3 4 1 1 4 4 4 4 4 2 3 4 2 2 2 2 4 1 2 2 1 4 3 2 1 3 1 2 1 1 1 3 4 4 2 1 1 3 2 1 3 1 2 4 2 1 1 2 1 3 2 2 4 2 2 1 4 4 3 4 4 1 4 2 2 3 1 1 2 2 1 2 2 3 3 2 3 2 2 4 1 3 1 4 3 3 2 3 1 1 4 3 3 4 3 2 3 1 4 4 2 4 3 1 4 3 4 1 2 1 4 
4 4 1 3 2 2 4 1 1 3 2 3 2 1 3 3 1 3 2 1 4 4 3 1 4 4 2 2 1 1 2 1 1 3 1 1 1 1 4 2 4 2 1 4 2 3 1 1 2 4 3 2 3 1 4 4 2 1 4 2 3 4 1 1 4 3 1 4 2 3 3 2 1 2 2 1 4 1 1 4 4 2 2 3 1 3 2 3 2 1 2 1 2 3 3 4 2 1 1 3 4 3 3 1 3 1 2 1 4 2 4 4 
4 4 4 4 4 2 4 2 2 1 2 4 2 3 1 4 4 3 4 3 2 2 1 1 3 2 4 1 4 4 2 3 1 3 4 1 1 4 1 1 1 4 1 3 1 3 4 3 1 2 1 1 3 4 1 2 3 1 1 1 3 2 3 1 4 1 3 4 1 2 1 2 2 3 4 4 4 4 4 3 2 2 1 3 2 4 4 3 3 2 1 3 4 3 2 2 1 2 2 2 3 1 2 1 2 4 4 1 4 4 2 4 
4 1 4 4 4 3 1 4 3 3 3 2 2 1 2 3 1 2 1 3 4 4 1 2 4 3 2 4 1 4 3 3 3 3 1 2 4 4 1 2 4 4 2 2 2 4 3 3 2 1 4 1 1 3 3 2 2 1 1 3 2 1 2 3 3 4 4 1 2 3 2 1 1 1 1 4 3 3 2 1 2 2 1 4 3 3 3 1 3 3 1 2 2 2 3 3 4 1 3 1 2 2 2 1 4 2 3 1 3 2 2 4 
4 3 1 3 2 2 2 4 1 2 2 3 4 4 2 1 3 1 4 2 3 1 4 3 4 3 1 1 4 2 4 2 3 3 4 4 3 2 1 4 1 1 1 2 3 2 3 4 1 1 4 2 1 4 1 3 3 4 1 2 4 2 2 2 3 1 4 4 2 1 3 4 1 3 4 4 4 2 3 2 3 1 4 2 1 1 1 2 1 2 4 3 3 2 4 2 4 4 2 2 4 3 4 3 4 3 2 2 2 4 4 4 
4 3 3 2 4 2 3 1 4 4 1 4 2 1 4 3 4 4 4 3 1 4 2 4 2 2 4 2 4 3 1 3 2 2 2 4 3 2 1 1 2 3 1 2 3 3 1 2 2 1 2 1 2 2 1 3 1 2 2 4 1 4 4 3 1 1 2 3 3 3 2 1 2 1 3 4 2 1 4 2 2 1 1 3 1 4 3 2 4 3 3 1 4 1 2 1 2 2 1 3 2 1 1 3 1 2 4 1 3 3 1 4 
4 4 3 4 2 3 1 1 1 2 2 2 3 1 2 3 1 3 3 3 2 2 3 1 2 2 1 4 3 2 3 1 1 1 1 1 4 4 4 3 4 2 3 1 3 3 2 3 3 3 3 2 2 3 1 1 1 1 3 2 1 2 1 2 3 3 2 2 2 1 4 4 4 1 2 1 2 3 2 1 1 3 1 2 3 1 3 2 1 2 3 1 2 4 2 4 1 2 3 2 2 2 3 2 2 4 1 3 2 4 2 4 
4 3 2 2 1 1 3 1 4 2 2 1 2 3 2 2 4 3 4 3 3 1 4 4 2 2 3 3 3 1 3 1 3 4 1 3 4 4 1 2 4 4 4 3 3 4 2 4 2 3 3 4 4 4 3 4 2 1 1 2 1 4 2 1 4 3 1 3 3 2 2 3 2 2 3 1 2 2 1 2 2 2 3 3 1 3 2 4 4 4 1 1 4 2 2 2 3 3 1 4 1 2 1 4 2 2 4 3 1 3 3 4 
4 2 3 2 2 1 4 2 1 4 1 2 1 1 1 1 1 2 1 1 2 3 3 2 1 1 4 3 1 2 1 3 1 1 4 4 1 1 4 1 3 3 4 2 4 3 3 2 2 2 2 4 4 2 3 4 3 4 4 1 2 3 2 3 3 2 4 1 3 1 1 4 3 2 4 4 2 3 1 2 1 3 1 3 1 3 4 4 1 3 4 2 1 1 3 2 2 3 4 2 3 2 2 1 3 3 1 1 1 3 4 4 
4 1 1 2 3 2 4 1 2 1 1 2 4 1 3 4 2 3 2 2 1 1 1 1 2 2 4 4 2 4 3 3 3 2 3 1 3 2 4 2 2 2 4 4 1 2 1 1 1 2 4 3 2 1 3 4 1 1 4 2 3 4 4 2 1 1 1 1 1 4 2 1 4 3 4 1 2 1 4 4 3 4 3 2 1 3 3 3 1 3 2 1 2 1 1 1 2 3 4 4 1 3 1 3 2 1 4 3 3 2 3 4 
4 2 4 1 1 1 4 1 2 1 3 2 4 1 1 3 2 2 1 4 3 3 2 4 4 1 4 4 4 3 2 4 2 2 1 3 4 2 3 2 3 3 3 3 3 1 1 4 4 2 4 4 1 1 1 2 3 4 4 3 1 2 4 3 1 1 4 4 2 3 4 1 4 2 3 1 2 2 3 4 2 4 3 4 1 4 3 1 3 2 4 2 4 1 3 1 3 4 3 2 4 2 4 1 3 4 1 1 2 4 2 4 
4 3 3 1 2 4 1 3 1 3 2 2 2 2 3 1 2 1 2 1 4 2 3 2 4 2 1 4 3 1 1 4 1 4 3 1 4 1 2 3 3 2 2 1 4 1 2 4 2 3 2 2 1 1 1 2 3 1 4 4 2 4 3 4 4 2 1 2 3 4 2 3 4 2 4 4 1 4 4 3 4 2 2 1 3 1 1 2 1 3 3 2 3 1 4 1 3 1 3 2 1 1 2 3 2 2 4 4 3 4 1 4 
4 1 1 3 4 3 1 4 2 1 4 4 1 1 4 4 4 4 4 2 1 3 1 3 2 1 2 1 4 4 1 4 3 2 3 4 4 2 4 3 1 2 4 2 1 4 2 4 4 4 3 4 3 4 1 3 2 1 4 1 1 4 3 4 3 3 3 1 4 1 1 4 2 1 3 4 1 4 1 4 1 3 3 1 2 4 4 2 1 4 2 4 3 4 4 2 1 1 4 2 2 3 4 4 2 1 4 2 4 2 2 4 
4 4 1 2 2 2 2 1 3 4 2 1 4 3 3 4 4 1 3 2 2 3 2 2 2 2 2 2 3 2 2 4 3 1 4 3 4 4 3 2 4 1 3 2 3 1 2 1 1 4 2 4 4 4 3 2 2 1 4 4 2 4 3 4 2 1 1 3 1 3 4 3 4 1 2 1 3 3 3 3 1 2 4 4 2 1 2 2 1 4 1 2 3 1 4 4 2 3 2 4 3 2 1 3 2 3 4 3 4 4 3 4 
4 4 3 2 1 3 2 3 4 3 2 4 1 3 2 2 2 2 4 4 1 3 2 2 2 2 4 4 3 1 4 3 4 3 4 2 1 1 1 4 3 2 3 4 1 4 1 2 2 3 2 1 3 4 4 4 4 1 1 3 4 2 2 4 2 2 4 4 2 2 4 2 2 1 1 2 2 1 1 3 3 2 1 2 3 1 3 2 3 3 4 4 1 3 3 3 2 3 4 4 2 2 3 3 3 1 1 2 4 2 3 4 
4 3 2 3 3 2 2 3 2 4 4 2 2 3 2 1 3 4 2 4 2 2 1 2 3 4 4 4 2 4 3 2 1 2 3 4 1 1 1 3 2 4 2 4 3 1 1 2 1 2 4 3 3 1 2 3 3 3 2 1 2 1 4 1 1 1 1 2 4 3 4 1 4 1 3 4 3 1 1 1 3 1 1 3 4 3 1 2 2 3 2 1 4 3 2 1 1 2 2 2 1 2 2 3 4 1 1 3 3 1 1 4 
4 1 3 4 2 3 1 2 1 2 1 2 3 1 1 1 4 2 4 1 2 4 3 4 2 2 3 2 3 1 4 2 2 2 2 1 1 1 1 3 2 3 1 3 3 3 3 2 2 1 1 2 1 3 2 2 2 4 4 2 1 1 2 4 1 3 3 1 2 2 1 3 3 3 4 1 3 1 3 1 4 4 4 1 3 2 1 4 2 1 1 4 3 1 1 4 2 2 2 3 2 1 4 2 4 1 3 2 3 1 1 4 
4 4 1 4 3 4 4 4 4 3 2 3 3 1 3 4 1 1 1 4 1 4 4 4 3 4 4 4 4 3 4 2 1 4 3 3 3 3 4 4 2 1 1 1 3 3 3 3 3 4 1 2 4 2 4 1 1 4 2 1 2 3 2 2 2 1 3 1 1 1 2 4 4 2 4 4 1 2 3 1 4 2 1 1 2 1 4 4 4 4 3 4 4 2 4 1 4 4 3 3 3 1 4 1 4 3 2 2 2 2 2 4 
4 2 2 2 3 4 1 2 1 2 1 2 2 4 4 2 3 2 4 3 1 4 1 2 2 3 3 2 3 1 2 3 3 4 1 4 3 3 4 1 4 3 1 3 2 1 2 1 2 2 3 3 1 1 2 3 3 3 4 3 4 3 4 3 4 4 2 1 2 4 3 4 4 2 2 3 2 4 3 2 2 4 3 3 2 3 2 2 2 1 3 2 4 4 3 4 3 2 2 2 1 2 3 3 1 4 3 3 3 4 2 4 
4 3 4 2 1 4 2 1 4 4 3 1 3 3 1 2 1 3 1 4 3 1 2 4 3 2 3 2 2 3 3 1 4 4 1 1 3 3 2 3 1 3 2 1 1 4 4 3 2 2 4 1 1 3 3 4 4 2 1 1 4 2 4 1 3 2 2 2 1 1 1 2 3 2 1 3 3 2 2 2 2 4 4 4 4 4 3 1 4 4 1 3 2 1 2 1 2 4 1 4 1 1 2 2 4 3 4 1 1 4 2 4 
4 1 3 2 3 2 3 2 3 2 3 1 1 4 4 2 2 2 3 4 3 4 1 2 3 2 3 4 3 1 4 2 3 4 2 1 2 4 3 2 1 4 2 2 4 3 2 3 3 3 1 1 4 2 1 1 2 2 3 2 3 1 4 2 4 2 3 3 4 1 4 4 1 1 1 1 1 4 3 2 4 3 1 4 1 3 1 2 4 2 1 3 2 3 3 4 3 1 4 4 1 4 2 1 2 2 1 4 2 4 1 4 
4 4 1 2 4 1 1 1 1 2 4 2 3 4 1 4 2 2 4 1 2 4 3 2 4 1 2 4 4 4 2 1 2 4 1 3 1 4 1 4 2 1 1 4 1 2 3 1 1 2 2 1 4 4 3 2 3 4 3 4 1 4 4 2 3 4 2 3 1 4 1 3 2 3 1 4 3 3 4 4 2 2 4 3 3 4 4 3 3 2 1 3 2 4 4 3 1 2 2 3 1 1 2 3 3 1 2 3 2 2 2 4 
4 3 3 3 4 4 2 3 2 2 1 3 2 1 3 3 3 3 4 1 4 3 3 2 4 2 1 4 3 1 3 1 1 4 1 2 3 2 2 3 3 2 4 3 2 4 3 4 2 1 1 3 1 2 4 2 2 1 3 1 1 4 1 1 1 3 1 3 2 4 3 2 1 2 4 4 1 4 3 1 3 3 3 3 2 4 4 3 3 4 3 4 3 2 1 1 4 1 3 4 3 1 2 4 1 1 3 2 3 3 2 4 
4 3 3 2 3 3 2 4 1 4 1 2 1 1 2 1 3 2 3 1 3 4 4 4 3 3 1 2 4 1 3 3 4 2 4 3 2 2 2 2 4 3 2 1 3 2 1 1 3 2 4 3 1 3 1 2 4 2 3 4 1 1 2 4 3 1 3 3 4 1 1 4 2 4 2 4 4 4 4 3 4 1 3 3 3 2 4 4 4 4 1 3 4 4 2 3 4 1 4 4 3 3 3 2 1 4 1 3 4 3 4 4 
4 2 2 1 2 4 3 2 4 3 2 1 3 4 4 2 2 2 1 2 3 2 2 1 2 2 3 3 4 1 3 2 2 2 2 2 4 3 4 4 3 2 3 1 3 1 3 1 2 2 4 2 4 2 4 1 3 1 3 1 3 2 1 1 2 2 3 4 2 1 3 1 3 1 4 1 3 3 2 1 4 2 1 4 1 2 2 3 3 2 1 3 4 1 3 3 3 1 1 1 3 1 2 1 3 3 1 2 3 2 1 4 
4 1 3 2 4 4 4 2 4 4 1 4 3 4 2 2 3 4 1 4 1 2 4 1 2 1 1 2 2 4 3 2 1 3 4 2 1 3 4 1 2 1 1 1 1 3 1 1 1 2 2 4 4 4 4 3 2 4 1 4 1 1 2 2 2 4 2 1 2 1 4 2 3 4 1 3 1 4 3 1 2 3 3 1 4 4 1 2 2 2 1 3 3 4 1 4 1 2 2 4 3 3 1 1 2 4 3 4 3 1 3 4 
4 2 1 1 2 4 3 1 3 1 2 2 4 2 2 4 4 2 3 2 4 3 1 3 1 3 2 2 1 2 1 4 3 4 2 3 2 3 1 2 4 3 2 3 4 2 4 1 1 1 1 2 4 1 2 1 3 3 4 1 1 2 4 1 3 4 1 4 4 1 1 4 4 2 4 4 2 2 1 2 4 4 4 1 3 3 3 3 4 1 2 2 1 4 2 4 3 1 1 4 4 2 2 3 2 2 1 1 4 3 1 4 
4 2 2 2 4 1 4 3 2 1 4 2 2 4 1 2 4 1 2 3 4 2 4 4 4 2 4 2 2 2 4 2 3 3 3 2 1 2 2 1 3 2 4 2 2 1 1 1 4 4 3 4 4 2 4 1 1 4 4 3 4 4 3 4 3 2 1 3 1 3 1 1 4 4 4 1 2 1 2 4 3 2 3 2 2 4 3 2 1 3 4 4 1 4 3 4 4 2 1 1 4 2 1 1 4 3 3 1 4 1 4 4 
4 3 3 1 3 3 3 4 2 3 2 4 3 2 3 2 1 3 3 1 1 4 3 1 3 4 4 2 2 1 1 1 4 4 1 2 4 4 1 3 3 2 4 4 1 4 2 3 1 2 1 1 1 4 3 4 4 4 2 1 1 4 1 1 4 2 2 2 2 1 1 1 3 1 2 2 1 3 2 1 1 3 2 4 3 3 4 4 2 4 3 3 2 1 3 4 1 1 2 1 1 4 3 2 1 1 2 3 2 1 1 4 
4 4 4 4 4 4 4 4 4 4 4 4 4 4 4 4 4 4 4 4 4 4 4 4 4 4 4 4 4 4 4 4 4 4 4 4 4 4 4 4 4 4 4 4 4 4 4 4 4 4 4 4 4 4 4 4 4 4 4 4 4 4 4 4 4 4 4 4 4 4 4 4 4 4 4 4 4 4 4 4 4 4 4 4 4 4 4 4 4 4 4 4 4 4 4 4 4 4 4 4 4 4 4 4 4 4 4 4 4 4 4 4 

