110
1000
1000

[Node]
0  0  0   0  0
111 0  0   0  0

[pickup]
1       504398963      12          13
2       504615511      12          11
3       504558137      16          8
4       503660969      20          8
5       504559662      20          11
6       503629917      21          20
7       505193084      25          19
8       505229189      25          7
9       502788559      32          14
10      504852746      34          5
11      505195416      34          11
12      502787864      34          15
13      502800271      38          15
14      504433520      39          17
15      504632589      39          16
16      504548682      41          8
17      504489908      41          18
18      502892641      42          10
19      502788388      48          6
20      503266124      49          13
21      502790268      50          10
22      504959617      55          9
23      504959841      55          20
24      505193078      64          6
25      502796205      65          5
26      505237092      65          16
27      504995292      69          5
28      503589812      71          5
29      505143425      72          11
30      504725765      72          17
31      504930826      72          5
32      505185201      78          11
33      504726270      81          20
34      503615814      81          13
35      503240801      82          13
36      504944052      82          11
37      505235324      83          7
38      505131975      84          8
39      504563723      85          9
40      504343657      86          17
41      504579938      91          5
42      505036392      95          18
43      505162674      100         8
44      504782558      101         9
45      505082920      106         10
46      504549590      107         17
47      504940824      115         11
48      505084618      120         12
49      502789708      122         11
50      504802242      126         10
51      504591167      132         8
52      503592373      132         5
53      505233265      134         16
54      505026956      140         16
55      504539377      153         12
56      503064979      153         12
57      503657465      154         15
58      503192571      156         19
59      505170069      156         20
60      503136759      160         18
61      505170924      165         7
62      503291816      166         14
63      502798649      173         15
64      502793979      174         14
65      504904607      174         20
66      503219373      178         15
67      504491355      182         11
68      502787056      188         17
69      503242004      189         7
70      502875595      191         10
71      503746302      198         6
72      504692561      211         9
73      503278639      216         10
74      504930829      217         13
75      502798781      225         6
76      505170366      225         5
77      505190963      226         9
78      505186923      230         13
79      502785862      230         5
80      502786863      238         8
81      502787619      239         7
82      502788061      239         20
83      503168027      245         10
84      502789912      250         13
85      504553396      254         10
86      504608410      259         20
87      502798241      262         10
88      504940738      263         18
89      505160758      273         13
90      505076939      274         14
91      502800753      292         12
92      503249203      298         14
93      502789656      300         17
94      502787414      310         13
95      505002276      324         16
96      503074190      332         12
97      504989072      347         13
98      504895736      365         5
99      504851317      365         16
100     502791109      378         20
101     503297612      427         8
102     504040924      432         10
103     502787162      480         20
104     502794668      500         18
105     504804145      505         7
106     502798842      610         19
107     502804546      627         15
108     504930822      825         18
109     504459915      949         13
110     503220254      1000        20

[Speed 0]
0.81
30.0   60.0 0.0 0.6
90.0   150 0.0 0.4
300.0  540.0 0.0 0.81
570.0 630.0 0.0 0.6
660.0 720.0 0.0 0.4
750.0 840.0 0.0 0.81

[Speed 1]
1.33
30.0   60.0 0.0 0.8
90.0   150 0.0 0.6
300.0  540.0 0.0 1.33
570.0 630.0 0.0 0.8
660.0 720.0 0.0 1.3
750.0 840.0 0.0 2

[Speed 2]
1.33
30.0   60.0 0.0 1.0
90.0   150 0.0 0.8
300.0  540.0 0.0 1.33
570.0 630.0 0.0 0.8
660.0 720.0 0.0 0.6
750.0 840.0 0.0 1.5

[Speed 3]
1.5
30.0   60.0 0.0 0.9
90.0   150 0.0 0.8
300.0  540.0 0.0 1.5
570.0 630.0 0.0 0.9
660.0 720.0 0.0 0.8
750.0 840.0 0.0 1.5

[Speed 4]
2
30.0   60.0 0.0 1.1
90.0   150 0.0 0.9
300.0  540.0 0.0 2
570.0 630.0 0.0 1.1
660.0 720.0 0.0 0.9
750.0 840.0 0.0 2

[speed choose matrix]4 4 4 4 4 4 4 4 4 4 4 4 4 4 4 4 4 4 4 4 4 4 4 4 4 4 4 4 4 4 4 4 4 4 4 4 4 4 4 4 4 4 4 4 4 4 4 4 4 4 4 4 4 4 4 4 4 4 4 4 4 4 4 4 4 4 4 4 4 4 4 4 4 4 4 4 4 4 4 4 4 4 4 4 4 4 4 4 4 4 4 4 4 4 4 4 4 4 4 4 4 4 4 4 4 4 4 4 4 4 4 4 
4 1 3 2 4 2 1 4 1 4 2 2 1 4 3 4 1 3 3 2 1 3 1 4 4 1 4 4 1 3 1 2 2 1 1 3 4 4 2 3 4 1 3 1 4 2 1 3 1 3 2 3 4 1 3 1 4 4 1 1 1 1 2 1 1 1 2 3 1 3 3 4 4 1 4 4 3 4 2 3 1 4 3 3 3 3 3 1 3 2 4 2 2 2 1 2 4 3 1 2 4 3 2 1 1 4 3 3 2 1 1 4 
4 3 3 2 2 1 4 2 4 3 1 3 3 2 2 2 4 1 1 3 2 2 3 4 2 2 2 3 4 2 2 4 1 2 4 4 1 2 3 1 3 4 4 1 4 4 4 4 2 3 2 4 2 2 3 3 4 2 2 2 3 3 1 4 3 2 2 2 4 2 2 2 2 2 2 2 4 1 4 4 3 2 4 2 4 2 3 3 3 3 1 2 2 2 4 3 2 1 3 4 1 2 1 2 3 3 3 2 2 4 1 4 
4 3 4 4 4 3 3 1 4 2 2 1 1 3 1 1 4 3 4 4 2 1 1 1 2 1 4 4 1 3 2 3 2 2 1 4 1 2 4 1 3 2 1 3 2 4 1 1 3 2 4 4 1 4 3 4 4 2 3 3 1 4 3 4 1 1 1 4 1 1 3 3 4 3 1 4 3 1 4 1 4 2 3 3 2 3 3 1 3 1 1 4 4 4 3 4 4 3 1 1 2 4 1 1 4 1 4 4 2 4 1 4 
4 3 4 2 1 1 3 1 2 3 1 3 1 1 2 2 1 4 3 3 1 3 4 1 1 2 1 1 1 1 4 4 4 4 3 1 1 4 1 1 2 1 3 1 4 2 3 2 3 2 2 3 1 3 3 3 2 2 4 1 4 1 1 1 2 4 4 1 2 4 1 2 2 4 3 4 3 1 2 1 3 2 3 2 4 2 3 1 2 4 3 2 4 4 2 2 1 1 1 2 4 3 2 3 4 2 4 1 3 4 3 4 
4 3 4 2 3 4 1 3 3 4 4 3 2 4 1 1 4 4 4 3 4 3 2 1 1 2 1 3 3 4 1 2 1 3 4 3 4 4 2 1 1 4 4 1 4 1 3 4 4 1 3 2 2 3 2 2 3 3 4 4 3 2 2 4 3 2 2 1 2 2 3 4 4 1 4 4 1 2 2 3 4 2 1 1 2 1 1 3 2 1 4 4 3 2 3 1 3 4 2 1 1 4 1 4 1 1 2 4 4 1 4 4 
4 2 1 4 3 4 3 4 1 2 3 3 3 2 3 2 3 4 4 4 2 3 3 2 3 3 3 2 4 2 4 1 3 1 3 2 4 2 4 4 2 1 4 4 1 2 1 3 3 3 4 3 4 1 3 2 2 1 2 3 4 4 1 2 1 3 1 4 1 4 3 2 4 1 2 3 3 3 2 3 4 4 3 1 3 1 3 3 3 3 1 3 4 4 3 2 1 2 2 3 3 2 3 1 3 3 3 4 4 4 2 4 
4 4 1 2 4 2 2 2 2 4 4 2 2 4 1 3 4 1 4 3 1 2 1 3 3 3 3 2 2 3 3 1 2 2 1 4 1 3 1 1 1 3 1 2 3 4 3 1 2 4 2 4 3 3 4 3 1 4 1 1 4 3 1 3 3 1 1 2 2 4 4 1 3 2 2 4 4 1 2 2 4 1 2 1 2 3 4 3 4 4 3 2 1 4 4 3 1 1 1 1 4 3 2 2 4 4 1 2 4 1 1 4 
4 4 1 2 2 4 1 4 1 4 3 3 3 2 1 4 3 3 1 2 1 1 2 1 1 1 4 2 2 3 2 4 4 2 4 1 1 1 2 2 2 4 1 1 2 3 3 2 3 1 2 4 4 3 1 4 4 4 2 4 2 3 1 1 4 2 1 4 2 4 4 4 2 2 4 3 4 1 3 1 2 1 2 4 4 1 4 3 4 3 2 2 1 4 2 3 1 2 1 2 2 2 1 4 4 1 4 1 4 2 1 4 
4 1 2 4 2 3 2 2 1 1 4 4 2 3 3 1 2 3 1 2 3 2 1 3 1 4 2 3 1 4 1 3 2 4 3 1 1 4 2 3 4 2 4 3 2 2 3 4 2 3 3 2 1 1 2 1 1 4 4 3 2 4 3 2 3 1 1 2 4 3 2 2 4 3 3 3 1 1 1 3 3 3 4 3 2 2 2 3 1 1 2 1 2 3 3 1 3 2 2 4 2 4 3 2 1 3 3 3 2 1 2 4 
4 4 3 1 1 1 2 2 3 4 3 2 4 3 4 2 3 3 1 3 2 4 3 1 4 3 3 4 3 2 2 3 4 3 2 1 3 1 2 2 2 4 1 1 1 1 1 4 1 2 3 2 2 2 4 2 4 2 2 3 3 2 1 3 1 2 1 3 1 2 4 4 3 1 4 2 1 2 1 1 1 3 2 3 2 2 3 2 1 2 4 2 4 1 1 2 2 2 3 3 2 4 2 1 3 4 1 2 1 2 1 4 
4 2 1 2 2 1 2 3 3 4 2 4 4 2 4 1 4 3 2 1 4 1 2 1 3 2 1 4 3 3 3 2 4 1 2 3 4 4 4 4 1 3 2 3 2 3 1 1 3 1 3 2 4 4 3 1 2 1 4 2 3 2 2 1 2 1 1 3 2 4 4 4 1 4 2 1 2 1 3 2 1 3 1 1 3 1 1 2 3 4 3 4 1 1 1 3 2 3 2 4 4 1 1 1 3 4 4 4 2 2 3 4 
4 1 1 1 2 4 1 1 4 4 2 3 3 3 3 2 4 3 3 1 3 2 4 1 2 2 4 4 1 1 4 1 2 1 2 4 1 3 3 1 2 2 4 1 4 4 3 1 1 1 3 4 2 4 4 1 3 3 4 4 4 1 1 1 1 4 4 2 3 1 4 4 3 4 2 1 3 4 2 4 3 2 1 1 2 1 3 4 1 2 1 1 1 1 3 3 1 1 3 3 3 2 2 1 1 1 2 2 1 1 1 4 
4 4 3 4 1 2 2 1 1 3 2 3 1 3 1 3 4 1 2 2 1 1 4 2 1 3 4 4 1 3 2 4 1 4 2 2 4 1 3 3 2 1 4 4 3 3 1 2 3 1 2 3 2 1 3 4 3 1 4 3 4 1 3 1 1 2 2 4 3 3 2 1 2 4 1 2 2 3 4 4 2 3 4 3 2 3 4 4 3 2 3 3 4 2 3 2 1 1 3 3 2 3 3 1 2 3 1 1 2 4 2 4 
4 3 4 1 4 3 3 4 3 3 2 4 1 3 4 1 4 2 4 4 3 4 4 4 1 2 1 3 2 1 3 2 3 4 1 3 4 2 4 1 4 2 3 3 1 3 2 3 3 3 3 2 4 3 2 2 1 1 4 1 2 3 1 1 4 1 1 1 4 2 2 4 2 3 2 2 2 3 3 1 3 4 2 2 1 1 2 1 3 1 4 3 4 1 2 2 2 2 4 3 1 1 4 1 3 3 1 3 1 4 3 4 
4 1 4 2 2 1 4 4 4 4 4 1 4 3 3 4 1 1 3 4 1 1 2 1 4 2 1 4 3 2 4 4 2 4 4 1 3 2 1 1 2 3 3 2 4 2 3 4 2 3 1 2 4 2 2 3 3 4 3 1 4 1 4 2 2 4 2 2 4 1 1 3 1 2 3 3 3 3 2 4 4 2 2 1 2 3 1 1 4 3 3 4 3 4 2 2 3 1 4 4 4 2 1 4 1 4 2 1 3 2 1 4 
4 1 1 1 2 1 4 3 4 4 1 3 4 3 4 4 3 3 2 1 2 2 1 3 3 1 4 3 1 2 4 4 4 2 4 2 1 1 4 1 4 4 4 4 4 2 3 1 1 2 3 3 1 1 4 3 4 1 1 3 2 4 3 1 1 3 4 3 1 3 4 2 2 2 1 2 4 2 2 3 2 1 3 4 4 1 4 3 2 4 4 1 1 4 4 2 4 4 1 2 3 3 4 2 4 4 4 4 1 1 1 4 
4 2 3 4 2 1 2 2 1 3 3 2 1 1 3 1 4 1 3 2 2 2 1 4 2 3 1 1 1 2 2 1 3 2 4 2 3 2 3 2 3 1 3 3 2 4 1 2 2 2 2 2 3 1 1 1 4 1 4 3 3 1 2 2 3 3 2 2 2 1 4 2 4 1 4 4 4 4 4 4 4 4 3 3 2 3 3 4 1 2 1 4 3 3 3 4 1 1 3 4 1 1 1 3 4 3 1 2 3 1 1 4 
4 1 3 3 1 2 2 3 2 4 1 2 2 4 2 2 1 3 2 4 3 3 1 3 3 3 4 1 3 3 2 2 3 4 2 2 2 1 4 2 3 2 2 1 3 1 2 4 1 1 3 2 2 2 2 3 1 2 4 2 1 4 2 1 1 4 2 2 4 3 4 1 4 4 1 2 4 1 2 4 2 1 1 4 2 2 2 2 3 2 3 1 3 2 3 4 4 1 4 4 3 1 2 2 1 3 2 4 2 2 2 4 
4 2 1 2 1 3 4 1 1 1 3 3 2 4 2 3 3 1 4 2 2 1 3 2 3 1 2 3 1 2 4 1 3 4 4 3 3 1 2 1 4 3 1 1 1 2 2 1 2 2 3 1 3 4 4 4 1 4 3 1 1 3 4 1 2 3 2 4 3 2 1 3 1 3 1 2 2 1 2 2 2 3 2 1 2 3 1 3 3 1 2 4 3 2 1 2 3 4 4 2 3 4 4 2 1 1 3 3 3 2 4 4 
4 2 4 1 3 2 1 1 3 4 2 2 3 4 3 3 4 2 4 2 4 4 3 2 3 2 3 2 2 2 4 1 3 3 4 3 4 2 2 1 1 4 1 2 2 2 3 4 2 4 1 3 1 2 4 2 1 3 3 3 1 3 3 2 3 4 4 3 2 2 3 3 4 2 3 4 3 4 4 3 1 2 2 3 1 1 4 3 4 1 2 3 1 2 3 3 1 3 1 3 2 1 1 2 3 4 1 3 4 3 1 4 
4 2 1 3 3 3 4 4 1 1 2 4 4 2 4 3 3 2 1 3 1 1 1 4 2 1 4 2 3 3 3 3 2 3 2 4 4 2 1 4 4 4 2 1 3 1 2 4 4 4 4 3 1 2 2 2 3 1 3 2 1 2 4 4 3 2 2 4 3 2 3 1 1 3 4 2 4 1 4 3 1 4 4 2 4 1 1 4 4 4 2 4 4 4 2 2 4 4 4 4 1 2 1 4 2 3 4 1 3 1 3 4 
4 4 3 3 3 4 4 3 2 1 1 2 2 3 3 3 1 1 1 4 4 2 3 3 1 3 4 3 2 1 4 1 2 3 2 1 4 1 4 4 4 3 1 4 1 1 2 2 4 3 2 4 3 4 1 2 3 4 1 3 3 3 2 3 1 3 2 3 4 2 2 1 3 1 1 4 2 3 3 3 4 1 4 4 4 1 3 4 4 1 1 3 2 3 4 1 4 2 2 1 1 3 1 2 4 3 1 4 3 3 3 4 
4 1 3 2 1 3 4 1 1 3 2 1 2 2 2 1 2 3 1 4 1 2 1 4 1 4 3 1 4 2 1 2 3 3 3 1 3 3 3 2 1 4 1 1 4 2 1 4 1 3 4 2 3 2 3 1 3 3 1 3 2 1 1 3 4 2 2 3 4 4 3 4 3 1 2 3 1 3 1 1 3 2 4 1 1 4 2 1 2 4 2 2 2 4 1 4 1 1 3 2 4 3 4 3 4 3 1 4 4 4 1 4 
4 1 4 4 4 3 4 3 1 3 1 4 2 2 4 3 3 1 3 2 2 1 4 2 3 1 2 4 4 3 1 4 1 3 4 1 2 4 4 2 3 2 1 1 4 1 1 1 3 2 4 2 2 3 1 3 4 3 2 1 2 1 4 3 1 1 1 4 2 3 3 4 4 2 1 2 3 2 4 1 4 2 4 1 4 2 1 4 1 4 2 4 3 1 3 1 2 4 4 2 2 3 3 2 1 1 3 4 4 4 4 4 
4 2 4 1 4 4 1 3 2 2 4 1 2 1 4 1 1 1 2 1 3 4 4 2 2 3 1 1 1 2 3 3 3 3 2 1 2 4 1 3 4 1 1 1 3 4 2 1 4 4 3 3 4 3 2 4 3 3 1 4 1 3 1 1 2 2 1 2 1 3 3 3 3 1 2 1 3 3 4 3 2 1 4 1 3 4 2 3 3 3 3 2 3 3 1 4 4 1 4 3 1 1 4 1 3 1 3 3 1 1 1 4 
4 1 1 4 3 2 4 3 3 4 3 3 1 4 3 3 4 1 2 4 4 3 1 1 1 1 4 2 4 4 3 3 3 1 4 3 2 4 1 2 3 3 2 3 4 2 1 4 3 4 2 3 1 3 4 1 1 4 4 3 2 1 4 4 1 4 2 3 4 4 3 1 4 3 3 1 3 1 2 2 3 4 1 4 1 4 4 2 2 3 4 2 3 4 4 4 1 4 4 4 3 3 4 1 2 1 4 3 4 4 1 4 
4 3 4 4 2 4 2 1 2 1 3 2 4 2 4 2 2 3 2 2 3 2 4 3 3 3 1 1 4 3 1 4 4 1 4 4 3 2 2 4 4 3 4 4 1 4 1 1 4 4 1 4 4 2 2 2 1 2 2 3 3 2 2 4 3 3 4 3 4 2 4 1 3 2 4 3 3 1 4 4 4 1 4 4 2 3 3 1 3 3 3 1 3 1 2 3 1 1 3 2 2 1 2 3 3 1 2 2 4 1 2 4 
4 3 3 2 1 3 2 3 2 1 3 4 1 3 4 3 1 4 1 2 1 3 1 3 2 1 4 3 4 4 1 4 3 4 4 1 4 3 1 1 2 3 1 1 4 3 1 1 4 2 3 1 4 2 1 4 2 4 1 3 3 1 2 2 1 2 4 2 4 4 2 1 2 4 3 1 2 3 3 4 1 3 3 1 1 2 1 3 2 2 2 4 4 4 3 4 3 4 4 1 2 2 3 3 3 3 3 4 3 1 2 4 
4 3 2 3 2 3 1 1 3 3 2 1 3 1 1 2 1 3 1 3 1 4 1 2 1 4 2 4 1 1 1 3 1 2 1 2 2 4 2 1 1 3 4 3 3 1 1 1 2 1 4 3 1 1 1 3 1 2 1 1 4 1 2 3 2 3 2 1 1 3 1 4 1 1 2 2 3 2 3 1 4 2 3 3 3 4 3 1 2 3 1 2 1 2 3 2 2 3 2 2 2 2 1 2 4 3 3 1 2 3 3 4 
4 3 3 3 1 1 1 2 4 2 3 3 2 2 1 3 3 2 1 2 2 1 1 3 4 4 2 4 3 1 1 4 4 2 4 4 4 2 4 4 2 1 4 3 4 1 1 4 1 3 3 3 3 1 4 3 3 1 1 2 3 1 4 4 4 2 1 3 2 4 3 2 4 3 4 3 2 1 4 1 1 1 1 3 2 2 3 1 3 2 2 4 1 3 1 3 2 1 1 1 4 3 4 2 2 1 4 4 4 1 3 4 
4 3 2 4 1 2 4 2 1 4 2 3 4 2 4 1 3 1 2 4 4 3 2 1 2 4 3 3 3 2 3 4 1 4 2 2 1 4 1 2 2 2 3 4 4 2 2 1 2 4 2 4 2 1 1 4 2 1 3 3 1 3 1 2 1 4 2 1 4 2 1 3 4 1 2 3 4 1 1 2 2 1 2 3 1 3 3 3 2 2 3 4 1 1 3 2 2 3 1 3 3 1 1 4 3 4 2 3 1 2 2 4 
4 1 3 4 1 3 3 3 1 3 4 2 2 2 4 3 4 4 4 4 2 4 1 1 1 4 2 4 3 4 1 3 1 1 3 2 2 3 2 2 2 4 1 3 4 2 3 1 3 2 3 2 3 1 2 3 4 3 4 4 3 3 3 3 2 3 3 2 4 2 4 3 2 1 3 4 4 1 1 1 3 4 4 1 4 1 4 1 2 1 3 4 4 1 2 2 3 4 1 2 3 4 1 3 2 2 4 3 3 4 4 4 
4 1 4 1 2 2 3 1 3 3 4 4 1 3 1 1 2 3 1 3 3 2 4 3 2 3 2 2 1 1 1 1 3 2 2 2 1 4 1 1 2 2 4 1 1 3 4 1 2 1 4 4 4 2 4 4 2 4 3 1 1 1 3 1 2 4 2 2 2 4 3 1 2 3 1 1 1 2 1 4 3 1 4 3 4 1 1 3 1 4 2 3 4 4 4 2 4 4 2 3 1 2 1 1 3 4 2 1 1 4 2 4 
4 1 1 1 3 4 1 3 4 1 2 3 3 2 1 3 4 1 1 3 3 4 1 2 4 3 1 3 4 1 2 1 4 4 2 4 4 3 3 3 2 2 2 3 1 4 1 1 3 3 2 4 3 3 4 3 2 3 3 2 2 1 2 1 4 1 3 4 4 2 1 2 2 1 3 3 3 4 1 2 2 4 2 1 2 2 1 2 3 1 4 4 4 4 3 3 2 3 2 1 3 1 3 2 2 2 1 2 4 4 1 4 
4 3 4 3 1 4 2 3 1 4 2 1 4 1 2 1 1 3 3 4 4 4 2 4 4 1 3 4 4 3 2 4 3 3 1 4 4 2 2 2 1 4 2 2 2 2 3 4 4 3 1 4 1 2 3 4 3 3 4 2 2 1 3 4 2 3 3 1 4 2 1 4 3 2 4 1 1 4 1 1 1 1 1 1 1 4 2 4 3 1 2 1 1 2 3 2 1 3 1 2 1 3 1 1 3 3 3 4 3 4 3 4 
4 1 1 2 1 3 3 4 2 1 1 3 3 3 1 3 4 2 4 2 4 1 4 2 2 1 4 4 3 3 1 3 2 4 2 1 4 3 2 3 4 1 2 4 2 4 3 1 3 2 1 3 4 1 1 1 2 1 3 4 2 3 3 3 3 2 2 4 3 3 4 1 1 2 4 4 2 3 3 3 3 4 4 3 4 1 1 1 2 2 3 3 3 3 1 1 1 2 3 3 1 2 1 4 3 1 1 3 1 1 2 4 
4 1 1 3 1 2 3 1 2 1 3 3 1 1 3 2 1 3 4 3 4 2 4 3 2 4 4 2 1 3 3 1 3 1 2 3 1 4 3 1 1 2 4 1 4 1 3 1 3 1 4 2 1 4 1 1 3 3 3 2 2 1 3 1 1 1 4 3 4 2 4 1 4 3 4 4 4 3 2 4 3 3 3 1 2 3 2 4 2 3 2 2 4 2 2 1 4 2 2 3 3 1 4 3 4 1 3 4 4 2 3 4 
4 2 4 3 1 1 1 1 2 4 1 2 2 3 4 2 2 3 1 3 2 4 4 1 1 4 2 4 4 3 3 2 4 2 3 3 3 2 2 4 3 4 4 2 2 4 4 2 4 4 3 1 1 4 2 3 4 1 2 1 2 3 2 4 3 2 1 1 1 4 1 2 1 3 4 4 2 1 1 2 3 4 2 2 4 2 1 3 2 1 4 3 3 2 4 4 4 1 2 3 3 4 2 1 2 2 4 4 3 4 3 4 
4 3 1 3 2 2 4 2 4 2 3 2 3 4 4 2 3 1 1 1 1 2 2 2 4 3 1 3 3 1 4 4 1 4 2 1 1 1 2 3 1 2 3 3 4 3 3 1 1 3 2 2 1 1 2 2 4 2 1 1 1 4 1 4 4 1 1 2 1 4 4 1 3 2 2 1 3 2 1 2 1 4 1 4 1 1 3 2 2 3 3 2 3 4 4 3 1 3 3 1 4 2 3 4 1 4 3 1 3 3 2 4 
4 1 2 3 1 3 3 2 3 4 1 3 4 2 3 3 2 3 2 3 3 4 3 3 4 3 2 3 1 4 1 2 3 2 4 3 4 4 4 2 1 3 1 1 2 1 3 2 2 4 1 2 1 4 1 2 4 4 3 2 1 2 4 4 3 3 2 3 1 2 1 2 3 2 4 2 3 3 4 1 2 3 4 2 3 3 3 3 4 1 3 1 2 1 3 1 1 3 3 2 2 1 1 4 1 3 2 1 4 2 1 4 
4 4 2 3 4 2 4 3 4 4 1 3 1 2 4 3 1 3 1 3 3 2 3 1 3 4 2 1 2 4 2 1 3 2 4 1 3 4 1 1 2 1 4 3 1 4 1 4 4 2 4 1 1 2 2 3 4 4 2 2 4 1 1 4 3 3 3 4 4 2 1 2 1 3 3 3 1 2 2 1 1 4 1 4 3 1 1 2 2 1 2 3 3 2 1 3 3 3 4 2 2 3 3 4 3 2 4 2 3 3 2 4 
4 2 4 2 4 1 4 1 1 2 4 2 1 4 1 1 1 2 1 4 3 4 1 1 3 1 3 2 4 3 4 1 4 1 1 3 2 4 3 2 3 4 4 2 1 4 3 1 4 2 4 2 1 3 4 2 1 3 1 4 1 4 3 4 4 1 2 2 1 1 3 2 1 4 4 3 2 3 3 2 1 4 1 4 1 1 1 3 2 2 1 2 2 1 3 2 3 3 2 2 1 3 1 4 4 4 2 3 1 3 4 4 
4 1 3 3 1 1 1 1 2 3 3 2 3 2 1 1 3 2 4 3 3 4 2 3 3 2 4 1 1 1 2 4 4 3 2 4 4 1 1 2 4 2 1 2 2 4 2 2 1 2 3 1 2 4 4 4 2 2 3 4 3 3 2 2 1 3 1 3 4 3 4 3 2 1 2 1 2 2 2 4 3 3 1 3 4 1 1 4 4 4 4 3 3 4 2 2 1 2 2 4 1 1 4 3 1 3 3 1 3 1 1 4 
4 1 1 4 1 2 4 2 3 4 4 1 1 3 4 3 4 3 4 1 2 4 2 3 4 2 1 4 3 2 4 4 4 3 1 4 3 2 2 3 4 3 2 3 3 2 4 1 1 1 3 4 4 2 1 1 3 4 3 4 1 3 2 4 4 2 1 3 2 4 3 3 4 3 3 1 4 4 3 2 3 2 3 4 1 4 3 4 4 3 4 4 4 2 2 1 2 2 2 4 2 1 3 3 4 2 1 3 1 2 1 4 
4 3 3 2 1 1 1 3 2 1 1 2 4 1 3 1 2 2 3 1 3 3 4 2 1 3 1 2 3 1 4 2 2 4 2 3 1 2 3 2 1 3 4 2 2 3 1 1 2 2 3 3 2 1 3 1 3 1 2 3 3 1 3 1 2 2 1 4 4 2 2 2 2 2 2 2 1 1 4 3 4 1 4 3 4 2 1 4 4 4 4 2 2 3 1 4 1 2 1 1 4 2 3 2 1 4 2 3 2 4 1 4 
4 2 1 4 3 2 2 2 2 4 1 4 3 3 1 2 1 3 3 3 2 4 2 4 2 4 4 2 2 2 1 3 4 2 3 4 1 1 4 2 3 1 1 1 4 1 1 1 2 2 1 4 1 3 2 4 3 1 3 1 1 4 1 2 2 1 2 3 1 4 1 3 2 2 4 4 1 2 4 4 4 3 4 2 3 1 2 2 3 1 1 4 3 2 4 3 3 4 3 2 1 2 4 3 3 3 2 2 4 1 2 4 
4 3 4 4 2 4 4 2 4 1 4 2 1 4 4 2 3 3 2 3 3 2 4 2 1 4 3 4 4 3 1 2 1 3 4 1 3 2 4 1 1 1 2 1 3 1 2 3 4 1 2 3 4 4 1 2 4 2 4 1 3 4 2 4 2 3 3 1 1 4 4 3 2 2 1 4 3 1 3 4 4 3 2 3 2 2 2 3 3 3 1 1 3 1 3 3 2 3 2 1 3 3 4 1 1 2 2 3 2 2 3 4 
4 2 3 3 4 1 2 1 4 1 3 3 1 1 4 1 2 1 1 1 2 4 3 1 3 1 2 4 4 4 1 4 3 4 1 4 1 1 4 2 4 4 1 1 4 1 3 3 2 1 2 2 3 4 3 1 3 4 1 4 2 1 3 3 2 1 2 3 3 4 4 2 1 2 4 2 3 4 3 2 1 1 3 4 4 2 3 4 2 3 4 3 4 3 1 1 1 1 3 3 2 4 4 2 1 2 3 3 1 2 2 4 
4 4 1 4 1 1 3 1 4 1 4 1 1 2 4 1 1 2 4 1 1 2 4 3 2 4 1 4 2 4 1 2 3 3 3 1 2 1 4 4 1 3 1 3 3 1 2 3 1 2 2 2 2 1 4 2 1 2 4 2 4 3 3 3 4 4 1 3 1 3 4 4 3 3 1 4 3 3 2 2 4 3 4 2 4 2 1 4 1 3 2 2 1 3 1 3 4 2 2 2 2 3 4 4 4 1 3 3 4 4 2 4 
4 1 4 2 4 4 3 2 3 1 1 1 2 4 1 4 1 4 2 1 1 4 4 2 2 2 3 1 4 3 4 3 2 3 4 3 1 4 3 1 3 3 4 2 2 3 3 4 3 3 4 3 1 2 2 1 1 3 1 3 2 3 3 4 4 1 1 3 2 4 3 2 1 1 3 1 4 2 1 3 1 4 3 4 1 3 1 3 2 1 1 1 1 3 3 4 4 2 2 4 4 2 3 4 4 4 1 2 3 2 2 4 
4 1 4 3 3 2 4 3 3 2 2 1 4 4 2 3 1 3 2 4 4 2 2 1 4 3 2 4 4 3 4 3 3 2 4 3 4 2 2 2 1 2 3 3 4 3 2 4 3 3 2 4 2 1 2 3 1 2 4 1 3 1 1 4 2 2 1 2 3 1 3 2 2 1 3 4 4 1 1 1 2 4 1 3 1 3 2 3 4 2 2 2 2 4 3 4 2 1 2 4 1 1 4 3 1 4 4 3 2 1 4 4 
4 1 1 1 1 1 2 4 4 3 1 4 1 2 4 2 2 2 2 3 1 4 2 4 1 3 4 4 4 2 2 1 3 2 2 3 4 3 4 4 2 1 4 4 4 4 2 4 3 3 2 2 1 2 4 2 4 1 1 4 3 2 4 1 1 4 1 2 1 2 4 1 2 4 2 1 2 4 2 2 2 3 2 2 1 2 3 4 3 2 1 1 2 1 3 3 3 3 1 3 2 3 1 2 4 1 2 3 4 1 3 4 
4 4 4 4 1 3 2 2 3 3 1 2 1 2 1 2 3 2 3 1 2 4 3 1 3 2 3 2 2 2 2 3 1 2 1 1 4 1 1 4 1 1 1 4 1 1 1 3 4 1 4 4 4 2 3 4 1 2 1 2 3 1 3 3 2 4 1 3 1 2 4 1 2 3 1 4 4 2 4 1 2 1 2 3 2 3 1 2 3 2 3 3 2 1 1 4 3 1 1 4 2 2 3 3 4 4 2 1 4 4 3 4 
4 3 3 4 3 1 2 2 1 3 4 2 4 3 2 4 4 1 2 3 2 1 4 3 1 2 2 1 1 2 3 4 4 3 2 3 4 3 2 1 3 2 3 2 4 3 1 2 1 4 3 1 4 2 2 4 4 1 3 3 1 2 2 3 4 3 4 2 1 2 4 4 2 3 3 1 1 3 2 2 3 1 3 2 3 3 2 1 2 1 2 1 4 1 2 2 4 4 3 2 1 3 2 1 2 4 4 2 4 4 4 4 
4 4 3 1 1 3 1 2 3 2 2 3 1 3 3 4 2 1 1 1 2 4 3 1 1 1 3 4 1 1 4 1 4 1 2 4 3 1 1 1 4 2 2 2 1 2 1 4 2 3 1 1 1 2 2 2 4 1 3 2 1 4 4 1 2 4 2 4 4 1 2 2 1 1 3 2 2 1 4 2 2 4 2 4 1 2 4 1 4 4 2 2 2 3 3 3 4 2 4 2 4 2 2 4 2 3 3 1 1 1 4 4 
4 4 2 1 3 4 4 3 2 2 4 4 4 1 4 1 4 4 4 1 4 4 1 2 4 1 3 1 1 2 3 1 3 1 1 2 1 1 4 2 2 1 4 2 2 4 4 2 2 4 3 1 4 4 3 3 2 3 1 3 2 3 3 3 1 3 2 3 3 4 3 3 4 1 1 4 2 4 2 4 3 4 1 3 1 2 3 1 4 4 1 4 4 4 3 4 1 3 2 2 3 1 2 4 2 2 2 2 2 2 1 4 
4 3 4 1 4 1 2 2 4 2 3 3 2 2 2 4 3 2 4 3 4 2 4 3 1 1 4 3 2 4 2 1 3 4 1 2 4 1 3 4 4 4 2 2 3 2 1 1 4 3 3 4 1 1 1 2 2 1 3 3 2 2 2 1 2 4 3 2 2 1 2 1 4 3 3 1 1 1 2 4 1 3 2 1 1 1 3 1 2 4 1 4 4 4 3 3 2 3 4 1 3 1 2 4 4 1 1 3 1 1 3 4 
4 1 4 3 1 1 4 2 2 2 4 1 4 2 4 1 3 1 2 1 3 4 3 1 2 4 3 3 2 2 1 1 2 1 3 2 2 2 4 4 2 4 1 2 2 1 4 3 1 1 3 4 1 1 3 4 3 2 3 1 1 1 2 4 1 1 1 1 3 4 3 4 2 4 1 4 1 4 3 2 3 3 2 1 1 1 1 4 1 4 2 1 4 1 1 3 1 4 1 2 3 3 3 2 1 3 3 4 4 2 1 4 
4 1 4 2 2 1 1 3 1 3 4 1 4 2 4 4 2 1 1 3 3 2 1 2 1 1 2 1 4 2 3 4 1 4 1 4 2 1 1 1 3 4 2 2 3 3 1 4 4 3 1 3 4 4 2 1 3 2 1 2 3 2 3 3 2 3 4 1 4 2 3 3 1 4 4 1 1 4 4 1 2 1 2 3 1 1 1 2 4 2 2 4 4 2 1 3 2 2 1 2 4 4 4 2 2 3 4 1 1 3 2 4 
4 1 1 3 1 4 1 1 3 2 4 1 2 1 3 2 2 1 2 1 3 3 1 2 1 2 1 1 1 1 2 1 2 3 2 1 4 1 3 4 1 4 1 3 4 4 4 2 2 2 3 1 3 2 4 4 1 4 4 2 1 1 2 4 2 3 1 1 4 3 1 1 2 4 1 3 2 4 2 2 4 1 3 2 3 4 1 2 3 2 1 4 1 2 3 2 4 2 3 2 2 1 4 3 2 2 1 2 1 3 3 4 
4 4 1 4 1 4 1 4 2 3 1 3 3 4 4 1 4 1 2 4 3 3 3 1 4 3 3 2 1 1 1 3 3 2 3 2 3 1 3 1 1 4 4 4 4 2 1 4 4 2 3 2 4 1 3 1 4 3 1 2 2 4 3 2 2 1 2 4 1 2 2 4 4 1 3 3 2 2 4 2 2 1 1 1 2 1 4 2 2 3 4 2 4 3 3 2 1 1 3 3 2 1 3 4 2 1 4 2 2 4 3 4 
4 4 2 1 1 2 2 3 4 4 2 2 3 2 3 1 1 3 4 1 4 2 3 3 4 1 2 1 2 4 2 2 1 3 3 3 1 1 1 1 3 4 4 1 3 2 3 2 2 4 2 2 2 2 1 3 4 3 4 3 1 3 2 4 4 4 1 1 3 4 2 1 4 2 3 2 4 1 2 1 1 2 1 4 4 1 1 3 2 2 1 2 4 3 1 1 4 2 2 3 1 4 4 1 1 4 2 3 4 1 4 4 
4 1 2 2 2 4 4 1 1 1 1 2 1 1 4 4 4 2 3 4 1 1 4 4 1 4 2 1 3 4 2 1 1 2 1 3 4 4 3 4 1 3 2 3 2 3 4 2 4 4 3 3 4 2 2 3 3 3 2 1 2 4 1 1 1 3 3 2 4 3 3 3 3 4 4 1 1 1 2 2 3 1 1 4 1 4 2 3 2 3 2 2 2 1 1 4 3 4 2 3 2 3 2 3 3 4 3 2 4 4 4 4 
4 1 3 3 1 2 1 4 4 2 1 1 1 2 4 4 2 2 1 3 4 1 4 2 4 2 3 4 3 2 1 2 4 4 4 1 2 1 3 2 3 2 2 4 2 3 4 4 4 2 3 4 1 1 2 1 4 1 3 1 4 1 3 4 4 1 4 1 2 3 1 1 2 2 3 2 3 2 2 2 1 3 4 1 1 3 4 3 1 4 1 4 3 1 1 3 3 1 2 2 4 2 1 1 4 4 2 2 3 4 3 4 
4 2 2 3 2 2 1 1 4 2 4 3 3 4 3 2 2 3 3 3 4 2 1 4 1 4 2 2 1 2 3 3 1 1 4 2 3 1 1 2 3 3 4 3 3 2 1 3 1 3 3 1 3 2 2 1 2 2 4 1 1 3 3 2 1 2 2 3 2 1 2 2 4 4 3 3 3 4 3 2 4 3 2 3 2 4 3 1 1 4 4 2 3 1 4 2 2 4 2 4 2 2 2 3 3 1 2 1 2 2 3 4 
4 3 2 3 4 1 1 3 4 2 2 1 4 3 3 3 2 3 3 1 2 1 4 2 2 2 2 1 3 4 2 2 3 1 3 4 3 4 2 1 1 4 1 2 3 4 2 4 2 2 1 4 1 1 4 1 2 3 2 2 4 2 4 3 2 2 4 2 2 1 1 2 2 4 2 4 3 2 3 4 2 1 2 2 2 4 3 4 1 2 1 1 2 4 3 1 3 3 3 2 1 3 4 2 1 2 1 4 4 4 1 4 
4 4 2 2 3 4 1 4 2 4 2 4 4 4 3 2 1 2 1 4 4 4 2 1 1 1 4 3 4 3 4 3 4 2 2 4 4 2 1 3 2 2 2 2 3 3 1 1 2 1 2 4 1 3 3 3 2 1 1 1 4 3 4 2 2 1 2 2 3 3 2 3 4 3 1 1 4 4 1 3 3 1 1 3 3 4 3 2 4 3 2 3 1 3 4 2 3 4 2 3 2 4 2 3 4 1 3 3 1 4 1 4 
4 1 3 2 4 4 3 3 4 4 3 3 3 3 2 4 1 2 3 1 2 2 2 1 1 3 4 3 1 3 1 2 2 4 4 2 3 3 1 1 1 3 4 1 1 1 1 4 4 3 2 4 4 2 2 2 3 4 2 2 1 2 1 1 2 3 2 4 3 2 1 4 2 1 4 2 1 4 4 4 1 4 3 4 4 1 1 4 1 2 1 2 1 1 4 3 4 2 2 3 1 2 2 3 1 4 2 2 2 2 3 4 
4 1 4 3 1 4 1 2 4 4 1 1 2 2 4 1 4 2 3 2 1 1 2 2 3 3 1 1 2 1 4 3 2 1 4 3 3 4 2 4 1 1 1 2 3 3 4 1 1 2 3 4 2 4 1 4 4 3 4 3 4 2 2 3 2 2 4 1 3 4 4 3 3 2 3 1 3 3 4 3 2 1 4 2 3 4 4 2 4 2 2 4 1 3 4 4 2 4 4 1 4 1 1 3 1 1 2 1 4 2 2 4 
4 4 3 1 1 3 1 4 2 3 4 2 3 3 1 3 4 2 1 3 3 4 1 2 4 4 2 3 3 4 2 1 1 1 2 4 1 3 4 4 4 1 1 3 3 1 3 3 3 4 2 2 4 4 4 4 1 2 3 1 4 3 4 3 4 1 1 2 2 2 3 2 4 3 4 3 3 1 1 3 2 2 3 1 1 1 1 3 2 1 1 4 2 4 1 1 3 3 1 4 1 3 3 2 3 2 2 4 2 1 4 4 
4 1 4 1 2 2 1 1 3 1 4 2 4 3 4 1 3 3 2 4 1 4 4 3 3 4 4 3 4 1 3 2 1 4 3 4 3 4 1 1 1 4 2 1 3 4 3 3 2 3 4 2 3 2 1 1 2 2 2 3 2 4 4 2 1 1 4 4 2 1 2 4 4 3 3 4 3 4 3 1 2 3 4 4 1 1 4 4 4 3 2 2 1 2 1 2 3 4 4 4 2 1 3 3 4 2 3 4 4 4 4 4 
4 3 2 2 3 4 1 4 4 1 3 1 4 1 2 1 1 1 1 3 2 3 1 4 4 2 4 3 3 4 1 3 1 2 2 4 4 1 1 1 2 2 1 2 1 3 3 2 3 1 1 4 2 3 2 1 4 1 3 2 3 3 1 1 1 1 1 4 4 1 4 3 3 1 4 4 4 2 3 2 1 3 4 2 1 3 3 2 4 2 1 3 4 2 1 4 3 1 2 2 2 3 4 3 3 3 2 3 4 3 3 4 
4 4 1 2 4 1 2 4 3 4 4 3 2 3 2 1 2 2 2 4 1 1 1 4 2 2 2 4 4 4 4 3 1 4 3 2 4 3 1 4 1 2 4 4 3 1 2 3 4 4 3 1 4 4 3 2 1 2 2 1 4 3 4 4 1 3 3 1 3 1 1 2 3 1 2 3 4 4 3 2 2 1 2 2 3 3 4 3 3 3 1 1 3 2 2 3 1 3 4 4 4 1 1 2 4 3 2 3 3 3 2 4 
4 3 2 2 1 4 3 3 3 4 3 4 4 4 4 4 4 2 4 2 4 2 3 2 4 3 2 1 4 3 1 2 1 4 3 4 1 4 1 1 2 3 4 1 4 2 2 4 4 2 1 3 4 1 1 2 4 2 4 4 1 2 3 1 2 1 4 1 1 1 3 1 3 4 4 3 4 1 4 2 4 2 1 4 2 3 4 3 3 2 1 4 4 4 2 2 4 4 4 3 1 3 3 4 3 4 2 1 3 3 4 4 
4 1 3 4 3 2 4 4 1 2 3 3 2 2 1 4 1 3 2 3 4 1 2 1 3 3 1 3 1 3 2 1 4 2 4 2 3 2 4 2 1 2 4 4 2 4 1 3 1 3 3 1 4 4 4 1 1 3 1 2 3 3 3 3 1 3 2 2 1 4 1 3 1 2 3 3 1 1 1 1 2 3 3 2 2 2 4 3 1 1 4 3 3 2 2 2 4 3 1 1 3 2 4 1 3 2 4 1 3 2 4 4 
4 4 1 2 3 4 1 1 3 1 2 4 4 3 1 4 1 3 1 2 4 1 3 4 1 2 1 4 2 2 2 4 1 2 4 2 3 4 1 1 3 1 2 2 1 3 2 2 3 1 4 3 4 4 4 4 3 1 1 4 2 4 3 3 4 1 4 3 1 3 4 1 1 3 4 4 4 1 4 2 4 1 4 1 2 4 4 2 3 4 3 4 2 3 4 4 3 1 1 2 2 2 4 4 4 3 2 4 3 1 4 4 
4 4 1 4 2 3 1 4 2 3 4 2 2 2 2 4 4 1 3 1 4 1 4 1 1 4 1 3 2 2 2 1 1 3 1 3 3 3 3 4 2 2 3 1 3 1 4 1 3 4 2 2 1 2 2 3 4 1 3 3 3 1 2 4 3 3 2 2 1 1 4 3 3 3 1 2 4 4 4 2 4 2 2 1 3 1 4 1 2 4 2 4 2 3 4 4 4 4 1 1 2 1 1 2 4 4 3 2 4 2 2 4 
4 1 2 2 2 4 2 1 1 1 3 4 1 1 3 1 2 1 1 4 3 1 4 1 2 3 3 3 1 3 3 3 3 2 3 1 3 3 3 2 4 2 2 3 3 2 1 4 3 3 4 4 4 1 1 4 3 3 4 2 1 1 4 1 4 3 1 1 2 4 1 2 4 2 3 2 4 4 1 1 4 3 4 2 3 1 4 3 4 4 2 3 3 4 3 3 1 4 2 3 2 1 4 4 3 3 4 1 3 1 3 4 
4 2 1 1 1 1 3 2 4 3 2 3 3 3 4 4 4 3 3 2 3 3 4 2 2 1 3 4 4 4 3 2 2 4 3 1 1 3 3 2 4 1 4 3 4 3 1 2 2 1 1 4 3 3 2 3 4 2 3 4 2 2 2 2 2 4 3 2 2 2 2 2 1 3 4 4 3 1 1 4 3 1 3 2 2 4 1 4 1 3 1 1 1 1 4 1 1 2 2 1 4 1 2 4 3 4 4 1 4 3 2 4 
4 2 3 2 1 3 3 4 2 2 3 4 1 1 2 3 1 2 2 4 3 1 2 3 4 1 2 4 4 4 2 4 1 4 2 2 1 3 3 2 1 3 4 2 3 1 1 2 1 3 4 1 1 1 2 2 2 3 2 3 2 2 2 3 2 4 2 4 1 2 1 3 4 1 1 1 3 3 2 2 3 3 1 1 1 1 4 2 3 1 4 3 4 2 2 2 1 2 3 4 3 1 4 4 1 3 3 4 4 3 4 4 
4 2 1 1 4 4 1 4 4 2 4 4 1 2 4 3 4 1 1 4 3 3 4 4 1 3 1 2 1 4 1 2 4 1 1 2 4 4 2 3 2 1 4 2 3 4 2 1 1 2 3 4 3 2 4 3 4 1 3 4 1 3 1 3 3 1 3 2 3 2 1 3 2 4 2 4 2 4 2 2 1 3 2 1 2 2 2 4 4 4 2 2 2 4 4 1 1 4 1 1 3 1 3 2 3 1 2 1 1 4 3 4 
4 3 2 1 2 1 1 4 4 4 2 4 1 1 4 2 2 4 4 1 1 3 2 3 1 4 1 3 3 2 1 2 1 2 1 2 2 2 1 2 4 3 1 2 3 2 2 2 2 3 1 1 1 2 3 4 2 4 4 3 4 1 4 3 2 3 3 1 4 4 2 1 4 4 1 1 4 1 1 3 3 3 4 3 3 2 4 1 1 1 4 1 3 2 1 2 4 1 3 2 2 1 1 4 3 4 2 1 1 2 4 4 
4 2 3 1 3 2 4 1 2 4 4 3 4 3 1 1 1 2 3 1 3 1 1 3 4 1 1 4 1 4 4 4 4 2 1 3 4 1 3 1 2 1 1 2 3 1 2 4 1 1 4 4 3 4 1 3 3 4 1 1 3 3 2 4 1 2 4 1 3 1 3 1 1 3 2 3 1 1 3 3 3 3 3 4 1 3 1 4 2 2 2 4 4 1 4 4 4 1 4 3 1 4 3 2 3 3 4 3 1 3 4 4 
4 2 4 4 4 2 2 2 4 4 4 3 2 1 4 1 1 4 4 4 2 2 4 1 4 2 1 2 3 1 3 2 1 3 2 1 4 2 2 4 2 1 1 3 2 3 1 4 2 1 2 4 2 3 2 4 4 4 2 1 2 2 3 2 4 3 1 2 3 2 2 4 1 3 4 1 1 1 4 2 1 1 2 2 3 2 3 3 1 3 1 2 2 1 1 2 4 4 4 1 2 4 2 4 1 4 3 1 4 1 3 4 
4 4 4 4 3 1 1 2 4 2 2 3 3 4 2 3 4 4 3 2 3 4 1 4 3 3 4 3 1 3 3 3 3 4 1 4 4 4 4 2 3 2 3 4 1 3 3 3 1 1 2 3 2 3 1 3 4 1 1 2 1 2 2 3 1 4 3 4 3 1 3 4 4 3 2 3 3 1 1 2 1 3 3 1 2 4 3 4 1 1 1 4 2 4 4 3 4 3 3 2 3 2 2 2 1 1 3 1 1 2 4 4 
4 3 4 4 3 4 4 1 2 3 1 3 4 1 4 3 3 3 2 1 3 3 2 2 3 3 3 2 2 1 2 4 4 1 1 3 4 1 3 4 2 3 1 4 1 1 4 2 1 2 1 2 2 2 4 2 4 2 4 2 4 2 2 4 3 3 1 3 2 1 2 1 4 2 3 3 3 2 2 2 1 1 4 3 1 1 4 1 3 2 2 2 1 1 4 3 1 4 2 2 4 2 1 1 3 4 4 2 2 2 1 4 
4 4 4 1 4 3 4 1 4 1 1 3 2 4 2 2 2 3 3 3 3 3 3 2 4 1 3 4 2 4 4 1 4 4 2 1 4 3 4 1 2 4 1 1 4 2 4 3 3 4 1 3 1 3 3 3 3 4 2 1 4 2 4 4 3 2 2 3 3 3 1 4 2 2 2 2 2 3 3 2 4 4 2 1 2 3 2 1 1 4 1 3 2 3 3 2 3 3 1 1 4 2 4 3 1 4 3 3 1 3 2 4 
4 1 1 1 2 3 4 3 1 4 1 1 4 3 4 4 4 2 3 1 4 3 3 4 2 2 1 1 4 1 1 4 4 4 3 1 3 2 2 4 3 1 4 2 3 3 2 4 1 4 1 4 3 1 4 2 3 4 1 2 3 2 3 1 1 3 3 1 4 1 3 4 2 1 3 1 2 3 3 1 3 2 4 2 4 1 4 1 4 4 2 2 3 4 3 1 3 2 1 2 4 3 2 4 1 4 2 1 2 3 4 4 
4 3 3 4 2 2 4 4 2 4 3 4 2 4 4 1 4 3 4 1 1 4 2 2 1 1 1 2 1 2 1 3 3 3 2 3 1 3 3 4 1 1 3 3 4 4 3 3 2 2 2 3 4 2 2 1 1 2 4 3 4 3 4 1 3 2 1 2 1 1 1 2 2 4 4 3 4 3 4 1 3 4 2 1 2 2 1 4 3 2 1 2 3 2 4 3 3 4 1 4 1 1 1 3 4 4 1 3 2 2 1 4 
4 2 2 1 4 1 2 1 4 3 3 3 4 2 4 1 4 1 1 2 2 4 1 3 4 1 1 1 1 3 4 2 3 4 2 4 1 4 1 1 3 1 4 3 2 1 4 3 2 4 4 1 2 2 3 3 3 1 2 4 1 1 1 1 4 3 1 2 4 1 2 4 3 4 4 1 3 2 1 4 1 2 1 1 1 1 2 3 1 3 4 3 2 3 2 3 2 2 4 4 3 1 4 1 1 4 2 4 1 2 3 4 
4 3 3 1 2 3 2 3 4 2 3 1 3 2 4 2 4 3 3 2 1 2 3 3 4 2 2 4 1 4 3 1 3 1 1 4 4 3 4 3 3 2 4 1 2 1 2 1 4 4 3 4 3 2 3 2 1 2 1 1 3 3 3 4 4 2 3 2 1 1 4 3 4 1 1 1 4 3 4 2 2 2 2 2 3 2 3 4 2 4 1 1 4 3 1 1 1 3 2 4 2 3 3 1 1 1 4 2 4 1 1 4 
4 1 2 2 1 2 3 2 2 3 1 2 3 1 3 4 3 4 3 3 4 4 3 3 4 1 3 3 1 4 3 2 2 3 2 1 1 3 3 3 1 1 2 1 2 3 4 2 2 3 2 1 3 2 2 3 1 4 2 2 3 1 4 1 4 1 1 1 2 4 1 1 2 1 1 1 4 3 3 1 1 4 1 3 2 4 1 4 4 2 3 1 1 3 2 1 1 4 4 1 2 3 3 4 1 1 2 2 1 3 1 4 
4 1 3 2 2 1 2 2 1 4 1 1 3 1 1 2 2 1 3 3 4 4 2 1 4 2 1 3 3 3 1 4 1 2 3 1 4 4 2 3 3 1 2 3 3 1 1 4 1 4 2 1 2 4 4 3 3 3 2 1 1 1 2 2 2 4 1 3 2 3 4 2 2 1 1 1 2 2 2 1 2 4 1 3 2 3 2 4 1 4 4 4 2 3 2 2 4 3 2 3 3 3 3 1 3 1 4 4 4 1 2 4 
4 4 3 4 2 1 3 4 3 3 3 1 3 4 1 1 4 3 1 1 2 3 3 4 3 1 4 2 4 4 2 4 1 3 4 2 2 4 4 1 3 4 2 2 3 2 2 3 2 2 4 1 2 4 2 3 4 1 4 4 2 4 3 2 4 1 4 2 3 4 4 4 2 2 4 2 4 3 3 3 3 3 2 2 3 4 4 2 3 2 4 3 3 1 3 2 4 4 3 4 2 4 3 1 3 2 4 1 1 3 2 4 
4 2 1 2 3 3 3 3 2 1 2 4 1 1 4 4 1 1 3 1 4 2 4 2 1 1 1 2 3 4 4 3 3 3 2 3 2 2 3 3 2 2 2 4 2 1 3 4 1 3 4 1 2 2 3 3 3 1 3 3 3 1 2 4 3 1 3 1 1 4 1 1 1 2 4 2 3 1 3 4 3 4 1 4 2 4 2 4 3 2 4 1 2 4 1 1 1 4 1 3 3 4 1 4 1 4 2 3 3 3 2 4 
4 4 3 2 1 3 4 3 1 2 1 3 1 3 4 1 4 2 3 2 4 3 1 2 2 1 3 2 1 2 2 2 2 3 2 1 3 2 1 4 4 4 1 2 1 3 4 2 2 4 1 2 3 1 2 4 4 3 4 3 4 1 2 2 1 3 3 4 4 1 3 3 1 4 1 1 1 1 3 3 3 3 1 2 4 4 1 3 3 1 4 3 1 3 3 1 2 3 2 1 4 2 1 3 1 4 1 4 3 1 1 4 
4 3 1 1 3 1 1 3 3 4 2 2 4 4 3 1 3 3 3 3 1 4 2 2 2 3 4 3 4 3 3 3 1 4 3 1 2 2 2 2 4 4 2 2 4 1 4 4 2 2 4 1 1 2 1 2 1 4 1 4 4 2 4 2 1 2 2 4 3 2 1 2 1 2 3 3 2 3 4 1 4 1 2 1 1 1 2 4 1 2 2 2 3 4 1 3 4 1 2 3 2 1 4 3 3 2 3 2 2 2 4 4 
4 4 2 1 1 4 2 4 2 3 1 2 4 3 4 4 4 4 4 1 2 3 1 2 4 2 2 1 4 3 3 1 3 1 3 2 2 3 4 2 3 1 4 1 3 1 1 4 3 4 1 2 4 2 3 1 1 3 2 3 1 2 4 3 3 1 4 4 4 2 2 4 2 1 2 4 3 4 2 1 2 3 2 2 1 2 1 4 1 1 4 3 4 1 4 3 1 4 2 1 3 1 4 3 4 1 3 4 3 2 1 4 
4 3 1 4 4 2 1 1 4 3 3 4 3 3 3 4 1 3 1 3 4 3 2 4 3 3 2 1 2 3 2 2 1 3 4 1 3 4 4 1 2 2 4 2 1 3 3 3 1 2 2 3 1 4 1 4 1 4 4 3 1 2 3 1 2 1 3 3 1 4 1 2 1 1 1 4 1 3 4 4 3 4 2 3 1 2 2 4 2 1 4 1 3 3 4 4 1 2 2 4 2 4 2 2 4 4 3 3 1 1 4 4 
4 2 4 2 4 2 4 3 2 1 3 1 2 2 1 1 4 4 3 4 4 4 3 1 3 1 4 2 2 4 3 4 1 3 4 3 1 3 4 2 2 4 1 4 2 2 4 2 4 3 3 1 3 2 4 1 3 2 2 4 1 3 1 1 1 2 1 1 2 3 3 3 4 2 3 1 3 2 3 2 1 1 1 3 4 3 4 1 3 1 1 3 3 1 2 4 2 1 4 3 1 1 4 2 1 4 1 2 4 1 3 4 
4 4 1 4 3 2 3 4 4 4 2 2 3 3 1 3 2 3 3 1 2 2 3 4 3 1 3 1 1 1 4 2 2 1 4 3 2 4 2 3 3 4 4 3 1 2 4 1 4 1 2 4 4 2 1 2 1 4 2 3 3 2 4 2 4 3 4 4 4 1 4 3 4 3 4 3 4 2 1 3 1 2 3 2 3 1 2 2 1 1 4 3 1 3 4 4 4 2 1 3 4 4 1 3 4 3 4 1 4 1 2 4 
4 1 1 1 2 3 4 2 1 4 3 4 1 1 2 1 3 1 2 3 4 2 1 3 3 2 1 1 3 4 2 1 4 1 2 1 4 1 4 4 1 3 4 4 1 3 2 2 2 2 1 1 1 2 2 2 3 1 2 3 1 3 4 4 2 4 2 2 1 2 2 4 4 3 4 2 2 4 1 2 3 2 3 2 4 4 2 4 1 3 1 3 1 3 2 2 3 4 3 1 1 3 2 1 1 2 1 3 1 2 3 4 
4 3 3 4 1 3 4 2 1 2 1 1 3 2 3 1 1 3 2 4 1 4 3 4 4 2 1 3 2 2 2 1 1 3 1 2 4 3 2 1 1 3 1 1 3 2 4 3 1 2 1 2 4 4 4 4 3 1 2 3 1 2 2 1 3 1 4 1 2 4 3 2 2 3 1 2 2 3 2 1 3 2 4 3 1 3 3 1 4 2 2 4 3 1 1 2 2 1 4 3 2 1 3 4 3 1 3 4 1 2 2 4 
4 3 1 4 2 1 1 3 4 3 1 2 3 4 2 3 4 1 4 3 4 4 3 4 4 1 2 3 4 3 3 4 3 3 1 1 3 4 2 1 4 2 3 4 3 2 1 2 2 3 2 4 4 4 2 1 1 3 4 2 3 1 1 4 4 2 3 3 3 2 4 3 1 2 4 3 4 2 4 3 1 3 3 4 1 1 3 4 3 2 2 4 2 1 3 3 2 3 1 1 2 2 3 4 4 4 4 4 1 2 1 4 
4 1 1 1 2 2 4 4 3 3 2 4 2 2 2 2 4 1 3 3 2 3 4 2 3 2 4 3 4 4 4 3 4 4 2 2 1 1 1 3 4 1 4 1 1 4 2 1 2 1 2 2 4 3 2 1 3 3 1 2 2 4 4 2 4 3 3 4 1 3 2 4 4 3 2 1 2 1 4 2 1 3 3 3 3 2 1 1 1 3 3 4 1 1 2 3 3 3 2 3 2 2 1 3 2 3 1 2 1 1 4 4 
4 2 1 3 3 3 3 4 1 2 1 4 2 3 4 2 1 4 4 1 4 1 3 4 1 2 3 1 2 1 2 4 3 3 4 3 3 1 4 2 1 2 2 2 3 1 3 3 3 4 2 2 3 3 2 4 2 4 4 4 1 2 4 3 3 2 4 3 1 3 1 3 2 3 3 4 3 4 3 3 4 4 4 2 4 1 4 2 3 3 3 3 1 1 2 1 3 3 4 1 4 1 4 2 3 4 3 3 2 2 1 4 
4 2 1 2 3 1 2 1 1 2 2 1 3 1 4 4 3 4 4 4 1 2 1 3 4 1 1 3 2 3 2 1 4 4 1 4 2 2 3 2 1 3 4 3 3 2 4 1 3 1 1 3 1 1 3 2 2 1 4 2 4 3 4 1 1 3 3 2 1 3 3 1 1 3 4 1 3 1 3 4 3 2 1 4 3 1 1 2 2 1 3 1 2 2 4 1 3 4 3 1 1 3 4 3 3 4 2 2 4 2 1 4 
4 1 2 4 1 4 2 3 2 2 3 4 2 1 3 4 4 3 2 3 4 2 4 4 1 4 1 2 3 3 4 1 2 1 2 1 3 4 2 3 1 3 4 2 3 3 2 2 4 2 3 1 2 4 4 2 1 1 3 4 3 3 2 2 3 2 4 4 1 3 2 1 1 3 1 2 1 2 1 2 2 2 4 1 2 3 2 2 4 3 1 3 3 2 3 4 4 3 1 3 2 4 3 2 3 2 1 1 2 4 4 4 
4 3 2 1 4 1 4 4 1 3 3 1 4 4 2 1 4 4 2 1 2 1 1 1 2 3 3 1 1 1 4 2 1 4 3 1 4 3 4 4 3 3 2 2 1 2 3 1 1 4 2 4 3 1 2 1 3 2 3 2 3 4 4 3 2 4 3 3 1 1 4 1 1 4 2 3 2 1 1 2 3 3 2 2 1 1 2 2 4 3 1 1 1 2 2 1 1 4 2 3 2 3 1 4 3 3 2 1 1 1 4 4 
4 4 2 3 3 1 4 1 4 3 3 3 2 1 2 4 2 1 1 2 3 2 4 3 4 2 3 2 4 3 4 4 1 3 4 2 2 4 2 4 2 3 4 3 3 4 4 3 2 3 1 3 3 3 3 4 4 1 3 1 1 2 4 2 3 4 3 1 3 4 3 2 3 4 1 3 2 4 2 1 3 2 1 3 2 4 3 2 4 2 4 1 1 2 2 1 4 1 1 2 1 4 3 1 1 2 1 3 2 3 3 4 
4 4 4 4 4 4 4 4 4 4 4 4 4 4 4 4 4 4 4 4 4 4 4 4 4 4 4 4 4 4 4 4 4 4 4 4 4 4 4 4 4 4 4 4 4 4 4 4 4 4 4 4 4 4 4 4 4 4 4 4 4 4 4 4 4 4 4 4 4 4 4 4 4 4 4 4 4 4 4 4 4 4 4 4 4 4 4 4 4 4 4 4 4 4 4 4 4 4 4 4 4 4 4 4 4 4 4 4 4 4 4 4 

