110
1000
1000

[Node]
0  0  0   0  0
111 0  0   0  0

[pickup]
1       505193078      16          14
2       504558137      16          8
3       503906574      17          20
4       505033597      22          18
5       504960935      22          10
6       504815398      30          14
7       505246354      32          7
8       505195416      34          19
9       505185201      36          15
10      502786491      38          8
11      505123014      40          15
12      504780339      40          18
13      502799157      46          14
14      502788210      47          15
15      503686465      47          17
16      504112581      47          7
17      502789069      47          15
18      502788388      49          7
19      503615814      54          6
20      502792385      58          8
21      505057713      58          9
22      503641850      63          8
23      505243698      63          15
24      502791296      63          9
25      505026956      65          5
26      504561518      67          8
27      502789389      67          7
28      502800271      67          9
29      504944052      74          16
30      502794343      77          9
31      504959617      81          7
32      502798266      84          10
33      505131975      84          6
34      505237090      89          19
35      502878271      92          19
36      504633794      93          18
37      503254635      96          5
38      505244395      99          9
39      502800258      100         11
40      502794469      102         17
41      505137551      113         9
42      502794547      115         14
43      505121631      115         9
44      504406686      117         20
45      505008224      119         20
46      505163840      124         20
47      505036392      124         5
48      502786561      126         14
49      504639383      128         13
50      504845350      132         7
51      504940824      132         19
52      505170366      133         9
53      503629917      137         15
54      502797344      138         11
55      505246152      140         11
56      502789990      152         9
57      502791365      156         7
58      503157758      159         11
59      503074303      159         13
60      503202377      162         13
61      504959841      164         17
62      504761212      175         11
63      505170924      179         11
64      502796205      193         9
65      505129431      195         17
66      502786541      199         6
67      504814520      200         7
68      504695606      207         14
69      503134808      211         17
70      504835356      214         16
71      504813165      219         8
72      502786480      226         16
73      504777883      232         16
74      503122205      233         6
75      502789900      245         7
76      502802038      246         16
77      502791236      251         18
78      505012229      252         13
79      504306349      259         17
80      502789207      262         20
81      502786499      262         13
82      505186923      287         16
83      504692561      290         8
84      504912045      303         8
85      502798415      308         10
86      504930829      308         13
87      502787519      312         9
88      503184278      328         10
89      503819061      334         20
90      503242004      339         16
91      504924578      343         15
92      502786503      358         17
93      504783211      376         17
94      502804546      384         20
95      505188477      392         16
96      504589401      398         12
97      504783206      411         13
98      504966944      420         11
99      502801240      429         17
100     502785770      437         11
101     502976944      447         14
102     502787837      532         10
103     504706103      582         17
104     502797790      788         9
105     505080279      822         18
106     502794642      965         14
107     505122342      1000        19
108     503220254      1000        11
109     504362587      1000        14
110     502795654      1000        17

[Speed 0]
0.81
30.0   60.0 0.0 0.6
90.0   150 0.0 0.4
300.0  540.0 0.0 0.81
570.0 630.0 0.0 0.6
660.0 720.0 0.0 0.4
750.0 840.0 0.0 0.81

[Speed 1]
1.33
30.0   60.0 0.0 0.8
90.0   150 0.0 0.6
300.0  540.0 0.0 1.33
570.0 630.0 0.0 0.8
660.0 720.0 0.0 1.3
750.0 840.0 0.0 2

[Speed 2]
1.33
30.0   60.0 0.0 1.0
90.0   150 0.0 0.8
300.0  540.0 0.0 1.33
570.0 630.0 0.0 0.8
660.0 720.0 0.0 0.6
750.0 840.0 0.0 1.5

[Speed 3]
1.5
30.0   60.0 0.0 0.9
90.0   150 0.0 0.8
300.0  540.0 0.0 1.5
570.0 630.0 0.0 0.9
660.0 720.0 0.0 0.8
750.0 840.0 0.0 1.5

[Speed 4]
2
30.0   60.0 0.0 1.1
90.0   150 0.0 0.9
300.0  540.0 0.0 2
570.0 630.0 0.0 1.1
660.0 720.0 0.0 0.9
750.0 840.0 0.0 2

[speed choose matrix]
4 4 4 4 4 4 4 4 4 4 4 4 4 4 4 4 4 4 4 4 4 4 4 4 4 4 4 4 4 4 4 4 4 4 4 4 4 4 4 4 4 4 4 4 4 4 4 4 4 4 4 4 4 4 4 4 4 4 4 4 4 4 4 4 4 4 4 4 4 4 4 4 4 4 4 4 4 4 4 4 4 4 4 4 4 4 4 4 4 4 4 4 4 4 4 4 4 4 4 4 4 4 4 4 4 4 4 4 4 4 4 4 
4 2 3 2 3 4 1 1 3 2 4 2 2 3 4 3 2 1 3 4 3 3 4 1 3 3 1 4 1 4 1 4 2 1 4 1 2 1 1 4 3 3 3 3 2 4 1 2 2 3 3 3 4 2 4 1 3 1 1 3 3 4 3 1 2 4 1 4 1 2 4 2 1 2 1 1 4 4 4 4 1 4 4 3 1 1 3 4 2 3 4 1 4 1 4 4 2 1 4 2 2 4 2 1 2 1 3 4 2 2 4 4 
4 4 1 1 1 1 2 4 4 4 4 1 1 4 3 2 4 4 4 2 1 3 4 4 3 2 2 3 3 2 3 1 1 3 4 4 2 4 4 3 4 4 3 2 1 2 2 4 4 3 1 2 2 4 2 4 1 2 3 3 1 4 1 3 4 4 4 1 2 3 3 1 3 1 3 3 3 3 4 2 4 1 1 3 2 1 4 1 4 3 2 4 4 4 3 2 4 3 2 4 2 2 2 1 2 3 4 3 3 1 3 4 
4 3 4 2 3 1 1 4 3 3 2 2 4 3 1 4 4 4 3 1 1 1 1 3 2 3 4 3 4 4 2 1 3 2 2 1 1 3 2 1 4 3 4 2 3 3 4 1 1 4 3 1 4 1 3 1 4 3 4 2 4 1 3 3 1 1 4 2 1 3 2 1 1 1 4 3 4 3 4 4 2 2 3 3 2 4 4 1 3 3 3 1 3 4 3 1 4 1 2 2 3 3 3 4 4 4 1 3 1 4 3 4 
4 2 3 4 4 3 1 2 2 2 1 3 1 1 2 1 2 3 1 3 3 1 3 2 1 1 3 3 4 1 4 4 4 4 3 2 2 1 1 3 2 1 1 1 1 2 1 1 4 2 3 4 2 4 4 3 4 4 4 2 2 4 4 1 2 4 1 3 1 2 2 3 3 1 2 2 4 4 3 2 4 3 2 4 3 4 2 2 2 3 2 1 1 4 1 3 4 1 1 1 4 4 4 2 4 3 1 1 2 1 3 4 
4 2 4 4 4 1 3 4 4 2 2 4 1 2 3 4 3 2 1 4 4 4 4 1 1 2 4 1 4 2 1 1 3 2 4 3 3 2 1 2 3 2 1 3 2 1 2 4 4 4 2 3 1 3 4 4 3 2 4 2 3 1 1 1 1 2 3 3 4 1 1 2 2 4 3 1 1 1 4 2 1 2 3 3 2 3 3 3 3 2 1 3 4 2 2 2 4 2 1 1 4 3 1 1 3 1 2 4 3 4 2 4 
4 2 3 4 2 1 2 1 1 3 1 4 3 4 1 1 3 4 1 1 3 3 2 2 2 2 3 3 4 1 1 1 1 4 1 3 2 3 4 4 3 3 3 3 3 4 1 2 3 4 3 1 1 3 3 1 1 2 2 4 1 2 2 3 1 4 3 2 1 1 3 2 1 3 2 3 2 1 2 1 1 4 4 1 2 2 3 3 4 2 2 3 1 1 2 3 3 4 3 1 1 4 4 2 4 2 1 3 1 4 4 4 
4 1 2 1 3 3 4 2 1 1 3 3 1 4 2 4 2 2 1 3 4 1 4 1 4 1 1 2 1 2 2 2 2 4 2 1 3 4 2 2 1 1 2 3 4 3 3 4 2 4 3 4 1 3 1 4 1 3 3 3 1 4 2 3 2 2 1 2 2 1 2 3 2 3 1 1 4 1 3 2 4 1 4 2 2 1 1 4 1 2 3 2 2 2 2 3 2 4 1 3 3 1 4 3 4 4 2 1 4 2 3 4 
4 1 1 3 2 1 3 2 2 4 1 4 1 2 4 1 4 4 3 3 3 3 1 2 3 2 1 4 1 2 4 2 1 4 1 2 2 4 4 2 2 1 2 4 2 4 3 3 2 3 1 1 4 3 2 3 3 3 1 3 1 3 3 1 2 2 4 3 1 4 1 4 1 2 4 2 2 4 3 4 2 1 2 1 1 3 3 3 3 3 2 1 4 4 2 4 4 3 4 4 2 1 4 3 1 2 1 4 3 1 1 4 
4 4 2 3 4 3 3 4 1 3 1 3 3 2 1 1 3 2 1 4 2 1 2 1 3 2 4 2 3 2 4 4 2 3 3 4 4 2 2 1 4 1 2 3 2 3 1 2 4 4 3 3 3 1 4 4 3 4 4 3 4 4 2 1 3 3 4 1 1 1 3 4 1 3 2 1 1 4 3 1 3 1 3 2 1 3 2 2 3 2 2 2 3 2 3 3 3 3 1 4 1 1 2 2 3 2 4 2 4 2 2 4 
4 4 4 1 1 2 2 4 2 2 3 3 4 4 4 1 2 2 3 4 3 2 4 3 4 4 2 4 4 4 4 2 3 3 2 4 3 4 3 2 2 1 2 4 3 4 3 2 2 1 3 3 4 4 1 2 2 4 3 3 3 2 4 3 4 4 4 1 4 4 2 2 2 1 1 1 4 4 2 2 3 1 1 4 1 4 1 3 4 2 2 4 1 3 3 4 1 2 4 1 4 1 4 4 4 4 2 3 1 3 4 4 
4 4 4 3 4 2 4 4 4 3 3 4 4 4 1 1 2 4 4 1 1 4 3 4 3 1 3 1 2 1 4 2 2 2 3 4 1 1 1 1 2 1 1 1 3 3 3 3 1 3 2 3 4 1 4 2 3 1 2 2 4 1 1 2 1 3 4 2 1 4 3 1 2 2 4 3 4 1 3 3 3 3 3 4 1 4 2 1 1 3 1 4 4 1 1 2 2 1 1 1 4 2 2 3 3 4 2 1 3 3 3 4 
4 4 4 2 4 3 4 4 2 4 2 1 1 3 3 2 3 3 4 2 2 3 3 3 1 4 4 4 1 2 4 4 1 1 3 3 2 4 1 3 2 3 3 1 3 3 4 2 3 4 4 3 1 3 4 2 4 3 1 4 3 1 4 3 4 3 2 3 1 4 4 4 4 4 2 2 3 2 4 4 3 1 2 1 1 4 3 2 1 1 3 1 3 3 1 1 3 1 2 1 3 3 3 3 2 2 2 2 3 1 4 4 
4 4 2 3 4 2 4 2 2 1 1 4 4 2 2 1 3 1 2 1 3 1 4 1 1 1 2 3 2 1 1 3 4 1 3 4 4 3 2 3 2 4 2 3 4 1 3 1 4 1 4 2 1 4 1 2 2 4 3 3 3 4 4 4 2 3 1 1 2 1 2 2 2 1 4 4 1 3 4 1 1 3 4 2 2 2 1 3 1 2 2 1 4 2 1 2 3 3 4 4 4 4 2 4 3 2 2 2 1 2 1 4 
4 2 4 2 1 2 1 4 2 3 2 3 1 2 1 1 2 2 2 1 2 4 4 4 1 1 3 4 4 2 2 1 4 2 3 4 1 4 2 1 1 4 4 4 3 1 4 3 2 1 3 3 3 4 2 2 1 4 1 4 3 4 2 4 4 4 2 4 4 3 4 1 2 2 3 4 2 3 4 3 3 1 3 3 1 2 4 4 4 2 2 2 3 2 3 3 2 1 4 1 3 2 1 3 1 3 2 2 4 3 2 4 
4 1 2 1 4 1 4 1 3 1 1 3 3 1 4 1 2 2 3 4 3 4 3 4 4 4 3 4 3 4 1 2 1 3 2 4 3 3 4 3 2 4 2 1 1 3 2 1 4 4 2 2 3 3 1 3 4 4 1 4 2 2 1 3 3 3 2 4 4 4 1 4 1 2 4 4 2 3 3 2 3 2 4 3 4 2 2 1 4 4 1 3 1 4 1 3 4 2 2 4 3 3 4 2 4 3 1 1 3 4 1 4 
4 1 3 3 1 3 1 4 2 4 2 2 4 4 4 4 1 2 1 1 4 4 3 3 1 4 4 3 4 3 3 4 4 3 3 4 4 1 4 4 1 2 4 2 4 2 3 1 4 1 1 4 2 1 3 1 1 3 2 3 4 1 3 2 4 4 2 3 2 4 1 1 1 2 3 2 1 2 2 2 1 4 2 1 1 4 1 3 2 2 4 4 3 2 4 1 2 3 2 3 3 2 3 1 3 1 1 4 2 3 4 4 
4 3 3 1 3 4 1 3 4 1 2 2 4 4 2 2 2 2 2 1 2 1 4 3 2 3 4 3 1 3 3 4 4 3 1 3 2 3 2 1 1 1 4 2 1 3 3 3 3 4 3 2 2 2 2 3 4 2 2 2 1 3 2 1 1 3 2 3 4 4 4 4 2 2 3 1 1 1 2 2 3 1 2 2 3 1 2 4 1 1 4 2 3 1 1 4 4 4 4 3 1 1 3 1 2 4 2 2 4 3 1 4 
4 1 1 4 1 4 1 4 1 1 4 3 3 3 4 4 2 2 2 1 2 1 3 1 1 4 4 2 3 3 2 3 3 3 4 2 2 3 3 1 1 4 4 1 1 1 3 2 2 1 2 2 3 4 1 2 1 1 2 2 2 3 4 4 2 4 4 2 1 2 3 4 3 3 2 4 2 2 4 2 1 1 2 1 3 4 4 3 2 3 2 4 4 2 2 1 1 4 4 4 3 3 1 2 1 3 2 4 2 3 2 4 
4 4 3 4 3 1 4 3 3 1 3 1 3 1 3 3 3 4 3 2 2 4 2 4 3 4 3 1 4 3 3 4 4 2 4 3 3 4 4 1 1 2 3 4 1 1 3 4 3 1 3 4 4 3 1 4 1 4 3 2 1 3 1 2 1 3 3 2 1 4 1 2 4 1 2 4 1 4 4 3 1 1 2 4 3 2 3 1 1 3 2 2 2 4 4 4 2 1 4 4 1 4 1 3 4 4 3 3 1 3 2 4 
4 1 4 2 1 2 2 3 3 4 1 2 3 1 3 1 3 1 1 1 4 3 4 1 4 2 3 3 2 4 4 4 1 1 3 4 1 3 3 4 3 2 4 4 1 3 4 2 2 1 3 4 1 1 1 4 4 4 1 2 2 4 2 4 4 3 3 1 1 2 1 2 2 1 4 3 3 3 4 4 4 4 3 4 2 1 4 2 4 4 3 4 1 4 3 3 3 1 1 3 4 4 1 4 3 1 3 2 4 2 1 4 
4 4 1 4 2 1 1 2 3 4 4 4 3 1 2 1 2 1 1 4 2 4 2 4 3 3 1 3 3 3 1 3 2 4 1 3 2 3 3 1 2 1 4 4 3 1 1 2 4 2 1 2 2 1 2 2 3 3 4 1 2 3 4 3 3 1 4 2 4 3 3 4 3 4 4 2 4 2 4 1 3 4 1 3 1 1 3 2 1 3 1 1 3 1 1 4 1 2 1 1 1 4 1 2 2 4 3 2 2 3 3 4 
4 4 1 2 3 4 1 2 2 4 1 2 3 2 4 2 3 1 4 2 3 4 1 4 2 3 4 3 1 3 3 4 2 2 1 3 3 1 3 2 1 2 3 1 3 3 2 2 4 1 4 4 3 3 4 3 4 3 1 2 4 2 1 4 3 2 3 2 4 4 4 2 2 1 1 1 4 3 3 2 1 3 2 1 4 2 2 1 3 2 2 4 2 4 2 2 1 4 3 1 4 3 4 3 4 3 2 4 2 4 1 4 
4 1 2 4 3 1 4 2 4 4 1 1 2 4 1 1 1 3 2 1 1 4 3 4 3 4 3 4 3 1 3 2 2 1 1 1 2 3 4 4 1 3 1 3 4 4 4 4 3 4 3 3 4 2 2 2 3 1 4 3 3 4 2 2 3 1 3 2 3 1 1 1 4 1 2 3 3 4 1 2 3 2 4 1 1 3 3 3 2 3 4 1 2 1 4 2 3 3 1 4 2 2 3 1 1 1 3 2 1 1 1 4 
4 2 3 3 3 4 3 1 3 1 1 4 3 1 3 1 1 3 1 2 3 2 4 2 4 3 3 3 2 4 2 3 3 4 2 2 1 2 4 3 1 3 2 3 3 2 3 3 4 2 1 2 2 3 2 3 1 3 4 3 4 4 1 4 4 2 4 2 4 3 4 4 1 3 3 4 4 2 4 4 1 4 1 3 3 2 2 3 3 2 2 4 2 4 2 1 1 3 3 3 4 2 1 2 4 4 4 4 2 4 2 4 
4 3 1 1 4 1 2 4 2 4 3 2 2 2 1 1 3 2 1 4 2 3 3 2 1 4 4 2 2 1 1 3 4 4 3 3 1 4 1 4 1 4 3 2 3 2 2 3 1 1 4 2 4 3 1 3 2 2 4 2 4 3 2 3 1 3 1 1 3 4 4 4 1 4 2 4 1 3 2 2 2 1 4 2 4 3 3 4 1 3 4 1 4 2 4 1 4 2 1 1 1 1 1 1 1 3 2 3 1 4 2 4 
4 2 3 4 3 2 2 3 3 2 3 4 1 2 3 4 1 2 4 1 2 2 1 2 1 3 2 1 4 1 2 4 1 1 4 2 4 3 3 2 1 3 2 2 4 2 2 1 2 4 1 1 4 3 4 4 4 4 4 2 1 2 4 2 4 3 4 4 2 3 2 4 3 1 4 2 4 3 3 1 4 1 2 4 1 2 2 4 2 2 4 1 3 2 1 3 2 4 4 4 3 3 2 2 1 4 1 2 4 2 1 4 
4 2 3 4 3 2 3 2 3 3 4 4 3 2 4 1 3 3 1 1 2 4 4 3 1 2 3 2 2 2 1 2 4 1 2 1 1 1 2 2 1 1 1 1 4 1 1 2 1 3 4 3 4 3 1 4 4 2 1 3 4 1 2 3 1 3 2 1 3 3 4 1 3 3 4 1 3 3 1 1 3 1 1 1 4 4 4 4 1 4 1 1 1 1 4 3 4 1 4 3 4 3 2 4 2 4 2 3 4 2 2 4 
4 2 3 1 1 3 1 3 1 4 4 3 3 1 4 3 4 1 4 4 3 4 2 2 1 4 2 4 2 1 1 2 2 4 2 4 2 3 1 3 1 3 3 1 2 4 3 4 3 1 3 3 2 2 2 3 3 4 2 1 4 4 2 2 2 4 1 2 3 4 1 4 3 1 4 1 2 1 1 4 3 4 3 3 3 1 4 2 2 1 3 4 2 2 4 4 2 2 3 2 2 4 3 2 4 2 2 3 2 1 1 4 
4 1 2 1 2 1 2 3 3 4 1 1 4 1 2 2 1 1 2 2 1 2 1 4 3 3 1 4 2 4 1 3 1 2 3 4 4 3 1 2 3 2 3 3 3 1 2 3 2 1 3 3 3 3 4 1 1 3 4 4 3 2 2 1 1 1 1 4 2 4 3 3 2 3 4 4 4 3 3 2 1 2 2 3 4 1 1 3 3 4 2 2 2 4 3 3 3 4 4 2 3 4 4 1 2 2 4 1 3 3 2 4 
4 4 2 3 1 3 3 2 1 2 4 4 4 1 1 2 1 2 2 2 3 1 3 2 3 2 4 1 2 1 1 3 1 4 1 4 3 1 3 4 1 1 3 3 3 2 2 4 4 2 4 1 3 2 1 2 1 4 3 1 2 1 3 1 1 2 3 4 2 3 1 3 4 2 1 4 3 4 3 4 2 4 3 4 1 1 3 2 2 4 2 3 2 3 3 3 2 4 4 1 2 3 3 1 1 3 3 2 4 4 3 4 
4 1 1 1 2 1 1 4 3 3 1 2 3 2 1 1 4 4 4 4 2 2 2 1 4 2 4 1 4 1 4 4 2 2 1 2 4 1 1 2 4 4 4 2 4 2 2 2 1 4 1 1 1 1 2 3 3 4 2 3 1 2 4 1 1 1 3 2 2 1 1 4 1 4 4 1 2 4 2 4 2 3 2 4 1 2 1 2 4 1 1 2 4 2 4 4 1 3 3 3 3 1 2 4 4 3 3 4 4 3 3 4 
4 2 2 3 4 2 3 1 3 3 1 1 4 2 3 3 4 3 3 2 3 4 3 4 3 1 3 2 2 3 4 3 1 1 1 1 1 2 3 1 2 3 3 4 2 4 3 2 2 4 1 2 3 4 2 4 3 3 4 3 3 3 4 3 1 1 1 1 1 4 3 1 3 1 4 4 3 4 1 2 3 4 3 1 4 1 1 4 2 2 3 2 4 3 3 3 3 1 2 2 1 3 3 3 4 1 4 4 1 3 1 4 
4 4 1 4 2 3 2 1 3 4 4 2 1 2 4 4 1 1 3 2 2 1 4 1 2 4 1 1 3 4 1 4 1 4 3 4 4 1 2 4 1 4 4 2 3 3 2 1 4 4 1 4 2 1 1 1 1 4 2 3 4 1 2 4 4 2 2 3 1 2 4 2 1 3 1 1 4 4 1 4 2 4 1 2 1 3 2 2 1 4 3 3 2 1 4 2 3 1 1 3 1 4 2 3 3 2 1 1 4 1 3 4 
4 3 1 2 1 4 4 4 2 2 3 3 4 1 4 3 2 2 2 3 4 3 4 3 3 3 1 4 4 3 3 4 2 3 3 2 1 3 1 4 4 3 3 3 1 3 1 1 1 3 1 4 3 4 1 2 4 1 1 2 3 1 2 2 4 2 2 2 4 2 3 3 1 4 3 1 4 3 1 3 1 4 4 3 4 3 2 2 4 4 4 4 1 3 1 3 2 4 1 4 3 2 1 4 1 4 2 3 3 1 3 4 
4 4 2 2 4 4 1 4 3 4 4 2 1 4 1 2 1 4 3 1 3 2 3 2 3 4 3 4 4 4 4 1 2 2 1 1 3 1 4 3 1 2 2 1 3 3 2 4 3 2 1 2 1 1 1 2 3 1 2 3 1 3 4 1 1 1 1 3 3 1 3 1 3 1 1 1 2 1 2 1 3 1 1 4 2 1 3 2 1 4 1 2 3 1 2 4 2 2 1 2 4 1 4 2 4 2 3 3 3 1 2 4 
4 2 2 3 1 1 1 4 1 3 3 2 2 2 1 4 1 4 2 2 1 2 3 4 1 2 4 3 4 4 4 1 2 2 1 4 1 1 2 3 2 1 3 3 1 3 2 1 2 4 1 3 1 3 4 2 2 4 3 3 3 2 3 1 4 3 3 4 3 1 4 4 4 4 1 4 2 4 2 2 3 1 2 3 1 2 1 3 1 2 4 2 3 4 1 4 2 2 3 1 3 2 3 2 2 1 2 1 1 3 3 4 
4 4 4 4 4 2 2 3 2 2 1 2 1 3 3 3 4 2 4 1 3 4 3 1 3 3 4 4 4 1 1 3 4 3 2 4 2 2 4 1 1 3 3 3 3 4 4 4 2 3 1 2 2 4 4 3 2 1 2 4 2 3 2 2 3 3 2 1 1 3 2 4 2 4 1 1 1 3 4 1 3 4 4 2 1 1 1 2 1 4 1 3 1 4 1 1 4 2 2 1 1 3 2 1 3 4 4 2 2 2 2 4 
4 2 3 3 2 4 3 2 1 2 1 4 4 3 4 4 1 4 3 2 2 2 4 1 3 2 3 4 1 3 3 4 2 1 1 4 4 4 2 1 4 2 3 4 1 4 3 2 3 2 2 3 4 1 2 2 4 4 1 2 3 4 4 2 4 4 2 2 4 2 3 3 1 4 3 2 4 2 1 3 4 2 4 1 4 2 3 1 3 1 1 2 2 3 2 3 4 2 4 4 2 1 4 3 4 2 4 2 4 4 3 4 
4 1 2 4 3 1 1 4 1 3 1 3 2 4 1 1 3 2 4 1 4 1 1 1 2 4 3 3 3 3 1 3 1 3 2 3 2 2 2 4 3 4 4 1 2 3 1 3 3 2 2 4 2 3 1 3 1 4 3 1 2 1 1 1 2 4 1 3 2 3 2 3 2 3 3 3 4 4 2 4 2 4 3 2 4 3 1 2 4 4 4 2 2 2 2 1 1 2 2 3 3 1 4 2 2 2 3 4 3 1 3 4 
4 4 4 1 1 4 2 4 4 2 4 2 3 2 3 4 2 4 3 3 3 4 2 2 2 2 4 1 4 1 2 3 4 2 1 1 1 4 2 3 1 2 4 2 4 1 1 4 2 4 3 2 2 4 1 2 4 1 2 3 3 3 2 2 3 2 4 1 3 3 1 4 4 2 1 3 3 2 1 2 4 1 1 4 2 1 2 4 4 2 1 4 4 3 4 3 2 2 3 3 4 1 3 2 4 2 1 2 4 4 3 4 
4 1 3 2 2 3 2 1 2 3 2 1 2 4 3 1 4 1 2 4 1 1 3 3 4 4 2 1 1 3 4 3 2 3 3 4 4 2 1 2 3 4 4 1 1 1 3 3 3 4 3 4 2 3 2 3 3 4 1 1 2 1 4 1 3 2 3 4 3 3 1 3 2 1 4 1 1 3 2 3 1 1 1 3 1 2 4 3 3 2 3 1 3 3 2 3 1 2 4 1 3 4 4 3 2 3 4 4 3 4 2 4 
4 1 4 1 4 4 2 4 2 4 2 3 2 3 3 3 3 3 2 2 2 1 3 1 1 4 4 4 2 2 3 1 3 1 2 1 2 3 1 4 3 2 3 3 2 4 1 1 2 3 1 1 1 4 1 4 1 2 2 2 3 2 4 3 2 1 2 3 4 2 4 3 4 4 2 2 4 3 3 1 4 1 4 1 1 2 2 2 1 3 3 2 3 1 4 2 1 1 4 4 1 3 3 3 1 3 3 3 3 2 2 4 
4 2 3 2 3 2 1 1 4 3 3 1 4 2 1 1 1 2 2 4 3 3 3 4 1 1 1 1 3 2 3 2 4 3 3 1 4 4 2 1 3 4 4 1 1 2 1 2 2 4 3 1 4 4 2 1 2 3 2 4 4 2 1 2 4 4 1 3 4 2 2 1 2 3 1 4 4 1 2 1 2 3 2 2 3 1 2 2 2 1 2 2 3 3 4 1 3 1 4 4 2 1 1 4 2 1 3 2 3 3 3 4 
4 2 2 3 1 2 1 2 1 1 3 4 1 3 3 1 3 2 1 2 4 2 1 4 4 2 1 3 4 4 4 3 4 3 2 4 3 3 1 1 2 2 4 2 1 2 2 4 1 2 4 4 3 4 3 2 1 1 4 2 2 4 1 4 2 4 2 2 1 3 4 3 3 3 1 1 4 4 4 3 2 4 2 4 1 2 1 2 1 4 4 4 1 2 1 2 3 3 1 1 3 3 4 3 1 1 4 3 2 4 3 4 
4 1 3 2 4 4 1 1 1 4 1 1 1 3 4 1 1 1 4 1 3 3 4 2 1 2 3 3 1 3 1 4 1 4 1 3 4 1 3 4 2 3 4 1 4 4 3 3 1 2 4 1 4 4 3 1 3 1 1 2 1 1 4 4 4 2 4 4 2 3 4 4 3 4 2 4 4 3 3 4 2 4 2 3 4 1 2 3 1 2 2 2 3 1 4 2 2 1 1 4 3 3 4 2 2 3 3 3 4 3 4 4 
4 1 3 1 4 2 2 1 1 1 2 2 1 2 3 3 3 1 4 4 4 2 4 4 1 2 1 3 2 1 3 2 3 2 3 2 1 2 4 4 3 2 2 4 4 2 4 2 3 1 1 1 2 3 2 4 1 3 1 2 1 1 2 4 3 4 4 1 4 2 4 4 4 1 1 2 2 2 4 2 4 3 3 2 3 2 2 3 2 4 2 4 4 1 3 3 2 1 3 1 4 1 3 3 4 4 1 3 2 2 1 4 
4 4 2 1 3 4 2 4 4 3 1 2 4 1 3 3 1 1 4 2 3 4 4 3 2 1 1 2 1 1 1 2 4 3 3 3 3 4 2 4 2 2 3 3 3 4 4 3 1 3 3 2 2 3 2 1 3 4 2 4 3 2 3 4 1 2 1 1 4 4 1 2 1 1 2 2 2 3 3 3 1 4 3 2 4 2 1 1 3 1 3 1 1 2 1 2 2 1 4 2 2 3 2 1 1 3 1 1 4 4 2 4 
4 4 1 3 2 2 4 2 4 1 2 3 2 1 2 2 3 4 1 4 3 1 4 4 4 1 3 4 2 3 1 3 4 2 2 1 1 4 1 3 1 1 2 1 2 3 4 1 3 1 3 1 4 2 4 1 3 2 2 2 4 1 2 3 4 4 2 4 1 1 3 2 4 1 1 1 1 4 2 1 4 4 1 3 3 4 1 3 4 3 4 4 1 2 1 4 1 4 2 3 2 4 2 4 4 3 2 4 4 2 4 4 
4 3 3 4 1 4 3 1 1 4 2 2 1 4 1 3 3 2 4 2 2 2 4 3 3 4 4 1 1 4 2 1 3 2 4 1 4 4 1 4 2 4 4 2 1 3 1 2 4 4 2 2 2 4 4 2 1 1 2 4 1 4 3 1 4 1 4 3 3 1 4 1 2 1 2 4 2 2 4 3 2 4 2 1 4 4 2 3 4 1 2 3 3 4 3 3 3 2 3 3 2 1 4 2 1 1 3 1 2 4 4 4 
4 2 2 2 3 3 3 2 1 4 1 2 1 2 1 2 3 3 4 2 3 4 2 3 2 2 1 4 2 3 4 2 1 1 1 4 4 4 3 3 4 4 2 4 3 1 3 1 1 2 3 3 3 1 3 4 1 1 2 4 3 1 3 3 4 2 4 4 1 2 3 4 4 4 1 3 4 4 4 1 2 3 2 3 3 2 4 3 3 2 2 4 1 2 3 2 4 3 3 4 3 3 3 1 2 4 3 3 1 3 4 4 
4 3 2 3 3 2 1 1 2 1 4 4 2 3 3 4 2 1 1 2 2 1 2 4 3 4 4 4 1 2 3 1 3 2 2 2 3 1 2 2 3 4 3 1 2 3 1 4 4 4 3 4 2 3 2 1 1 4 3 1 3 2 2 1 3 1 1 4 2 1 4 3 2 2 4 3 1 3 1 4 1 1 3 1 1 4 3 2 3 3 2 2 2 3 4 4 1 3 3 4 2 4 1 1 4 1 3 1 4 1 2 4 
4 3 1 3 2 2 2 3 2 3 4 2 4 1 2 4 3 4 3 4 1 3 2 4 4 1 4 3 3 4 2 4 4 2 2 4 1 3 3 3 1 1 2 2 1 1 2 4 3 2 3 2 1 2 1 1 3 4 2 4 1 2 2 3 3 4 1 1 2 3 4 3 4 1 2 2 2 2 4 3 1 3 3 4 4 4 1 2 3 1 2 2 1 4 3 2 2 4 4 3 2 3 2 4 3 2 4 4 1 4 2 4 
4 4 3 1 2 4 4 1 2 4 3 3 1 4 4 3 2 3 1 3 2 1 4 4 1 1 2 3 3 2 2 3 4 4 2 3 2 1 3 3 2 2 3 4 2 2 3 4 4 1 1 3 2 1 2 1 4 1 1 1 3 4 3 2 4 3 1 4 3 3 4 1 4 1 3 1 4 2 2 4 2 2 2 1 4 3 3 3 1 3 2 1 3 1 1 3 3 1 4 1 3 3 2 4 2 2 4 2 4 2 4 4 
4 3 3 4 4 1 3 2 4 1 3 1 1 2 1 4 3 4 1 2 1 3 1 2 4 2 3 2 2 3 2 4 1 4 3 1 3 3 4 4 3 3 2 1 1 1 2 4 3 3 4 4 1 1 3 4 3 2 3 3 3 1 1 4 4 1 4 3 3 1 1 2 1 1 1 4 4 2 3 1 3 4 4 2 3 1 2 2 3 1 3 4 1 2 1 4 4 3 2 1 4 3 4 4 4 3 3 1 3 1 2 4 
4 2 2 2 4 1 3 3 4 4 3 2 4 4 2 3 2 3 2 2 3 1 2 3 1 2 3 1 3 4 2 2 2 2 4 1 2 4 2 1 2 2 2 4 4 3 3 1 4 3 3 4 3 4 2 4 4 1 4 1 4 2 2 4 3 2 4 1 2 4 1 4 2 4 3 3 2 1 2 2 4 1 3 4 4 3 4 1 3 4 1 4 2 3 4 3 2 3 2 3 3 1 3 3 2 3 1 3 1 1 4 4 
4 4 3 4 3 1 3 4 1 4 4 1 3 1 1 1 4 3 2 2 4 2 4 3 2 1 1 1 1 3 4 4 1 4 2 1 2 4 2 4 4 4 2 1 4 1 1 4 3 4 4 2 4 1 3 2 4 2 3 3 4 3 1 4 1 3 2 3 4 3 3 2 3 2 1 1 3 4 3 2 4 2 4 2 1 2 2 3 2 1 1 2 3 2 2 2 3 4 3 1 3 3 1 3 3 3 1 2 3 3 1 4 
4 3 1 3 1 2 2 2 1 1 3 3 1 1 1 2 1 3 1 2 1 2 2 3 4 4 2 3 1 2 2 3 1 1 4 2 4 2 1 1 2 1 1 3 3 4 1 4 3 3 3 3 4 2 3 3 3 2 1 3 2 3 4 1 2 3 1 2 2 4 3 4 4 4 2 4 3 3 4 2 1 3 4 3 3 2 4 4 1 1 3 3 4 1 1 3 3 3 4 2 2 3 3 1 1 3 2 2 4 2 3 4 
4 1 1 3 4 3 2 3 1 3 4 3 4 2 2 3 2 1 3 3 2 2 1 4 4 2 3 2 2 1 1 1 1 4 4 4 3 4 4 3 4 1 2 2 4 4 1 4 2 3 3 1 1 3 2 4 2 2 1 1 2 1 3 2 1 4 3 3 1 4 2 3 1 3 1 3 2 4 2 1 1 2 1 1 1 3 2 3 3 2 4 2 1 3 1 1 4 2 2 1 2 1 3 3 1 3 3 1 1 3 4 4 
4 4 3 3 2 2 4 4 2 1 2 3 2 4 2 1 2 1 4 1 4 1 3 3 2 2 4 4 3 4 2 4 4 2 2 4 3 1 4 1 3 4 1 3 4 1 3 1 3 3 2 2 4 2 2 2 2 3 4 3 3 4 3 2 2 3 1 3 3 3 2 2 2 2 4 2 3 2 1 2 3 4 4 2 2 3 4 2 4 4 4 2 2 3 2 4 2 3 2 2 1 3 1 2 2 4 2 4 3 4 4 4 
4 4 3 4 4 1 3 1 3 2 4 4 2 2 2 4 4 2 4 2 2 1 3 2 3 2 2 3 3 2 3 2 1 1 1 4 1 3 2 4 4 2 3 1 4 4 3 1 4 3 1 4 1 1 1 2 2 4 4 2 4 2 1 4 2 2 4 2 3 4 2 3 2 4 2 1 3 4 3 1 1 1 3 1 1 4 1 1 1 2 3 2 2 4 1 4 1 1 1 1 2 4 2 2 2 3 2 3 2 2 3 4 
4 3 3 2 3 4 2 2 3 1 1 4 1 4 1 1 4 4 3 4 2 3 4 1 4 2 3 1 2 3 4 2 4 4 4 1 1 4 1 1 3 2 4 1 1 4 3 2 1 2 3 4 2 1 3 2 4 2 3 1 1 2 2 2 3 1 3 1 4 3 3 1 4 3 3 4 1 2 1 1 2 3 2 2 1 2 1 4 1 4 4 1 2 4 3 1 3 1 3 1 3 2 2 3 1 3 3 1 1 3 1 4 
4 2 2 2 2 2 2 1 2 4 2 1 3 3 3 1 1 1 3 4 4 1 4 2 2 2 3 3 1 2 4 1 3 4 4 1 4 1 4 1 3 4 2 4 2 3 3 3 1 3 2 3 1 4 3 4 2 4 4 1 2 4 3 3 2 4 1 3 1 1 1 4 3 1 1 2 4 1 2 3 2 4 4 3 4 3 2 2 1 1 2 2 1 4 2 4 2 2 1 4 1 2 1 2 2 2 3 2 2 2 4 4 
4 4 1 1 2 4 4 4 3 2 2 1 3 1 4 4 2 1 2 1 4 2 4 2 2 2 4 4 4 4 3 3 1 3 1 4 1 1 4 4 3 1 2 1 1 4 4 1 1 3 3 3 1 2 1 2 3 2 1 2 1 3 4 3 2 4 4 3 3 3 2 3 1 2 2 4 3 4 2 3 2 4 3 2 2 3 3 2 3 4 1 3 4 1 1 2 2 2 4 2 3 2 3 2 4 2 4 2 3 2 4 4 
4 2 1 4 3 3 1 3 4 2 3 3 3 4 2 1 3 3 2 1 3 2 4 2 1 3 2 3 1 2 4 1 1 3 2 4 3 2 4 1 1 4 3 2 3 3 2 3 1 2 4 2 2 2 3 2 4 1 2 1 1 4 1 1 4 2 1 1 2 2 4 4 2 4 2 2 2 3 1 4 1 3 1 1 2 4 2 4 4 2 1 3 3 1 2 4 1 4 1 3 4 2 3 2 2 4 4 1 2 1 4 4 
4 3 4 4 4 3 4 2 4 2 3 4 2 3 2 3 1 2 1 1 2 3 2 2 4 1 3 3 3 4 1 1 2 2 1 4 1 4 3 3 3 3 3 3 2 1 2 2 1 3 3 4 3 2 1 2 1 4 4 3 2 1 3 2 3 4 1 2 1 3 4 2 4 4 3 4 1 1 3 3 2 2 1 3 2 3 3 1 2 2 2 1 1 4 4 4 2 1 1 4 2 2 2 3 2 2 2 2 2 4 2 4 
4 1 4 1 3 4 4 4 3 1 3 2 1 3 3 3 2 1 4 4 1 1 2 3 1 2 1 2 4 3 2 2 2 3 3 3 2 2 3 3 1 3 4 3 1 3 1 3 2 2 1 3 1 2 4 2 4 3 2 3 1 2 4 3 3 2 4 3 2 3 2 3 3 3 4 1 1 3 3 1 2 2 2 1 1 2 2 1 3 2 4 3 3 1 3 3 3 1 2 4 1 1 1 4 2 3 1 4 3 3 1 4 
4 4 3 1 3 2 2 4 3 3 1 1 1 4 4 2 2 3 4 4 4 3 2 4 1 3 4 3 4 2 3 1 2 3 3 4 2 1 2 3 1 4 2 4 3 4 1 3 2 3 3 3 3 2 3 4 2 1 2 2 1 2 3 3 2 4 4 2 4 2 1 4 3 4 1 2 2 2 3 1 4 4 2 2 3 4 4 2 1 4 4 1 2 1 2 3 1 4 3 3 3 1 1 4 3 3 3 2 4 3 2 4 
4 2 2 1 1 2 1 3 4 4 1 2 1 3 2 3 1 4 2 4 1 3 4 4 3 1 1 3 4 3 2 2 3 3 4 3 2 4 4 2 2 4 1 2 2 4 1 1 4 2 3 3 1 2 3 1 3 1 3 2 3 2 1 2 4 1 1 3 4 4 1 2 1 1 2 1 1 3 4 3 2 4 3 3 2 3 1 1 1 2 1 4 4 2 4 1 3 1 2 3 2 3 4 3 3 1 3 4 3 1 1 4 
4 4 3 2 3 2 3 4 4 1 2 2 4 4 1 2 4 4 2 3 4 1 3 3 1 3 2 4 2 3 3 4 3 3 4 1 4 4 2 2 4 4 4 4 2 3 3 3 2 1 1 2 1 1 1 1 1 4 3 1 2 4 3 1 2 1 2 4 4 3 4 3 3 4 3 3 3 3 1 4 1 2 3 2 4 2 2 1 3 1 3 1 3 4 4 4 2 3 3 3 1 3 3 4 1 4 1 4 1 2 2 4 
4 3 2 4 4 4 1 1 2 3 2 2 1 1 1 1 2 4 3 2 1 1 2 2 2 4 3 4 2 1 2 1 4 4 4 1 2 1 2 4 3 4 4 1 4 4 1 3 2 3 2 4 4 3 1 1 3 2 1 4 4 3 4 3 3 2 4 1 1 2 4 3 4 4 1 1 2 4 1 2 3 1 2 2 2 3 2 4 4 3 4 2 1 3 3 4 3 1 3 1 2 1 1 1 2 3 2 3 4 2 4 4 
4 4 1 2 1 3 3 2 1 4 3 3 2 2 1 3 2 4 4 3 1 1 4 4 3 4 4 2 1 2 4 4 2 3 3 1 1 3 2 3 4 1 4 2 1 3 1 4 1 3 4 1 1 3 1 3 3 2 4 3 1 2 4 2 2 1 2 1 4 2 4 4 2 2 1 2 3 2 4 4 4 4 3 2 2 1 4 1 4 2 1 2 2 4 2 3 1 3 3 2 2 3 3 3 1 1 2 1 1 4 3 4 
4 4 2 3 4 4 2 2 3 4 2 1 3 4 3 3 1 4 3 1 1 4 1 3 4 1 3 4 4 2 2 3 1 4 4 2 2 3 3 3 1 3 2 2 4 3 4 4 3 2 4 2 4 2 2 3 2 2 4 1 3 4 3 4 3 4 3 3 2 4 1 1 4 1 2 2 4 1 1 4 2 1 1 4 2 2 1 2 4 4 1 1 2 4 4 3 3 3 1 2 2 3 4 4 4 1 3 2 1 3 4 4 
4 1 3 2 3 2 4 3 3 2 4 3 4 4 1 2 1 1 2 3 4 4 2 3 2 1 3 2 3 2 3 1 2 3 4 3 4 2 1 3 4 1 3 4 3 3 3 2 2 3 4 2 1 4 1 1 4 2 2 2 1 1 1 4 2 1 1 3 1 3 2 2 4 2 2 3 3 2 3 4 2 3 1 4 4 3 4 2 3 1 4 4 4 4 4 4 3 4 4 4 2 4 2 4 2 4 4 1 4 2 4 4 
4 3 1 3 1 3 3 3 2 4 2 2 4 1 1 4 2 2 4 3 4 2 4 3 1 2 4 4 1 3 2 4 4 2 2 2 2 3 2 1 1 2 1 3 3 1 1 2 3 4 3 3 1 3 2 3 3 1 3 3 4 1 3 1 1 2 4 4 1 2 4 4 2 1 3 3 4 4 4 1 4 4 2 4 3 3 2 1 2 2 3 1 4 4 4 2 4 2 3 1 2 1 4 3 2 4 2 4 3 1 3 4 
4 4 3 2 3 4 4 3 1 4 3 3 2 4 2 4 2 4 2 4 3 1 3 4 1 1 1 3 2 1 3 1 3 2 4 1 2 3 2 4 1 1 2 3 4 1 4 4 1 3 1 4 3 1 4 1 2 1 4 2 3 3 2 2 2 2 4 4 2 3 2 3 4 3 1 1 2 4 3 2 2 4 2 4 1 2 4 1 4 4 1 1 4 4 3 2 4 3 4 1 1 4 1 3 3 1 4 2 4 2 2 4 
4 4 3 2 2 4 1 1 2 4 1 2 2 1 2 3 2 4 1 2 2 1 3 4 2 3 3 4 3 3 3 2 1 1 3 2 2 1 1 2 3 3 2 4 4 4 1 3 2 3 2 1 1 1 2 3 2 3 2 2 1 4 3 3 3 3 4 4 4 3 3 3 4 1 3 2 4 4 2 2 3 2 2 2 1 4 3 2 1 1 2 4 2 2 1 2 1 3 4 3 2 2 1 2 3 4 4 2 4 3 4 4 
4 2 4 1 4 3 2 2 4 2 1 1 2 4 1 2 1 1 1 1 1 2 2 4 1 4 3 2 3 1 3 1 2 4 1 4 1 3 2 3 3 2 1 4 4 4 3 3 1 1 3 1 4 4 4 2 2 2 3 1 2 1 4 1 2 1 4 2 4 2 1 1 1 1 1 1 1 3 3 2 2 3 1 3 2 4 1 1 2 4 3 3 4 4 4 2 3 2 4 1 4 1 2 3 4 2 3 2 4 2 3 4 
4 2 3 3 4 3 3 2 1 1 4 4 1 4 3 2 4 4 4 3 3 3 1 2 4 3 2 1 2 2 2 3 3 3 1 3 3 4 4 3 3 2 4 2 1 3 2 2 1 1 4 1 1 2 4 1 3 1 4 1 1 1 4 2 4 4 2 1 2 2 3 3 3 4 4 4 2 2 2 4 1 4 4 3 3 3 2 1 1 3 1 4 3 3 4 4 3 3 4 4 4 1 4 4 4 1 3 4 4 3 4 4 
4 4 1 3 4 4 3 2 3 4 4 2 2 4 1 3 2 1 3 3 2 3 2 2 2 3 1 3 2 2 4 4 4 4 3 1 1 1 1 3 4 1 4 1 4 3 2 1 3 1 4 2 1 3 1 1 1 1 4 2 4 2 2 3 2 4 3 3 1 3 3 4 3 2 4 1 2 4 1 1 3 2 4 1 3 1 4 2 3 4 4 4 2 2 1 4 3 2 2 2 4 2 2 3 1 3 1 1 3 2 3 4 
4 3 2 1 1 2 3 4 2 4 4 2 4 4 3 3 1 1 2 2 3 3 3 3 4 4 4 3 1 2 2 3 2 4 1 3 4 1 2 1 4 2 2 3 3 2 1 2 1 2 3 4 4 4 2 4 2 3 4 1 1 2 1 4 1 1 4 3 1 3 2 2 4 4 1 3 4 1 3 4 2 2 2 2 3 4 2 1 1 3 1 2 1 2 2 1 4 4 4 2 3 4 4 2 1 2 2 4 3 3 4 4 
4 4 1 4 2 4 1 2 2 1 1 1 3 3 4 4 2 3 2 1 4 4 1 1 1 3 4 3 1 2 3 4 1 3 2 1 2 2 1 1 3 1 4 3 2 1 3 4 3 2 3 2 2 4 2 4 3 2 4 2 2 1 2 3 2 1 1 1 3 4 4 3 1 3 2 4 1 1 2 4 2 1 2 4 3 3 2 2 1 1 3 3 3 3 2 2 1 4 2 1 2 1 1 2 2 1 2 3 2 2 4 4 
4 1 3 1 2 4 2 4 3 1 2 1 2 4 2 2 1 1 2 3 1 3 4 4 4 1 4 4 4 4 2 2 2 4 2 3 1 3 1 4 2 1 1 1 1 1 1 1 2 4 3 4 1 4 1 4 2 2 2 3 3 1 1 2 3 2 4 3 3 1 3 4 1 4 2 3 2 3 4 1 3 2 2 2 3 1 4 1 2 1 3 3 3 2 3 3 1 3 2 3 4 2 2 1 2 1 2 4 4 1 3 4 
4 1 3 4 3 4 1 2 4 2 3 4 1 2 2 2 2 2 4 1 4 4 3 2 4 2 1 3 2 3 4 1 2 2 4 4 4 1 1 2 4 1 3 1 1 3 4 4 1 4 2 3 1 3 1 4 1 3 1 3 3 3 4 3 1 1 3 4 3 3 3 1 3 4 3 3 2 4 4 4 1 1 1 1 4 3 3 1 4 1 4 4 3 4 2 3 1 2 3 4 4 1 3 4 1 1 1 1 3 2 3 4 
4 4 2 2 3 3 2 1 1 2 4 1 3 3 2 3 1 4 4 4 3 3 1 1 4 1 4 1 2 2 3 4 2 3 4 3 4 4 2 1 3 4 1 4 4 3 4 1 1 2 3 3 3 1 4 1 4 1 4 2 2 3 3 2 2 4 2 4 4 2 2 2 3 4 1 2 3 4 2 3 4 1 3 3 2 3 2 4 3 3 2 1 4 1 4 1 3 1 3 4 2 4 4 3 1 1 3 3 2 3 2 4 
4 1 4 2 4 3 2 2 1 1 1 1 3 2 1 3 3 4 4 1 1 1 4 4 2 3 3 4 3 2 4 1 3 3 4 3 1 2 4 3 3 1 3 2 2 4 2 4 2 3 4 1 2 2 4 3 1 4 2 3 2 3 4 3 1 3 2 1 2 2 4 1 4 4 3 1 4 3 4 4 4 2 3 3 2 2 4 4 3 1 1 1 1 3 3 2 4 4 4 1 2 1 4 3 2 1 4 4 4 4 2 4 
4 4 3 4 3 4 2 4 2 4 3 2 1 3 3 3 3 4 2 2 1 3 3 2 3 1 3 4 4 4 1 4 4 2 3 1 3 4 3 3 4 2 2 2 4 2 1 1 4 1 2 4 2 3 1 1 3 1 4 1 1 2 3 3 3 4 3 4 2 1 1 1 3 4 3 1 1 4 4 3 1 2 3 3 3 4 1 1 2 4 2 4 3 2 1 3 4 4 3 3 4 1 1 4 1 2 1 3 3 1 4 4 
4 4 2 2 1 3 1 2 1 4 3 1 2 3 3 1 3 2 3 3 4 3 3 4 2 3 4 1 4 1 2 1 4 1 2 3 1 3 3 3 2 2 1 1 4 3 4 1 3 2 2 4 3 2 2 2 3 4 1 1 1 2 4 1 1 3 1 3 2 4 1 1 4 2 2 3 3 2 2 4 3 4 4 2 1 4 3 1 1 4 1 4 4 3 1 1 3 3 4 3 4 4 4 1 1 2 4 4 3 1 3 4 
4 3 2 1 1 4 4 3 1 2 4 2 4 1 4 3 3 1 3 3 3 3 3 2 3 1 4 3 2 3 3 3 3 4 3 2 4 1 3 2 2 3 2 2 4 3 3 1 2 3 4 2 3 4 4 1 4 2 2 3 2 2 4 4 1 4 4 1 4 3 1 3 3 2 3 4 3 1 4 2 2 2 4 4 2 2 3 1 4 2 1 4 3 1 1 1 3 1 3 3 3 2 2 4 3 3 4 2 3 1 1 4 
4 2 4 4 1 3 2 4 2 2 3 1 2 4 2 3 2 1 1 3 3 2 2 3 1 4 1 3 1 3 2 4 2 4 3 4 3 3 1 3 1 2 3 2 4 2 4 2 4 1 2 4 3 3 3 4 4 2 2 4 3 4 2 3 3 4 1 3 2 3 1 1 2 1 3 2 4 4 1 2 4 1 2 2 1 2 3 1 4 4 4 3 4 1 1 1 2 3 1 2 4 1 3 2 4 2 4 1 3 1 4 4 
4 4 4 2 3 1 2 4 4 3 4 2 4 1 1 3 4 3 4 1 3 1 3 4 1 4 4 4 2 2 4 2 3 3 3 4 1 1 4 2 3 3 2 4 3 2 3 1 3 4 3 2 1 3 3 4 2 4 2 1 4 1 2 4 4 3 4 3 4 2 4 2 3 2 2 3 3 1 1 1 3 2 2 2 1 2 1 3 2 2 1 2 1 4 2 2 3 2 3 4 1 2 3 4 2 4 1 4 3 4 3 4 
4 4 1 2 3 4 3 1 1 3 3 1 4 2 4 2 2 1 1 3 4 1 1 3 3 3 1 2 2 1 2 3 1 3 1 1 1 4 2 2 1 1 2 4 1 1 1 2 1 4 3 3 4 4 2 2 4 2 2 4 1 3 3 1 4 4 4 3 1 1 3 3 3 1 1 2 4 1 4 4 3 4 2 4 1 3 3 2 1 4 2 4 1 2 1 4 4 3 2 3 3 1 2 1 4 1 4 4 2 1 1 4 
4 4 4 3 2 2 1 2 2 3 2 4 4 3 4 1 1 3 1 2 3 4 4 3 3 3 4 3 4 1 1 2 2 1 3 4 3 4 1 1 2 1 2 4 4 3 4 4 4 4 2 4 4 1 2 4 3 1 3 2 1 1 1 2 3 1 1 3 2 2 2 4 1 2 4 1 3 2 1 2 4 2 4 2 2 4 1 2 2 2 3 4 2 4 1 2 3 3 2 1 1 3 4 1 2 3 1 1 1 2 3 4 
4 3 4 4 4 3 1 1 1 4 3 4 2 4 1 1 1 1 1 1 4 1 1 2 2 3 1 4 2 1 2 2 2 1 2 2 4 3 4 3 1 2 3 4 4 3 1 2 2 3 2 4 2 1 2 1 3 4 4 3 1 3 2 3 2 1 1 3 1 3 4 3 1 4 4 2 1 2 4 3 1 1 4 3 1 1 2 2 1 2 4 4 3 4 2 1 3 4 1 3 3 2 2 4 4 3 1 3 1 1 2 4 
4 3 1 4 3 1 2 2 3 3 4 3 1 2 1 4 1 1 3 2 3 2 1 1 2 4 3 4 2 3 1 3 4 4 1 2 3 4 2 4 4 4 2 1 3 4 4 1 1 2 3 1 3 2 2 4 3 4 1 1 3 1 2 2 3 3 2 2 1 4 1 4 4 1 3 1 1 1 3 4 4 3 3 2 1 1 4 2 2 4 2 3 1 1 3 3 4 3 1 2 3 1 4 3 1 2 1 1 1 2 3 4 
4 1 1 1 1 1 1 4 1 4 1 3 2 2 1 3 4 3 3 1 2 1 1 3 2 1 2 4 2 4 1 2 2 1 1 1 2 2 1 3 1 4 4 4 2 1 1 1 4 3 3 1 1 1 2 1 2 1 3 2 3 1 3 4 3 1 1 4 3 3 4 2 4 3 1 1 3 2 4 1 2 3 2 1 4 3 3 3 4 2 4 2 2 2 2 3 4 3 3 4 4 1 4 2 1 2 4 3 1 3 4 4 
4 1 3 4 2 1 4 4 2 2 2 3 1 3 2 3 3 4 4 4 4 4 4 3 1 2 3 4 2 1 1 4 1 2 1 3 4 3 3 3 3 3 1 2 4 2 4 1 1 4 3 3 4 4 2 3 4 4 3 1 4 3 4 4 3 1 3 2 2 1 3 1 2 4 1 3 1 2 3 1 3 3 2 1 3 4 1 1 3 3 1 4 2 1 4 3 3 4 1 2 1 2 3 1 1 4 3 2 4 4 3 4 
4 2 3 2 1 3 1 2 4 2 3 3 1 3 2 2 1 4 4 2 4 2 1 3 3 3 3 4 4 1 2 3 1 4 2 1 4 2 2 4 3 1 4 3 3 4 3 1 2 3 2 4 1 3 1 1 4 4 3 3 2 2 3 4 4 2 1 3 2 2 4 2 3 3 1 4 3 4 2 2 1 1 3 1 2 4 2 1 1 3 3 1 4 3 4 3 1 4 2 3 3 3 1 1 4 4 2 4 1 3 4 4 
4 3 1 3 1 2 4 1 1 4 2 2 4 2 2 4 2 4 2 1 4 2 1 1 3 3 3 4 4 3 4 3 3 3 4 4 1 2 3 4 3 3 4 1 4 4 3 1 4 2 3 2 3 1 2 3 2 3 4 4 4 1 2 4 1 3 3 2 3 2 4 2 1 2 3 4 4 4 2 3 4 2 1 3 1 2 3 1 2 3 1 2 3 3 3 4 2 1 2 3 3 1 2 3 3 4 2 2 3 3 2 4 
4 2 3 3 3 2 1 4 2 4 2 2 1 4 4 2 2 1 1 3 4 3 4 4 4 1 4 1 3 4 2 2 3 1 3 3 2 1 1 2 1 3 1 1 3 4 2 4 2 1 3 2 3 4 2 4 4 4 4 4 1 2 1 4 4 4 1 3 1 1 1 2 4 3 1 3 3 2 3 3 1 1 2 3 1 3 3 4 2 3 3 4 3 4 3 1 1 1 1 2 2 2 4 3 1 3 4 3 2 2 2 4 
4 1 2 4 4 2 3 2 1 1 1 3 2 1 4 2 3 1 2 4 2 2 3 3 1 1 4 4 4 3 1 1 2 2 1 2 1 1 1 4 3 2 2 4 2 3 3 4 2 3 1 2 3 2 2 2 4 3 1 2 1 1 3 1 4 3 4 2 2 3 4 1 3 4 1 2 3 3 4 1 1 1 2 2 2 3 1 3 3 2 3 3 4 1 2 3 3 4 2 3 1 1 1 4 1 4 2 2 2 4 2 4 
4 4 4 2 3 3 2 2 1 4 4 2 2 2 3 1 4 3 2 4 1 3 1 2 4 3 4 4 4 2 3 4 1 3 4 1 2 2 1 3 4 3 2 1 1 1 3 4 4 2 1 4 1 3 2 3 4 4 4 1 1 2 4 2 3 2 3 2 3 1 3 4 3 3 2 4 4 4 1 4 4 1 1 4 2 4 1 1 1 4 2 3 3 1 4 4 3 1 4 1 4 3 2 3 4 1 4 4 3 1 1 4 
4 2 1 1 2 2 2 3 3 3 1 4 2 4 3 3 3 1 3 2 3 2 2 1 4 2 2 2 3 4 1 1 2 2 2 3 3 2 2 4 4 2 3 1 2 1 3 3 4 3 4 3 2 3 4 4 1 2 4 3 1 4 2 4 3 4 2 4 4 2 2 2 3 1 2 4 1 4 1 4 1 4 1 3 2 2 3 3 4 1 3 1 1 1 3 2 1 1 1 4 1 1 4 3 3 4 2 1 4 1 4 4 
4 4 2 1 1 2 2 1 1 2 1 2 2 4 3 1 2 3 1 2 2 2 3 1 3 2 4 4 2 4 1 4 2 3 4 1 4 1 4 1 2 2 2 3 3 2 4 4 3 1 1 1 4 3 2 2 2 3 1 4 2 4 4 4 2 1 4 1 1 4 4 4 1 2 4 4 1 3 2 2 3 4 3 2 3 1 3 2 2 4 1 3 2 3 4 2 1 4 2 2 4 1 3 2 3 2 2 1 2 3 2 4 
4 2 3 4 3 1 1 2 2 4 3 4 2 4 1 4 3 4 1 4 4 1 3 4 2 4 1 3 3 4 3 3 3 1 4 1 4 3 1 4 3 3 1 2 1 2 3 4 1 2 4 1 3 3 2 1 3 1 1 3 2 1 4 1 3 4 3 2 2 3 3 1 4 4 4 4 2 4 3 3 1 2 4 2 4 1 4 2 1 1 3 3 3 4 2 3 2 3 2 2 2 2 2 1 4 1 2 4 2 1 2 4 
4 1 2 3 3 3 4 3 4 4 3 3 4 1 2 4 1 4 4 3 1 4 3 4 2 1 4 4 3 2 3 1 4 4 3 4 2 4 2 4 2 1 1 3 4 3 1 2 1 1 1 4 1 3 2 3 3 2 4 3 3 3 1 1 1 3 3 4 1 2 1 1 1 2 3 2 2 1 3 3 2 2 3 3 2 2 2 1 3 3 4 3 1 3 3 3 1 3 2 1 2 1 3 4 3 1 4 4 4 1 4 4 
4 1 1 2 4 4 2 2 2 1 3 4 2 2 2 4 2 2 1 1 2 3 3 4 3 1 2 1 3 2 1 1 4 3 4 3 3 2 4 3 3 2 4 2 3 1 3 2 4 4 4 2 4 2 4 4 3 2 4 1 2 1 4 2 1 3 4 1 1 1 1 3 4 3 2 2 4 4 3 1 2 3 3 2 1 1 4 2 4 4 2 2 4 2 4 1 3 2 1 4 2 4 1 3 3 1 4 1 2 3 4 4 
4 3 4 4 4 1 1 3 1 4 1 3 3 3 2 2 3 4 2 4 4 1 2 3 3 3 1 2 3 2 2 3 2 3 3 2 2 2 4 1 3 4 1 2 3 3 3 2 1 1 4 3 1 2 4 2 2 4 1 4 2 2 4 3 4 4 1 3 3 2 4 3 2 3 1 3 3 1 3 1 4 4 2 4 2 4 1 3 1 2 3 4 4 1 3 3 4 3 4 1 1 3 1 1 2 4 3 2 1 4 2 4 
4 3 4 4 4 1 2 2 3 1 4 3 1 3 1 1 4 4 4 4 4 2 2 3 1 3 4 3 4 1 4 1 3 4 2 4 4 3 2 2 4 3 3 2 4 3 3 1 2 2 4 3 2 4 2 1 3 3 3 4 2 2 1 1 2 3 2 3 4 1 3 4 3 4 3 4 2 1 4 2 1 2 2 1 4 4 2 2 1 4 2 4 3 1 1 3 2 4 2 4 1 2 2 1 3 4 1 4 1 4 3 4 
4 3 2 2 2 1 2 2 3 1 4 1 4 4 2 2 2 1 3 3 3 3 1 3 3 4 2 2 1 2 1 2 1 4 4 3 3 2 2 4 3 1 4 3 1 4 4 3 4 1 4 1 3 3 1 1 1 4 3 4 3 4 1 2 2 4 4 3 3 2 3 4 2 4 3 2 3 2 1 1 3 4 1 1 4 3 3 1 2 2 3 3 3 4 3 2 3 4 3 4 2 4 2 4 2 2 1 3 2 2 3 4 
4 3 4 1 3 2 2 2 1 4 2 3 3 2 4 1 2 3 1 1 4 1 1 4 3 3 2 4 2 2 1 1 1 2 4 3 1 3 3 2 1 1 1 2 3 1 3 2 2 4 1 4 2 4 1 3 4 1 2 2 1 1 4 3 4 3 2 2 1 2 1 4 1 4 4 4 2 3 2 2 4 1 2 4 4 2 4 4 4 2 4 3 3 2 3 1 3 1 2 1 2 1 4 2 3 2 3 1 3 3 1 4 
4 4 4 4 4 4 4 4 4 4 4 4 4 4 4 4 4 4 4 4 4 4 4 4 4 4 4 4 4 4 4 4 4 4 4 4 4 4 4 4 4 4 4 4 4 4 4 4 4 4 4 4 4 4 4 4 4 4 4 4 4 4 4 4 4 4 4 4 4 4 4 4 4 4 4 4 4 4 4 4 4 4 4 4 4 4 4 4 4 4 4 4 4 4 4 4 4 4 4 4 4 4 4 4 4 4 4 4 4 4 4 4 

