114
1000
1000

[Node]
0  0  0   0  0
115 0  0   0  0

[pickup]
1       504411672      13          8
2       504648565      21          7
3       503058102      21          20
4       505083274      24          16
5       503058122      24          11
6       504398964      25          6
7       504537707      25          14
8       504095458      32          19
9       504944067      32          12
10      505023534      32          18
11      503282693      33          15
12      502787809      36          19
13      503012782      37          12
14      503587915      40          10
15      503589812      40          10
16      503120141      42          10
17      504944047      43          14
18      504360638      44          6
19      504960935      48          15
20      504042384      49          8
21      503228783      49          17
22      504731123      51          6
23      502798324      52          15
24      502787519      56          9
25      504856540      56          16
26      505057705      58          15
27      503161393      59          11
28      504582516      60          14
29      503301564      62          10
30      504930826      63          18
31      502789170      68          10
32      503171563      72          12
33      504433520      79          5
34      503219373      81          13
35      504945646      82          6
36      502792854      82          9
37      504427291      93          14
38      502786496      93          15
39      502799030      96          10
40      504807788      98          16
41      503642641      99          6
42      502799470      101         7
43      505150249      103         5
44      505154681      104         11
45      505170366      106         9
46      505191728      107         14
47      502970822      108         9
48      504959617      108         13
49      502875595      108         12
50      503619031      110         14
51      502787525      111         10
52      504904607      111         5
53      504941835      117         18
54      504815398      118         10
55      503613062      119         10
56      503592373      124         17
57      504553396      127         14
58      504362567      130         17
59      503657465      132         19
60      504940824      133         18
61      502798686      133         13
62      503202377      133         15
63      504701928      134         10
64      502892641      148         19
65      504793290      151         5
66      502789997      154         15
67      502793597      154         15
68      505195131      158         16
69      504940738      165         6
70      502793979      166         19
71      502990075      170         14
72      503284101      172         6
73      505088149      172         18
74      503251698      183         14
75      504814981      190         6
76      502789199      197         13
77      502790178      200         10
78      502947479      204         8
79      502794531      216         18
80      502786497      221         20
81      502794770      223         17
82      502798845      226         10
83      503297617      230         14
84      504591167      237         10
85      504608410      238         14
86      502800753      256         9
87      502788471      262         16
88      502801240      265         9
89      503229542      281         6
90      503192571      288         9
91      502789900      292         5
92      504893967      295         16
93      503184278      300         17
94      505084995      306         10
95      505150247      311         8
96      503240587      317         6
97      502802061      321         19
98      505076939      343         10
99      503278639      363         5
100     502794467      370         10
101     504040924      371         6
102     504639383      398         6
103     502786707      435         17
104     503297612      451         15
105     503635633      467         18
106     503896020      497         11
107     504800637      565         11
108     502788707      626         13
109     502787162      634         12
110     504507032      642         13
111     502785855      715         11
112     504783210      754         15
113     502835894      825         10
114     504940835      1000        6

[Speed 0]
0.81
30.0   60.0 0.0 0.6
90.0   150 0.0 0.4
300.0  540.0 0.0 0.81
570.0 630.0 0.0 0.6
660.0 720.0 0.0 0.4
750.0 840.0 0.0 0.81

[Speed 1]
1.33
30.0   60.0 0.0 0.8
90.0   150 0.0 0.6
300.0  540.0 0.0 1.33
570.0 630.0 0.0 0.8
660.0 720.0 0.0 1.3
750.0 840.0 0.0 2

[Speed 2]
1.33
30.0   60.0 0.0 1.0
90.0   150 0.0 0.8
300.0  540.0 0.0 1.33
570.0 630.0 0.0 0.8
660.0 720.0 0.0 0.6
750.0 840.0 0.0 1.5

[Speed 3]
1.5
30.0   60.0 0.0 0.9
90.0   150 0.0 0.8
300.0  540.0 0.0 1.5
570.0 630.0 0.0 0.9
660.0 720.0 0.0 0.8
750.0 840.0 0.0 1.5

[Speed 4]
2
30.0   60.0 0.0 1.1
90.0   150 0.0 0.9
300.0  540.0 0.0 2
570.0 630.0 0.0 1.1
660.0 720.0 0.0 0.9
750.0 840.0 0.0 2

[speed choose matrix]
4 4 4 4 4 4 4 4 4 4 4 4 4 4 4 4 4 4 4 4 4 4 4 4 4 4 4 4 4 4 4 4 4 4 4 4 4 4 4 4 4 4 4 4 4 4 4 4 4 4 4 4 4 4 4 4 4 4 4 4 4 4 4 4 4 4 4 4 4 4 4 4 4 4 4 4 4 4 4 4 4 4 4 4 4 4 4 4 4 4 4 4 4 4 4 4 4 4 4 4 4 4 4 4 4 4 4 4 4 4 4 4 4 4 4 4 
4 1 4 3 1 2 3 4 4 4 1 3 3 3 2 4 4 4 1 4 2 2 2 4 3 2 4 2 2 1 4 2 4 1 3 3 4 2 3 2 3 4 1 1 4 3 4 4 4 1 3 4 2 2 1 2 3 1 1 3 2 1 4 4 3 4 2 1 4 3 2 1 3 2 1 3 1 2 3 2 4 2 2 4 2 1 1 4 3 1 4 4 4 2 3 4 4 4 4 3 1 4 2 2 3 4 4 1 1 2 1 3 3 2 4 4 
4 3 2 4 4 2 3 1 4 3 2 3 4 4 1 1 4 3 3 1 4 4 4 4 2 4 3 2 1 4 2 2 3 3 4 1 4 2 4 4 2 2 1 2 2 1 1 4 2 3 1 1 1 4 4 1 4 2 3 3 1 3 1 1 2 1 4 1 1 4 2 1 2 2 4 3 2 3 1 3 2 4 2 3 2 4 2 2 1 2 4 1 2 4 4 2 1 2 2 1 3 2 1 2 3 3 3 4 4 1 3 2 2 3 3 4 
4 2 2 1 2 2 4 1 2 4 3 3 2 4 2 3 3 3 1 3 3 4 2 1 3 1 1 2 3 4 1 2 3 2 1 1 3 3 4 2 2 4 3 4 1 1 3 3 1 3 2 4 2 4 4 2 1 4 3 2 3 2 1 1 2 3 4 3 1 4 3 4 3 1 4 4 1 2 4 3 3 3 1 1 2 2 3 4 4 4 3 3 1 1 1 4 3 1 3 1 2 2 2 2 4 1 3 3 4 4 4 1 3 1 4 4 
4 3 4 4 2 1 3 2 1 3 1 2 2 3 2 2 2 1 1 2 2 1 3 4 1 4 4 3 2 3 3 3 4 3 4 4 2 3 3 4 2 1 2 1 1 1 2 3 3 4 3 2 1 1 1 4 4 2 3 1 1 3 1 3 4 1 2 4 4 1 1 3 4 3 3 1 2 4 1 3 1 2 2 1 3 3 3 2 4 4 4 3 4 2 2 1 2 2 2 1 2 3 4 4 2 3 2 4 2 4 4 3 3 1 4 4 
4 2 1 2 3 3 2 2 4 3 1 3 4 3 2 3 3 2 1 2 1 2 3 4 1 4 1 3 3 4 3 1 1 4 1 2 3 2 3 3 3 1 4 4 3 1 2 3 4 3 1 2 4 4 4 2 3 4 1 3 4 3 3 3 2 1 4 4 4 1 2 4 4 3 3 2 2 2 1 1 3 1 2 4 4 2 1 1 4 2 4 4 3 4 2 4 3 4 3 2 3 4 2 3 2 3 3 4 2 1 2 2 3 3 1 4 
4 4 1 3 4 1 4 4 3 3 1 1 4 4 3 2 1 1 3 3 4 3 2 2 1 3 1 2 4 1 3 3 2 2 1 1 1 2 2 3 1 3 2 3 1 1 2 2 2 3 4 2 1 4 1 3 1 1 2 2 1 4 2 2 1 3 4 1 2 3 4 2 4 4 1 3 4 1 2 2 4 1 1 1 3 3 1 1 4 3 3 3 3 1 3 4 4 1 4 2 4 1 4 3 4 2 1 1 3 1 3 3 1 4 1 4 
4 3 2 4 1 3 2 3 3 2 4 3 4 3 1 4 1 4 2 4 1 1 2 3 2 1 4 1 3 2 1 1 4 4 4 1 4 1 2 1 2 2 4 2 2 3 1 3 1 3 3 2 4 4 1 1 3 1 3 3 3 4 2 3 4 4 3 3 4 2 1 4 1 2 2 3 2 2 2 1 2 1 4 2 1 3 2 4 2 2 1 1 1 3 3 1 3 4 1 4 1 4 1 1 1 1 1 4 4 1 4 1 3 3 4 4 
4 3 3 3 2 4 3 3 3 2 4 4 4 3 4 4 3 1 4 1 1 4 3 1 1 1 1 1 1 2 2 3 3 2 2 2 3 1 4 2 1 2 4 4 3 3 3 3 3 4 3 4 4 4 1 2 2 4 2 3 1 3 4 4 4 3 1 3 2 1 1 3 1 3 3 2 1 2 2 4 2 2 1 2 3 4 1 1 4 4 2 1 2 4 1 3 4 3 3 4 4 1 4 1 4 3 3 1 3 3 3 4 2 1 1 4 
4 4 2 3 2 1 2 2 2 1 2 3 2 4 2 4 3 2 1 2 1 2 1 4 4 4 4 1 4 2 1 2 3 2 2 3 1 1 4 3 2 3 4 3 3 3 3 4 2 2 4 4 4 2 4 4 2 3 3 3 4 3 2 1 3 2 2 4 4 2 3 3 4 2 1 2 1 3 4 2 2 1 1 3 3 4 3 1 2 3 4 3 4 2 4 4 4 3 2 4 1 4 1 2 1 4 3 2 2 4 4 1 1 1 1 4 
4 4 4 3 1 4 2 4 4 2 3 3 2 3 4 2 2 4 3 2 2 4 1 1 2 4 3 4 1 1 1 2 2 4 2 1 1 3 1 1 3 4 3 3 2 3 2 1 2 4 1 3 2 1 4 4 2 1 3 3 1 4 2 1 3 1 4 2 3 1 1 2 4 1 2 1 3 4 4 4 1 3 4 3 4 3 1 1 1 1 1 2 1 1 1 4 2 1 3 2 4 1 4 4 3 4 3 4 3 2 2 3 4 1 4 4 
4 3 2 1 2 4 3 3 3 3 4 3 1 3 1 1 2 2 1 1 3 1 3 2 4 4 3 3 4 4 1 1 2 2 2 1 4 4 1 1 3 3 1 3 1 1 1 3 1 1 2 4 4 1 2 2 1 2 1 4 2 4 4 1 3 3 4 4 2 4 2 3 3 1 4 4 4 3 1 4 1 3 1 2 4 1 4 1 3 4 3 1 3 2 1 2 3 2 4 1 1 4 3 1 2 4 1 3 1 4 3 4 4 2 3 4 
4 2 4 4 1 3 2 3 3 3 2 4 3 2 1 4 4 1 2 1 2 4 4 2 4 4 4 4 3 4 2 2 4 1 3 4 2 4 2 4 1 1 1 2 3 3 3 2 1 4 1 2 1 1 4 4 2 3 3 2 3 4 4 1 4 2 4 1 1 1 4 3 4 1 4 4 1 2 1 3 3 2 4 1 2 4 1 4 4 3 1 4 4 2 3 3 3 3 1 1 4 4 4 4 3 3 4 3 2 4 4 4 3 3 3 4 
4 3 3 4 3 1 2 4 2 2 2 2 3 4 3 4 1 3 4 3 1 4 2 1 2 3 2 4 2 2 1 3 3 2 1 2 4 4 2 2 4 1 4 1 3 1 2 4 1 1 2 4 2 2 3 4 3 4 1 1 4 3 4 1 1 4 4 2 2 3 1 1 1 4 4 4 1 1 1 3 3 3 1 3 1 4 4 2 2 1 1 3 1 1 2 4 4 4 1 2 1 2 3 1 4 3 4 4 1 2 4 2 3 4 4 4 
4 1 2 4 3 2 1 4 2 4 3 3 4 3 1 4 1 4 3 3 3 4 1 4 3 1 4 2 3 4 1 1 2 4 3 2 3 2 4 2 3 2 2 3 2 3 2 2 4 3 1 2 4 3 4 3 2 3 1 3 3 1 3 3 1 3 3 2 2 2 4 2 3 2 3 4 2 2 4 3 4 1 4 4 4 1 3 2 4 4 4 4 1 1 1 3 1 4 1 2 1 2 2 1 4 4 4 3 3 2 3 3 4 4 1 4 
4 3 1 3 2 3 3 2 1 4 2 4 4 3 4 1 2 3 4 1 3 2 4 2 4 4 4 1 1 2 4 2 1 4 1 3 4 3 1 1 3 3 2 2 3 1 4 3 1 1 1 3 3 1 1 2 3 3 4 2 4 1 3 3 2 3 3 1 2 3 4 2 1 2 4 2 1 1 2 4 1 4 2 1 2 1 3 1 1 4 2 4 4 1 2 3 2 1 2 3 4 1 2 2 3 2 1 3 3 3 1 3 1 4 2 4 
4 4 2 2 3 3 1 1 4 4 2 1 2 2 3 4 2 2 1 2 3 3 1 1 3 1 4 3 3 1 1 4 4 1 3 1 2 4 1 3 2 1 2 3 4 2 3 1 2 2 2 1 4 3 2 1 2 4 2 3 3 4 2 3 4 2 4 1 2 2 2 2 2 1 3 1 1 2 4 2 1 4 1 2 4 4 3 1 3 4 2 4 1 1 3 4 3 4 3 4 4 4 4 3 1 3 2 2 2 2 1 4 3 4 3 4 
4 2 2 1 1 3 1 3 4 1 2 2 2 2 4 1 3 2 1 2 2 1 1 4 4 4 4 4 2 2 2 2 3 2 1 4 1 3 2 1 2 4 4 1 3 2 2 3 1 4 3 4 3 2 4 4 4 4 2 2 4 3 4 1 2 2 1 3 3 2 3 3 2 4 4 2 3 4 2 3 2 2 2 3 4 4 4 3 3 4 1 4 3 1 1 4 1 2 4 1 3 4 2 2 3 3 2 4 1 3 1 1 2 1 4 4 
4 2 2 2 2 4 3 3 1 3 2 2 3 4 2 4 3 1 4 1 3 4 4 2 1 2 4 2 3 1 1 3 2 2 4 1 1 2 2 2 3 3 3 1 1 1 1 4 3 1 4 4 4 1 2 4 3 4 4 4 3 1 3 2 4 1 3 4 3 3 3 1 3 2 4 4 1 3 4 1 1 4 1 4 4 1 2 2 1 3 3 2 3 2 1 3 4 3 3 1 3 4 3 1 4 4 2 4 3 1 4 2 3 1 3 4 
4 1 2 4 3 2 1 2 3 2 2 1 4 1 3 3 2 1 1 2 3 1 3 1 2 1 4 2 3 1 3 4 2 1 2 4 1 4 3 2 2 3 2 1 4 3 2 3 2 1 1 4 1 4 3 2 2 1 4 4 3 1 3 1 3 4 3 1 3 2 4 3 4 4 4 1 3 2 3 3 3 3 4 1 3 2 3 2 1 4 1 1 3 3 4 3 4 4 1 3 4 2 2 1 2 4 3 2 3 4 1 3 2 3 1 4 
4 4 3 2 2 1 3 4 2 2 3 4 3 1 1 3 3 1 3 3 2 3 3 4 2 3 3 2 1 2 1 2 1 4 1 4 3 2 1 2 2 2 3 2 2 1 4 4 4 3 1 2 3 1 1 1 1 3 4 2 4 2 1 4 2 3 2 1 3 2 1 1 4 4 1 2 1 1 4 4 3 2 4 2 3 4 1 4 3 2 1 1 1 3 2 2 4 1 4 2 1 4 4 3 1 3 3 2 3 4 4 1 4 3 1 4 
4 2 2 4 4 4 4 3 1 2 2 2 1 2 4 4 2 1 3 1 4 4 4 4 4 2 2 1 3 4 1 3 3 2 1 3 1 1 4 4 3 3 3 2 1 3 3 2 1 1 4 4 1 4 4 2 2 4 4 4 1 2 1 1 1 1 4 3 1 2 4 2 1 4 2 2 3 2 1 1 1 3 1 2 3 1 2 4 3 3 2 2 4 3 4 2 4 4 3 3 4 2 2 2 1 2 2 3 1 3 1 2 2 2 2 4 
4 4 1 4 4 3 1 3 4 3 1 4 2 1 4 1 3 3 4 3 3 2 1 2 3 1 4 2 2 3 4 3 3 1 4 4 1 4 2 3 1 3 1 1 1 4 2 3 2 2 4 4 2 2 2 2 1 1 4 1 4 1 4 2 4 1 4 4 2 4 1 1 2 2 3 2 1 3 3 4 3 1 2 1 2 3 3 2 3 3 3 3 1 1 4 4 2 4 4 3 1 2 4 1 3 2 3 2 3 2 1 2 1 3 3 4 
4 4 3 1 4 2 1 2 3 4 4 2 2 1 3 1 4 1 2 3 2 4 2 2 1 3 2 2 4 3 4 3 4 4 2 4 2 2 3 2 3 2 2 2 1 4 4 2 4 2 3 4 2 1 3 1 4 1 4 1 1 3 1 4 3 2 1 2 2 2 3 3 4 1 3 2 4 3 3 2 4 2 4 1 3 2 3 2 4 2 1 4 2 3 4 3 1 1 3 4 3 3 2 4 1 4 1 2 1 4 1 3 4 1 3 4 
4 4 4 1 4 2 4 4 2 1 3 1 2 2 2 2 3 2 4 1 4 2 1 3 2 4 4 2 4 3 4 3 2 4 3 1 1 2 3 4 4 1 4 2 3 4 2 3 4 4 4 3 4 3 1 4 1 2 2 2 2 4 1 2 3 4 1 4 2 3 3 2 1 1 2 2 2 2 2 2 3 3 1 2 3 1 2 3 4 3 1 1 2 3 4 2 3 2 1 2 3 1 4 1 1 4 3 3 1 4 3 4 3 4 3 4 
4 3 1 2 4 1 1 4 4 4 3 4 1 2 2 4 1 2 1 4 2 1 2 1 2 1 2 2 4 2 1 2 1 4 3 3 4 2 3 1 2 3 1 2 1 1 2 3 1 3 1 1 4 1 1 2 1 2 4 1 4 4 3 1 2 2 3 4 1 4 2 3 1 3 4 1 2 2 4 3 1 1 2 4 4 3 3 2 4 4 3 1 1 4 4 4 1 4 2 1 1 4 3 2 2 2 3 4 2 3 2 4 4 1 1 4 
4 1 3 3 1 2 4 4 2 3 2 1 4 1 4 3 4 4 1 3 2 4 1 4 3 3 3 4 1 1 2 1 3 3 2 3 4 1 4 2 3 3 3 4 2 3 3 1 3 2 2 3 1 4 2 4 1 1 4 4 2 3 1 4 4 4 3 4 4 1 3 1 3 4 4 4 3 4 4 4 3 2 2 1 1 3 3 4 4 1 2 2 4 4 2 3 4 1 2 1 3 4 3 3 1 3 1 1 1 2 2 2 3 4 4 4 
4 1 1 4 3 1 2 4 2 4 3 2 4 4 1 3 4 2 2 4 3 3 1 1 1 1 4 2 3 2 3 3 3 4 2 4 1 3 1 2 2 1 1 1 3 1 3 3 4 3 1 2 1 2 1 3 2 1 1 4 4 4 4 1 4 2 3 1 3 1 2 2 2 1 4 2 4 2 1 1 3 4 4 2 3 3 3 4 3 1 4 4 3 2 3 1 3 4 3 2 2 2 1 1 3 3 1 3 1 1 2 4 4 3 4 4 
4 4 4 2 3 3 2 3 1 4 4 3 3 3 1 3 2 3 3 3 4 2 4 4 4 4 4 1 1 4 1 4 2 3 1 4 3 1 2 2 1 4 1 4 2 4 3 4 4 2 2 4 3 1 1 4 3 1 1 3 3 2 4 4 4 2 1 4 2 3 2 4 1 2 1 1 2 1 4 2 2 3 2 3 4 4 4 2 3 4 1 3 3 2 2 2 4 3 4 2 2 4 1 4 1 2 1 3 3 2 2 1 2 3 1 4 
4 4 2 3 1 2 2 3 2 2 4 1 3 3 4 3 3 3 1 3 4 1 1 2 1 4 4 4 2 1 3 2 4 3 2 2 3 4 3 2 4 3 2 2 1 1 3 2 4 2 4 1 4 2 3 2 3 1 1 1 2 2 2 1 2 3 1 4 2 2 4 1 1 1 3 1 4 3 2 2 4 1 1 1 4 3 3 4 1 4 3 1 4 3 2 2 3 2 3 2 4 1 4 3 3 3 1 4 3 2 3 1 3 1 2 4 
4 4 2 4 2 1 2 3 1 2 2 2 4 3 3 1 3 2 2 3 2 1 3 2 4 1 2 2 4 2 4 1 3 4 1 3 3 1 1 4 3 1 2 1 4 1 3 1 3 1 4 1 3 1 3 1 3 3 2 4 4 1 4 2 1 2 3 3 4 4 3 4 2 3 3 1 3 2 4 2 4 4 2 4 1 1 4 2 4 1 4 1 3 1 3 4 3 3 4 2 3 3 1 4 4 2 4 3 2 3 1 4 4 1 1 4 
4 3 4 2 1 3 3 3 4 4 2 1 1 3 3 3 3 3 2 3 3 3 3 2 2 2 4 2 2 4 2 1 3 2 1 2 4 1 4 4 4 1 4 4 4 2 2 1 2 3 4 1 3 1 2 4 4 4 1 2 1 3 4 2 1 1 3 4 1 3 1 1 4 1 4 4 1 3 1 2 1 1 3 3 3 2 1 2 3 4 4 2 2 1 1 3 4 4 3 2 1 4 3 4 2 3 3 3 4 3 2 2 2 4 1 4 
4 1 1 2 1 4 3 2 3 1 4 2 2 2 2 2 4 2 2 2 3 2 3 1 2 3 1 2 2 4 4 4 4 1 1 1 4 3 3 4 1 2 1 3 4 2 2 2 1 1 1 4 4 3 2 1 2 2 3 2 3 4 4 3 2 1 2 2 2 1 3 3 4 3 2 4 3 4 3 2 3 4 3 1 4 4 1 2 4 2 3 2 4 2 3 4 1 4 1 2 2 2 4 4 3 1 3 1 1 1 3 4 4 1 3 4 
4 4 2 4 2 4 3 4 1 4 2 4 4 3 1 4 3 4 4 3 4 1 1 4 2 2 2 2 3 2 2 1 3 1 2 4 2 2 4 3 3 1 3 4 2 2 1 4 2 4 3 1 1 2 4 3 4 2 4 4 3 4 2 2 2 4 2 4 1 3 2 3 2 4 2 1 1 3 2 3 4 2 1 3 2 3 1 4 1 2 1 4 4 3 3 4 4 3 4 3 1 3 2 1 2 1 3 2 1 1 2 1 4 3 3 4 
4 2 4 4 3 3 2 2 2 1 1 4 2 3 4 3 1 4 4 2 2 1 1 4 1 3 2 2 1 3 1 3 4 1 2 3 1 1 2 4 1 3 3 3 2 4 3 4 1 2 2 4 2 4 4 2 1 4 3 3 2 2 3 2 3 3 2 2 2 4 3 4 3 3 2 3 2 1 3 2 1 4 4 4 3 4 2 3 4 2 1 3 1 3 2 2 4 2 2 2 1 4 3 3 3 4 2 3 4 4 2 2 2 3 2 4 
4 1 3 1 2 2 1 4 4 3 2 1 4 2 2 3 2 1 1 4 3 1 4 2 4 2 2 1 3 3 1 4 3 3 1 4 1 2 4 1 1 1 3 1 4 3 3 2 1 2 4 2 2 2 4 4 2 4 1 2 3 3 2 2 4 4 2 3 4 1 3 1 4 2 3 3 4 3 4 1 1 4 4 3 4 2 2 4 4 2 2 4 2 3 2 3 3 1 1 3 3 3 2 1 4 3 1 4 1 3 4 4 4 4 1 4 
4 1 3 3 2 3 4 2 4 3 3 1 2 3 3 2 3 2 2 2 2 4 3 4 3 3 1 3 4 1 1 3 3 4 1 1 3 3 1 1 3 2 3 4 1 4 2 3 1 4 1 1 1 3 2 2 1 2 3 4 2 3 4 2 3 3 2 2 2 4 1 1 1 2 3 1 2 2 2 2 4 4 4 4 1 4 1 2 3 4 2 3 3 2 1 1 4 4 1 4 1 3 3 4 1 4 2 1 4 3 4 3 4 3 2 4 
4 2 3 3 2 2 1 2 2 3 1 3 3 4 1 1 1 4 2 1 4 3 4 2 4 3 3 1 2 1 3 4 3 2 2 4 4 2 1 1 1 1 2 3 3 2 3 2 1 4 1 2 1 1 1 1 4 1 1 2 1 4 3 2 4 4 2 2 3 1 1 1 1 3 2 2 2 4 2 2 4 3 3 2 4 3 4 1 2 3 3 2 3 2 2 4 1 4 1 2 3 2 2 3 3 1 3 1 2 3 2 1 3 3 2 4 
4 1 4 3 3 1 2 2 1 4 2 3 3 2 1 3 2 2 2 1 1 2 3 1 1 4 1 1 4 3 2 2 4 4 3 4 1 1 3 1 1 1 3 1 4 4 2 1 2 4 2 4 4 4 4 3 1 2 1 3 3 1 3 3 2 2 2 3 4 2 1 2 2 4 4 3 2 1 3 2 4 2 1 4 1 3 4 1 4 2 4 4 4 3 2 3 4 1 1 3 3 2 2 3 4 2 2 2 1 2 4 3 2 2 1 4 
4 2 4 2 4 3 1 4 1 2 1 2 3 2 4 2 1 1 2 2 4 1 3 2 4 4 2 3 1 1 3 4 4 4 4 2 1 1 4 2 1 4 1 4 3 4 2 4 3 3 1 4 4 3 4 2 4 4 4 2 1 4 1 1 2 1 4 1 3 2 4 2 1 3 4 3 2 1 1 2 1 2 2 2 3 4 4 4 1 4 3 4 2 1 1 3 2 4 4 4 4 4 3 2 1 3 1 3 3 3 1 1 4 3 3 4 
4 3 1 4 3 1 3 1 1 2 4 1 3 4 4 3 2 4 4 1 4 2 1 3 3 3 1 1 3 4 4 3 2 2 2 4 3 2 2 2 1 3 1 4 1 4 3 1 3 1 2 3 1 2 4 3 1 1 2 4 2 1 1 4 4 1 1 4 3 1 4 3 4 1 3 2 4 4 1 1 4 4 1 3 4 4 2 2 3 3 4 1 4 1 3 4 2 3 2 2 2 3 4 3 4 4 1 1 1 3 1 4 3 3 2 4 
4 2 3 4 3 1 3 1 2 1 2 4 4 1 3 4 1 1 1 1 2 2 3 1 3 2 3 2 4 2 4 3 2 4 2 1 4 3 2 3 3 4 1 4 3 4 2 3 4 4 4 3 1 4 2 3 2 4 2 3 3 2 4 4 4 2 3 4 1 4 3 2 2 3 1 1 4 2 4 2 2 3 4 3 4 3 4 3 3 4 1 4 1 1 3 4 2 2 1 1 1 1 2 1 2 1 1 4 4 1 1 4 2 1 2 4 
4 3 1 1 2 4 1 2 2 1 1 2 3 2 1 4 2 1 3 4 3 1 2 3 3 2 2 1 2 3 4 4 3 1 3 1 4 4 4 4 4 3 1 4 2 3 1 1 2 2 3 1 1 3 3 2 2 1 2 3 3 3 3 1 2 4 2 3 4 4 3 2 3 1 1 4 3 2 3 3 1 3 1 1 2 2 4 2 2 3 4 1 3 1 3 3 3 1 2 3 1 3 3 3 3 3 2 1 4 2 2 1 2 3 2 4 
4 2 4 1 2 4 4 4 1 3 1 1 2 4 2 4 2 1 1 3 3 2 2 4 4 2 2 4 3 1 3 1 3 3 2 1 4 2 2 2 1 1 3 3 4 1 3 3 4 4 4 1 2 4 3 1 1 3 3 2 3 1 3 1 2 2 4 1 3 2 3 4 4 4 1 1 2 3 4 2 4 1 3 1 1 4 2 2 4 1 4 4 1 2 1 2 2 4 2 3 2 4 3 4 3 2 3 3 4 2 1 1 3 1 1 4 
4 4 2 2 1 1 1 4 1 4 1 1 4 1 4 2 3 2 4 4 2 4 3 4 1 3 2 2 1 2 2 4 1 3 2 4 1 4 4 2 3 4 3 2 3 2 2 1 3 1 4 3 1 4 2 4 1 1 2 4 3 2 4 2 1 1 3 1 1 3 2 4 1 2 2 3 4 4 1 1 1 3 1 2 4 1 4 2 2 4 1 1 1 1 3 2 4 1 4 2 4 3 2 3 1 1 2 4 2 4 2 4 1 1 4 4 
4 1 3 2 3 3 1 1 4 3 1 1 4 3 3 4 3 4 2 1 2 1 2 4 2 2 2 3 4 1 2 4 2 1 3 1 1 4 3 4 2 1 3 2 1 2 2 3 2 1 4 4 2 3 3 2 1 2 2 3 1 4 4 2 1 3 2 4 3 2 2 2 3 3 4 1 2 2 2 1 2 2 2 2 4 4 4 1 1 4 3 3 4 3 3 2 3 4 4 1 3 3 4 1 1 3 3 1 3 4 2 1 3 4 2 4 
4 2 1 4 2 4 4 1 4 1 1 4 4 1 2 2 1 4 1 1 2 3 4 2 1 1 4 4 2 2 4 2 1 2 4 1 4 4 1 2 1 3 3 4 1 1 1 2 1 3 1 3 4 3 1 2 1 4 1 2 4 4 2 3 1 1 4 2 2 2 1 3 2 3 2 4 4 4 2 2 1 3 1 1 3 4 1 4 4 4 1 1 4 3 1 4 1 3 1 3 2 2 2 2 1 4 4 3 4 3 4 2 3 3 4 4 
4 4 3 4 3 4 4 2 1 2 2 1 1 2 4 1 1 1 2 1 2 3 1 2 1 2 4 3 4 3 2 3 2 1 1 4 3 2 4 1 2 4 1 1 4 4 3 3 4 1 4 1 1 1 3 2 1 2 3 3 2 3 1 1 2 3 1 2 1 2 4 4 1 2 4 3 2 3 4 4 2 4 3 2 4 4 3 4 3 4 1 1 2 3 3 4 2 3 3 1 1 2 2 2 1 1 2 2 2 2 3 4 1 2 4 4 
4 4 2 3 2 3 1 3 4 4 1 2 2 3 3 1 1 2 1 4 3 4 1 4 3 3 1 2 2 4 4 1 2 1 4 1 4 2 3 3 4 2 4 1 4 2 2 4 4 3 1 4 2 3 4 4 2 2 4 2 4 4 1 2 3 2 3 2 3 4 2 3 2 4 1 3 1 4 2 3 2 4 4 3 3 3 3 3 3 4 4 3 2 3 2 2 2 4 4 4 1 4 2 2 4 4 4 2 1 3 4 3 4 2 1 4 
4 3 2 2 4 3 3 1 4 4 4 3 4 2 3 1 1 3 1 4 4 2 2 4 4 3 2 4 4 4 4 1 1 1 1 1 1 3 3 4 1 2 2 1 1 3 3 2 4 4 2 2 3 3 2 2 1 3 1 3 4 3 3 4 1 4 2 4 2 1 3 3 4 2 4 3 3 2 2 3 2 1 2 4 3 1 4 2 3 2 3 3 4 2 1 3 4 4 1 3 2 3 4 4 2 4 4 2 3 4 2 3 1 1 2 4 
4 3 2 3 2 3 1 1 1 4 2 4 4 1 1 3 3 3 1 1 1 2 4 4 3 3 4 3 4 1 4 1 1 2 3 3 4 4 2 1 3 3 3 4 4 2 1 3 3 1 2 4 4 4 4 4 1 4 2 2 1 3 4 4 1 3 3 3 1 2 4 4 1 4 2 3 3 2 4 2 2 4 3 2 4 2 4 4 2 4 4 3 3 3 2 1 4 2 1 3 4 4 2 2 3 4 2 1 1 1 2 3 4 1 4 4 
4 2 4 4 4 4 4 1 4 4 2 3 4 2 4 2 2 4 1 2 1 2 2 2 1 2 4 1 2 1 3 1 4 2 1 1 3 3 3 2 3 3 1 2 1 3 1 4 1 3 3 4 4 3 4 4 1 2 1 2 2 1 4 4 2 4 4 2 1 4 4 2 1 1 2 2 2 3 1 3 2 1 2 2 3 1 1 4 4 1 1 1 3 2 2 3 2 1 4 4 1 2 3 4 2 1 4 3 4 1 3 4 1 4 1 4 
4 1 3 2 4 2 3 2 4 3 1 2 3 1 2 3 4 3 3 4 2 4 2 1 3 4 1 3 3 2 1 1 3 3 1 1 2 1 2 4 1 4 2 4 3 4 4 3 3 2 3 4 1 4 4 1 2 4 1 2 3 4 3 2 3 1 4 1 2 2 1 1 2 2 2 2 4 1 3 2 4 3 4 1 3 1 4 4 2 2 2 2 3 2 2 2 3 4 2 2 1 4 1 2 3 4 2 3 3 3 4 1 2 3 2 4 
4 2 1 4 3 4 1 1 1 1 3 3 3 2 3 1 1 4 4 1 1 3 3 4 4 2 3 3 1 3 3 4 1 4 4 3 2 3 4 3 1 2 4 2 4 4 4 1 2 1 3 1 1 2 2 1 1 2 2 2 3 2 4 3 3 3 1 4 1 4 4 1 4 1 1 2 2 3 1 3 3 3 4 3 1 2 2 4 3 3 1 2 2 4 3 4 1 4 1 1 2 2 1 4 1 2 1 2 2 4 2 3 4 4 1 4 
4 3 1 2 3 2 3 3 3 4 1 2 3 1 2 1 2 3 2 2 4 2 1 3 4 2 4 2 3 2 4 3 1 3 3 1 1 4 2 4 4 1 1 1 1 1 3 2 3 3 2 2 2 4 2 4 1 4 2 4 2 1 4 2 4 1 3 4 4 3 2 3 4 4 1 3 2 1 1 1 2 4 1 2 1 1 4 1 3 3 3 4 4 3 4 1 4 2 1 1 2 1 1 3 3 1 3 4 2 3 3 3 3 1 2 4 
4 4 2 2 4 4 3 4 1 1 3 1 2 1 2 1 1 4 3 3 1 1 4 1 2 3 1 2 2 1 3 2 3 2 1 1 1 3 3 2 4 3 4 2 1 4 2 1 1 3 1 3 4 1 3 4 2 1 2 4 3 3 4 2 1 2 1 3 2 2 4 3 1 3 2 3 2 3 3 3 2 1 2 2 3 2 3 1 2 1 3 3 3 1 3 2 3 3 2 1 1 2 4 1 2 1 3 4 4 2 3 2 1 1 3 4 
4 2 1 1 4 3 2 4 3 1 1 1 4 3 2 1 3 2 4 1 2 2 2 1 4 1 2 1 4 3 4 3 3 3 4 2 1 2 1 4 1 4 2 3 3 1 1 1 4 4 4 2 2 4 2 1 4 2 4 3 2 3 1 2 4 4 1 3 2 2 1 4 3 4 4 2 4 1 2 4 3 3 4 1 1 2 4 3 2 2 2 4 1 1 1 1 1 1 2 3 4 3 3 4 2 2 2 4 1 3 2 4 3 4 2 4 
4 4 1 1 2 2 3 4 2 4 3 1 2 3 4 4 4 2 3 3 3 3 2 1 3 2 3 4 2 2 3 4 3 4 4 1 2 2 2 3 2 1 1 1 3 4 3 2 1 2 2 3 2 3 4 4 4 2 1 1 2 3 4 3 4 2 1 4 3 3 4 4 3 3 2 2 1 1 1 1 3 2 4 2 1 2 2 4 1 3 3 3 1 2 3 1 4 2 2 4 1 4 3 4 2 4 1 4 4 4 2 4 1 4 1 4 
4 3 4 1 4 3 1 1 3 3 2 2 4 3 3 3 2 3 4 1 3 3 4 3 2 3 1 1 4 3 4 3 2 4 4 1 1 1 2 3 3 4 3 3 4 2 1 2 3 3 4 3 2 2 2 1 1 4 4 1 3 2 4 2 4 4 1 1 2 2 3 1 4 1 2 3 2 3 2 1 2 3 1 2 3 4 2 1 4 2 3 2 3 3 2 2 4 2 1 1 1 2 3 4 2 3 2 4 2 4 3 3 1 4 2 4 
4 3 3 2 4 4 1 1 2 1 2 2 4 1 4 4 3 4 1 1 3 3 3 3 2 1 3 2 3 2 3 3 3 4 2 1 4 4 1 4 2 3 1 1 4 1 1 2 3 4 2 1 1 1 3 3 3 2 3 4 1 3 3 1 2 1 3 4 4 3 3 2 2 2 1 3 3 2 1 1 1 1 1 3 3 1 1 2 3 3 2 4 2 3 2 1 3 3 4 1 1 1 4 4 1 3 1 3 1 3 4 4 3 3 4 4 
4 1 4 4 2 2 4 3 3 4 2 2 4 4 4 4 3 2 3 3 3 3 3 3 1 1 1 3 3 1 1 4 4 1 3 3 1 2 2 4 2 2 3 4 2 1 2 1 3 1 1 3 2 4 3 3 2 4 3 1 4 1 4 3 2 3 1 4 3 1 2 3 1 3 2 4 2 4 4 4 3 4 3 3 3 3 1 2 2 1 1 3 4 1 2 3 3 1 1 4 3 2 4 2 1 2 2 1 1 1 3 3 4 3 2 4 
4 1 4 2 4 3 3 3 4 2 4 2 3 4 2 3 4 1 4 2 4 2 1 3 2 3 3 3 1 3 3 3 1 2 1 2 1 3 3 1 2 4 2 2 2 3 4 4 1 4 4 4 3 1 4 2 2 3 3 1 4 3 2 3 2 3 1 4 2 4 3 1 2 3 3 2 4 2 2 2 1 2 2 3 3 1 4 1 1 2 3 4 4 3 4 3 1 1 2 4 4 2 3 1 2 3 4 3 1 1 3 2 1 2 2 4 
4 1 4 4 3 3 4 3 2 1 3 2 2 3 1 3 1 4 1 3 4 3 2 4 1 3 1 3 3 2 4 1 1 2 3 2 3 4 2 4 3 3 3 2 4 4 3 2 4 1 1 3 4 4 3 4 2 4 2 3 2 1 3 2 1 1 1 3 1 3 3 4 3 4 1 4 2 4 3 3 3 3 4 3 3 4 2 2 2 3 4 1 1 4 4 1 1 4 3 4 4 1 2 3 1 1 1 4 4 3 1 1 1 1 3 4 
4 4 4 4 3 2 2 1 2 1 4 4 1 3 3 1 3 3 3 4 1 3 1 3 2 2 2 4 4 1 3 1 1 1 2 2 3 2 3 4 4 2 2 2 2 4 3 3 3 3 1 3 2 3 1 1 4 1 4 1 1 3 2 2 3 3 3 2 2 1 1 2 3 4 1 4 1 4 3 3 1 1 4 1 2 1 1 1 2 3 3 2 4 1 3 4 4 2 1 2 2 3 2 4 4 3 2 2 3 2 3 3 1 3 3 4 
4 1 4 4 4 2 2 4 2 2 4 4 1 2 2 3 1 2 3 1 1 3 1 3 2 1 2 3 3 2 3 4 4 2 3 1 3 1 1 4 1 3 2 1 3 2 3 4 2 4 2 4 2 4 4 2 3 4 3 2 4 2 4 4 2 3 4 3 3 2 2 4 1 1 2 1 1 1 4 2 4 4 3 4 4 3 1 4 3 1 1 1 4 1 4 3 4 4 2 4 3 1 2 4 4 4 1 3 4 1 2 2 2 3 4 4 
4 3 1 3 2 3 2 3 2 4 1 3 2 1 1 3 4 1 2 1 3 4 4 4 2 1 4 2 3 4 1 2 3 4 1 2 2 4 2 3 3 1 2 1 3 4 1 1 2 2 4 3 4 2 2 1 1 1 1 3 4 3 2 4 2 2 1 4 1 2 2 3 4 4 1 1 4 2 2 3 4 1 3 1 3 2 4 4 3 1 1 1 3 2 3 1 1 1 4 3 4 2 1 2 2 1 3 3 4 3 1 1 2 4 3 4 
4 3 3 2 2 3 1 3 2 3 2 1 2 3 4 1 2 2 2 1 3 2 2 2 2 2 1 4 1 4 4 4 1 2 2 2 4 2 2 3 4 3 1 2 3 1 4 3 2 4 2 2 2 1 4 3 2 3 1 4 4 4 2 2 3 4 4 4 1 2 4 3 4 3 4 1 2 4 2 1 4 3 2 1 1 1 1 4 4 3 1 1 4 2 1 3 1 1 3 3 3 2 2 2 4 4 3 2 1 3 3 4 3 3 3 4 
4 1 3 4 3 4 4 3 3 3 3 1 3 4 3 3 3 3 1 2 3 1 1 1 2 2 2 1 3 3 2 4 3 4 1 1 3 3 3 2 1 2 4 2 2 3 1 4 3 4 1 1 4 2 2 1 4 4 2 2 2 4 2 4 2 3 3 1 3 2 3 3 2 3 2 4 1 3 1 4 2 1 2 1 2 3 3 3 2 3 1 1 4 1 2 2 3 4 4 2 2 2 1 2 3 1 4 1 1 3 2 4 1 3 4 4 
4 2 3 4 3 1 3 1 4 4 3 2 4 3 4 4 3 1 3 1 4 4 2 1 1 1 4 4 1 3 4 2 3 1 2 1 1 3 1 3 3 1 2 2 4 1 1 1 1 2 3 1 2 2 1 4 4 1 3 3 4 1 1 2 1 4 4 3 1 2 4 2 3 3 3 1 3 1 2 2 3 1 2 1 1 4 2 4 4 3 3 3 1 3 1 1 4 1 4 1 2 3 3 1 1 1 2 1 1 2 3 4 2 4 3 4 
4 4 2 3 4 1 4 3 2 3 4 3 1 1 4 4 2 1 2 4 4 4 4 2 4 4 4 2 2 1 2 4 2 3 4 1 2 4 4 4 4 3 1 4 4 3 2 3 2 4 4 3 3 1 4 3 3 1 3 4 3 2 2 3 4 3 1 4 4 1 4 1 1 3 2 4 3 2 1 2 3 2 4 1 4 4 1 2 3 2 3 3 3 2 3 2 4 4 3 4 4 4 2 2 4 2 1 2 2 3 1 1 2 2 2 4 
4 2 1 2 3 1 3 3 3 2 2 4 3 2 4 3 2 1 4 3 3 3 4 2 4 3 1 2 1 2 3 4 1 2 4 2 1 1 4 4 3 4 4 4 4 1 3 4 3 4 3 3 2 3 4 3 3 2 2 2 2 2 1 4 1 2 1 1 3 1 1 2 3 3 3 3 1 1 3 2 1 1 1 3 4 3 4 2 4 4 1 4 2 1 1 1 1 3 4 3 4 2 4 2 2 3 1 2 2 1 1 3 4 2 4 4 
4 2 4 1 2 4 2 1 4 3 3 4 2 2 1 1 4 4 4 2 4 4 3 1 2 4 4 4 1 2 3 4 4 4 2 4 4 3 1 1 3 1 2 1 2 3 2 4 3 4 3 1 2 1 2 3 2 4 2 4 2 1 3 3 3 2 1 4 2 2 1 2 2 1 3 1 4 2 3 3 1 3 4 4 3 4 2 2 2 4 4 2 4 2 2 4 4 4 2 4 3 3 1 2 1 1 2 3 4 2 2 3 3 4 1 4 
4 4 1 1 4 3 1 1 1 1 1 1 1 2 3 3 3 3 4 2 2 4 2 3 1 3 3 3 1 3 2 1 3 3 1 4 2 1 3 3 1 3 4 3 1 4 3 2 1 4 4 4 3 2 3 1 3 2 3 4 3 2 4 3 4 3 4 4 4 2 3 1 4 3 3 2 4 3 3 4 3 1 4 3 3 3 1 4 3 4 3 2 3 2 3 3 1 1 1 1 1 2 3 1 4 3 3 3 2 3 1 4 2 4 4 4 
4 1 3 4 2 1 2 2 3 4 2 3 3 2 2 2 3 1 4 4 2 4 2 1 4 1 2 4 1 3 4 3 1 4 1 3 3 2 1 2 2 1 1 3 1 1 1 2 4 2 3 1 1 1 1 4 3 3 4 2 1 3 2 3 3 3 4 1 3 1 3 4 4 3 3 3 3 1 1 3 3 2 2 3 1 4 4 1 3 4 1 2 4 1 3 3 1 3 4 4 4 2 2 3 4 3 3 1 3 2 1 4 2 2 1 4 
4 1 4 2 4 4 2 3 1 4 1 1 2 4 2 4 4 4 1 4 1 1 2 3 1 1 3 1 2 2 2 3 3 2 1 3 3 1 3 3 3 2 2 1 1 2 4 1 1 2 3 4 2 3 4 4 1 3 1 1 2 2 1 1 3 3 4 4 1 1 4 3 1 3 2 4 4 1 3 2 3 4 3 3 3 4 1 1 4 4 2 1 2 3 3 2 2 4 3 4 2 1 1 2 2 3 2 4 3 3 2 2 4 4 1 4 
4 2 1 1 4 1 1 4 2 1 3 3 3 2 2 2 3 2 2 2 4 1 3 3 4 2 3 3 2 4 3 1 3 1 1 2 3 2 3 3 1 2 3 4 3 3 4 2 1 2 2 2 1 4 4 2 1 4 2 4 1 3 1 4 2 2 2 1 4 3 3 2 1 4 3 3 2 1 2 1 4 4 1 1 3 4 4 2 4 4 3 1 4 3 1 2 4 2 4 3 1 2 4 1 2 1 2 2 4 3 3 4 3 1 1 4 
4 4 2 1 4 3 4 2 1 3 2 1 4 4 1 3 3 4 4 1 4 2 2 2 3 3 4 2 4 1 1 4 1 4 4 1 1 2 1 1 3 1 2 3 4 3 2 1 4 2 4 4 1 4 2 3 2 3 2 2 2 2 1 3 2 4 4 4 3 4 2 1 4 4 4 2 2 1 2 4 3 4 2 3 3 3 3 2 3 1 1 3 3 2 4 4 1 4 4 3 2 1 2 1 2 4 2 1 4 4 3 4 4 2 4 4 
4 1 2 3 1 3 2 4 2 1 1 4 3 1 2 1 2 3 1 3 4 4 1 4 2 4 4 3 2 2 3 4 3 4 2 3 1 1 1 3 3 1 3 2 3 3 2 3 1 4 3 1 2 1 2 4 2 1 1 2 1 4 3 1 2 3 3 2 2 1 1 2 3 4 1 2 3 1 4 3 2 4 2 2 1 4 1 3 4 2 1 1 3 4 1 4 4 4 1 2 2 1 4 2 2 4 4 1 1 2 3 3 2 2 4 4 
4 2 2 4 4 1 1 4 2 2 1 4 2 1 1 1 1 2 3 4 3 3 1 1 4 3 2 2 2 1 1 1 1 2 1 2 1 1 3 1 1 1 3 4 4 3 3 1 4 3 2 4 4 3 3 2 3 3 4 4 1 1 2 2 4 1 3 2 4 4 3 2 1 2 3 2 4 2 3 4 3 4 1 4 4 2 3 3 1 1 2 2 2 3 3 4 4 4 1 1 1 4 3 2 2 4 2 4 1 1 2 2 4 3 4 4 
4 4 4 3 1 4 2 4 3 3 2 1 3 1 3 2 2 3 3 1 1 1 4 1 3 2 4 4 1 2 4 3 3 2 4 4 2 1 2 4 1 2 3 4 1 3 1 1 1 4 2 4 4 4 1 2 2 3 3 3 1 3 3 1 2 3 4 4 3 3 1 1 1 3 2 2 2 2 3 4 4 2 3 1 2 3 3 1 2 4 4 2 3 3 1 1 1 1 2 3 3 1 3 4 2 3 4 2 4 1 3 1 4 4 2 4 
4 3 3 2 4 2 2 2 3 1 3 2 2 1 1 4 4 3 1 3 3 1 1 1 1 3 3 3 4 3 3 1 2 1 3 1 3 2 3 1 2 2 1 3 3 1 1 2 3 4 4 4 3 4 2 4 2 4 3 1 3 2 1 4 1 1 2 2 2 4 1 4 3 3 1 3 4 4 2 2 3 4 2 2 2 2 3 3 2 2 4 1 4 2 2 3 3 4 4 2 1 2 4 3 3 3 3 4 1 1 4 2 2 2 3 4 
4 1 4 1 3 2 1 2 1 2 2 3 4 4 1 1 3 2 3 4 2 2 1 2 1 3 4 4 2 2 3 2 3 4 4 1 2 1 4 3 4 4 1 4 3 2 4 2 1 4 3 3 4 2 1 3 3 2 2 1 1 1 3 3 4 2 4 4 2 4 2 4 2 2 1 2 1 1 4 4 4 4 2 4 2 4 1 4 3 4 3 1 2 2 2 3 1 2 2 3 2 2 4 2 1 2 2 3 1 1 3 1 2 3 1 4 
4 3 1 3 2 3 2 4 1 1 1 2 3 3 3 1 3 4 1 3 1 3 4 1 3 1 1 4 1 3 1 4 1 4 1 2 1 3 2 2 2 1 4 4 2 1 2 2 1 1 4 3 3 2 2 2 4 2 1 2 1 1 1 2 1 2 2 2 4 4 4 1 4 4 3 2 2 3 4 3 3 2 4 4 1 2 3 2 3 2 1 2 3 2 1 4 1 1 4 1 4 4 4 4 1 4 3 3 2 4 1 3 2 4 1 4 
4 1 3 2 3 3 4 4 3 1 1 3 1 1 1 1 1 2 3 3 1 4 2 2 1 4 3 1 3 2 3 1 3 2 3 4 1 2 3 4 2 1 2 4 2 4 4 1 3 1 2 4 3 1 3 1 3 3 3 3 4 3 2 4 3 4 2 1 4 2 3 3 4 4 2 2 3 2 3 3 2 2 1 2 4 4 2 2 2 3 3 4 2 4 4 3 4 1 3 1 1 2 1 4 1 1 2 4 1 1 1 2 1 1 3 4 
4 3 2 4 3 3 2 4 2 1 4 1 4 2 1 4 4 2 3 1 3 3 1 4 1 3 3 4 2 4 2 3 1 3 2 2 1 3 4 2 1 3 4 4 3 2 2 4 2 1 4 3 3 3 4 1 1 3 3 2 3 4 3 1 4 2 1 1 4 4 1 2 2 3 3 3 3 1 2 1 2 3 4 3 2 4 1 3 2 1 2 3 1 1 2 4 4 3 3 2 1 3 4 1 4 1 4 3 1 1 4 1 2 2 3 4 
4 4 2 2 4 3 1 4 1 1 2 2 1 2 2 2 4 1 2 2 2 1 3 4 4 3 3 1 2 3 4 3 4 1 2 3 2 2 4 4 4 2 4 2 1 3 4 2 4 4 3 4 2 4 1 2 1 4 1 2 2 2 3 1 4 1 2 1 3 1 1 3 4 1 3 1 1 2 1 2 4 2 3 2 4 3 2 2 2 4 4 2 1 1 3 3 2 2 2 1 4 1 2 4 4 4 3 4 1 3 2 1 2 1 2 4 
4 4 3 4 3 1 2 1 2 2 3 3 2 4 2 1 2 3 3 2 2 3 2 1 1 2 2 3 3 4 2 4 2 1 2 2 2 4 2 1 1 1 4 4 2 3 2 1 3 4 1 4 1 3 4 4 1 3 4 1 1 4 1 1 3 4 3 1 4 1 4 1 3 2 1 4 3 4 4 4 3 2 4 2 2 2 1 3 2 1 4 4 2 3 2 1 3 3 4 3 1 1 1 3 1 2 4 3 2 2 4 3 4 3 4 4 
4 1 3 2 1 3 3 4 2 2 4 4 2 2 1 3 3 2 4 3 3 1 3 2 2 2 4 2 3 4 2 2 4 3 4 4 3 2 4 2 1 3 1 3 2 3 2 4 1 3 1 4 3 4 4 2 4 2 3 4 4 3 4 1 3 3 4 4 3 3 1 2 3 2 3 4 4 3 1 2 4 1 2 2 4 2 2 3 2 2 4 3 4 1 2 2 3 1 4 4 2 3 4 3 2 3 1 2 2 3 1 2 4 2 4 4 
4 1 4 4 1 1 2 2 3 2 4 3 1 1 1 3 2 2 1 2 2 2 1 2 3 4 4 4 3 1 1 2 4 2 1 1 4 4 4 3 2 4 2 2 3 2 1 3 4 4 4 1 2 4 4 2 3 3 2 3 2 1 2 2 1 2 2 4 4 4 4 3 3 3 4 4 3 4 4 4 1 2 3 3 3 4 4 1 1 1 4 4 4 2 3 3 4 1 2 2 4 4 1 4 4 2 4 1 2 2 1 4 4 1 3 4 
4 3 3 4 3 4 4 2 4 4 2 3 1 3 2 1 4 1 2 3 1 1 1 4 3 1 4 1 4 3 1 1 1 4 2 4 1 4 1 4 4 2 3 2 4 1 4 4 1 2 1 3 4 1 1 1 3 3 4 1 2 2 2 1 3 3 2 4 1 2 4 3 3 3 3 3 3 1 3 1 1 4 2 4 4 3 2 3 4 3 4 4 3 4 2 1 1 3 3 4 1 2 2 4 3 2 1 2 3 2 3 3 4 1 4 4 
4 1 3 1 3 3 2 1 1 3 3 1 2 1 1 2 2 4 3 1 3 4 3 2 3 3 4 3 2 3 4 3 4 4 2 1 3 1 2 3 3 3 1 4 3 1 3 4 3 4 3 3 1 1 1 4 2 3 4 4 3 1 1 2 3 4 2 2 3 4 4 1 1 3 2 4 2 4 2 4 1 2 3 3 4 3 2 2 4 2 4 3 2 3 3 3 1 3 1 3 1 3 2 4 3 2 4 1 2 3 4 1 2 4 4 4 
4 4 3 1 3 4 4 4 1 4 1 2 4 2 2 3 4 1 1 3 2 3 3 4 3 4 1 1 1 1 2 4 1 2 4 3 3 3 1 3 1 3 4 3 4 3 2 2 1 3 2 2 2 4 1 3 1 3 1 3 4 3 4 4 2 2 4 4 3 3 2 1 4 1 4 4 3 2 4 2 3 4 1 2 2 2 1 4 2 4 1 1 3 4 4 2 4 2 3 1 3 3 2 1 3 4 2 4 2 4 1 1 2 1 3 4 
4 1 1 2 1 3 4 3 4 2 2 4 1 3 4 3 1 3 1 4 2 1 4 3 3 4 3 1 3 2 1 2 4 3 1 3 2 1 4 4 1 1 4 2 2 4 2 3 1 3 1 4 1 2 2 1 1 1 2 3 3 3 3 1 2 4 3 4 1 4 2 4 1 1 1 3 3 3 3 4 3 1 3 3 1 2 4 3 2 4 1 3 1 1 4 3 4 3 3 4 2 1 3 3 4 3 1 3 1 4 1 4 4 3 3 4 
4 1 1 3 4 3 4 1 4 2 3 2 2 4 4 2 2 1 2 3 2 1 1 4 1 3 1 2 1 3 2 4 4 3 1 1 3 3 3 3 3 2 1 3 3 1 3 2 4 1 1 3 2 2 1 1 2 3 1 1 2 3 2 1 4 4 3 1 1 2 2 1 3 4 2 2 4 4 2 2 4 1 2 1 4 4 3 4 4 4 3 4 1 1 2 1 2 1 3 1 1 1 3 3 2 4 1 3 4 1 1 2 2 2 4 4 
4 1 2 4 2 4 3 3 1 4 1 2 4 1 1 3 3 2 2 4 4 2 3 2 1 3 2 3 2 2 2 3 4 2 3 4 3 4 2 4 2 1 2 3 1 1 1 3 4 4 3 4 2 1 2 3 4 1 3 3 4 3 2 4 4 1 1 4 4 3 3 2 3 3 1 1 3 3 4 3 3 3 1 1 1 4 3 4 3 1 3 4 4 3 3 4 3 2 1 4 4 2 4 1 4 4 4 3 4 4 2 1 2 3 2 4 
4 3 1 3 3 1 4 3 1 3 3 2 4 3 1 1 4 4 4 1 2 1 4 1 3 2 3 3 2 4 4 2 3 1 1 4 3 2 1 3 1 4 4 4 3 2 1 3 3 2 3 1 2 4 4 3 3 1 1 1 4 3 4 1 2 2 3 2 2 4 4 4 4 2 1 3 3 3 3 3 1 1 1 2 2 4 2 4 3 4 4 1 3 2 2 4 4 2 1 2 1 2 3 4 1 3 2 3 4 2 2 3 2 4 3 4 
4 1 4 1 3 4 1 1 4 1 4 3 2 3 1 2 3 3 3 3 1 1 4 3 4 1 3 2 3 4 3 4 4 3 3 1 2 2 1 3 1 4 1 3 2 4 2 4 4 2 4 4 3 3 1 1 4 2 1 3 4 2 3 4 3 4 3 1 4 3 4 4 1 2 1 3 2 2 1 1 1 4 4 3 3 3 3 4 2 3 3 3 1 4 3 2 3 4 4 4 2 3 4 2 4 2 2 1 3 4 2 1 2 2 2 4 
4 1 1 2 3 2 1 1 3 4 3 3 1 4 2 1 3 2 1 3 3 3 4 2 2 4 3 2 2 4 2 1 4 2 4 3 2 2 4 3 4 1 1 1 3 4 4 1 2 4 1 1 1 4 4 4 2 2 4 1 3 3 3 4 1 1 1 2 1 2 4 3 1 3 1 2 2 2 3 3 2 1 1 4 1 4 1 2 4 4 4 2 3 3 2 4 4 2 4 1 1 4 4 2 3 3 3 1 1 1 4 3 3 2 3 4 
4 3 2 3 2 2 1 4 2 4 2 2 2 1 3 2 1 1 2 1 1 1 1 3 1 2 2 3 2 2 1 4 3 2 4 3 3 1 2 1 3 2 3 4 2 4 3 4 2 1 3 2 4 1 2 4 1 3 1 3 3 1 2 2 3 3 3 2 2 3 1 1 4 4 3 1 2 3 2 4 2 4 2 4 1 3 1 1 3 2 3 4 2 4 4 4 3 2 4 2 2 3 3 4 3 3 1 3 2 1 1 3 4 1 2 4 
4 2 2 3 1 1 2 1 1 2 4 4 2 2 2 3 2 2 4 1 1 1 2 3 1 2 4 2 2 1 2 4 1 1 3 4 2 2 3 4 4 4 3 4 2 3 1 4 2 1 4 2 1 2 2 3 3 2 4 2 2 1 2 4 1 4 2 1 3 3 1 2 1 1 4 3 3 4 1 1 3 3 4 4 3 1 4 4 4 4 2 3 3 1 3 4 4 1 3 3 2 1 2 4 1 3 2 1 3 1 2 3 3 1 1 4 
4 3 1 2 4 3 1 1 1 4 3 3 2 2 1 2 4 3 1 1 3 1 2 4 4 4 1 4 3 3 1 1 2 2 3 1 3 1 4 4 1 1 4 1 2 1 3 3 2 2 3 1 4 4 3 2 1 2 2 3 3 3 4 1 3 4 2 2 1 4 3 2 2 1 2 3 4 1 4 3 3 2 4 2 2 2 1 4 3 1 2 4 3 1 2 1 4 3 1 3 3 4 1 4 4 2 1 2 1 4 3 2 4 4 3 4 
4 4 2 2 1 4 1 1 4 1 1 3 4 3 3 3 4 2 1 2 4 2 1 2 2 1 4 2 2 2 1 3 1 3 1 1 3 4 2 4 2 4 2 3 2 3 2 4 2 3 2 3 4 1 3 3 3 2 4 1 1 2 2 2 4 4 3 4 2 3 1 1 3 1 1 2 4 3 1 3 2 3 3 4 2 3 3 4 1 4 3 3 3 1 4 3 2 4 1 3 4 4 2 3 2 4 3 3 2 2 4 2 1 4 3 4 
4 3 1 1 2 1 1 1 1 2 3 1 4 1 4 2 3 1 3 2 1 1 4 1 4 4 3 1 2 4 1 2 1 4 3 1 4 4 4 4 1 3 4 1 3 2 1 4 2 1 3 2 3 4 1 4 3 3 2 3 3 3 2 4 2 3 1 4 4 3 4 4 1 2 1 1 3 3 2 4 3 1 1 2 4 3 2 2 1 4 4 4 4 4 2 1 2 2 1 3 1 4 4 4 3 2 1 2 2 4 2 2 1 3 4 4 
4 3 2 1 4 3 4 2 1 2 3 1 4 4 1 2 4 4 1 3 3 2 4 2 3 2 4 1 1 3 1 2 2 3 2 1 2 4 4 2 4 4 4 2 4 3 1 4 3 4 4 1 3 1 3 4 4 4 2 4 3 4 3 1 1 3 4 2 4 2 1 3 3 1 2 1 3 1 1 1 1 4 1 1 3 1 2 4 4 4 2 3 1 3 4 3 1 2 3 1 3 1 4 4 4 4 1 1 3 3 3 1 2 2 4 4 
4 1 3 4 2 2 3 3 4 3 4 4 3 1 3 1 4 2 1 1 2 4 3 4 2 2 4 2 4 1 2 2 2 4 2 2 3 3 2 2 1 4 2 2 4 4 3 4 1 3 4 2 1 2 3 4 2 1 3 3 4 3 3 1 1 3 3 4 4 2 3 2 1 2 2 4 4 3 1 2 4 2 4 2 1 3 1 2 3 2 1 3 4 2 1 3 4 1 1 2 3 2 2 1 4 4 2 1 2 2 2 2 2 1 1 4 
4 4 2 1 4 2 3 2 3 4 4 1 4 2 1 3 3 3 1 3 4 3 2 3 3 1 3 2 2 3 1 1 4 4 2 2 2 3 3 1 3 3 3 4 3 4 1 4 1 3 2 1 4 4 4 3 4 2 1 4 2 4 3 1 3 4 2 3 4 1 3 1 4 4 1 4 2 3 3 1 1 4 3 2 4 4 1 4 2 3 4 1 3 4 3 3 3 2 4 3 3 2 1 2 1 2 3 3 2 3 2 3 1 2 2 4 
4 4 4 1 4 2 4 4 1 1 3 4 4 1 1 2 4 4 3 2 3 2 1 1 3 3 1 4 4 1 1 3 4 3 1 3 2 1 1 2 1 1 4 3 3 2 3 1 1 4 3 2 2 4 4 4 1 3 4 1 4 3 1 2 3 4 1 4 3 3 2 3 1 3 2 4 3 4 2 3 2 3 4 4 2 1 4 1 1 2 3 2 1 3 1 2 2 2 4 2 4 2 4 3 3 3 2 1 2 1 3 3 4 3 1 4 
4 4 2 1 3 4 4 4 3 4 1 3 1 1 2 4 1 4 4 3 1 3 2 3 1 4 3 3 2 4 4 2 2 4 2 2 1 1 1 3 4 4 3 2 1 2 2 4 4 1 2 4 1 4 3 1 2 3 1 3 1 1 2 2 2 2 1 1 2 1 3 1 2 4 4 1 3 3 3 4 3 3 1 3 4 3 1 1 4 2 4 3 3 2 3 4 4 2 2 4 4 2 2 1 3 4 4 4 1 2 4 4 1 1 3 4 
4 3 4 3 1 1 4 2 1 3 3 3 2 2 1 1 4 1 3 4 1 1 2 1 3 4 4 1 3 3 2 1 4 3 1 4 2 4 1 3 2 3 3 3 1 1 3 1 1 3 1 4 3 4 4 1 4 4 1 2 1 3 3 3 1 3 1 2 3 3 2 3 1 1 1 2 4 4 4 1 3 4 4 2 2 1 2 2 2 4 1 1 2 1 4 4 1 3 4 4 2 1 2 4 3 3 2 2 2 2 3 4 2 1 1 4 
4 2 4 1 2 1 4 1 3 2 4 2 1 3 2 3 2 3 2 2 1 2 4 1 1 4 3 1 4 2 2 2 4 4 4 1 3 4 4 2 1 2 3 1 3 4 2 2 2 3 4 4 3 1 1 3 3 3 2 3 1 3 3 2 2 2 1 1 4 1 4 4 4 2 2 1 1 4 2 1 3 2 3 3 1 4 2 2 3 2 2 3 1 3 4 1 1 4 4 1 3 4 3 3 1 4 2 2 1 2 4 3 1 1 2 4 
4 3 4 4 2 3 3 1 1 2 4 1 3 2 2 3 1 2 4 3 3 3 3 2 3 2 3 1 3 4 3 1 3 1 4 4 1 3 4 1 3 1 3 1 4 3 4 4 1 4 1 2 2 2 3 2 4 2 4 3 4 2 1 1 2 2 3 2 2 2 2 1 1 4 4 4 1 2 1 4 1 4 3 4 3 3 3 3 3 1 4 3 4 1 3 1 2 4 3 2 3 3 4 1 4 2 1 4 2 3 1 4 2 2 2 4 
4 1 3 2 1 3 1 4 3 3 3 3 4 3 1 2 4 1 2 3 1 3 3 1 2 3 3 1 1 4 1 3 4 4 3 2 1 1 2 2 2 1 2 2 1 3 1 1 4 3 2 4 4 3 3 3 2 3 2 3 3 4 1 1 3 1 1 3 3 4 3 1 4 4 3 4 1 2 3 3 1 3 1 1 4 3 1 1 2 1 3 1 2 2 2 4 2 1 3 1 1 2 1 2 2 2 3 4 4 3 2 1 4 1 2 4 
4 4 3 3 1 2 2 3 1 3 2 1 1 2 1 2 2 2 1 4 3 2 2 4 2 2 2 4 2 1 3 1 3 1 3 2 3 2 4 3 4 2 4 4 3 3 1 4 4 3 3 1 4 1 4 4 3 2 4 3 2 4 3 2 1 2 4 4 1 3 1 1 4 4 3 4 2 4 2 1 3 2 1 4 1 4 4 1 2 1 4 2 1 3 1 4 3 3 2 4 1 4 4 2 3 1 4 4 1 2 3 3 2 2 4 4 
4 1 2 1 4 2 3 1 1 2 4 1 1 2 2 1 1 1 4 3 1 1 2 4 1 4 3 4 1 1 1 1 4 4 4 3 4 3 3 2 3 4 1 2 2 1 3 4 2 1 4 1 3 4 4 1 2 2 4 2 4 3 4 2 1 3 3 2 1 2 2 1 3 3 2 2 1 4 3 4 3 4 1 1 3 1 4 3 4 3 3 1 3 3 2 1 4 1 1 1 3 2 1 4 1 4 3 2 4 4 4 3 4 4 3 4 
4 4 1 3 2 3 1 1 2 1 3 2 1 3 4 4 4 4 1 4 2 3 3 4 1 2 3 1 4 3 1 1 3 1 2 3 2 3 2 2 2 4 3 3 3 4 2 4 4 1 1 4 1 3 4 4 1 3 3 2 2 1 4 2 4 4 3 3 4 1 2 4 1 2 4 4 2 1 3 2 1 1 4 2 2 2 2 4 4 1 3 4 1 2 2 1 2 3 2 2 4 3 4 2 1 2 4 3 1 3 1 1 2 2 2 4 
4 4 4 4 4 4 4 4 4 4 4 4 4 4 4 4 4 4 4 4 4 4 4 4 4 4 4 4 4 4 4 4 4 4 4 4 4 4 4 4 4 4 4 4 4 4 4 4 4 4 4 4 4 4 4 4 4 4 4 4 4 4 4 4 4 4 4 4 4 4 4 4 4 4 4 4 4 4 4 4 4 4 4 4 4 4 4 4 4 4 4 4 4 4 4 4 4 4 4 4 4 4 4 4 4 4 4 4 4 4 4 4 4 4 4 4 

