115
1000
1000

[Node]
0  0  0   0  0
116 0  0   0  0

[pickup]
1       505115867      12          6
2       502794547      15          8
3       504433520      23          17
4       504389727      28          13
5       505083274      29          6
6       504944047      30          20
7       504944067      32          12
8       504537707      32          20
9       504844669      32          15
10      505243698      33          20
11      503058102      36          20
12      504095458      37          14
13      503589812      38          19
14      505023534      40          9
15      503282693      42          10
16      503161393      43          11
17      504995287      43          20
18      504398964      48          7
19      503282703      48          8
20      503617238      49          9
21      504360638      53          20
22      503167459      56          13
23      505057705      59          10
24      505143425      63          16
25      504398101      66          15
26      503657465      68          7
27      504960935      72          15
28      504654384      79          12
29      502799030      82          12
30      504807788      82          18
31      502970822      82          6
32      505170069      83          17
33      503228783      85          10
34      504042384      85          7
35      504427291      90          14
36      503587915      92          19
37      505170366      92          14
38      502795231      95          7
39      505147775      98          9
40      504381435      99          7
41      504793290      102         16
42      505154681      103         7
43      503301564      104         9
44      504416396      106         14
45      503171563      111         12
46      504406686      117         19
47      504639383      120         8
48      504893967      124         14
49      504941835      126         17
50      504362567      129         16
51      503167442      130         15
52      502892641      130         9
53      504795387      133         12
54      503613062      133         9
55      503642641      135         7
56      504782558      135         5
57      504553396      139         6
58      504945646      144         7
59      503619031      150         7
60      503202377      155         7
61      505076939      159         12
62      502789170      159         6
63      502789199      166         16
64      505088149      171         9
65      505191728      175         10
66      505195131      175         16
67      502787809      186         8
68      504941658      200         10
69      502798845      200         6
70      504591167      205         20
71      503219373      209         11
72      502794929      210         6
73      504950887      217         12
74      502792352      229         7
75      504814981      237         12
76      502802061      242         19
77      504800637      248         7
78      504507032      252         8
79      504608410      252         5
80      503284101      256         10
81      502875595      256         9
82      505107611      259         13
83      503689218      265         6
84      502786834      272         17
85      504940829      272         13
86      505084995      277         5
87      503278639      284         18
88      502801240      294         17
89      503192571      309         10
90      505126632      310         20
91      502792303      311         7
92      505046733      323         8
93      505244822      336         13
94      504040924      348         13
95      504783210      349         14
96      503557466      352         19
97      504940738      356         14
98      503184278      357         7
99      502800753      362         8
100     504489902      368         19
101     505172794      394         15
102     504461228      450         5
103     502835894      450         18
104     503825659      465         8
105     503297612      475         7
106     502786974      496         12
107     505231571      515         10
108     502788471      612         16
109     502789312      721         7
110     504000237      862         12
111     502788330      1000        19
112     502787162      1000        11
113     504555619      1000        6
114     504907915      1000        12
115     505218118      1000        14

[Speed 0]
0.81
30.0   60.0 0.0 0.6
90.0   150 0.0 0.4
300.0  540.0 0.0 0.81
570.0 630.0 0.0 0.6
660.0 720.0 0.0 0.4
750.0 840.0 0.0 0.81

[Speed 1]
1.33
30.0   60.0 0.0 0.8
90.0   150 0.0 0.6
300.0  540.0 0.0 1.33
570.0 630.0 0.0 0.8
660.0 720.0 0.0 1.3
750.0 840.0 0.0 2

[Speed 2]
1.33
30.0   60.0 0.0 1.0
90.0   150 0.0 0.8
300.0  540.0 0.0 1.33
570.0 630.0 0.0 0.8
660.0 720.0 0.0 0.6
750.0 840.0 0.0 1.5

[Speed 3]
1.5
30.0   60.0 0.0 0.9
90.0   150 0.0 0.8
300.0  540.0 0.0 1.5
570.0 630.0 0.0 0.9
660.0 720.0 0.0 0.8
750.0 840.0 0.0 1.5

[Speed 4]
2
30.0   60.0 0.0 1.1
90.0   150 0.0 0.9
300.0  540.0 0.0 2
570.0 630.0 0.0 1.1
660.0 720.0 0.0 0.9
750.0 840.0 0.0 2

[speed choose matrix]
4 4 4 4 4 4 4 4 4 4 4 4 4 4 4 4 4 4 4 4 4 4 4 4 4 4 4 4 4 4 4 4 4 4 4 4 4 4 4 4 4 4 4 4 4 4 4 4 4 4 4 4 4 4 4 4 4 4 4 4 4 4 4 4 4 4 4 4 4 4 4 4 4 4 4 4 4 4 4 4 4 4 4 4 4 4 4 4 4 4 4 4 4 4 4 4 4 4 4 4 4 4 4 4 4 4 4 4 4 4 4 4 4 4 4 4 4 
4 4 2 3 1 2 4 4 3 2 2 3 3 1 2 3 2 4 3 3 1 3 4 3 4 1 3 1 3 3 2 1 2 2 1 3 3 3 3 4 4 4 3 4 4 3 3 1 1 2 1 1 1 2 2 1 1 4 2 4 1 2 3 3 2 3 2 1 2 1 1 3 3 4 3 2 1 2 3 1 1 3 2 1 3 2 3 2 1 1 3 3 4 2 4 3 2 3 2 1 3 1 4 3 4 4 2 2 3 1 4 4 3 3 2 2 4 
4 1 2 2 3 1 1 4 1 3 1 1 3 2 1 3 3 2 2 4 2 1 1 3 1 4 4 2 4 1 1 4 4 3 4 1 3 1 2 2 1 1 3 4 4 1 1 3 1 4 4 4 3 1 2 4 4 4 4 2 3 1 4 2 4 1 4 3 2 2 1 1 4 4 4 2 4 2 3 3 2 3 4 1 4 1 1 2 3 4 1 2 3 4 2 3 3 4 4 3 2 4 4 3 2 2 3 3 3 4 4 3 3 1 2 2 4 
4 3 2 3 4 4 3 3 3 3 2 1 3 2 1 1 1 3 2 2 1 3 3 4 1 3 2 1 1 2 2 2 4 4 4 2 1 1 2 4 1 3 1 3 3 1 3 3 1 2 3 2 1 3 3 3 3 4 2 4 2 3 2 4 3 4 4 2 2 3 4 3 1 4 2 4 4 3 1 1 1 1 1 4 3 4 4 3 2 3 4 4 4 2 2 3 1 4 1 4 4 4 1 4 3 2 4 4 3 3 1 4 3 1 4 4 4 
4 3 3 2 1 3 2 4 3 3 3 4 3 3 3 4 1 1 1 4 4 2 4 1 3 3 1 2 3 1 4 2 1 3 3 2 2 4 1 4 4 4 1 2 3 4 1 4 4 3 4 3 2 1 1 2 3 4 3 1 2 1 1 3 4 3 2 2 4 2 2 4 3 4 3 4 4 2 1 3 1 1 2 4 1 3 4 4 1 4 1 4 3 3 2 3 3 4 3 1 2 2 4 1 4 1 3 3 4 1 1 1 3 1 1 4 4 
4 4 2 2 1 4 4 2 1 3 2 1 1 4 1 1 1 1 2 4 2 1 4 3 1 1 1 1 3 1 2 3 3 4 3 2 2 2 2 4 1 1 2 3 4 1 4 2 4 3 1 3 3 3 2 3 4 4 2 1 4 3 4 3 2 1 1 4 2 2 1 3 4 3 1 4 2 1 1 3 4 2 3 4 1 3 2 4 3 2 1 1 1 2 3 1 4 1 3 4 2 2 4 3 3 3 3 4 4 3 1 4 2 2 3 3 4 
4 1 3 2 4 1 4 2 4 4 2 3 4 3 3 4 1 1 3 2 3 2 3 4 3 3 3 1 1 2 2 1 4 2 1 1 1 4 2 2 4 3 1 4 2 4 2 3 3 4 1 1 1 4 3 3 2 2 1 4 3 3 1 3 4 4 3 2 2 2 4 1 1 4 1 3 4 2 3 3 4 2 2 1 2 2 3 4 2 2 1 2 3 2 4 4 1 4 1 3 3 2 4 1 3 1 2 1 4 3 1 2 4 1 3 2 4 
4 1 3 1 1 2 2 2 3 1 2 1 4 3 1 3 1 2 2 3 3 1 2 2 4 3 3 4 2 1 3 4 3 4 2 4 2 4 4 1 4 3 2 3 4 3 1 1 1 1 2 3 4 2 4 3 1 3 3 1 1 4 3 1 3 2 3 4 2 1 4 2 4 3 1 3 3 4 3 1 4 4 3 1 1 2 2 4 4 4 3 3 2 4 4 2 3 1 1 2 4 1 2 2 4 4 4 4 4 3 4 2 2 4 4 3 4 
4 4 4 4 1 3 1 4 4 3 4 3 1 3 4 1 1 3 4 3 2 2 1 4 3 3 3 4 3 2 2 2 2 2 1 1 2 1 4 4 2 2 3 3 1 2 2 4 3 4 4 1 1 1 4 4 4 4 1 4 3 3 4 1 4 4 3 3 1 4 2 2 3 3 1 4 2 4 4 4 1 3 1 2 4 3 1 3 1 1 2 4 3 4 2 2 1 1 3 1 1 2 1 4 2 4 2 3 2 4 3 3 1 4 3 4 4 
4 4 3 3 3 2 4 1 3 2 3 3 1 4 3 3 1 1 3 3 3 4 3 4 1 3 1 3 4 2 3 4 2 2 1 1 3 2 1 1 2 4 3 1 3 2 4 3 3 1 2 3 1 4 4 3 3 4 3 2 4 3 3 1 3 2 3 2 4 3 4 3 1 1 4 4 1 2 3 3 2 1 3 1 1 4 1 2 4 3 4 3 4 1 3 3 4 2 2 3 4 1 3 4 3 4 2 4 1 1 1 4 2 2 3 3 4 
4 4 4 4 1 2 4 4 3 3 4 4 1 4 1 3 2 3 2 2 3 4 2 3 3 2 4 1 4 4 4 1 1 4 1 2 1 3 3 3 3 3 3 1 2 2 3 4 4 1 3 1 4 1 1 1 2 2 4 1 2 4 4 2 2 1 4 3 4 1 1 2 2 3 2 2 4 4 4 2 3 3 4 2 4 1 2 4 2 4 4 3 3 1 2 3 1 2 2 1 4 3 3 4 1 2 2 3 2 2 4 3 4 3 2 3 4 
4 4 3 2 1 2 1 3 2 1 2 2 1 3 1 4 4 2 2 4 3 1 3 3 3 1 3 3 3 3 4 4 3 4 3 1 3 1 3 1 3 1 3 2 1 2 2 4 3 3 4 3 4 2 1 3 2 2 4 3 4 2 4 2 1 3 3 2 1 2 1 2 2 2 4 2 4 1 2 4 4 4 1 3 1 4 4 1 3 2 1 1 1 3 2 2 1 1 1 1 4 2 1 1 3 3 2 2 2 2 4 2 2 2 1 1 4 
4 2 2 4 4 4 4 2 4 2 2 1 1 4 1 3 2 1 2 4 3 2 4 3 3 3 3 2 3 1 2 1 1 2 3 2 3 2 4 4 3 4 4 1 4 2 2 1 2 1 4 4 1 4 3 4 3 2 3 1 3 3 2 1 4 4 3 2 3 3 4 3 4 4 2 1 1 2 4 2 2 4 2 1 4 3 4 4 4 4 4 3 3 3 2 1 3 1 2 2 1 1 4 3 3 1 2 3 3 2 1 2 4 3 4 3 4 
4 1 1 2 3 1 3 1 4 1 4 3 1 4 2 2 2 2 1 2 3 3 4 2 4 4 1 1 1 3 4 4 4 4 2 3 4 2 3 2 2 2 3 4 4 2 2 3 1 4 1 2 2 2 1 2 3 2 4 3 1 3 3 3 2 3 1 2 1 4 3 4 2 1 2 4 4 1 4 1 1 3 1 2 4 3 4 4 2 2 2 3 4 4 1 4 4 1 2 1 1 3 1 4 4 2 4 4 2 1 1 1 4 2 4 1 4 
4 3 2 4 1 3 1 4 2 4 4 1 1 1 2 2 4 3 2 4 1 4 2 2 3 1 4 4 2 4 4 3 4 2 3 1 1 1 3 2 3 1 1 4 2 1 1 1 2 4 3 1 4 3 3 4 3 4 4 4 3 3 4 3 2 4 3 4 2 1 3 3 2 2 4 1 4 2 2 3 2 2 1 4 2 3 2 4 4 1 2 3 3 4 4 3 2 1 2 4 1 1 1 3 2 1 1 3 1 1 3 2 4 4 3 4 4 
4 3 2 2 4 3 4 2 4 2 1 3 2 2 2 2 3 4 3 2 2 4 3 1 2 2 2 2 4 3 4 4 1 2 4 1 1 4 2 2 4 4 4 4 4 1 1 1 1 4 3 3 2 2 4 4 2 2 1 4 4 3 1 1 2 4 1 4 1 4 4 2 1 1 4 4 3 4 3 4 3 3 4 3 2 3 4 4 4 2 4 2 4 3 3 2 4 2 2 3 2 4 1 2 4 3 1 4 1 3 4 1 1 1 4 2 4 
4 1 1 2 4 2 3 1 2 4 3 3 3 1 4 4 1 3 2 1 3 4 3 1 4 2 2 3 1 2 4 3 2 2 1 2 3 3 1 4 3 3 4 4 4 4 1 1 1 3 2 4 1 3 4 4 3 1 2 3 2 2 2 2 4 1 4 2 3 2 4 4 3 1 2 4 1 2 2 3 1 2 2 1 3 1 3 1 2 2 2 4 1 4 3 1 4 3 3 4 2 2 1 4 1 3 2 4 3 3 1 1 4 1 3 2 4 
4 1 1 1 2 3 2 1 4 2 3 1 4 4 3 4 2 3 3 4 4 2 4 4 3 1 4 4 4 4 4 1 4 2 3 3 2 2 1 4 2 3 2 2 3 4 3 3 2 4 3 2 3 2 4 4 2 1 3 1 1 4 1 4 4 1 3 4 3 4 4 1 4 4 2 1 4 2 3 3 3 3 3 2 2 4 4 4 3 4 2 2 2 2 3 4 3 3 4 2 2 2 3 2 1 2 4 4 4 3 4 1 4 3 2 2 4 
4 4 3 1 2 4 2 1 2 3 2 3 4 2 2 1 1 3 1 4 1 3 3 4 2 3 3 1 1 1 4 2 2 1 1 4 1 2 2 1 1 3 2 3 3 3 3 2 3 3 4 3 1 4 4 3 2 4 3 4 1 3 2 2 3 3 1 4 3 2 4 4 2 2 2 3 2 4 4 4 3 3 1 3 1 2 2 4 3 3 3 2 3 3 1 4 2 1 4 4 2 1 2 3 1 3 3 4 4 3 1 4 2 3 1 3 4 
4 3 2 3 2 3 3 3 2 1 3 1 1 4 4 1 3 2 3 3 1 1 1 2 3 4 2 3 2 4 1 4 1 4 1 2 3 1 2 2 1 1 2 1 4 2 4 2 4 1 4 4 2 2 4 2 3 4 1 2 2 1 2 4 4 3 3 3 4 1 2 4 4 3 3 4 1 4 4 4 1 2 4 4 2 4 1 3 3 3 1 1 1 1 2 3 1 1 4 4 1 3 1 2 1 2 1 1 2 3 1 3 3 3 4 3 4 
4 1 1 3 2 3 1 4 1 2 1 2 4 1 2 1 3 1 2 1 2 1 4 1 3 1 1 4 1 2 1 3 2 4 4 4 1 3 4 3 4 3 2 4 4 4 4 2 4 1 3 4 4 1 2 4 4 3 3 4 2 1 2 3 3 3 2 2 3 4 2 4 2 3 4 2 1 1 1 1 4 2 4 1 1 1 1 4 3 3 3 3 4 2 4 1 2 2 2 3 3 1 3 3 3 1 4 1 2 1 2 3 1 2 2 3 4 
4 3 4 1 3 4 1 3 1 1 3 2 4 4 2 1 1 4 4 2 1 2 2 4 4 1 2 4 2 1 1 4 4 3 2 1 3 4 2 3 3 4 1 1 1 3 1 2 2 1 1 2 2 3 4 4 3 1 3 1 1 2 1 2 4 2 3 3 4 1 1 3 4 2 4 4 2 3 3 1 3 2 1 2 2 2 1 1 2 2 3 3 4 3 4 1 4 4 2 3 1 3 1 2 2 3 4 1 3 1 2 1 2 3 2 1 4 
4 3 3 3 2 4 1 1 1 1 4 3 2 1 4 1 4 2 3 3 4 4 1 4 4 4 2 2 3 3 4 4 4 4 1 4 2 3 4 4 4 2 1 3 2 2 1 1 1 3 4 3 1 4 3 1 4 4 4 1 1 4 3 2 4 2 4 1 1 1 2 4 2 2 3 1 2 4 4 3 2 3 2 4 3 4 2 1 4 2 2 4 2 1 3 4 2 3 2 4 2 3 2 3 4 4 2 3 2 1 3 4 4 4 4 4 4 
4 1 3 4 2 2 1 1 4 4 3 2 2 4 2 3 1 4 1 1 1 4 4 3 1 4 4 2 3 4 4 3 4 1 3 2 2 4 1 3 4 2 3 2 2 2 1 3 3 1 4 3 2 1 4 3 3 1 1 1 3 3 2 3 2 3 4 4 2 3 1 1 1 2 3 2 4 1 1 2 3 3 1 2 1 3 3 4 1 1 2 2 4 4 1 3 2 3 1 1 2 2 3 1 1 1 4 3 1 2 2 4 2 4 1 1 4 
4 2 4 4 3 1 4 1 3 1 2 4 4 2 3 1 2 2 1 1 2 4 1 3 2 2 2 1 4 2 4 2 2 2 2 4 3 2 2 3 3 1 1 3 4 2 4 3 1 3 1 2 1 4 3 2 3 1 2 4 3 4 2 1 1 2 4 1 3 2 3 1 3 3 3 2 4 4 3 1 4 4 2 3 4 3 4 3 1 4 3 3 3 1 1 4 3 3 2 3 3 2 1 1 3 1 1 3 2 3 4 3 1 4 4 3 4 
4 1 1 1 3 1 4 2 2 4 1 2 2 3 1 3 4 2 2 4 4 2 1 1 3 3 3 4 4 4 1 3 3 3 2 3 2 1 4 2 4 1 1 4 2 3 4 2 3 3 3 4 1 2 4 4 3 1 1 3 4 3 3 2 3 2 3 1 1 4 1 2 2 4 3 1 4 3 2 2 1 3 1 3 2 2 4 3 3 3 3 2 3 1 1 4 3 2 2 1 3 2 3 3 4 4 4 4 4 4 1 4 4 4 1 3 4 
4 1 2 2 1 4 2 2 1 3 2 1 3 4 3 2 1 1 3 2 2 3 4 1 1 1 1 4 1 4 1 4 1 1 3 3 3 3 4 1 3 3 4 1 2 3 4 2 3 4 2 2 4 1 4 1 3 1 1 2 4 4 2 3 3 2 3 1 4 4 1 3 3 3 4 2 1 3 1 2 4 3 3 4 2 3 3 4 2 2 2 1 3 4 2 3 2 2 3 4 4 1 1 3 2 1 2 4 4 4 1 3 1 4 2 3 4 
4 2 1 4 2 2 1 1 4 1 1 3 2 4 2 4 2 2 1 4 1 3 4 4 2 2 3 3 4 3 2 3 1 1 2 2 1 2 1 3 4 3 2 4 3 3 1 1 4 3 1 1 2 2 1 4 3 1 2 1 2 4 4 3 2 1 1 3 2 2 4 1 4 2 4 1 1 4 4 3 1 3 3 4 4 1 4 1 1 3 1 1 1 2 2 3 3 1 2 4 1 4 2 1 4 3 2 3 3 2 1 3 4 2 1 3 4 
4 1 1 4 4 3 4 1 1 4 2 4 1 2 1 3 3 1 4 3 3 2 3 2 3 3 1 1 2 2 2 2 1 3 3 3 3 4 1 4 4 1 2 1 2 3 3 4 4 3 2 2 4 3 3 3 3 3 1 2 2 3 2 1 4 3 3 1 1 3 2 1 2 1 2 4 3 3 4 2 2 1 2 2 1 3 2 1 4 1 4 4 1 3 4 4 3 1 4 3 4 1 3 2 1 4 3 3 2 2 2 1 4 1 4 3 4 
4 2 4 4 1 2 4 1 3 3 2 4 2 1 2 4 1 1 4 3 2 4 2 4 4 3 2 1 4 2 4 2 2 3 1 4 1 1 2 1 4 1 3 4 4 2 4 1 1 1 4 1 3 2 1 3 4 1 1 2 3 2 1 2 2 3 4 2 2 2 2 1 1 3 3 1 4 4 1 1 1 3 3 2 4 4 3 2 3 1 4 4 2 1 2 2 1 4 1 2 1 4 2 4 4 2 2 3 2 1 1 2 1 4 2 1 4 
4 4 3 2 3 3 1 1 3 2 1 2 4 2 4 3 1 1 3 3 3 2 3 4 4 1 3 1 2 4 4 2 4 2 2 1 2 2 1 3 1 3 3 4 3 4 4 3 3 4 3 3 2 3 1 3 1 3 3 1 4 3 4 4 1 3 1 4 2 4 1 1 3 3 3 4 2 3 1 1 1 1 3 3 4 1 2 1 4 2 1 1 1 2 4 1 2 1 3 3 2 1 4 1 4 3 3 2 2 3 3 4 1 4 1 2 4 
4 2 1 2 4 3 2 3 3 3 1 4 1 4 1 4 4 4 4 2 3 3 2 4 1 2 3 3 1 2 2 4 1 2 3 2 3 4 4 2 2 3 1 1 1 3 4 3 4 4 1 3 1 4 4 2 2 3 4 4 2 1 4 1 3 3 1 2 3 1 3 2 4 1 1 3 2 2 2 3 1 3 2 4 4 2 1 2 4 1 3 4 1 3 2 4 3 3 2 2 1 4 1 2 4 4 3 4 1 3 3 2 4 4 4 2 4 
4 1 4 2 2 2 3 1 3 1 1 1 2 2 3 2 1 1 3 3 2 2 4 3 3 2 3 4 1 1 2 3 1 3 4 1 3 1 4 2 2 1 1 2 2 3 4 3 4 4 3 1 4 4 3 3 1 2 3 1 1 1 4 2 1 4 3 3 2 3 1 4 3 3 2 4 1 4 1 3 1 2 3 1 2 1 4 1 2 3 1 1 4 1 4 3 3 3 4 4 3 2 1 1 3 3 2 1 4 1 1 4 1 3 3 4 4 
4 1 3 1 4 3 2 4 4 3 1 1 1 1 3 4 1 3 3 4 4 3 2 1 3 2 2 3 4 2 4 1 3 4 4 1 2 2 4 2 3 2 4 4 2 3 1 3 2 2 4 2 2 4 2 2 3 1 2 3 2 4 3 4 4 3 2 1 2 2 1 1 4 3 4 1 4 3 1 2 1 1 4 1 3 1 3 1 2 1 1 4 2 1 3 1 4 2 2 1 3 4 1 3 4 1 2 2 3 3 2 2 2 1 2 2 4 
4 3 4 4 2 4 3 2 4 2 1 4 3 3 4 3 2 3 4 4 2 1 2 3 3 2 3 1 2 3 1 3 3 4 4 1 2 1 2 2 1 3 4 4 4 3 3 4 1 1 3 1 4 4 3 4 1 2 3 2 3 1 2 3 4 3 4 2 4 2 4 4 3 1 3 4 3 4 3 1 2 2 1 4 3 1 1 3 3 1 1 1 3 3 4 2 1 2 2 1 1 4 2 3 3 3 2 1 4 4 1 4 4 1 1 4 4 
4 4 2 3 1 3 2 1 4 2 2 2 3 3 3 1 2 3 4 4 3 1 1 3 4 4 2 4 3 2 1 3 4 4 2 3 1 4 4 4 2 4 1 2 3 2 2 1 1 2 4 4 3 3 3 3 3 4 4 3 3 1 4 4 3 3 2 3 3 3 1 2 1 1 2 3 3 3 1 1 4 2 1 3 1 3 2 2 1 4 2 2 3 2 2 2 1 3 2 4 3 4 4 3 2 4 4 1 4 4 3 2 1 4 1 1 4 
4 2 1 3 3 4 3 1 4 4 1 3 2 3 4 3 1 4 1 3 4 3 3 2 4 4 1 3 1 4 2 4 2 1 1 1 4 4 2 4 4 2 4 4 2 4 2 4 4 1 4 3 2 4 4 2 2 2 1 4 2 1 1 4 4 3 4 3 3 4 3 1 1 3 1 2 3 1 3 3 3 2 1 3 2 2 4 4 4 1 3 1 2 3 3 3 4 4 2 2 1 4 2 4 4 3 3 4 4 2 4 1 2 2 3 2 4 
4 3 3 3 1 4 2 3 4 1 4 4 3 4 1 3 1 3 4 2 1 3 1 4 2 2 3 4 1 2 1 4 2 1 4 3 1 3 3 3 1 1 3 2 3 2 1 1 1 1 2 4 3 4 2 1 2 2 3 2 2 1 1 2 3 4 2 4 1 4 3 3 2 1 2 2 4 3 4 1 1 1 1 2 1 3 4 3 1 1 2 1 4 1 2 1 1 1 2 2 2 1 4 1 1 1 1 2 2 1 1 4 3 2 2 3 4 
4 1 2 2 3 4 3 4 4 3 4 3 1 4 3 2 2 2 3 1 2 4 2 1 3 3 1 4 3 1 1 3 2 4 2 4 3 1 4 3 2 3 1 4 1 1 2 3 1 2 1 3 1 4 3 1 3 1 3 2 2 1 1 3 1 1 4 2 3 2 3 1 3 1 1 3 4 2 1 3 4 4 3 2 2 3 2 2 3 3 3 1 1 3 3 1 2 2 4 4 4 4 1 2 3 3 2 2 1 4 1 4 1 4 3 1 4 
4 4 2 3 1 1 3 4 2 2 1 3 1 4 1 3 2 3 3 4 2 4 1 3 2 3 3 3 4 2 4 3 1 1 4 4 3 2 1 2 3 3 2 3 2 3 3 4 1 4 3 4 4 4 1 3 4 2 1 2 4 3 4 4 2 3 2 2 3 3 3 1 3 3 2 4 3 4 4 1 3 3 1 1 1 2 4 1 2 1 1 1 3 2 2 2 2 3 1 4 3 1 1 1 4 1 2 4 2 4 4 4 1 1 1 1 4 
4 1 3 3 2 2 4 3 4 4 1 1 3 1 2 3 2 1 1 2 4 4 3 4 3 1 3 2 3 1 2 1 2 3 1 1 2 4 1 1 1 1 3 1 1 1 3 3 4 3 2 1 2 3 4 2 2 4 1 4 1 4 4 4 2 3 1 2 2 2 3 4 1 3 1 2 2 3 2 1 3 4 4 4 1 4 3 3 2 3 2 2 1 4 3 1 3 2 2 2 4 3 2 3 4 1 4 3 3 4 2 4 3 2 2 3 4 
4 1 4 4 3 1 3 1 3 4 1 3 1 3 3 4 2 1 1 3 1 4 3 2 1 2 3 1 4 4 1 3 4 2 3 3 2 4 1 1 4 4 4 3 4 4 1 4 1 1 1 4 2 3 2 1 4 1 4 2 3 1 3 3 2 2 4 3 2 4 1 4 3 3 2 1 1 2 2 2 1 2 3 3 3 4 4 1 1 1 1 2 2 3 2 1 2 4 2 4 1 4 4 3 2 1 4 2 1 1 4 1 2 3 4 1 4 
4 1 3 4 1 3 4 2 4 3 4 4 4 2 4 4 1 1 4 4 4 2 2 3 2 2 1 3 1 2 2 2 1 3 1 4 2 4 3 3 1 2 1 2 1 2 4 4 2 4 3 3 3 3 4 4 1 3 2 1 4 3 2 3 4 1 4 1 2 3 4 3 2 4 1 2 1 1 3 3 3 3 4 3 4 2 2 3 2 2 2 1 4 2 4 3 1 2 1 3 1 1 4 3 1 3 3 1 1 1 1 4 2 4 3 4 4 
4 2 4 4 2 1 2 3 2 4 2 3 4 2 2 3 4 3 3 2 2 3 1 3 1 4 3 4 1 2 4 4 2 3 3 1 3 3 4 2 4 1 3 3 4 2 3 4 1 1 4 4 3 4 2 1 3 1 2 4 1 2 3 4 1 1 1 3 3 2 1 3 1 2 1 1 1 4 2 1 3 2 2 1 1 3 1 1 2 3 1 1 3 3 2 3 1 3 1 1 1 4 1 2 1 3 2 1 4 4 2 3 1 4 2 1 4 
4 1 3 1 4 1 3 1 2 4 2 3 3 3 2 3 1 4 4 4 4 3 2 4 2 3 2 3 3 1 1 4 4 1 4 1 3 2 1 2 2 3 2 3 2 1 3 2 1 4 4 4 1 3 2 1 4 3 4 3 2 3 3 1 1 1 4 2 1 2 3 2 4 4 2 3 1 3 4 1 4 1 2 4 2 3 4 4 1 4 1 2 1 1 1 4 2 4 3 1 2 2 1 3 4 3 3 2 4 1 2 3 2 1 1 2 4 
4 2 3 4 3 3 1 1 3 2 3 4 3 4 1 1 2 1 2 2 2 3 1 2 1 4 2 2 1 4 3 2 3 3 4 4 2 4 4 4 3 4 2 4 1 3 2 2 3 2 3 1 4 2 4 4 4 4 4 3 1 1 3 2 2 2 1 2 3 4 1 4 2 2 1 3 3 1 2 3 1 1 4 2 1 4 1 2 1 3 3 3 1 3 2 4 1 1 3 2 4 4 2 3 2 3 3 3 1 2 1 3 4 2 4 3 4 
4 4 4 1 1 4 1 1 1 1 4 1 4 2 4 4 4 2 4 2 4 1 4 4 2 4 4 2 2 2 2 1 4 4 1 1 4 1 4 1 4 2 2 2 4 2 3 2 3 1 1 3 2 2 4 4 1 1 3 1 2 3 2 1 2 3 3 3 2 2 4 3 2 2 1 2 2 4 1 2 3 3 1 2 4 3 1 1 1 1 3 3 2 3 2 4 4 2 2 3 4 2 4 1 4 2 2 3 2 4 3 4 1 2 1 1 4 
4 4 4 4 4 2 2 2 3 3 4 1 1 3 1 3 3 4 3 3 2 3 1 1 1 1 1 1 4 1 1 3 4 4 4 1 1 2 1 1 4 1 3 2 2 4 1 1 2 2 4 2 3 1 4 1 1 3 3 3 4 1 3 4 2 3 2 3 4 4 4 4 4 2 1 3 2 1 3 4 3 4 4 4 3 2 1 1 2 3 1 3 4 4 1 3 2 3 4 4 3 2 1 1 2 4 3 2 1 1 3 4 4 3 3 2 4 
4 1 3 2 4 1 3 2 4 4 1 2 1 2 1 1 1 2 3 1 1 2 3 2 4 2 3 1 1 1 4 3 4 2 3 2 2 4 4 3 2 2 4 2 3 2 1 3 1 3 3 3 3 3 2 1 1 1 4 3 3 3 3 1 2 3 3 3 1 2 3 3 1 4 1 1 3 2 1 1 2 2 2 4 2 3 4 1 3 4 3 2 3 3 3 1 1 4 1 1 2 1 4 2 1 1 3 1 2 1 3 2 3 3 3 1 4 
4 3 2 4 4 1 2 3 3 3 1 4 1 2 4 2 2 2 3 4 1 4 1 1 1 4 4 3 1 2 3 4 1 3 3 3 4 2 3 3 1 1 1 4 3 4 4 1 4 1 2 4 1 2 2 1 4 1 3 2 1 2 4 1 3 1 3 1 2 4 1 2 2 2 2 4 3 1 1 4 1 4 3 2 4 2 4 2 3 1 1 2 4 1 1 4 2 2 1 1 4 1 2 4 2 1 1 2 4 1 2 1 4 4 1 3 4 
4 1 1 4 3 3 4 4 3 3 4 2 2 1 4 4 2 2 1 3 1 3 2 2 2 2 3 1 1 1 2 1 3 3 1 4 2 3 3 3 4 3 2 3 3 3 3 4 1 1 2 3 2 1 3 2 3 1 1 3 2 4 2 4 1 4 3 1 2 3 4 4 1 2 1 1 2 2 4 4 4 3 2 3 3 2 2 2 3 1 3 4 3 1 2 2 4 1 4 1 4 4 2 1 1 2 1 1 4 2 4 3 4 2 1 4 4 
4 1 3 3 3 4 3 2 4 1 1 2 1 3 1 4 1 3 3 1 2 2 1 2 4 1 1 4 2 3 1 2 1 4 4 3 3 3 2 2 4 3 1 4 3 1 3 3 1 4 1 1 3 2 2 3 4 2 4 4 3 4 2 4 3 3 1 1 4 1 4 2 4 1 3 4 3 1 3 1 3 4 2 2 4 1 2 1 3 1 3 3 4 2 3 2 3 4 4 2 1 4 2 3 4 1 3 3 2 2 4 3 4 1 1 3 4 
4 2 4 2 4 2 2 3 2 1 1 4 2 2 2 4 3 4 1 4 2 2 1 1 3 1 1 3 4 1 1 1 2 2 1 3 1 3 3 4 1 2 1 1 2 1 2 2 4 2 3 3 3 3 1 3 2 3 4 4 3 1 3 2 2 2 2 2 2 2 3 2 2 4 4 4 3 2 2 3 4 1 2 2 2 2 3 4 3 2 4 2 1 4 3 4 2 2 4 1 3 3 3 3 1 2 2 2 2 2 2 2 2 4 2 4 4 
4 1 3 1 2 1 2 2 1 3 3 2 3 1 2 3 4 3 2 4 3 1 4 3 4 4 3 4 3 2 3 1 4 3 4 4 1 3 2 3 1 2 3 1 4 4 2 1 3 1 2 4 1 2 2 3 4 1 3 4 1 3 1 1 2 1 3 1 4 1 3 3 4 2 2 4 4 2 2 3 2 3 1 3 3 1 1 3 1 2 3 4 1 3 4 3 1 2 1 3 3 3 1 1 1 2 4 3 1 4 3 3 1 1 4 2 4 
4 3 1 1 1 1 1 2 4 1 1 4 2 1 1 3 2 4 3 1 1 4 3 4 1 3 4 3 4 1 4 3 3 1 4 2 1 1 4 1 3 3 2 3 2 3 1 3 3 4 4 1 1 1 1 4 3 2 1 4 2 2 3 4 4 2 4 1 1 4 2 2 2 2 3 3 2 1 4 1 4 4 3 3 4 2 3 3 2 4 2 4 3 4 3 2 2 4 1 2 2 1 2 3 1 2 4 4 3 2 2 1 2 1 1 1 4 
4 3 3 2 2 4 1 3 4 4 1 1 2 1 4 2 1 2 1 2 3 1 2 3 4 2 2 1 4 4 1 3 3 3 1 1 3 2 3 3 4 2 1 1 2 2 3 1 2 3 4 1 2 1 3 3 2 2 1 3 4 2 3 2 2 4 4 3 3 4 3 3 4 1 2 1 3 3 2 1 1 4 2 3 2 4 4 1 1 2 2 1 4 1 1 1 1 2 4 3 2 4 4 3 3 3 2 3 3 2 4 4 3 3 3 1 4 
4 3 4 1 4 2 2 2 4 3 1 1 2 3 3 2 1 2 2 4 3 3 3 2 2 4 2 2 4 2 3 2 3 2 1 1 1 1 1 1 4 2 1 1 3 1 3 2 4 3 4 2 2 1 3 3 2 4 1 4 1 4 4 1 4 1 2 3 1 1 4 3 2 1 2 3 3 4 4 4 2 1 2 1 4 2 1 4 2 4 1 2 2 4 4 3 4 1 1 1 1 2 3 3 2 2 1 4 1 4 2 3 4 4 3 1 4 
4 3 2 2 2 3 1 4 1 3 3 1 4 3 2 3 4 1 3 2 4 2 3 1 3 1 1 2 1 4 3 4 4 4 3 3 4 1 4 4 4 1 4 2 2 2 4 4 1 3 3 1 1 2 2 2 4 1 1 4 1 2 2 1 3 4 4 2 2 2 4 3 2 1 4 1 2 3 4 4 3 4 2 2 1 4 2 1 1 2 3 3 2 1 2 2 1 3 1 4 4 2 3 3 2 1 3 2 3 2 1 4 2 4 4 3 4 
4 2 4 3 1 2 1 4 3 1 4 1 2 3 3 2 2 1 2 2 4 4 2 2 4 1 4 4 3 4 3 2 2 1 1 2 2 4 4 1 4 2 3 3 4 2 2 1 2 2 1 4 2 3 3 1 3 1 4 3 2 4 3 2 1 1 4 4 3 4 4 3 1 3 4 3 1 3 4 4 1 1 4 4 1 4 4 1 3 1 3 3 1 2 3 4 3 2 3 4 3 3 3 1 2 1 1 2 2 2 4 2 2 2 1 1 4 
4 4 1 3 4 1 4 4 2 3 4 3 4 4 3 4 4 4 4 3 2 3 2 1 2 4 3 3 3 1 2 3 1 3 1 3 2 2 3 1 2 3 1 4 2 1 1 3 1 4 1 3 3 1 3 3 4 4 4 2 1 1 3 1 4 4 1 3 1 2 4 4 2 2 4 3 1 4 4 2 2 1 2 2 4 4 1 4 1 4 2 3 3 1 3 2 2 2 1 2 3 2 2 2 2 2 2 3 1 3 2 2 1 2 2 3 4 
4 3 2 3 2 3 2 4 1 1 1 3 1 4 3 3 4 4 1 1 2 4 2 4 4 2 4 2 3 3 4 4 3 4 1 1 2 2 2 2 3 2 3 2 2 4 1 3 1 1 1 1 1 3 3 3 4 4 4 4 3 2 3 3 3 1 1 1 1 4 2 2 4 2 4 1 4 3 4 3 4 1 3 1 3 1 1 1 3 2 2 3 1 2 4 3 2 2 4 2 3 4 1 1 1 3 4 4 4 2 4 3 2 1 1 3 4 
4 1 2 3 4 2 1 4 1 2 3 3 4 2 1 2 2 1 3 1 4 4 4 4 1 2 2 4 2 3 1 2 3 1 4 3 4 4 4 4 1 1 2 1 3 2 1 4 3 1 3 2 2 3 3 4 2 4 1 4 2 2 4 3 4 2 3 1 4 2 4 2 3 3 2 2 4 2 1 1 1 4 1 2 4 3 4 2 2 2 4 2 3 3 3 4 1 4 2 4 4 4 4 3 3 1 3 4 4 4 2 2 2 3 3 2 4 
4 2 3 4 2 1 1 4 4 3 3 2 2 1 3 4 2 4 2 3 3 3 4 2 4 4 4 3 4 2 3 1 3 1 3 3 3 4 2 2 1 2 4 4 3 1 4 4 1 4 3 3 2 4 3 1 3 2 4 4 2 1 4 3 3 3 2 4 4 3 2 3 3 4 3 1 2 2 4 1 2 1 3 1 4 2 2 4 2 2 1 4 2 2 4 2 3 3 2 1 3 2 2 4 1 3 2 3 1 4 4 2 1 4 3 3 4 
4 3 4 4 3 2 4 3 4 1 4 4 1 1 3 2 2 1 4 3 2 2 4 1 4 2 4 2 2 3 3 3 2 2 3 1 2 2 1 2 3 4 3 2 4 3 3 4 4 2 3 4 1 4 2 3 1 2 4 2 2 1 2 4 1 1 4 1 3 1 3 3 1 2 3 3 3 2 2 4 1 3 2 2 3 3 3 4 2 4 1 1 3 4 3 3 2 3 2 2 2 2 2 4 1 3 4 3 1 2 4 2 3 1 1 2 4 
4 3 3 4 4 1 3 2 3 3 3 2 4 1 2 3 4 4 1 3 1 2 4 3 2 1 1 2 1 1 4 2 2 1 2 4 1 3 1 2 1 1 3 2 2 3 4 1 1 4 2 3 1 2 3 1 1 4 4 2 2 1 3 4 4 1 2 4 4 2 3 2 4 3 3 4 4 2 2 2 2 3 4 4 4 1 2 2 3 2 3 3 2 4 3 4 1 3 1 1 2 2 1 1 4 4 1 3 4 3 2 1 1 3 2 3 4 
4 2 4 2 3 4 2 2 1 1 3 4 4 3 4 3 3 3 2 3 4 4 2 1 4 3 1 1 2 3 1 3 1 1 3 3 1 3 2 4 2 2 3 3 4 3 4 2 1 2 2 2 2 1 4 2 4 2 1 4 3 1 2 4 2 1 1 3 4 2 2 2 2 4 3 2 1 4 4 3 2 1 1 4 2 4 4 2 1 1 4 4 2 2 1 1 4 1 3 4 1 4 3 1 4 2 2 1 1 1 4 3 4 2 3 1 4 
4 1 4 3 3 2 3 3 3 2 2 4 2 4 1 1 1 3 3 3 2 4 2 4 1 3 3 4 3 1 2 2 2 2 2 1 4 4 1 3 2 4 2 1 4 3 4 2 2 3 2 1 1 3 1 2 4 1 1 3 1 3 4 3 3 3 1 4 3 2 4 3 2 2 3 1 1 4 3 4 4 3 4 2 1 1 4 2 1 1 3 4 4 4 3 4 3 3 2 4 3 1 4 2 2 3 1 3 2 4 4 2 4 2 2 1 4 
4 4 3 3 3 2 3 2 3 2 1 4 4 2 4 2 2 2 2 3 4 2 1 3 2 3 1 1 1 1 1 3 4 3 4 4 4 4 3 1 2 3 1 4 4 3 4 1 1 4 4 3 3 4 1 2 1 1 2 1 3 4 1 3 3 2 4 1 1 1 2 3 1 2 2 1 3 3 4 4 2 3 1 2 2 3 4 1 4 3 1 4 1 4 3 2 4 3 4 2 1 1 1 1 3 1 1 2 1 4 3 3 2 2 1 4 4 
4 2 4 2 1 4 3 1 1 3 4 3 4 3 1 4 3 4 3 1 4 1 2 1 1 4 1 4 2 2 4 2 1 4 2 3 4 4 2 4 3 3 3 3 1 2 4 4 3 1 2 3 2 2 1 2 2 3 4 4 3 2 3 2 1 2 2 3 2 4 4 1 1 3 1 4 4 1 4 3 2 3 2 2 4 2 4 2 1 1 2 3 2 4 4 3 4 2 4 1 1 4 3 3 1 3 2 3 1 3 2 2 1 3 3 1 4 
4 1 2 4 4 1 4 4 4 4 2 2 2 2 2 1 1 3 3 4 2 3 1 4 1 2 1 4 4 2 3 3 4 4 3 3 4 3 4 2 2 2 3 1 4 2 1 1 4 4 1 3 3 1 1 3 3 4 2 1 2 1 4 4 2 3 2 1 4 4 2 2 3 4 1 2 1 3 4 4 2 1 1 1 3 4 4 2 4 4 2 1 1 4 3 2 3 4 3 1 2 1 1 2 4 3 4 3 4 3 2 4 1 1 4 2 4 
4 3 1 4 3 4 1 1 1 2 3 1 2 3 3 1 1 3 4 2 1 4 3 3 2 4 2 4 1 1 4 4 3 1 3 3 2 1 1 2 1 1 1 3 3 3 4 1 4 3 3 2 3 1 3 3 2 4 2 2 2 1 1 1 3 2 2 2 3 1 2 3 2 2 3 4 3 4 3 4 4 1 3 2 1 1 1 1 2 4 3 3 4 3 4 3 2 4 1 4 1 3 4 3 3 2 3 4 2 2 3 1 1 1 2 2 4 
4 4 4 3 3 4 3 1 4 4 3 2 2 4 2 4 1 1 3 4 1 4 1 1 2 3 4 2 3 3 3 2 2 3 2 2 4 3 3 2 2 4 1 3 4 3 2 1 3 4 4 4 4 3 1 2 1 4 1 2 4 2 1 3 3 2 1 4 4 2 4 3 2 2 3 4 3 3 4 1 2 2 2 2 4 2 4 1 3 4 1 1 1 1 4 1 1 4 3 2 3 4 3 1 4 2 3 4 4 4 3 4 4 2 4 4 4 
4 3 3 2 4 1 3 4 4 1 4 2 1 3 1 1 1 2 1 1 1 3 1 3 4 1 4 2 3 4 4 2 4 2 1 3 4 1 4 2 3 1 1 4 2 3 3 4 2 4 1 1 3 2 4 4 2 2 2 1 4 4 2 4 3 2 4 4 2 1 3 4 3 1 2 2 3 2 3 1 4 3 2 3 1 1 4 2 3 1 1 2 1 3 3 1 1 4 4 4 2 2 4 2 2 4 2 4 1 4 3 2 2 3 1 2 4 
4 1 4 1 3 4 1 4 3 2 3 4 3 4 3 2 2 3 1 3 1 1 2 4 1 2 1 4 1 4 2 2 3 1 2 3 1 3 3 1 4 4 1 4 1 3 4 4 1 3 4 2 3 3 1 1 3 1 4 3 3 2 4 3 1 2 3 4 2 2 2 3 1 3 2 1 2 3 1 3 1 1 1 1 4 1 4 3 1 4 1 3 2 4 1 2 2 3 4 1 4 1 1 1 3 2 3 3 1 4 3 4 4 1 1 4 4 
4 1 1 1 2 2 2 3 3 2 1 3 3 1 1 4 4 2 2 2 1 2 4 3 1 3 3 1 2 1 2 4 2 1 1 2 2 4 1 2 4 1 1 3 1 2 2 3 2 4 1 2 1 2 3 3 1 1 4 4 1 4 4 4 3 4 1 1 1 1 2 3 1 3 1 2 4 4 1 4 1 3 1 3 3 3 4 1 4 1 3 2 4 4 2 3 3 1 4 4 3 1 3 3 2 4 2 1 2 1 3 3 4 3 4 1 4 
4 2 2 4 2 2 1 2 2 4 2 3 1 2 3 3 4 1 1 2 2 4 4 4 2 4 4 1 4 3 2 3 1 3 1 2 2 4 4 1 1 3 4 4 1 2 4 1 3 2 1 1 3 2 4 4 4 3 1 1 3 3 1 2 1 3 1 1 1 1 3 1 3 3 1 1 1 1 1 2 4 3 3 2 1 2 3 1 1 4 3 1 3 2 2 1 2 2 1 3 1 4 1 2 4 3 2 1 4 4 3 2 1 3 2 3 4 
4 2 3 3 1 4 2 2 4 3 1 2 3 3 2 4 4 1 4 3 1 1 1 2 4 2 1 3 3 2 2 4 3 1 3 4 3 2 1 2 4 3 3 2 3 4 4 2 4 2 2 4 4 1 1 3 1 1 1 4 2 3 3 1 4 3 3 3 3 4 3 3 4 1 3 1 2 4 4 4 1 2 4 3 2 2 1 2 2 4 3 4 1 2 2 4 4 3 3 4 2 4 3 2 3 1 2 1 3 2 4 1 3 4 2 2 4 
4 3 3 3 1 2 4 3 4 3 4 3 3 2 4 2 1 1 3 1 4 3 2 3 2 2 1 4 3 1 2 2 4 3 4 1 1 4 4 4 3 4 4 4 3 4 2 2 2 2 2 2 4 2 2 3 4 1 3 2 4 2 2 4 2 4 3 2 2 3 4 2 1 4 1 4 3 4 2 2 1 4 2 2 4 3 3 1 1 2 2 1 2 4 4 1 1 1 2 2 4 1 1 1 2 3 3 3 3 3 2 1 2 1 1 3 4 
4 3 3 2 1 4 1 3 4 2 3 3 4 3 1 1 4 1 4 4 3 3 1 1 3 3 1 3 1 4 1 3 2 4 4 4 4 2 4 3 1 2 4 1 4 3 4 4 1 1 2 2 3 1 1 2 2 1 3 1 2 1 2 1 4 4 2 4 3 4 1 3 3 3 2 3 3 2 4 3 2 2 2 3 4 3 3 2 3 3 3 2 3 3 2 1 4 3 1 4 1 1 2 2 4 2 3 1 4 1 1 1 3 1 4 3 4 
4 3 3 1 1 2 1 4 2 2 4 2 2 3 1 1 1 2 4 1 4 4 4 3 4 1 1 1 2 2 1 3 1 4 1 1 3 4 1 2 1 4 4 1 1 3 3 4 3 2 2 1 3 2 3 1 2 4 4 4 2 1 3 2 1 1 3 2 1 2 2 3 1 4 1 1 4 1 2 3 3 4 4 1 4 1 4 1 2 4 1 1 4 4 4 2 3 3 4 3 2 2 2 4 2 3 1 1 3 4 4 4 2 1 2 1 4 
4 4 4 4 2 4 3 1 1 4 3 1 2 2 1 1 1 3 3 1 1 3 1 3 3 1 2 4 2 2 1 1 2 4 1 2 1 1 4 4 3 3 2 2 4 4 2 3 1 1 4 4 4 3 2 1 1 2 1 3 4 1 1 2 3 1 1 4 4 2 3 2 3 2 2 2 3 3 1 1 2 1 4 4 1 3 1 2 4 2 3 3 1 1 2 2 4 1 2 2 3 1 4 4 2 3 4 2 1 3 2 3 4 1 4 1 4 
4 2 1 4 2 4 1 2 3 4 4 3 1 3 1 1 1 3 3 3 4 4 1 2 4 1 3 1 1 1 1 1 1 2 4 1 2 4 3 2 3 4 4 3 2 2 3 1 3 2 3 3 2 1 4 4 2 2 2 4 4 1 4 3 2 4 4 3 1 4 3 2 2 2 3 1 4 4 3 3 2 2 2 4 3 1 1 1 1 1 3 2 3 2 1 2 3 3 1 3 2 2 3 1 1 4 2 4 2 4 1 4 3 2 4 2 4 
4 1 1 4 1 1 4 4 4 4 3 3 3 1 3 1 1 2 4 1 3 1 1 1 2 1 2 2 2 2 3 3 3 3 1 3 4 2 2 2 2 3 2 1 3 4 3 1 1 4 4 3 2 3 4 3 3 4 1 3 4 1 3 3 3 3 2 4 4 4 1 2 2 4 2 3 4 3 2 3 4 1 1 1 4 1 4 1 1 2 4 3 4 3 3 3 4 3 2 3 3 3 4 4 3 1 1 1 3 3 4 2 3 2 1 2 4 
4 1 1 3 3 4 1 4 3 2 4 4 1 4 2 1 1 4 2 3 4 4 2 3 3 2 4 2 4 4 1 3 4 3 1 1 4 3 4 3 4 4 1 3 1 2 3 1 4 4 3 4 4 1 3 2 4 2 4 1 3 3 2 3 4 2 3 3 1 4 1 3 1 3 3 2 1 4 4 4 4 2 1 3 2 1 3 3 3 4 1 4 1 4 4 1 4 2 3 1 1 3 1 3 2 1 2 4 2 2 3 2 3 3 3 3 4 
4 1 3 2 4 3 2 3 3 1 1 3 3 3 3 3 3 3 4 1 4 2 4 2 3 4 1 2 2 1 3 3 1 3 4 2 4 2 4 1 2 2 2 1 1 2 4 2 4 1 3 4 4 4 2 1 1 3 1 4 4 2 1 1 1 4 4 1 2 3 3 4 3 2 4 2 3 4 1 4 2 3 3 1 3 1 3 1 2 4 3 2 4 2 1 4 2 1 4 1 3 2 1 3 4 1 4 4 3 1 4 4 3 2 1 2 4 
4 2 4 2 1 3 4 1 4 1 1 3 4 3 2 4 2 4 3 4 1 4 1 4 4 3 3 3 3 1 4 1 4 2 4 2 1 4 3 1 2 4 4 4 3 4 3 4 1 1 1 2 2 4 2 2 4 2 2 3 2 2 1 3 4 3 4 1 2 2 3 1 1 1 1 1 1 1 2 1 1 3 1 4 1 3 2 2 3 3 1 4 3 1 3 3 1 1 3 3 3 3 2 1 3 4 4 3 1 3 1 1 3 1 3 1 4 
4 1 1 3 4 4 2 2 2 2 3 2 4 4 4 3 4 1 2 4 3 4 2 1 2 1 2 3 2 3 3 2 3 2 3 2 4 3 2 4 4 1 3 3 4 3 4 3 2 2 1 2 2 1 2 3 2 3 3 2 4 3 2 1 1 1 3 2 2 3 2 4 4 2 2 2 2 4 4 4 2 1 4 3 3 1 2 1 1 3 4 3 4 1 3 2 2 4 3 2 2 2 3 3 4 4 1 4 3 4 4 2 3 4 3 3 4 
4 4 2 3 3 2 2 2 1 2 2 3 3 2 3 4 1 4 4 4 4 1 4 1 4 4 1 2 2 2 1 1 4 4 1 3 2 1 3 2 1 3 2 1 3 1 2 4 3 3 1 4 4 1 1 4 3 4 3 2 2 1 2 3 4 1 2 4 4 3 2 3 2 4 1 4 4 3 1 2 4 1 4 4 2 1 3 3 2 3 1 1 3 4 3 4 1 2 1 2 3 4 3 1 2 2 1 3 2 1 3 1 4 1 1 3 4 
4 2 4 4 2 1 2 3 3 3 2 1 3 3 1 1 2 2 4 1 2 2 2 4 3 4 3 3 2 3 4 1 3 4 3 1 3 4 1 4 3 4 1 2 1 3 3 3 3 3 4 2 1 4 1 3 3 4 2 3 3 2 4 1 3 1 2 4 2 2 2 1 1 3 2 1 4 4 1 1 4 3 3 3 1 2 3 4 3 3 3 4 3 4 2 3 3 2 4 1 3 4 3 1 3 2 1 2 4 4 3 2 4 4 4 3 4 
4 1 2 1 2 1 4 3 4 2 4 1 2 2 1 3 2 3 2 3 4 4 1 4 3 2 1 3 3 2 1 1 1 4 2 3 1 4 2 1 4 1 3 1 1 4 1 4 3 1 1 4 3 1 1 2 1 3 2 1 3 1 4 3 1 4 2 3 1 2 3 3 4 3 2 1 2 4 4 2 4 3 1 2 2 1 1 3 4 2 3 2 1 1 1 1 1 2 2 2 1 3 3 2 2 4 4 1 4 4 3 1 4 2 2 1 4 
4 4 1 2 3 1 3 1 1 4 1 2 2 4 3 1 1 3 4 3 2 2 2 3 1 1 2 2 2 2 1 4 1 4 2 2 3 4 4 1 1 1 2 1 2 1 2 3 4 3 1 4 4 3 3 3 3 2 3 3 3 4 1 3 4 1 1 1 2 3 3 2 2 4 1 2 1 2 4 4 4 1 2 4 4 4 3 2 3 3 4 1 1 1 1 2 3 2 3 2 2 3 2 1 3 4 1 1 1 3 4 4 4 3 4 4 4 
4 1 4 3 2 3 4 2 1 3 4 3 4 1 3 4 4 2 3 2 3 1 4 3 2 1 3 4 1 1 2 2 3 1 2 2 3 1 2 4 2 4 3 2 2 3 3 1 3 2 3 2 4 2 3 1 2 4 1 2 1 4 2 1 1 4 2 3 4 1 2 3 2 1 2 1 1 3 1 1 2 4 2 2 3 4 3 2 3 3 1 1 4 1 4 1 3 1 3 2 1 3 3 3 4 2 4 3 1 4 1 3 3 1 2 3 4 
4 3 4 4 2 3 4 4 4 1 1 1 4 2 2 3 4 4 3 3 1 2 2 3 1 1 1 1 2 1 1 1 3 1 2 1 3 1 4 2 1 3 2 2 4 1 1 4 4 4 4 4 3 1 1 1 3 1 2 1 1 4 3 1 1 3 2 2 1 2 4 4 4 1 4 2 3 2 1 1 3 4 4 1 1 2 3 1 1 2 2 3 1 1 1 4 3 4 1 4 4 2 3 4 2 1 1 4 1 4 2 1 1 4 4 4 4 
4 1 3 3 3 4 1 2 4 4 3 3 1 3 1 3 1 1 1 3 1 1 3 2 1 1 1 2 4 1 2 3 4 1 3 3 3 1 3 1 4 1 1 3 2 1 1 3 3 4 2 4 3 4 3 2 4 1 1 2 1 4 3 2 4 3 4 4 2 1 2 2 4 3 2 1 2 1 2 2 4 4 1 1 2 3 4 4 2 4 2 2 1 1 4 1 3 4 2 1 1 4 2 2 3 4 3 2 2 4 3 2 2 4 2 3 4 
4 4 1 3 2 4 3 4 4 2 2 1 3 3 3 4 4 4 1 2 4 2 3 3 4 1 4 3 1 1 1 3 3 1 1 1 1 1 3 1 1 2 2 1 1 4 3 2 4 4 3 3 1 4 4 1 3 2 1 1 4 4 1 3 2 1 4 3 1 1 4 3 4 4 3 2 3 1 1 3 2 1 4 4 1 3 2 2 3 2 4 1 3 4 3 2 2 2 3 1 2 2 2 2 1 2 4 4 3 4 4 3 1 4 1 4 4 
4 3 1 3 1 3 2 4 2 1 3 1 4 3 3 3 3 2 2 3 4 1 1 4 3 2 4 2 3 4 1 2 4 3 3 4 1 2 2 2 3 2 1 3 1 2 3 4 3 4 4 2 3 2 3 4 1 4 1 3 2 4 1 1 1 4 1 3 4 4 2 2 3 3 4 3 4 2 4 2 4 3 1 2 2 3 4 2 4 4 3 4 2 4 2 4 4 1 4 2 1 2 3 4 3 1 4 4 4 3 4 3 4 4 2 4 4 
4 1 4 1 2 2 4 1 1 3 4 4 2 4 3 4 2 3 4 3 1 2 1 4 1 3 4 2 3 3 1 4 1 3 3 1 4 1 2 3 2 3 1 4 2 2 1 1 1 3 2 4 1 4 3 4 1 1 1 4 1 1 3 2 1 1 3 3 1 4 4 4 2 1 3 1 1 2 2 4 3 1 3 4 4 4 4 4 4 3 4 2 4 4 3 4 2 3 1 2 4 4 3 3 1 1 2 4 2 3 2 2 2 1 2 1 4 
4 4 2 1 2 4 3 4 4 1 4 2 2 2 4 1 2 1 1 2 3 4 1 4 4 2 3 2 4 2 3 3 3 2 1 2 2 1 1 4 3 4 4 2 4 2 1 4 2 1 2 2 3 3 4 3 2 4 4 4 3 1 3 3 4 4 4 1 2 1 2 4 1 2 1 1 2 3 1 2 4 1 4 4 2 1 4 1 2 3 2 1 2 2 1 3 1 2 3 4 4 1 1 3 2 2 3 3 1 1 2 4 2 3 2 4 4 
4 2 2 4 1 4 3 1 3 1 3 2 1 4 1 4 3 1 1 4 2 2 1 3 2 2 3 1 1 2 4 4 2 2 2 4 3 4 4 4 2 1 3 3 3 2 3 1 4 3 1 1 2 2 3 2 3 2 4 2 3 2 1 4 4 2 2 1 2 4 1 4 1 1 1 1 4 2 1 1 4 3 3 3 3 2 1 2 2 1 3 1 2 4 2 3 1 2 4 3 3 2 3 3 3 3 1 4 2 1 3 4 1 1 2 3 4 
4 2 3 2 1 2 4 1 4 1 2 2 3 1 3 4 4 3 2 4 2 4 4 1 3 1 1 2 2 3 1 3 3 1 4 3 1 4 1 2 3 1 3 4 4 2 4 4 3 3 2 2 2 1 3 4 2 2 1 1 2 3 3 4 4 1 4 2 1 3 3 3 3 3 1 2 2 3 4 4 3 1 1 2 3 3 1 1 4 4 3 3 2 1 1 2 4 3 2 4 4 3 1 2 3 4 1 1 1 1 3 2 4 2 3 2 4 
4 2 2 1 2 4 3 4 4 3 4 3 4 1 1 3 4 4 4 1 2 1 3 2 3 2 3 1 4 4 1 3 2 4 3 2 2 1 4 4 2 2 3 3 1 4 3 1 3 1 2 3 2 3 4 1 3 1 3 2 3 4 1 2 1 3 3 4 4 2 1 1 2 4 4 1 1 1 4 3 3 1 1 1 1 4 1 1 3 2 1 3 1 3 4 4 4 4 4 3 4 2 1 2 3 1 1 4 2 2 4 4 4 1 1 1 4 
4 2 4 1 2 3 4 4 4 2 2 3 3 2 1 1 3 2 2 1 1 2 4 3 2 4 4 1 2 1 3 2 3 4 3 2 1 4 4 3 1 3 4 1 1 2 4 4 4 2 4 2 2 1 3 1 1 4 2 3 1 2 4 2 1 4 1 3 1 4 2 1 3 3 3 1 4 2 4 1 1 3 3 3 2 1 2 4 3 2 3 3 4 1 1 1 3 2 4 3 2 3 3 3 1 3 3 3 3 4 2 1 3 2 2 1 4 
4 3 3 1 4 4 2 3 1 3 3 4 2 2 3 2 1 2 2 3 4 2 4 2 3 1 4 2 3 3 2 3 4 3 2 3 1 2 4 3 1 3 4 2 2 4 2 3 1 1 2 2 2 1 2 4 3 1 3 3 1 3 1 4 3 1 2 3 2 1 2 2 2 3 3 4 1 4 4 2 3 1 4 4 1 1 1 2 2 1 3 1 3 2 1 4 4 1 4 1 1 4 3 2 4 2 4 1 4 3 3 4 4 2 2 4 4 
4 4 3 1 3 4 3 2 2 3 4 4 4 3 1 4 2 1 2 3 4 2 1 3 3 1 2 2 3 3 4 3 2 4 2 1 4 3 4 2 1 3 4 3 2 1 4 4 1 3 4 4 2 4 1 2 3 4 2 3 4 3 4 4 3 2 1 3 1 4 3 2 2 4 1 4 4 1 4 2 3 2 4 3 4 1 4 1 2 4 1 2 3 1 2 1 2 2 1 4 2 3 4 3 4 4 3 4 3 3 2 3 2 4 2 3 4 
4 1 3 3 1 4 4 1 4 3 3 4 2 3 2 1 4 2 1 4 1 3 3 4 1 1 1 3 4 2 1 2 3 2 3 1 3 2 2 1 3 3 3 3 3 4 3 1 2 3 4 2 1 1 4 1 1 3 4 2 2 3 4 1 4 4 3 4 3 4 2 1 3 2 1 3 3 4 3 2 3 4 4 4 4 3 3 3 2 4 2 3 1 2 2 2 3 4 3 1 3 2 1 1 4 4 4 1 1 4 3 2 1 4 4 1 4 
4 1 3 2 3 1 3 3 1 1 4 2 3 2 1 3 3 2 1 1 4 1 1 4 3 3 4 3 4 4 2 1 1 2 3 1 3 3 4 3 4 2 3 2 3 3 1 1 1 4 3 1 1 1 3 1 3 3 2 2 1 4 3 2 1 1 1 1 2 1 4 4 3 1 4 3 4 3 2 4 1 3 3 4 3 2 2 1 3 1 1 3 3 4 2 1 4 4 3 2 2 3 2 4 1 3 1 3 2 4 2 4 2 1 4 3 4 
4 1 4 4 4 4 1 1 4 1 2 1 1 2 3 4 2 1 1 1 1 1 3 3 4 1 2 3 1 2 2 4 2 2 3 1 4 4 2 1 4 2 1 2 4 4 4 4 1 2 3 2 3 4 1 1 2 2 3 4 3 4 1 1 3 1 1 1 2 3 3 2 3 4 1 3 3 2 4 4 4 3 3 2 4 3 3 2 4 4 1 1 4 3 4 3 3 2 1 2 4 2 2 2 4 1 1 3 4 3 4 3 3 2 1 3 4 
4 1 1 3 1 2 2 2 2 1 1 4 3 4 3 3 2 1 3 2 3 3 1 2 1 4 4 1 3 4 1 3 3 2 1 1 2 1 3 2 3 4 3 4 3 3 4 3 4 4 2 3 4 3 2 1 1 1 3 3 4 2 4 2 4 2 4 3 2 1 4 2 4 2 1 1 2 3 4 1 2 3 4 3 1 4 1 1 4 1 3 3 2 1 1 3 1 4 3 4 3 3 2 3 1 1 1 3 2 2 1 1 1 4 4 1 4 
4 4 4 3 4 4 4 1 4 2 4 1 3 4 2 4 3 3 4 2 1 3 4 4 3 2 2 3 2 3 2 2 2 2 1 3 1 1 1 1 1 3 3 1 2 2 2 1 4 4 1 3 2 1 4 2 4 1 4 2 4 1 4 4 1 4 2 3 3 4 1 4 4 1 2 1 2 4 1 1 3 3 3 3 4 2 2 4 3 3 1 3 2 3 4 4 1 4 1 2 1 3 1 3 2 2 1 2 1 2 4 1 1 4 2 2 4 
4 3 4 4 1 2 4 1 4 1 1 1 3 3 4 1 4 1 4 2 2 3 2 4 3 4 3 2 1 2 1 2 3 2 2 1 2 3 2 2 4 2 1 2 3 4 2 4 4 2 2 4 4 2 4 1 1 1 2 3 1 3 4 3 4 4 2 2 1 4 4 1 2 3 2 3 2 4 4 4 1 2 4 4 4 3 4 2 2 1 1 1 3 2 2 1 2 3 3 2 1 4 2 3 4 2 4 1 4 1 1 2 4 3 2 4 4 
4 4 2 1 1 1 1 4 3 4 3 3 1 2 1 1 3 3 2 2 4 1 2 4 3 3 1 3 4 4 4 2 4 4 3 4 4 2 2 2 2 2 2 1 2 4 3 4 4 3 1 4 2 2 3 4 1 2 4 2 2 3 1 1 2 4 1 3 2 1 4 4 1 4 1 2 3 4 3 3 2 4 3 3 3 1 1 4 3 3 4 1 1 4 1 4 4 2 3 1 3 3 2 1 2 2 1 1 3 3 4 3 1 2 3 4 4 
4 1 2 2 1 1 2 4 3 4 4 4 3 2 2 1 4 4 3 1 4 3 1 2 4 2 1 4 3 3 3 3 4 1 2 4 2 3 1 2 1 2 3 1 2 3 2 1 4 1 2 2 4 1 1 4 4 4 3 4 2 4 1 3 2 4 3 4 3 2 1 2 2 3 3 3 4 4 2 1 4 2 4 1 4 1 4 4 2 2 3 2 2 3 4 1 3 1 3 1 1 2 4 3 1 1 3 4 4 4 3 2 1 4 2 2 4 
4 2 4 2 4 1 3 1 2 1 1 2 2 1 4 3 4 3 3 4 4 3 4 1 2 2 2 1 4 1 1 4 4 4 2 1 1 3 4 4 3 3 1 4 2 2 1 3 4 4 4 2 4 4 2 2 2 2 3 3 3 4 4 4 3 4 1 2 4 2 1 2 4 3 1 2 1 4 2 4 3 3 1 1 1 3 1 4 2 3 2 1 2 4 4 2 2 2 2 4 2 2 4 3 4 4 3 4 4 2 3 1 1 2 1 2 4 
4 1 3 1 1 1 3 2 1 2 2 1 4 1 4 2 2 4 3 1 4 3 1 4 2 4 4 3 1 1 4 1 2 1 4 1 1 4 3 2 4 1 4 1 4 2 1 3 2 4 3 1 1 1 3 4 1 4 2 2 1 3 1 3 4 4 1 3 2 4 3 3 1 1 1 4 2 1 3 3 3 4 1 3 2 4 4 2 2 2 4 1 2 3 2 4 4 2 3 3 3 1 3 2 4 4 3 4 2 4 3 4 1 4 4 4 4 
4 2 3 1 4 3 3 4 2 3 3 4 2 1 3 2 1 1 4 4 1 2 3 3 4 2 1 1 3 1 2 3 2 1 2 3 4 1 3 3 1 3 4 4 4 2 2 4 4 2 1 4 4 4 4 2 3 4 1 1 3 2 2 3 3 3 2 2 3 1 4 2 1 1 1 2 4 3 3 2 3 3 1 1 3 3 3 3 2 1 3 3 3 2 4 1 2 3 3 2 4 4 1 4 1 3 2 1 1 1 4 1 4 4 3 4 4 
4 1 1 3 4 1 4 1 4 3 1 1 3 1 4 3 2 3 1 1 3 3 4 4 2 2 4 3 2 4 4 4 4 1 1 4 1 1 3 3 1 1 3 1 1 2 4 1 2 1 1 2 4 2 2 3 3 2 2 4 4 3 4 4 4 1 2 2 2 3 3 2 4 1 3 3 3 3 1 1 3 1 1 1 3 4 2 2 2 3 3 3 1 3 1 4 4 3 3 2 3 1 2 2 1 4 2 4 4 3 1 2 4 1 3 2 4 
4 4 4 4 4 4 4 4 4 4 4 4 4 4 4 4 4 4 4 4 4 4 4 4 4 4 4 4 4 4 4 4 4 4 4 4 4 4 4 4 4 4 4 4 4 4 4 4 4 4 4 4 4 4 4 4 4 4 4 4 4 4 4 4 4 4 4 4 4 4 4 4 4 4 4 4 4 4 4 4 4 4 4 4 4 4 4 4 4 4 4 4 4 4 4 4 4 4 4 4 4 4 4 4 4 4 4 4 4 4 4 4 4 4 4 4 4 

