116
1000
1000

[Node]
0  0  0   0  0
117 0  0   0  0

[pickup]
1       503074303      19          12
2       505123014      28          19
3       504944047      30          11
4       505239866      32          5
5       505023534      32          16
6       505036392      36          10
7       504360638      38          14
8       504910673      39          13
9       504944067      39          19
10      504389727      42          8
11      503282693      42          9
12      505083274      44          16
13      502798324      45          14
14      504654384      45          12
15      504995292      47          17
16      505235624      48          15
17      503058102      49          15
18      504807788      49          9
19      504731123      51          10
20      505150249      51          18
21      502970822      54          14
22      504433520      55          7
23      503161393      56          14
24      503658864      56          8
25      504960935      57          14
26      504633794      58          11
27      502786869      59          5
28      505117949      60          13
29      504802242      63          19
30      505128819      63          13
31      505198338      64          16
32      505018320      64          11
33      503301564      67          6
34      505077327      74          13
35      503589812      79          10
36      504930826      80          12
37      503228783      81          20
38      503167459      81          16
39      505143425      82          14
40      504042384      85          11
41      503613062      87          13
42      503282703      88          14
43      504959617      92          11
44      502789170      94          6
45      505115867      96          14
46      505231571      96          10
47      503240587      103         7
48      504904607      103         8
49      502800258      108         5
50      504952771      109         10
51      504782558      111         15
52      505154681      112         7
53      502799030      115         20
54      502788210      117         5
55      505186923      121         7
56      504941835      129         5
57      503657465      132         6
58      504959841      134         20
59      503555058      137         14
60      504856540      139         9
61      504591167      151         7
62      505126631      153         9
63      505170069      154         10
64      503167442      156         6
65      502892641      158         13
66      503284249      158         15
67      503658860      162         12
68      505234068      163         11
69      505238370      163         14
70      502800753      164         9
71      503557466      164         15
72      504940738      166         14
73      503284101      169         17
74      502794929      173         7
75      504793290      173         15
76      505191728      175         10
77      503251698      177         7
78      504795387      181         13
79      505088149      186         14
80      504930829      192         17
81      502787809      205         7
82      503242004      205         18
83      503168027      209         11
84      502785855      217         8
85      504639383      231         6
86      502792352      246         14
87      505195131      250         17
88      503592373      250         9
89      502789199      252         6
90      502801240      253         17
91      504726267      270         15
92      503278639      270         18
93      505076939      274         5
94      502790178      275         10
95      504814981      277         8
96      504303490      283         8
97      503689218      300         20
98      505158222      302         17
99      504945646      307         11
100     504139409      316         18
101     503819061      348         13
102     502798845      391         6
103     502787162      422         15
104     503192571      425         5
105     503297612      436         18
106     502794531      443         8
107     504608410      451         19
108     502835894      464         10
109     504040924      497         16
110     504800637      504         7
111     502788707      564         18
112     503202377      637         9
113     503184278      761         13
114     505080279      1000        18
115     504783210      1000        13
116     503635633      1000        18

[Speed 0]
1.8
30.0   60.0 0.0 1.5
90.0   150 0.0 1.1
300.0  540.0 0.0 1.9
570.0 630.0 0.0 1.5
660.0 720.0 0.0 1.3
750.0 840.0 0.0 1.8

[Speed 1]
1.6
30.0   60.0 0.0 1.77
90.0   150 0.0 0.95
300.0  540.0 0.0 1.84
570.0 630.0 0.0 1.5
660.0 720.0 0.0 1.3
750.0 840.0 0.0 2

[Speed 2]
1.8
30.0   60.0 0.0 1.4
90.0   150 0.0 1.2
300.0  540.0 0.0 2
570.0 630.0 0.0 1.5
660.0 720.0 0.0 1.2
750.0 840.0 0.0 2

[Speed 3]
1.6
30.0   60.0 0.0 1.4
90.0   150 0.0 0.9
300.0  540.0 0.0 1.8
570.0 630.0 0.0 1.4
660.0 720.0 0.0 1.2
750.0 840.0 0.0 2

[Speed 4]
1.8
30.0   60.0 0.0 1.4
90.0   150 0.0 1.2
300.0  540.0 0.0 2
570.0 630.0 0.0 1.5
660.0 720.0 0.0 1.2
750.0 840.0 0.0 2

[speed choose matrix]
4 4 4 4 4 4 4 4 4 4 4 4 4 4 4 4 4 4 4 4 4 4 4 4 4 4 4 4 4 4 4 4 4 4 4 4 4 4 4 4 4 4 4 4 4 4 4 4 4 4 4 4 4 4 4 4 4 4 4 4 4 4 4 4 4 4 4 4 4 4 4 4 4 4 4 4 4 4 4 4 4 4 4 4 4 4 4 4 4 4 4 4 4 4 4 4 4 4 4 4 4 4 4 4 4 4 4 4 4 4 4 4 4 4 4 4 4 4 
4 3 4 2 2 4 4 3 1 3 3 4 1 2 2 3 4 2 3 1 3 1 1 2 3 4 2 1 3 2 1 4 1 1 4 4 2 3 4 2 2 4 1 3 1 4 2 1 2 2 1 3 2 3 2 2 1 2 2 4 1 1 3 1 2 4 1 1 1 4 1 3 2 4 1 3 4 1 2 2 2 4 4 3 1 1 4 2 3 2 1 2 3 1 1 3 1 4 1 1 1 4 4 2 4 1 3 2 3 1 2 2 1 1 2 2 1 4 
4 4 4 3 2 3 3 4 1 2 2 3 3 3 4 4 1 4 4 3 2 2 4 4 2 2 1 3 2 1 4 2 4 3 2 2 4 3 2 4 2 4 4 4 3 3 1 2 2 1 3 2 3 3 4 3 4 3 2 4 1 3 3 1 1 3 4 1 2 3 1 1 3 3 1 1 1 1 4 4 1 1 2 3 4 4 1 1 2 3 4 4 4 3 2 3 2 2 4 2 4 2 4 4 4 2 4 3 3 2 3 4 1 2 3 3 2 4 
4 1 3 3 1 3 3 4 1 2 2 2 2 4 2 2 4 4 2 4 1 1 2 4 3 2 2 1 3 2 2 2 4 2 4 3 2 3 4 4 2 1 3 1 1 1 2 3 1 2 3 3 4 3 1 3 4 4 4 4 3 1 2 4 4 1 1 3 1 4 3 2 4 4 4 1 3 2 4 1 3 2 4 4 4 2 1 4 4 3 1 4 3 3 3 2 2 4 2 1 1 1 2 3 4 2 3 1 3 1 3 1 2 3 2 1 3 4 
4 3 1 1 2 2 4 1 4 2 1 1 2 3 4 4 4 3 3 3 3 2 1 1 3 3 3 2 2 4 2 4 1 3 1 3 3 4 3 4 2 1 1 3 4 3 1 2 1 2 2 3 3 3 3 3 3 2 3 3 2 3 1 2 2 3 4 2 3 3 4 2 3 4 4 2 3 2 3 4 1 2 2 1 1 1 1 2 2 2 1 3 3 1 4 3 3 1 2 1 3 1 2 3 2 4 4 2 3 1 4 4 4 4 2 2 1 4 
4 1 2 3 3 2 3 1 2 3 1 2 4 4 2 4 1 4 2 2 1 2 1 2 3 3 4 4 3 2 3 4 1 3 3 1 1 3 3 3 4 1 2 3 2 3 1 1 4 2 2 2 4 3 1 3 3 4 4 2 1 4 1 1 1 1 1 4 1 2 2 4 4 2 3 1 2 2 4 4 2 4 1 1 3 4 2 1 1 3 1 2 2 1 1 3 4 1 4 3 1 2 3 4 3 1 3 1 1 4 1 2 2 4 3 2 1 4 
4 2 3 4 4 2 1 2 4 3 4 3 4 3 4 2 3 2 4 3 1 1 2 1 3 1 3 4 2 3 3 4 4 4 2 2 3 4 1 3 3 4 2 2 4 4 2 2 4 1 4 1 1 4 3 1 4 3 2 3 1 4 4 2 2 2 2 3 4 1 2 2 2 3 3 1 1 2 3 2 3 2 4 2 4 4 3 4 2 2 4 4 1 4 3 1 2 4 1 2 3 4 4 2 3 2 1 4 1 2 3 4 2 4 4 3 4 4 
4 3 4 2 3 2 4 4 3 4 3 2 2 3 3 1 1 3 3 3 4 1 2 3 3 3 2 1 1 2 3 4 2 2 1 4 3 2 1 2 2 4 3 2 2 3 3 2 4 4 4 3 2 2 3 3 2 3 3 2 2 1 4 4 1 1 4 1 2 1 3 1 3 4 2 3 4 4 4 1 2 3 3 2 1 1 3 2 3 4 1 4 4 2 3 4 1 4 2 2 1 3 3 3 3 4 4 2 4 4 4 4 4 2 1 1 1 4 
4 4 3 3 1 2 4 4 1 2 2 2 2 2 1 4 3 3 4 4 3 4 1 1 1 1 2 2 4 1 1 4 2 1 1 1 1 2 3 3 4 1 1 3 4 2 1 2 3 3 1 4 3 2 1 4 4 3 2 4 4 2 1 3 3 1 2 3 4 4 1 1 4 3 1 3 1 2 2 4 2 1 1 3 4 1 4 1 4 4 2 4 1 2 4 1 3 1 2 2 1 4 3 1 4 4 2 2 4 1 2 4 3 3 1 4 1 4 
4 4 4 4 2 1 3 2 4 4 2 3 2 4 2 4 3 2 4 3 4 1 4 1 3 2 3 4 2 2 1 2 3 3 2 3 3 2 3 4 3 1 1 1 4 2 1 3 2 4 2 2 2 2 4 1 4 4 4 2 2 1 2 1 1 3 3 4 2 4 1 3 4 4 4 3 3 4 1 1 4 3 2 4 2 3 4 2 1 4 3 4 3 1 1 1 3 3 3 1 1 1 4 4 2 2 4 2 1 4 4 3 1 2 1 1 4 4 
4 2 1 4 3 3 4 4 1 3 3 3 4 4 2 3 2 2 1 3 4 3 2 4 1 2 2 3 4 3 4 4 1 2 1 4 2 3 3 3 3 2 4 2 4 1 1 3 3 4 4 2 3 2 3 2 3 1 1 3 2 1 3 4 4 4 3 3 4 4 2 3 4 1 3 1 1 4 1 3 2 4 4 2 1 4 1 2 2 2 3 3 2 4 4 2 1 1 2 3 4 3 2 4 4 4 4 2 4 4 4 4 4 1 3 1 1 4 
4 4 4 3 4 4 4 2 2 4 3 2 3 3 3 4 4 3 1 2 2 4 3 1 2 4 1 1 4 3 1 4 3 3 4 2 4 3 3 1 1 3 3 4 1 1 2 1 1 1 1 4 1 4 1 4 2 4 2 1 2 2 3 3 3 4 3 1 2 1 2 3 4 1 2 1 2 1 1 4 3 4 4 3 4 3 1 2 1 3 4 4 1 1 3 3 4 1 2 1 2 2 3 4 3 4 3 2 3 2 4 4 4 3 4 1 4 4 
4 4 1 1 2 2 4 3 4 2 1 4 1 2 2 4 3 1 1 4 3 2 2 4 3 3 1 2 3 2 2 3 2 4 3 3 2 4 3 2 4 2 1 1 3 4 3 3 3 2 1 4 1 4 1 2 1 3 3 3 4 3 1 3 3 3 3 1 1 4 1 2 2 4 2 4 4 4 3 1 4 3 4 3 1 3 4 1 4 2 4 1 1 2 4 1 4 4 4 2 4 2 3 4 1 4 2 2 2 4 2 1 2 3 2 1 2 4 
4 4 4 1 3 1 4 3 2 4 2 4 4 2 2 3 3 4 1 4 4 1 3 3 1 3 4 4 3 1 2 1 4 3 2 4 3 2 3 1 3 3 3 3 3 2 1 4 2 1 4 4 2 4 2 1 4 1 3 2 4 2 4 3 4 4 2 1 2 4 2 1 3 1 2 3 1 2 2 2 4 4 4 3 2 4 1 3 3 1 2 4 2 4 1 1 3 4 3 3 3 1 1 1 2 3 4 2 3 4 2 4 2 4 2 2 3 4 
4 3 1 3 3 4 4 4 1 3 2 1 4 4 3 4 1 2 1 2 4 1 1 1 3 3 4 3 4 4 2 2 1 1 1 3 4 3 4 2 1 4 3 3 2 4 1 3 2 4 1 1 3 2 2 2 1 2 1 4 2 1 4 4 1 3 2 2 2 1 1 4 1 3 2 3 2 4 1 1 3 4 3 1 1 4 4 2 4 1 3 4 2 2 2 2 2 3 4 3 1 2 3 1 3 2 1 2 1 3 3 3 2 1 2 4 4 4 
4 3 1 1 3 3 3 3 2 2 1 4 3 2 4 2 3 2 1 3 3 4 2 4 3 2 4 2 3 3 3 4 2 1 2 2 4 2 4 1 1 3 1 3 1 4 3 1 3 2 4 3 3 2 3 2 1 3 3 1 3 3 2 2 1 1 1 2 1 3 1 1 4 2 1 2 3 3 4 2 3 3 4 4 3 2 3 4 3 1 3 2 3 3 2 1 3 3 4 3 4 1 1 3 4 3 3 3 4 4 2 3 1 3 4 2 4 4 
4 4 3 4 3 1 1 2 2 4 4 3 1 1 4 3 2 3 4 2 4 1 4 1 4 3 1 1 4 4 1 2 3 2 4 2 3 3 2 4 2 4 4 2 4 4 4 1 1 3 3 2 3 3 2 2 3 2 1 1 3 3 1 2 1 4 4 4 3 4 2 1 4 2 3 3 4 2 2 1 1 1 3 1 1 3 1 3 4 3 4 1 1 1 3 2 2 3 2 3 3 2 4 1 3 1 4 1 2 2 2 4 1 3 3 1 3 4 
4 4 1 1 3 3 1 3 3 4 2 1 2 1 1 1 3 1 3 3 2 4 2 2 3 3 2 2 3 2 2 4 2 3 2 1 2 3 3 3 3 2 4 4 3 2 3 1 3 4 1 2 4 1 3 2 2 1 3 1 1 4 1 4 3 1 2 1 3 2 1 4 2 4 4 3 3 4 2 1 2 4 2 1 4 3 4 1 4 4 2 4 4 2 2 3 2 4 4 1 2 4 4 1 4 1 4 3 1 3 3 2 3 2 2 4 1 4 
4 1 1 2 2 2 2 2 4 3 2 4 1 3 4 1 2 1 4 4 4 4 2 1 4 2 2 3 2 2 2 1 1 3 4 1 3 3 1 2 2 4 4 4 1 2 2 2 3 2 1 4 4 2 1 4 4 1 4 3 1 3 1 4 2 1 3 1 2 1 3 2 2 1 4 1 3 3 4 4 4 1 4 2 4 2 1 2 2 1 3 1 3 3 4 4 1 2 2 2 3 3 1 4 3 1 2 4 4 3 2 3 3 1 4 1 2 4 
4 1 1 1 3 4 3 3 3 4 1 3 4 1 4 3 4 4 2 4 1 1 3 2 4 1 3 1 3 2 3 1 2 1 2 1 3 1 3 2 4 4 4 4 4 2 2 1 4 1 3 1 3 3 1 4 4 1 1 2 4 1 1 4 3 2 1 2 3 3 4 4 3 4 4 4 1 2 4 1 4 2 4 2 1 4 4 2 4 4 1 4 4 1 3 1 3 4 3 1 3 1 2 2 1 4 2 1 1 1 4 3 3 3 1 2 2 4 
4 4 1 3 1 3 2 4 4 3 3 1 1 1 1 3 1 2 1 4 4 1 2 2 2 3 2 2 1 4 1 2 2 4 2 1 2 3 3 1 2 4 4 2 2 2 2 2 3 1 2 2 3 3 3 2 4 3 3 4 4 4 4 4 3 3 1 3 3 1 2 4 3 3 1 2 2 1 2 1 1 4 2 3 4 4 1 2 1 3 1 3 4 3 4 3 4 2 2 4 3 3 3 2 4 1 2 4 1 2 4 2 3 3 3 1 3 4 
4 1 4 2 3 4 3 1 3 3 4 1 3 4 4 3 3 1 4 3 1 3 1 1 1 4 2 3 2 1 4 1 1 4 3 4 1 4 1 4 3 3 4 3 2 1 1 4 3 2 1 2 4 3 1 2 3 3 4 3 2 2 2 2 2 2 3 3 3 4 4 3 3 4 4 2 4 1 3 4 1 1 1 3 3 1 4 4 2 2 3 2 3 2 4 4 4 3 2 3 4 2 4 3 3 3 1 3 2 2 1 4 3 1 3 2 1 4 
4 2 4 4 1 4 4 4 3 1 1 3 3 1 4 2 3 3 1 1 4 1 1 4 4 3 2 3 3 2 4 3 4 1 1 3 3 1 4 3 3 3 2 3 3 3 2 1 3 2 4 4 2 4 1 2 1 1 2 3 1 3 3 4 4 2 3 4 3 2 1 3 1 2 3 2 3 1 4 2 2 1 2 3 2 1 1 1 1 2 4 3 2 2 4 1 1 1 3 2 3 4 1 1 4 1 1 2 2 3 4 3 1 2 4 4 4 4 
4 2 2 3 2 1 3 3 2 2 3 4 1 1 2 1 3 1 3 4 1 1 2 2 3 4 3 1 2 1 4 3 2 3 3 3 4 4 3 3 2 1 2 2 3 4 1 3 2 3 2 2 3 2 1 4 3 4 3 4 3 3 2 3 2 1 3 4 3 2 1 3 2 4 4 2 4 3 3 2 1 1 3 4 2 1 3 4 2 3 3 4 1 1 2 2 3 3 2 4 2 2 1 4 2 1 3 2 3 4 4 3 4 2 2 4 1 4 
4 4 3 1 3 4 3 1 1 3 1 4 3 2 1 4 4 2 4 2 1 1 1 2 3 4 1 4 3 3 4 3 4 1 3 1 2 1 4 1 2 1 4 2 2 2 1 1 3 2 1 3 1 3 2 2 2 1 2 4 2 3 4 3 4 4 4 2 4 1 3 4 1 3 1 2 1 3 4 4 2 4 2 4 1 1 4 1 2 3 3 3 3 1 2 3 4 2 1 2 2 3 1 3 3 1 2 3 4 2 1 2 4 2 4 4 3 4 
4 4 4 4 3 3 3 4 3 4 1 4 3 1 2 1 2 4 2 4 2 2 3 4 4 3 1 2 2 1 4 4 3 3 2 2 2 4 4 2 4 1 2 4 4 3 1 4 2 4 1 4 3 4 3 3 2 3 4 1 3 4 1 2 1 2 1 4 3 2 4 2 2 3 4 2 4 4 2 4 2 2 1 4 1 4 4 4 1 3 2 4 2 3 3 3 2 2 2 4 3 1 4 3 4 4 1 3 3 4 2 2 4 2 2 2 2 4 
4 2 1 3 4 3 4 4 1 2 4 2 4 4 1 4 3 1 4 1 2 3 3 2 3 3 4 2 4 3 2 4 3 2 1 3 1 3 1 1 1 1 4 2 1 1 1 1 1 3 4 3 4 1 4 4 2 1 4 4 2 3 2 1 3 3 1 3 3 4 1 4 3 3 1 3 3 4 4 4 3 4 3 2 1 3 2 4 1 3 3 2 4 4 4 3 1 1 4 4 3 1 4 3 4 1 4 3 3 2 1 1 3 3 1 2 1 4 
4 1 1 2 1 1 1 3 4 4 2 3 2 1 2 2 1 3 3 2 4 2 4 2 4 2 3 2 2 3 2 1 1 3 3 2 4 3 2 3 2 2 2 1 2 3 4 4 3 1 3 1 2 2 2 3 4 3 2 3 4 4 2 3 1 2 4 2 1 4 2 1 2 3 4 3 2 4 3 3 2 2 4 3 1 1 3 1 2 1 3 1 2 1 3 3 2 1 4 3 2 1 3 1 2 3 2 1 1 4 1 3 4 3 3 4 1 4 
4 1 3 2 2 4 3 2 4 1 4 2 4 1 3 3 1 3 3 3 4 4 3 4 2 3 3 2 3 2 2 4 2 4 4 3 4 2 1 4 1 3 4 3 1 4 2 2 4 3 1 1 2 1 2 3 4 4 3 1 2 4 4 3 3 1 4 1 1 3 1 3 3 3 3 3 2 1 1 3 3 2 1 2 2 4 2 4 1 1 1 1 1 4 2 4 2 4 3 4 1 1 3 2 2 3 1 4 2 4 3 2 2 1 3 3 4 4 
4 1 4 4 4 4 1 1 1 1 3 4 3 1 2 4 4 3 4 4 2 1 4 4 1 3 2 4 2 3 3 1 4 2 4 1 2 4 2 2 2 2 4 4 2 1 2 1 2 1 1 1 1 3 1 2 2 2 4 2 1 3 1 3 3 3 1 4 1 4 2 3 1 4 2 3 3 4 3 2 3 3 2 3 1 3 2 4 1 3 4 2 1 1 2 3 4 1 3 2 2 3 3 1 2 2 2 2 3 4 1 2 3 4 3 1 1 4 
4 1 2 3 3 2 2 4 2 2 3 4 2 2 2 4 1 4 1 4 2 1 2 3 3 4 1 1 1 3 4 3 3 1 3 1 4 4 4 4 4 3 3 4 4 3 3 2 3 2 3 1 1 1 1 1 4 2 4 3 1 3 4 4 4 3 3 1 4 4 1 3 1 1 3 2 2 2 2 3 3 2 3 4 4 1 1 1 2 4 3 4 4 3 3 1 1 4 3 1 2 4 3 4 3 1 4 2 1 1 2 2 1 4 4 3 1 4 
4 2 3 2 4 4 4 1 2 3 4 4 1 4 3 2 3 2 3 1 3 1 2 4 2 3 3 1 4 3 3 4 2 4 4 3 3 1 4 3 1 4 3 2 3 3 1 3 4 1 1 4 3 4 3 1 1 1 2 3 2 3 2 4 3 3 2 4 4 4 4 1 1 3 4 4 1 4 3 2 4 1 4 2 1 2 4 3 2 3 4 2 4 2 4 1 2 2 4 2 4 2 3 4 1 2 4 3 3 1 4 2 1 3 4 1 4 4 
4 2 2 3 4 1 3 4 3 3 2 4 4 1 1 1 3 4 3 1 1 2 1 1 1 4 1 2 1 1 3 3 3 3 3 1 1 3 3 3 4 2 2 4 4 3 2 2 2 3 1 3 1 1 4 2 1 3 1 2 3 3 4 3 1 1 2 2 1 1 3 2 3 3 1 3 3 2 3 4 2 4 3 2 1 1 2 1 4 4 2 4 4 4 2 1 1 4 4 3 1 2 1 3 1 1 4 2 4 2 2 4 3 1 2 1 3 4 
4 4 3 4 2 2 2 2 1 2 3 2 2 3 4 2 3 1 4 2 1 3 1 2 1 4 3 1 1 1 1 3 4 3 2 2 1 1 3 4 2 2 2 1 1 3 2 3 4 1 4 1 2 4 3 2 4 1 2 3 2 3 1 2 3 4 1 1 2 4 4 4 4 4 4 1 4 1 4 2 1 3 3 4 1 3 1 4 2 1 2 2 4 1 4 3 1 4 3 1 1 4 3 4 1 4 1 1 2 2 1 1 1 4 2 2 3 4 
4 4 4 2 4 4 4 2 2 2 1 3 3 1 1 3 3 4 3 1 3 3 3 1 3 1 1 2 2 1 3 4 1 4 1 3 4 3 3 4 4 4 2 3 2 2 3 2 1 4 3 2 3 4 3 2 4 1 2 3 1 2 2 2 4 1 2 3 1 1 3 1 4 4 2 1 1 1 1 4 1 4 2 3 4 2 4 2 2 1 2 3 3 3 4 4 1 3 4 3 3 1 3 2 4 1 3 4 2 4 1 2 2 1 2 2 2 4 
4 3 4 4 4 4 4 1 4 1 1 3 2 2 4 4 4 1 2 2 4 1 1 4 3 4 3 4 4 4 3 2 2 4 3 2 4 3 4 4 4 2 2 2 3 2 2 4 3 4 4 2 4 2 3 1 2 1 3 1 2 4 1 1 2 1 1 3 1 4 3 1 3 2 4 4 2 1 3 2 2 4 2 2 2 4 2 1 2 3 2 3 3 4 1 2 1 2 2 3 2 3 4 3 1 2 3 4 1 4 4 2 1 4 4 2 1 4 
4 1 1 4 1 3 4 2 4 1 2 4 4 2 3 3 3 1 1 3 3 4 4 3 4 3 1 3 3 1 4 4 2 4 1 4 2 3 1 2 2 3 2 2 2 2 4 1 2 3 2 2 1 2 2 1 4 3 3 2 1 4 1 2 3 3 4 4 4 4 4 2 4 1 4 2 3 2 2 2 1 3 3 3 1 1 2 3 4 2 3 4 4 3 4 1 2 2 1 3 4 3 1 4 2 1 2 4 1 1 1 3 4 2 1 1 2 4 
4 3 3 2 1 4 1 1 4 1 3 4 4 1 3 2 4 4 3 2 2 1 1 2 3 4 1 1 2 3 1 1 2 4 4 4 4 1 2 1 3 2 1 2 2 1 2 1 3 4 2 1 4 2 1 3 1 4 2 1 1 2 4 4 4 4 4 2 1 1 4 2 2 3 3 1 2 2 3 3 2 4 1 1 1 2 3 3 4 4 1 1 3 3 4 1 1 4 2 2 4 3 3 1 3 4 2 4 3 3 2 1 3 3 1 1 3 4 
4 3 4 1 1 2 1 2 4 2 2 2 4 2 3 1 1 1 3 4 1 3 1 1 1 2 1 4 4 4 1 1 1 2 1 4 2 3 3 2 3 2 1 3 2 4 3 1 3 2 3 2 3 2 4 1 3 2 2 2 3 2 1 1 1 2 2 2 1 2 2 2 3 2 2 1 1 1 1 2 1 3 4 2 4 1 2 2 4 3 1 3 4 3 4 1 3 2 1 1 2 2 3 3 2 1 4 3 1 4 3 3 4 3 3 3 3 4 
4 3 3 1 4 4 4 2 3 3 4 3 3 1 2 2 3 4 3 1 2 1 1 3 4 1 4 4 2 3 3 4 2 1 3 1 1 4 1 3 2 3 2 1 4 2 4 2 1 3 3 3 2 4 4 2 2 2 4 3 1 2 2 2 3 3 4 4 3 2 1 2 3 2 4 3 3 2 3 2 1 1 1 4 2 2 3 3 1 3 4 2 3 1 2 2 2 2 1 3 4 3 1 1 1 3 2 2 3 1 4 3 3 3 3 2 4 4 
4 2 3 3 4 3 1 3 2 1 4 2 4 1 3 4 4 3 1 4 1 3 3 1 1 2 3 4 1 1 3 3 4 3 1 4 2 2 4 4 2 2 2 2 2 1 4 1 1 1 1 2 3 1 1 4 3 3 1 1 3 2 3 4 2 1 1 1 2 3 4 4 2 1 2 3 1 2 3 1 4 2 4 1 3 2 4 4 4 2 2 4 1 3 3 1 4 1 3 2 2 2 2 4 4 2 2 4 4 4 2 3 2 1 3 3 3 4 
4 1 3 4 1 2 2 3 3 3 3 3 2 3 4 4 4 3 4 4 4 1 4 1 3 2 4 1 2 2 4 4 1 1 3 3 4 3 2 1 4 4 1 3 1 4 2 1 2 1 2 3 2 4 4 2 3 2 2 3 1 3 3 2 1 3 3 4 4 2 3 4 3 1 4 1 3 2 1 2 4 4 2 1 2 2 1 3 4 4 1 4 4 3 2 4 1 1 3 4 3 2 2 2 1 1 2 1 2 3 2 2 3 1 3 1 4 4 
4 4 1 1 4 3 4 3 2 4 3 4 1 2 3 1 2 2 1 4 2 2 3 1 2 3 1 2 1 2 4 1 1 2 4 3 2 4 4 3 2 4 3 2 4 2 2 1 3 4 4 4 4 4 1 3 3 2 4 3 2 2 3 4 4 3 1 4 2 1 4 1 4 1 4 2 4 4 2 1 1 3 4 3 4 1 1 3 3 2 4 3 1 2 3 4 4 2 1 1 4 4 2 2 4 4 1 4 2 1 2 1 2 4 2 1 3 4 
4 4 1 1 3 2 2 2 3 3 1 1 2 1 4 1 4 2 3 4 3 4 2 1 2 4 4 2 1 1 1 2 2 1 1 3 1 3 1 3 2 4 3 3 4 4 1 3 4 1 1 4 1 2 2 3 2 3 1 3 3 2 4 1 3 2 3 4 2 1 3 4 1 4 1 4 1 3 2 4 3 3 4 4 3 4 2 1 2 1 1 4 1 4 2 4 1 4 2 3 2 2 1 3 1 3 2 2 2 4 1 3 1 4 1 1 3 4 
4 2 2 3 2 3 4 3 1 1 4 1 1 3 2 1 1 2 3 2 3 3 2 3 4 2 2 1 4 1 2 4 3 3 3 1 4 4 4 3 4 1 4 2 1 3 4 1 1 3 4 4 3 4 4 2 4 1 1 4 3 3 2 2 1 2 1 3 2 3 2 1 2 1 3 3 4 1 3 1 2 3 2 4 4 3 3 2 3 4 4 3 4 2 1 2 3 1 1 4 4 2 4 3 3 1 3 4 4 2 4 4 2 4 3 1 3 4 
4 3 2 2 3 2 1 3 4 2 2 2 1 2 2 1 1 4 1 1 3 3 4 4 2 3 2 2 3 2 1 4 2 2 2 1 4 4 4 3 1 1 4 4 1 3 1 3 3 3 1 2 4 1 4 4 3 4 1 3 1 3 3 1 2 4 1 2 3 4 4 3 4 1 4 3 2 1 2 1 4 1 2 4 1 3 2 4 1 4 2 2 1 3 1 3 1 3 1 3 3 3 3 2 4 4 3 4 4 4 3 2 2 4 3 3 4 4 
4 1 3 1 2 1 1 3 1 1 2 4 4 4 1 4 1 3 1 3 1 1 1 3 2 2 3 4 4 2 4 1 1 4 4 4 3 1 3 2 4 4 4 3 2 2 3 2 2 4 1 2 1 3 1 1 2 2 4 1 1 4 1 4 3 4 4 1 2 2 4 2 3 1 4 4 4 3 2 2 4 3 3 1 4 1 1 3 3 1 1 2 1 2 3 3 2 1 1 3 1 2 1 4 3 2 1 2 3 2 4 1 2 2 3 4 1 4 
4 2 2 2 3 4 3 4 1 4 2 1 3 3 4 1 2 1 3 3 3 4 1 2 1 2 4 1 2 3 3 4 1 1 1 3 1 1 4 1 3 4 3 2 1 2 2 3 3 1 2 3 1 2 1 1 3 4 1 4 1 3 2 4 3 2 3 1 3 1 2 3 4 4 1 4 1 1 3 4 1 4 2 4 4 2 1 2 4 1 4 1 4 2 1 3 2 1 4 1 1 2 1 1 4 1 4 3 1 4 2 1 1 1 4 1 2 4 
4 2 1 4 2 1 4 1 3 4 4 3 1 1 2 1 3 4 2 2 1 2 3 1 1 1 4 4 3 1 4 2 2 1 2 1 4 2 4 2 4 2 4 2 3 1 1 4 4 3 1 4 1 1 4 4 3 2 3 2 2 3 4 1 2 1 4 2 2 3 4 3 1 3 2 3 1 3 3 3 4 3 3 1 1 2 3 2 1 3 2 2 4 2 1 1 3 4 1 1 3 1 3 2 3 3 1 2 2 3 4 4 4 4 2 2 2 4 
4 4 3 3 3 1 4 2 2 4 1 3 2 2 4 1 2 4 4 1 3 2 3 3 4 2 3 4 4 4 4 2 2 1 3 3 4 4 2 2 2 2 3 4 4 2 1 2 1 2 3 1 2 1 4 3 4 4 3 1 1 1 2 1 1 3 4 2 2 3 3 1 3 3 3 1 1 4 3 4 3 1 3 3 3 3 1 4 1 2 2 2 3 3 3 3 1 3 3 1 2 4 4 1 1 3 2 3 2 1 1 4 4 3 3 4 4 4 
4 1 3 2 4 1 2 4 4 1 4 4 1 2 3 1 1 1 3 3 3 4 4 1 2 1 3 2 4 2 1 2 1 3 3 4 3 1 2 1 1 3 4 3 4 3 4 3 4 1 3 4 1 4 2 4 3 1 3 2 2 2 1 2 1 2 2 1 1 2 2 2 3 4 1 3 3 4 1 4 3 2 4 4 1 3 2 1 3 4 4 3 2 2 4 3 2 3 3 3 3 3 3 3 3 2 4 1 2 4 2 2 4 3 1 4 4 4 
4 1 2 4 1 2 2 1 3 3 3 4 4 2 2 2 3 1 1 2 4 4 4 4 4 1 3 2 4 2 1 4 2 1 2 3 3 4 1 2 4 1 4 2 1 4 2 1 4 3 2 2 2 1 2 4 3 4 4 4 3 1 2 2 3 4 4 3 1 2 2 1 4 2 4 4 4 1 4 4 2 2 4 4 3 3 1 1 2 3 3 2 2 1 3 2 3 1 4 1 4 4 3 4 1 1 3 4 4 1 2 3 2 2 3 4 2 4 
4 2 2 2 1 1 3 3 1 4 2 1 2 4 4 4 1 1 3 3 3 3 3 4 1 2 2 3 3 4 4 4 2 2 4 1 2 4 2 1 2 3 2 1 3 2 4 4 1 3 1 4 1 2 1 4 1 4 1 4 2 2 3 2 3 4 1 1 1 1 1 1 4 3 1 4 4 4 4 3 4 4 2 1 3 1 4 2 3 2 4 3 4 1 4 4 1 1 1 3 3 1 1 4 2 4 2 4 1 4 2 3 4 3 4 3 4 4 
4 1 1 3 3 2 2 2 2 4 3 3 2 4 4 4 1 1 3 2 3 4 4 2 1 3 2 1 2 2 1 2 1 1 1 2 3 3 4 1 2 4 3 1 3 2 1 3 4 2 1 1 1 2 2 2 4 1 4 1 3 2 3 4 4 1 4 3 4 4 4 2 3 3 1 1 2 2 2 4 3 3 4 1 2 3 3 1 3 1 4 2 4 2 4 4 2 1 4 2 1 3 3 4 3 3 1 1 1 1 2 3 2 4 2 4 2 4 
4 2 1 3 2 2 4 1 3 2 2 3 1 2 1 3 3 1 2 4 3 3 2 2 1 4 2 3 3 2 1 4 3 3 3 2 3 1 2 1 2 4 4 1 1 3 2 3 1 3 2 1 4 2 3 3 4 3 2 1 1 1 2 2 4 2 3 2 4 2 2 4 1 1 3 2 3 4 2 2 3 3 1 1 3 3 1 4 4 3 4 1 3 4 4 4 3 1 2 2 2 1 1 1 1 4 3 1 2 1 1 1 4 3 3 2 1 4 
4 4 4 4 2 2 2 3 4 4 1 3 3 3 1 2 3 3 2 4 1 1 3 1 4 2 4 1 1 3 3 1 4 4 4 4 4 2 4 4 2 3 1 4 1 1 4 3 3 2 3 3 3 1 4 1 1 4 3 3 2 1 4 3 3 1 2 1 4 1 2 2 4 2 3 1 4 1 2 4 4 4 1 4 1 3 4 3 1 2 4 2 3 4 3 3 4 3 1 2 4 1 2 1 2 2 2 4 3 1 3 4 1 3 4 2 4 4 
4 1 4 2 4 1 1 3 4 4 2 3 4 2 3 1 1 1 4 3 4 2 2 1 4 3 3 4 4 4 4 2 4 3 4 4 4 2 4 1 4 1 3 2 1 4 4 2 1 2 2 4 1 4 4 3 1 2 2 4 2 4 1 4 1 2 2 4 1 1 3 2 2 2 1 3 4 2 4 2 4 1 4 2 4 4 2 4 1 2 1 2 3 4 1 2 2 4 1 2 2 1 2 2 1 2 3 3 1 4 4 4 3 3 1 4 2 4 
4 1 1 3 1 1 3 1 1 4 1 3 4 1 3 1 1 1 2 3 1 1 3 3 4 3 3 3 3 3 3 2 1 3 2 3 4 1 4 1 3 3 4 1 1 3 4 3 3 2 1 4 2 3 4 2 4 3 4 1 4 4 1 4 1 4 4 3 4 1 3 2 3 2 2 1 3 1 1 4 3 2 4 1 4 1 2 1 3 1 4 4 2 2 1 2 2 2 1 4 4 2 2 4 2 1 3 2 1 2 2 1 1 3 2 2 3 4 
4 4 3 4 4 4 2 4 4 1 1 2 4 3 2 4 1 4 1 2 3 4 1 1 4 1 3 4 4 1 1 4 2 3 3 2 4 2 1 4 3 2 1 3 2 1 4 4 3 1 4 1 2 3 1 1 4 3 3 1 4 3 2 2 4 3 4 1 3 1 1 2 1 1 2 4 4 4 2 4 3 3 3 3 3 1 2 2 1 4 1 4 2 1 3 3 4 3 2 3 3 3 1 1 1 1 4 2 4 1 3 3 1 3 3 3 4 4 
4 4 4 1 4 3 2 3 2 2 4 2 3 3 3 4 4 2 4 3 2 1 2 2 4 3 3 2 2 3 3 3 1 4 1 1 3 3 3 2 4 3 3 4 4 1 2 1 4 3 4 1 2 1 1 1 3 3 4 3 4 3 4 2 2 3 3 4 1 1 2 1 1 2 4 3 3 4 2 2 3 4 2 3 2 1 3 2 3 1 1 2 2 3 2 1 4 3 3 4 2 3 4 2 3 1 2 2 1 1 1 4 2 1 2 2 1 4 
4 1 4 3 4 2 1 3 4 1 1 1 4 2 4 1 2 1 4 4 1 4 1 2 3 2 1 4 4 3 2 4 2 2 2 4 4 2 3 2 4 3 4 3 4 1 1 4 1 1 4 4 3 4 1 4 1 3 1 2 3 1 2 3 1 3 3 1 3 1 4 2 4 3 4 3 1 3 3 3 1 3 3 2 1 1 4 2 2 2 3 1 4 4 3 3 2 3 2 1 4 4 2 4 2 4 1 3 3 2 2 3 1 4 4 1 3 4 
4 1 1 1 3 1 4 2 4 3 1 4 3 3 4 2 3 3 3 4 3 1 1 2 4 4 4 2 1 3 3 2 2 4 4 4 1 1 3 2 2 4 2 3 3 2 4 4 1 4 1 3 3 4 3 1 4 4 3 2 1 2 2 1 4 1 2 3 1 3 3 1 3 2 3 1 3 2 1 1 4 2 4 1 4 2 1 3 3 3 3 2 3 2 3 3 2 1 1 4 4 3 2 1 4 1 3 1 1 3 4 1 3 4 4 4 3 4 
4 4 3 4 1 2 2 4 1 3 3 3 4 1 3 4 4 4 3 3 1 3 1 1 2 2 4 3 3 3 1 3 1 2 1 2 2 4 3 2 3 1 1 3 1 1 4 4 1 3 2 2 2 1 2 4 3 2 2 2 1 2 2 2 1 2 4 3 4 3 1 4 3 4 3 3 2 1 2 2 4 2 3 3 1 2 4 1 1 3 2 2 1 4 4 2 1 2 3 3 3 1 3 3 4 2 3 4 3 2 3 2 4 2 2 1 4 4 
4 3 2 4 2 2 2 1 3 1 4 2 4 2 4 4 4 1 3 1 1 1 1 2 1 2 2 4 1 2 4 4 3 1 1 2 1 2 4 3 1 3 1 4 1 1 2 4 2 2 1 1 4 4 4 4 4 2 1 3 1 1 4 4 1 3 2 2 4 3 1 3 3 3 3 4 3 2 2 2 4 1 1 4 3 1 3 2 4 3 2 4 1 3 4 2 1 3 2 3 1 2 4 1 1 1 3 2 2 3 4 1 3 2 3 3 3 4 
4 2 4 1 3 1 1 1 4 3 3 3 1 3 1 1 2 4 3 1 3 2 1 3 2 3 2 3 1 1 1 4 2 1 1 3 1 3 4 3 3 3 4 4 1 3 4 4 2 1 4 3 4 2 2 1 1 3 3 4 2 4 3 3 2 3 4 4 1 1 1 1 4 3 2 2 1 2 2 3 1 1 3 3 1 2 3 4 1 3 1 2 2 2 2 1 1 3 3 2 1 4 4 4 1 4 1 2 1 2 4 4 1 4 1 1 1 4 
4 2 1 3 2 4 1 1 3 4 2 2 1 2 3 2 2 2 2 4 2 2 4 3 1 2 2 3 4 2 3 4 1 2 1 3 4 3 4 2 4 4 3 4 2 3 3 3 4 1 1 1 2 3 3 3 2 2 3 4 3 4 2 2 2 4 1 2 3 4 1 4 4 4 2 3 2 4 3 1 1 1 1 2 4 4 1 3 2 1 3 1 1 1 2 4 3 4 4 4 4 2 4 2 4 4 1 4 2 3 2 3 3 1 1 2 1 4 
4 4 4 2 1 2 4 1 4 2 2 1 4 2 1 1 3 3 4 1 2 1 4 1 1 2 1 4 4 2 1 2 1 3 4 2 1 3 2 1 2 1 2 4 2 2 2 4 1 1 3 1 4 2 4 4 4 2 3 1 2 4 4 1 1 2 3 3 2 3 1 1 1 4 4 4 2 3 1 1 3 3 3 1 2 4 3 4 3 4 2 2 1 2 2 3 3 4 3 2 3 1 3 3 3 2 1 3 4 1 3 2 2 1 3 1 1 4 
4 1 4 4 2 4 1 3 2 1 3 2 1 4 4 2 2 3 1 2 2 3 2 1 3 2 1 4 2 1 4 4 3 4 3 3 1 4 4 4 3 4 1 1 4 1 2 1 4 3 3 2 2 4 3 1 4 4 2 1 2 4 1 2 1 3 4 4 2 3 4 4 3 4 4 4 4 2 1 2 4 3 2 2 3 1 3 4 4 1 4 1 1 4 1 1 4 3 3 2 1 3 1 3 3 3 1 4 4 4 4 1 3 3 1 2 2 4 
4 1 4 4 1 1 4 1 3 4 2 1 2 3 4 2 1 2 1 4 3 2 1 3 4 3 3 2 4 3 1 4 3 2 1 3 1 4 3 2 3 1 3 4 3 4 3 3 1 3 3 1 2 1 2 3 2 4 4 3 3 1 1 4 4 4 1 2 4 4 1 4 3 2 1 3 4 1 2 1 1 1 4 3 1 1 3 3 4 1 4 4 2 2 1 2 2 4 2 2 3 4 1 1 4 2 4 1 4 1 1 1 2 1 2 2 1 4 
4 4 1 1 4 4 1 1 3 4 4 1 2 2 3 3 3 1 1 3 3 2 1 2 4 3 1 2 1 2 2 4 1 2 3 4 3 1 2 1 1 3 2 4 1 4 2 4 1 1 1 2 2 1 1 2 3 3 1 2 2 4 1 4 3 1 2 2 2 3 2 4 4 4 4 1 4 2 1 4 1 2 1 2 1 3 3 4 1 2 3 3 2 4 3 3 4 1 2 3 4 2 2 2 1 1 4 1 3 4 4 4 2 4 4 4 4 4 
4 1 2 2 1 2 4 4 1 4 3 4 4 2 4 4 4 3 1 2 2 4 4 1 1 3 2 2 2 3 2 1 2 4 3 2 3 1 3 1 3 3 2 2 1 2 4 1 4 3 1 1 4 3 4 1 2 2 1 1 1 3 2 1 3 2 1 2 1 3 3 4 3 3 3 1 3 2 3 4 4 1 3 4 1 4 3 3 1 2 3 4 4 1 2 4 1 3 3 2 1 1 1 3 4 2 1 2 2 1 4 4 1 4 2 2 2 4 
4 2 1 4 4 3 3 4 2 4 1 4 1 1 4 2 1 2 3 4 3 1 4 3 4 4 3 2 4 4 3 3 4 4 1 4 4 4 3 4 3 4 3 3 2 4 2 4 4 2 4 2 2 2 3 1 3 2 3 3 3 4 1 2 2 3 1 3 2 2 3 4 3 3 4 4 2 1 4 1 1 4 2 3 4 4 1 2 2 2 3 1 3 3 3 1 4 3 3 1 3 4 1 2 2 4 3 4 2 1 2 1 3 1 3 2 2 4 
4 1 1 1 2 3 4 2 1 3 4 1 1 2 3 3 3 1 4 4 3 1 4 2 3 3 2 2 1 1 2 3 3 3 3 4 3 1 1 1 1 2 4 3 3 1 2 2 1 3 2 1 4 4 2 1 1 4 3 4 4 4 1 2 2 2 2 1 4 1 1 4 4 1 2 2 4 3 3 1 2 2 1 3 1 2 2 3 4 2 4 2 1 4 3 4 3 1 1 1 1 1 2 1 1 1 4 2 1 1 2 3 2 1 4 1 3 4 
4 4 3 4 1 3 2 1 1 3 4 1 3 1 1 2 3 2 3 1 4 3 4 3 2 4 1 3 2 4 4 2 4 1 3 2 4 1 2 3 4 2 3 4 4 4 3 4 3 4 2 4 3 1 3 4 1 2 4 3 1 4 4 4 2 3 1 4 3 1 2 3 1 1 3 4 1 1 2 2 2 3 3 4 1 2 1 1 4 3 4 4 4 2 4 4 1 2 1 4 4 2 1 2 2 1 1 1 4 1 2 3 3 4 1 1 3 4 
4 3 2 4 2 2 2 1 2 3 4 3 4 2 2 4 1 4 3 4 2 1 1 3 2 4 4 1 2 2 1 2 4 2 1 1 4 4 4 3 1 4 1 4 2 1 1 3 3 1 3 3 1 2 2 1 3 4 1 1 1 2 4 2 2 3 1 4 3 2 3 2 4 4 1 4 2 2 2 4 1 3 3 3 2 1 1 2 1 2 4 1 3 2 1 3 3 1 2 1 1 2 3 4 2 4 4 1 2 2 2 4 4 1 1 1 2 4 
4 4 3 4 1 1 3 1 1 2 1 2 4 3 2 1 1 3 2 4 4 1 1 4 4 4 3 1 2 3 2 3 2 2 2 2 4 1 4 4 2 4 3 3 2 3 3 4 4 1 3 4 1 2 4 2 4 2 3 3 4 1 4 4 1 4 4 1 1 4 3 1 4 4 2 4 2 4 3 1 1 3 1 3 4 1 4 1 3 4 3 4 3 1 2 1 2 3 4 3 1 1 3 4 3 3 2 4 2 1 3 2 2 2 2 1 2 4 
4 2 1 3 1 1 2 4 1 2 1 4 3 3 1 1 3 4 3 2 1 3 1 3 3 3 2 3 1 4 3 2 4 2 4 4 4 4 4 4 2 3 4 3 3 2 1 1 2 2 1 4 4 2 4 2 1 4 2 2 2 4 1 1 1 2 2 2 3 1 2 1 3 1 3 4 2 4 4 3 3 1 4 3 3 2 4 1 1 2 1 3 3 3 1 4 1 1 1 2 2 2 3 4 3 3 4 4 3 4 1 3 4 4 1 3 1 4 
4 3 2 1 3 3 2 3 2 4 3 1 4 4 2 4 1 1 4 3 4 1 2 3 2 3 1 2 4 2 3 3 3 2 3 4 3 2 2 2 2 1 1 1 4 1 1 3 1 4 4 2 2 2 2 4 4 3 3 4 1 3 1 2 3 2 4 3 3 1 2 4 4 2 4 1 1 2 4 2 1 2 1 1 2 4 4 2 3 2 3 3 3 3 3 2 3 3 3 1 3 3 1 4 4 2 4 4 4 3 1 2 1 4 2 3 3 4 
4 3 3 4 1 2 3 3 4 3 1 3 3 2 4 1 4 2 4 2 2 3 1 2 3 2 3 1 4 4 4 1 2 2 2 2 2 1 4 2 1 1 3 2 4 2 2 3 4 4 3 4 4 1 3 2 1 1 2 1 3 4 2 4 1 1 3 2 4 4 1 4 1 2 3 2 1 1 4 4 4 3 3 1 2 3 4 4 2 3 2 4 3 3 3 1 1 4 2 1 4 2 4 1 2 1 3 4 3 2 4 4 2 2 2 4 1 4 
4 3 3 1 4 2 3 2 3 4 2 3 4 1 4 4 2 1 2 3 2 4 1 4 3 2 1 1 3 3 1 1 2 1 1 1 1 2 3 3 1 2 4 2 3 4 1 1 3 1 3 3 4 1 2 4 1 2 1 1 4 3 3 3 3 2 2 1 1 3 1 3 3 4 3 1 2 1 3 1 4 3 3 4 1 1 3 3 2 4 4 2 3 3 1 3 1 3 4 1 4 2 2 3 2 1 3 1 1 3 2 4 2 3 2 2 2 4 
4 2 4 3 4 2 2 2 3 3 4 1 2 2 4 4 1 2 2 2 1 1 3 3 2 3 1 4 4 4 4 2 1 1 3 3 2 4 4 4 3 3 4 2 1 3 1 3 4 2 2 1 2 4 3 1 4 1 2 2 4 1 3 2 1 3 4 4 4 4 3 1 1 4 2 2 1 4 1 3 1 2 1 2 2 2 1 2 2 1 2 4 3 3 3 3 2 3 2 4 4 4 3 3 3 2 1 3 4 3 4 3 3 3 1 1 4 4 
4 4 3 3 4 2 3 4 4 4 2 1 1 2 2 1 4 4 3 1 1 1 4 3 4 3 3 1 2 2 1 1 4 1 1 1 2 2 3 3 1 1 3 1 4 1 3 3 2 1 1 3 2 3 1 3 1 1 1 1 2 3 2 1 3 1 1 2 3 3 1 1 2 1 1 4 4 2 2 3 4 1 2 1 1 1 1 3 3 3 4 4 1 3 3 3 3 2 2 3 2 2 3 2 1 2 2 2 2 4 3 3 2 1 1 1 1 4 
4 2 2 2 4 1 2 3 2 4 2 2 2 4 4 2 2 1 4 2 4 3 1 3 2 4 2 2 3 4 1 4 2 1 2 3 1 2 3 2 4 1 4 3 4 4 1 3 1 1 3 1 2 1 3 2 4 3 2 4 3 3 2 2 3 4 1 3 4 3 1 4 3 1 2 4 3 4 3 1 1 3 1 2 3 1 3 2 2 2 4 2 2 4 2 3 4 2 3 4 2 2 1 2 1 2 2 2 3 1 3 4 4 2 1 2 3 4 
4 3 3 1 2 1 1 1 4 4 2 2 3 3 1 3 4 1 1 2 3 2 4 3 1 4 2 2 4 4 1 3 4 4 1 2 4 1 3 2 1 1 3 1 4 1 2 3 3 2 4 1 3 3 2 4 1 1 2 2 3 4 3 4 4 3 3 1 2 2 4 3 3 1 2 4 4 4 3 4 4 3 4 1 2 3 3 2 2 3 2 2 2 3 3 3 4 1 3 3 2 3 3 2 1 2 2 1 1 4 2 2 3 2 3 4 4 4 
4 4 3 3 4 4 3 4 3 2 2 2 1 2 3 4 3 3 1 2 1 4 1 4 2 3 4 4 3 3 1 1 1 2 3 2 2 1 1 1 3 4 3 2 4 4 1 3 2 1 1 2 4 1 4 4 2 4 4 4 4 1 2 2 1 3 1 1 2 1 2 4 3 2 4 2 1 1 3 3 3 3 1 3 3 4 4 2 3 2 4 1 1 4 2 2 1 1 3 3 4 4 4 3 2 3 3 1 1 1 4 4 1 4 1 3 3 4 
4 2 1 3 3 1 3 3 4 2 3 3 1 4 1 2 3 3 2 4 1 1 2 1 4 4 3 3 1 1 4 4 4 2 3 4 2 4 3 1 1 4 3 1 4 4 3 3 4 4 3 4 3 1 2 2 2 1 3 4 4 2 2 2 2 4 1 4 2 1 4 4 3 3 4 3 1 3 1 2 3 1 3 2 2 4 4 4 1 3 4 4 1 3 1 1 1 4 4 4 3 3 4 2 2 1 3 4 2 2 3 3 2 3 3 3 2 4 
4 4 1 4 2 2 4 4 3 4 4 3 2 2 4 2 3 1 1 2 3 3 1 1 2 3 1 2 3 1 4 1 2 1 2 4 1 3 2 3 1 2 3 2 2 3 4 3 2 4 1 4 1 3 3 1 4 1 4 2 4 1 1 2 2 4 3 2 4 1 2 3 3 3 3 2 1 4 3 3 2 3 1 2 1 2 4 4 4 1 2 3 3 4 1 1 1 1 3 3 2 3 2 3 4 3 2 3 4 1 4 1 4 3 2 1 3 4 
4 3 4 4 2 1 3 2 3 4 3 3 2 3 2 2 1 4 2 3 3 2 3 4 1 1 2 2 1 2 3 2 4 1 1 1 2 4 1 3 4 1 4 1 4 1 3 4 4 3 1 1 1 1 2 2 3 2 3 2 1 3 3 1 1 1 2 1 3 3 2 4 4 1 2 3 4 1 3 1 1 1 2 1 3 1 3 1 1 3 2 1 3 4 2 3 1 3 4 4 4 2 1 2 4 4 4 1 1 2 3 3 4 4 4 1 3 4 
4 3 3 1 1 4 3 2 3 2 3 4 3 4 3 1 4 4 4 3 3 4 2 3 1 3 1 4 1 4 3 4 1 2 2 1 1 4 2 4 4 3 4 1 4 2 1 4 2 1 3 2 3 2 4 2 2 3 1 4 3 4 3 2 4 3 1 4 2 3 2 1 2 2 4 4 2 2 1 1 4 2 1 3 2 3 4 4 2 4 3 4 2 3 1 3 1 2 1 3 2 4 3 2 4 1 4 1 4 1 3 4 2 1 2 3 1 4 
4 4 2 4 3 3 2 4 2 2 4 4 1 1 3 3 2 2 4 2 4 1 1 4 2 3 4 1 1 1 3 4 4 3 2 2 3 2 4 2 4 1 4 2 1 4 1 4 2 2 3 1 2 1 4 3 2 1 2 1 1 2 4 3 4 1 1 1 3 3 2 1 3 4 1 4 4 4 3 2 4 2 4 4 4 1 4 1 3 3 4 3 2 4 1 3 1 4 4 4 2 2 4 1 2 1 1 4 1 3 3 2 3 4 2 1 3 4 
4 1 4 4 2 4 3 4 3 4 3 1 3 3 3 2 2 2 1 4 2 2 4 4 2 4 1 4 2 3 4 2 4 1 2 1 2 1 1 1 2 1 4 2 1 2 4 1 2 4 1 1 2 2 3 1 1 3 1 4 4 3 3 4 3 1 3 2 4 3 4 1 1 4 1 2 2 2 1 3 1 3 4 4 3 3 4 4 4 2 3 2 2 3 2 4 1 2 4 3 3 4 2 1 3 4 2 3 2 2 3 1 1 2 4 1 4 4 
4 1 3 4 1 1 3 3 4 4 2 2 2 2 4 3 4 4 4 3 1 4 4 3 3 2 2 1 2 1 2 3 4 4 3 3 2 4 4 3 3 3 4 2 2 4 3 3 3 4 4 3 4 1 1 3 2 2 1 4 2 1 3 3 2 4 2 1 3 3 3 1 1 4 1 2 2 1 4 3 1 4 3 1 2 1 3 3 1 3 3 3 2 1 4 3 4 3 4 4 4 2 2 4 4 3 2 1 3 3 2 1 2 1 1 2 3 4 
4 4 2 4 3 2 3 2 1 3 3 4 4 1 3 4 4 2 3 2 4 4 3 3 4 4 2 1 4 3 3 4 3 4 3 4 2 2 3 1 1 1 4 1 2 4 2 1 2 3 4 2 4 3 1 2 2 4 3 2 2 3 3 2 3 3 3 1 1 3 1 2 3 1 2 4 4 3 2 1 1 1 1 3 1 2 2 1 4 2 2 2 2 2 3 3 2 2 1 1 1 1 1 2 4 1 2 2 1 1 2 3 1 3 1 4 4 4 
4 4 3 4 2 1 4 4 1 4 3 2 1 3 4 1 1 1 4 4 2 1 1 1 4 1 1 3 2 2 4 3 2 3 1 4 4 4 1 1 2 4 4 1 1 4 2 2 2 4 3 2 1 3 4 3 1 1 1 3 4 2 2 3 4 4 2 2 4 1 3 2 1 4 3 3 2 1 2 4 3 3 3 4 3 1 3 3 2 4 4 4 4 3 1 1 4 4 2 2 3 4 4 4 2 1 3 4 2 3 3 2 1 4 3 2 2 4 
4 4 1 4 1 4 4 1 3 4 4 3 4 1 2 1 3 2 2 4 2 3 1 3 2 3 1 1 2 2 1 3 2 1 1 2 2 2 1 4 1 2 4 1 2 2 1 2 4 2 1 4 4 1 2 4 3 4 3 4 4 1 1 4 2 3 3 4 3 1 4 4 2 3 2 3 4 4 3 2 1 2 2 4 4 2 2 2 1 2 1 1 3 2 4 4 3 4 1 2 3 3 3 4 4 3 1 1 4 3 2 4 3 4 1 4 1 4 
4 4 3 1 4 1 1 3 1 4 4 3 2 2 1 3 1 1 2 1 3 3 2 4 4 1 4 4 1 1 4 4 2 3 1 1 1 1 4 1 3 1 4 2 4 3 1 4 4 4 2 4 4 1 1 4 4 4 2 4 3 1 1 2 4 4 2 4 3 4 3 2 3 2 4 4 2 4 2 1 1 1 4 1 2 2 4 4 3 4 3 2 2 2 3 4 3 3 4 2 4 3 4 2 1 4 4 3 1 2 4 2 2 1 4 1 4 4 
4 4 1 1 2 3 2 3 1 3 3 4 2 4 4 3 3 4 3 3 2 4 1 2 3 1 1 1 4 1 1 2 2 3 3 4 4 1 4 2 1 3 1 2 1 3 4 3 1 4 3 4 3 1 4 3 4 4 2 1 1 4 2 2 2 4 4 2 3 3 2 1 2 3 3 2 3 3 2 4 4 4 2 2 1 3 1 4 3 4 1 3 3 1 1 4 1 4 3 4 4 3 1 2 2 2 3 3 2 2 1 1 2 3 4 3 1 4 
4 1 1 3 2 4 3 3 2 2 2 4 3 4 4 3 4 1 2 4 1 4 1 2 4 4 2 1 2 3 4 1 4 4 4 2 4 1 4 2 2 4 4 3 4 3 2 3 3 1 2 1 3 1 3 2 4 1 1 1 4 4 2 3 3 2 3 4 4 4 2 1 1 2 1 3 4 3 4 3 2 2 2 1 1 3 4 4 4 2 1 3 1 4 4 1 3 4 2 1 1 4 4 3 1 3 2 1 4 1 2 4 3 4 2 2 1 4 
4 4 3 2 3 1 2 4 4 1 2 2 1 2 3 4 4 2 4 1 2 3 1 2 2 2 3 4 1 1 3 4 2 2 1 1 3 4 4 4 4 2 1 3 4 3 1 2 3 3 4 1 4 1 3 4 3 2 4 4 3 3 1 2 2 1 3 2 4 4 2 1 3 3 4 4 1 4 2 4 1 1 4 3 2 3 3 2 2 3 2 3 1 1 1 1 3 2 2 2 2 4 3 3 3 1 1 2 4 1 4 1 2 4 4 1 1 4 
4 1 1 3 4 2 1 2 4 2 2 2 1 2 1 3 1 2 1 3 3 1 3 4 1 3 2 2 2 3 1 2 1 2 1 3 4 2 3 3 1 1 4 3 3 1 1 4 1 2 3 1 3 1 3 4 2 2 3 3 4 2 2 1 2 2 1 4 4 2 4 4 4 1 1 1 1 2 4 4 4 2 4 1 3 4 2 3 2 1 3 4 3 4 1 3 2 2 1 1 3 2 2 1 1 4 2 2 3 2 1 3 1 3 4 4 2 4 
4 4 2 3 1 4 1 1 3 3 2 3 4 4 1 4 3 2 3 1 1 4 3 4 2 1 1 4 4 1 3 3 1 1 2 4 3 1 1 3 4 2 1 2 4 1 2 3 4 3 3 2 4 3 1 1 4 2 4 4 3 3 3 2 1 2 3 4 1 4 4 3 4 4 4 3 1 4 3 3 3 2 1 2 4 1 3 4 4 2 1 1 3 3 1 3 3 4 2 1 2 4 3 1 3 4 1 1 1 4 2 3 2 4 1 2 2 4 
4 3 3 4 4 1 1 1 4 1 4 2 2 4 2 3 2 3 3 3 3 2 4 4 3 2 3 2 2 4 1 4 1 2 3 3 4 3 4 2 1 3 4 3 4 1 1 1 3 2 4 1 4 2 1 1 3 2 3 4 2 1 3 2 2 4 4 1 2 4 4 4 2 4 2 2 4 4 2 1 4 4 2 4 1 3 4 1 2 2 2 2 4 3 4 4 4 1 1 2 3 3 1 4 4 1 3 2 2 1 2 1 2 1 3 3 1 4 
4 4 3 3 3 4 4 4 4 2 2 2 4 2 4 4 1 1 1 2 2 4 2 3 4 1 4 4 2 4 1 1 2 4 3 2 1 2 1 1 3 2 2 3 2 3 2 3 1 1 2 2 2 2 3 4 2 4 4 4 3 4 3 3 4 3 2 3 1 2 3 2 3 2 1 3 1 4 3 4 4 4 2 2 2 1 4 4 1 2 2 1 1 1 3 1 3 3 4 1 4 1 3 1 2 4 1 4 1 2 2 4 2 1 1 3 2 4 
4 2 2 3 3 2 3 1 2 1 4 3 3 1 3 2 4 4 3 3 1 3 4 2 3 4 1 3 2 2 1 1 3 4 2 3 4 2 4 2 4 2 3 2 2 3 4 2 1 4 2 3 4 3 4 2 2 1 3 1 3 2 4 4 4 4 1 2 2 3 4 2 4 4 1 4 4 3 4 1 3 3 4 2 2 1 3 2 1 1 4 2 3 1 4 4 1 1 3 4 3 2 1 3 2 2 4 3 2 1 3 4 4 3 1 4 3 4 
4 2 2 1 4 2 4 3 1 3 1 4 3 4 3 2 1 3 4 3 3 2 2 1 2 4 2 3 4 2 2 3 4 4 3 2 2 2 4 2 3 2 4 1 2 2 1 4 2 3 1 2 1 4 1 1 2 2 4 3 2 2 1 2 1 4 2 2 3 4 4 2 1 4 2 1 1 1 2 4 1 3 2 1 2 3 1 1 1 3 4 3 4 3 2 4 3 4 4 2 4 1 4 3 4 3 1 3 1 2 4 3 4 1 4 1 3 4 
4 3 3 4 4 3 3 2 4 2 2 2 1 1 1 4 2 4 2 1 4 1 4 2 4 1 2 4 1 2 1 2 1 2 4 1 2 2 4 2 1 2 2 2 4 1 2 3 1 4 1 3 4 4 1 1 1 2 4 4 4 1 4 1 2 1 4 3 4 2 4 1 1 4 2 2 4 1 2 2 2 1 2 1 3 4 4 2 1 4 1 4 1 1 3 4 3 2 2 4 1 1 2 4 4 2 2 2 2 2 2 4 2 2 3 1 3 4 
4 1 1 4 4 3 4 3 2 4 3 4 3 4 3 4 3 3 3 1 1 3 4 3 4 2 1 3 1 3 3 4 1 3 3 4 4 4 2 3 3 3 1 4 1 2 2 2 4 2 2 3 3 2 4 3 4 2 3 2 2 4 3 1 1 1 4 3 3 4 2 3 3 3 2 2 3 2 4 4 2 2 3 2 1 2 1 2 2 1 2 3 3 1 1 1 1 4 2 1 4 4 4 1 3 1 4 2 2 1 3 1 3 4 1 2 2 4 
4 3 3 3 3 1 3 4 1 3 4 2 2 4 4 3 3 4 4 1 3 2 2 1 3 4 2 1 3 4 1 1 2 1 1 4 2 3 4 4 2 1 2 2 3 2 1 4 3 4 2 4 3 2 1 4 4 4 3 3 3 1 1 4 4 1 4 3 1 4 1 2 2 4 4 3 1 2 4 3 1 1 3 4 2 4 2 4 3 3 1 1 1 1 2 4 2 4 4 4 1 3 1 1 2 4 3 3 1 3 4 3 2 1 4 2 1 4 
4 4 1 1 2 1 4 3 2 1 2 1 4 2 2 3 1 2 2 3 4 3 4 1 4 2 3 4 2 3 4 1 3 3 3 2 1 1 3 2 3 1 1 4 2 4 1 1 4 3 2 4 2 3 4 3 2 3 4 3 1 1 4 2 3 4 4 3 2 3 4 1 4 1 4 3 1 3 2 1 3 2 1 2 3 1 2 1 4 2 4 4 4 2 3 2 1 4 3 4 2 2 1 1 4 3 1 2 3 4 3 2 3 1 1 4 2 4 
4 1 3 2 1 3 1 3 4 3 4 2 2 2 2 1 4 4 2 1 4 1 4 4 4 1 1 4 1 1 2 3 1 2 4 1 4 2 2 1 2 3 4 1 2 1 4 4 3 1 1 2 3 3 3 4 1 3 3 1 4 1 4 1 3 3 4 2 2 1 4 2 1 3 1 4 3 2 1 2 4 4 3 3 1 1 1 4 1 3 2 2 2 3 1 4 3 4 1 3 3 2 4 4 4 2 2 1 3 4 3 4 3 2 1 1 4 4 
4 4 3 1 4 4 2 4 3 4 1 3 2 1 2 2 3 4 2 2 3 4 4 2 3 1 1 3 4 4 3 3 4 4 1 4 2 4 2 2 2 4 3 1 1 2 2 4 4 3 3 1 2 4 1 3 1 3 4 3 1 2 3 1 2 1 3 1 2 4 2 3 3 2 1 4 1 4 3 3 1 3 1 2 3 4 3 1 1 1 2 4 3 2 3 4 3 4 3 4 1 2 2 3 3 1 3 3 4 1 1 2 4 4 2 2 1 4 
4 4 4 2 2 3 2 1 1 2 4 4 2 3 2 2 3 1 2 4 4 2 1 4 4 3 3 1 2 1 3 3 3 1 4 4 2 3 3 3 3 4 1 2 1 1 1 2 1 4 2 4 4 2 2 4 4 1 1 1 3 3 1 2 2 3 3 3 3 1 3 1 4 4 2 2 4 3 1 3 2 2 2 2 2 3 2 2 3 4 1 1 2 3 3 2 1 4 1 3 3 4 3 4 3 2 3 4 4 4 4 3 1 1 4 4 1 4 
4 3 3 1 1 1 2 4 4 2 2 3 2 2 1 3 3 2 1 3 2 1 3 2 4 4 4 1 2 2 1 4 4 2 3 1 4 1 2 4 3 3 3 3 1 3 1 2 3 4 3 2 2 2 1 4 2 4 4 4 1 4 3 3 3 4 4 4 2 4 4 1 2 2 4 1 2 3 3 1 2 4 1 3 3 1 3 2 4 3 2 4 4 1 4 1 1 1 4 2 3 3 2 1 1 2 1 1 3 2 4 2 4 1 1 1 2 4 
4 3 1 2 1 1 2 3 2 3 2 2 1 2 4 1 1 1 3 2 1 4 4 2 3 1 3 3 2 3 1 1 2 4 3 3 2 3 4 3 2 1 4 1 4 4 2 3 1 4 4 4 3 2 1 3 3 2 4 1 3 2 1 1 4 4 4 1 4 4 4 3 3 1 4 1 1 1 4 4 4 3 2 4 1 4 1 3 2 1 1 4 1 3 2 2 4 2 2 2 4 1 3 1 4 2 2 3 2 3 4 1 2 1 3 4 2 4 
4 2 1 2 1 1 1 4 2 4 1 3 2 4 3 1 3 3 1 1 3 4 2 1 4 2 3 3 3 2 4 4 4 3 4 1 1 2 2 1 4 2 4 1 3 1 2 4 3 2 2 2 2 3 4 2 1 3 1 1 3 2 2 2 3 4 2 4 3 1 1 3 2 4 1 1 4 1 3 3 4 1 1 4 1 3 4 1 4 4 2 4 3 2 3 4 4 2 3 2 1 2 4 4 3 1 4 4 3 3 2 4 4 4 4 4 2 4 
4 1 2 4 4 4 1 2 1 1 3 1 2 1 1 1 1 2 1 4 4 3 4 2 2 3 1 1 4 3 2 1 4 2 1 2 3 4 3 4 4 4 3 2 2 2 1 3 1 3 2 3 4 2 3 2 4 3 2 3 1 3 4 1 2 2 2 3 2 3 2 1 3 2 1 4 1 4 4 1 4 3 3 2 2 4 2 2 2 3 1 2 1 1 4 2 4 2 1 2 4 4 1 3 4 4 2 2 4 4 2 4 1 3 2 4 3 4 
4 3 1 4 3 4 4 1 1 4 2 4 4 3 1 2 2 2 2 2 4 1 2 4 2 1 4 2 3 4 1 2 1 2 2 2 4 3 2 1 2 2 2 1 2 2 4 2 3 2 1 2 3 4 3 4 4 3 4 3 2 2 3 4 1 1 2 4 1 3 1 3 2 4 4 2 1 2 2 4 4 1 2 2 4 2 1 1 2 4 2 3 1 1 4 3 1 2 3 4 1 1 3 1 4 4 2 2 3 2 2 2 2 2 4 4 2 4 
4 4 4 4 4 4 4 4 4 4 4 4 4 4 4 4 4 4 4 4 4 4 4 4 4 4 4 4 4 4 4 4 4 4 4 4 4 4 4 4 4 4 4 4 4 4 4 4 4 4 4 4 4 4 4 4 4 4 4 4 4 4 4 4 4 4 4 4 4 4 4 4 4 4 4 4 4 4 4 4 4 4 4 4 4 4 4 4 4 4 4 4 4 4 4 4 4 4 4 4 4 4 4 4 4 4 4 4 4 4 4 4 4 4 4 4 4 4 

