117
1000
1000

[Node]
0  0  0   0  0
118 0  0   0  0

[pickup]
1       504398101      11          15
2       504976541      12          12
3       503617238      18          17
4       503058122      25          10
5       504411672      26          9
6       502792854      33          20
7       504557490      37          9
8       503282693      38          7
9       502785855      38          10
10      504944067      39          11
11      505023534      39          7
12      505083274      40          11
13      503907150      44          10
14      502798324      45          11
15      503058102      45          9
16      504433520      49          20
17      502792385      52          7
18      503273252      54          11
19      504764478      61          9
20      505057705      63          8
21      505077327      65          18
22      505088149      66          17
23      504995292      69          18
24      504944047      69          10
25      505143425      72          12
26      504807788      73          6
27      503228783      74          13
28      502799030      79          15
29      502970822      82          12
30      504815398      84          9
31      504360638      87          15
32      502792057      97          9
33      504793290      99          11
34      503282703      101         19
35      502786561      102         9
36      504354545      104         20
37      505154681      105         6
38      504726267      108         19
39      505183803      109         10
40      503657465      109         5
41      502787162      115         12
42      504941835      117         14
43      505033597      118         18
44      503613062      124         5
45      502798266      131         9
46      505117949      133         16
47      502985617      134         19
48      504095458      135         16
49      502789199      137         8
50      504856540      139         12
51      504780339      140         15
52      502787809      148         18
53      503978903      148         5
54      504416396      150         18
55      505170069      153         19
56      504486727      164         19
57      503251699      167         5
58      505237092      168         12
59      503642641      172         11
60      505046733      177         20
61      503219373      178         7
62      503123568      182         15
63      504944097      186         20
64      502892641      189         11
65      504591167      192         18
66      503284101      196         14
67      504467511      211         16
68      503689218      214         7
69      502801240      222         6
70      504699548      222         16
71      502798781      225         15
72      502794531      228         14
73      504940726      230         14
74      502786480      235         18
75      505195131      241         10
76      504893967      243         12
77      503658860      243         12
78      502798845      244         9
79      504945646      246         18
80      503592373      251         7
81      505231571      251         18
82      504489902      254         5
83      504814981      268         14
84      502790178      275         7
85      502786484      282         6
86      503557466      285         15
87      504835356      296         17
88      502788402      297         10
89      505076939      300         18
90      504912045      304         20
91      502800753      306         13
92      502798846      307         17
93      503254635      318         8
94      503278639      323         11
95      502791236      335         19
96      502802061      336         13
97      502788707      344         16
98      504800637      344         11
99      503188362      348         16
100     504938844      370         17
101     502787519      373         15
102     505080279      400         16
103     504306349      411         18
104     503297612      418         9
105     503192571      423         8
106     502786707      437         15
107     504851316      468         14
108     503254639      468         20
109     504608410      487         13
110     504783123      693         6
111     502835894      739         20
112     504861698      831         17
113     503184278      847         16
114     503202377      912         15
115     502788471      1000        19
116     502804546      1000        15
117     504940835      1000        14

[Speed 0]
0.81
30.0   60.0 0.0 0.6
90.0   150 0.0 0.4
300.0  540.0 0.0 0.81
570.0 630.0 0.0 0.6
660.0 720.0 0.0 0.4
750.0 840.0 0.0 0.81

[Speed 1]
1.33
30.0   60.0 0.0 0.8
90.0   150 0.0 0.6
300.0  540.0 0.0 1.33
570.0 630.0 0.0 0.8
660.0 720.0 0.0 1.3
750.0 840.0 0.0 2

[Speed 2]
1.33
30.0   60.0 0.0 1.0
90.0   150 0.0 0.8
300.0  540.0 0.0 1.33
570.0 630.0 0.0 0.8
660.0 720.0 0.0 0.6
750.0 840.0 0.0 1.5

[Speed 3]
1.5
30.0   60.0 0.0 0.9
90.0   150 0.0 0.8
300.0  540.0 0.0 1.5
570.0 630.0 0.0 0.9
660.0 720.0 0.0 0.8
750.0 840.0 0.0 1.5

[Speed 4]
2
30.0   60.0 0.0 1.1
90.0   150 0.0 0.9
300.0  540.0 0.0 2
570.0 630.0 0.0 1.1
660.0 720.0 0.0 0.9
750.0 840.0 0.0 2

[speed choose matrix]
4 4 4 4 4 4 4 4 4 4 4 4 4 4 4 4 4 4 4 4 4 4 4 4 4 4 4 4 4 4 4 4 4 4 4 4 4 4 4 4 4 4 4 4 4 4 4 4 4 4 4 4 4 4 4 4 4 4 4 4 4 4 4 4 4 4 4 4 4 4 4 4 4 4 4 4 4 4 4 4 4 4 4 4 4 4 4 4 4 4 4 4 4 4 4 4 4 4 4 4 4 4 4 4 4 4 4 4 4 4 4 4 4 4 4 4 4 4 4
4 1 4 3 2 4 2 3 3 2 4 1 2 2 1 2 3 4 2 2 1 3 2 1 2 2 2 1 1 1 3 1 4 2 4 1 3 4 3 3 4 3 3 4 2 2 3 4 2 4 3 4 3 1 3 1 2 3 3 4 3 4 4 1 4 1 4 2 2 3 2 1 4 2 2 4 3 1 1 4 1 3 2 3 1 1 2 4 3 2 3 4 2 4 1 3 2 2 3 4 3 3 1 4 3 2 3 1 3 3 1 4 2 1 3 1 3 3 4 
4 1 4 3 2 2 2 2 4 1 3 1 3 4 1 3 3 1 3 4 3 2 1 1 1 3 3 3 2 2 3 2 3 1 2 1 4 3 1 4 4 1 4 1 4 1 4 3 1 3 1 1 3 3 4 3 4 1 1 1 2 2 2 3 1 3 4 2 3 3 1 2 3 4 4 3 2 4 1 1 4 4 2 3 1 3 3 2 4 1 4 2 3 4 1 4 3 2 1 3 4 2 1 3 2 1 3 1 3 3 1 2 3 1 4 2 4 1 4 
4 3 3 4 2 2 1 3 1 3 3 4 1 4 3 4 4 4 1 4 4 4 1 3 1 3 1 2 2 4 2 3 4 3 4 3 1 1 1 2 1 1 4 2 3 4 4 4 1 2 2 1 2 1 2 1 3 1 2 3 3 2 3 1 2 1 2 3 4 2 2 3 4 3 3 1 2 3 2 4 4 3 3 2 1 1 4 2 4 3 2 4 3 3 1 2 2 1 4 2 2 2 1 4 3 1 4 4 3 3 3 4 1 3 1 2 1 2 4 
4 2 1 3 3 3 3 3 1 3 3 1 3 4 1 4 4 4 4 4 1 4 4 4 1 4 1 3 3 2 4 3 2 2 4 2 2 4 4 4 4 4 3 1 1 3 4 3 2 1 1 3 4 4 4 4 4 1 2 1 3 3 2 1 4 1 3 4 1 4 4 4 1 4 4 3 2 2 3 3 4 1 3 3 4 2 4 3 4 4 1 4 1 1 1 3 1 3 3 2 4 1 1 4 4 4 3 1 1 1 4 3 1 2 1 4 4 3 4 
4 2 2 1 2 3 2 4 1 2 2 2 1 2 3 1 4 4 2 4 3 2 4 1 1 4 4 2 1 4 3 4 2 1 1 2 4 2 1 1 2 3 3 3 3 2 2 4 2 1 3 2 1 2 2 3 1 4 2 1 2 4 2 2 3 2 1 2 3 2 1 1 2 1 4 3 4 1 2 3 2 1 4 2 1 4 2 1 2 3 2 4 3 2 3 2 3 3 3 3 2 2 3 3 3 1 4 1 2 2 2 3 4 1 1 3 3 4 4 
4 4 2 4 2 4 4 3 3 2 4 2 2 4 4 3 2 3 1 4 2 3 2 3 4 4 4 4 1 3 2 3 3 3 4 4 3 4 3 3 1 1 3 1 4 1 1 2 3 2 1 3 4 1 3 4 3 3 2 4 4 1 1 3 4 4 4 2 3 4 1 3 1 2 1 4 2 2 3 1 4 4 2 3 1 3 2 1 2 4 3 1 2 1 3 1 4 2 2 1 3 3 3 4 2 3 1 2 3 3 3 1 2 2 2 2 3 4 4 
4 1 1 1 4 4 2 4 2 2 4 4 3 2 1 4 3 2 3 1 3 4 1 1 1 4 2 4 1 1 4 4 3 1 4 2 2 4 3 4 1 3 4 2 4 4 3 2 2 4 1 3 3 3 3 4 1 3 4 1 4 3 1 4 1 4 2 2 1 3 1 1 2 4 1 2 1 1 3 2 3 3 3 3 1 3 1 3 3 1 3 2 2 1 4 3 2 4 1 3 3 1 4 2 1 3 3 1 4 3 3 1 2 3 3 4 4 4 4 
4 1 3 1 3 4 2 1 2 2 4 4 4 1 2 2 1 2 4 1 3 2 1 1 4 1 4 2 2 3 2 2 2 3 2 1 2 4 2 1 2 1 1 3 2 3 1 3 1 1 2 2 1 3 4 3 2 4 2 1 1 2 3 3 1 3 1 4 2 1 3 2 1 3 2 4 3 1 3 4 4 3 2 1 1 4 3 2 2 4 4 4 4 1 4 2 4 4 3 1 4 3 3 2 4 1 1 2 2 2 1 1 4 1 2 2 1 4 4 
4 1 1 1 2 3 1 4 1 3 2 4 4 4 3 1 3 1 1 1 2 1 1 3 2 4 1 2 2 1 3 3 3 1 1 2 2 1 2 4 2 3 3 3 2 3 3 4 1 2 4 2 3 2 4 3 4 4 2 4 3 1 1 1 1 1 1 4 1 3 4 2 3 4 1 2 4 2 3 1 1 3 1 1 3 3 2 1 4 3 1 1 2 4 4 2 4 3 3 4 3 1 2 3 3 1 3 3 3 4 4 2 3 1 3 1 2 4 4 
4 1 4 1 2 2 1 3 3 4 2 4 1 3 3 2 2 2 4 4 3 3 1 3 2 2 1 4 3 2 4 2 2 1 1 1 2 2 1 2 3 2 3 2 2 3 4 3 2 1 1 1 2 4 1 4 4 1 4 3 3 2 1 3 2 2 2 3 3 4 4 1 4 2 1 4 4 2 2 2 4 4 4 4 1 2 1 1 3 1 1 3 3 3 4 1 2 3 2 1 2 4 4 4 1 4 4 1 4 3 4 1 3 4 1 4 2 1 4 
4 2 3 3 1 1 1 1 3 2 3 4 3 2 1 4 2 4 3 1 2 3 3 4 2 1 2 2 3 3 1 3 3 4 1 2 1 3 3 3 2 1 2 1 3 3 1 4 4 2 3 3 1 1 1 2 2 2 4 4 1 4 2 2 2 3 3 4 3 4 3 2 4 2 3 3 3 1 4 4 1 2 2 3 2 1 1 1 1 3 3 3 1 1 3 4 1 2 4 4 1 4 4 3 1 1 1 4 1 3 4 3 3 1 3 1 4 4 4 
4 4 2 4 4 1 2 1 4 4 1 3 2 2 1 2 2 3 4 2 3 1 4 1 2 2 2 1 1 4 4 3 3 2 3 2 3 4 4 2 1 4 1 3 3 4 4 2 2 3 2 4 1 4 2 2 4 4 2 2 2 4 1 1 3 2 4 1 1 1 2 2 4 1 3 1 3 1 3 1 4 3 2 4 2 2 1 1 3 2 3 1 1 2 1 1 4 2 3 2 1 1 3 1 4 3 3 1 4 3 2 2 3 1 4 2 3 2 4 
4 1 1 1 3 1 2 4 4 3 2 1 2 1 2 2 1 3 4 1 1 3 1 1 1 2 3 1 3 3 4 1 1 4 2 2 3 1 3 4 1 2 1 4 4 2 2 3 4 1 4 2 4 3 1 3 2 4 3 1 1 1 4 3 3 2 3 2 2 1 3 4 2 3 1 4 4 1 3 4 3 2 1 4 2 4 2 4 3 4 3 1 1 1 2 3 2 4 2 1 2 4 4 2 3 1 2 2 1 3 1 3 1 3 3 1 3 4 4 
4 4 3 1 4 1 4 2 3 1 3 1 1 3 4 1 4 4 3 4 1 2 1 4 1 4 1 4 4 1 2 4 4 2 3 3 4 4 1 4 2 3 3 1 1 2 1 3 4 4 2 4 1 1 1 4 2 2 4 2 3 3 4 3 2 3 2 4 1 1 2 2 2 2 2 3 3 3 4 1 3 1 1 3 2 3 2 3 1 4 2 1 2 4 1 2 1 2 1 3 2 4 4 3 1 2 2 4 2 3 2 3 3 2 3 3 4 3 4 
4 3 4 1 3 3 4 1 3 1 3 1 2 4 2 3 4 3 1 3 1 1 3 2 3 4 2 1 1 3 4 4 3 3 3 4 2 4 1 3 3 4 2 4 1 3 1 1 2 4 3 4 3 3 1 4 3 1 1 3 1 2 1 4 3 3 3 3 2 1 1 1 1 4 2 4 3 2 4 2 3 2 3 4 3 1 1 3 4 3 2 2 1 3 2 2 1 4 4 3 4 2 3 1 2 3 1 4 2 4 4 2 3 2 3 1 2 2 4 
4 4 2 3 4 3 2 2 1 1 3 2 4 3 2 3 1 1 3 2 4 2 4 2 2 1 4 3 4 4 1 3 2 1 4 4 4 2 4 2 2 3 2 4 3 4 2 1 1 2 3 3 2 3 3 3 3 2 3 4 3 4 4 2 2 2 1 1 1 4 1 4 4 1 2 4 1 3 3 3 4 1 2 1 3 4 1 4 4 4 2 4 1 4 2 3 3 1 4 3 2 4 4 3 4 4 4 3 4 3 1 1 2 4 3 1 3 4 4 
4 4 2 4 2 4 2 1 3 1 1 4 1 2 4 1 2 3 1 3 4 2 3 1 3 3 1 3 4 2 4 1 2 3 2 2 4 3 1 3 4 3 4 2 2 2 1 3 2 3 4 4 2 3 3 3 2 2 1 2 2 2 4 2 3 2 4 1 1 2 4 2 2 2 1 4 3 4 3 4 1 3 2 1 3 1 3 2 4 2 3 3 4 4 4 1 4 3 3 3 1 3 3 1 1 2 1 4 1 4 4 1 1 4 2 4 4 2 4 
4 4 4 2 2 3 4 3 4 2 3 2 1 3 3 2 2 4 3 3 2 1 3 4 3 3 1 2 2 2 1 3 1 2 1 4 4 4 4 2 4 1 4 3 1 1 1 1 4 2 1 1 1 3 3 1 4 4 1 1 1 3 2 2 4 2 1 4 2 2 1 3 1 4 3 4 4 3 4 4 1 1 4 1 3 1 3 3 4 4 4 1 4 4 4 1 1 4 1 3 2 1 2 3 3 3 3 4 2 2 3 3 2 2 2 3 4 1 4 
4 1 3 2 4 4 2 2 3 2 2 3 3 1 4 2 2 1 3 1 1 4 2 1 4 2 3 1 1 2 1 3 3 4 3 2 4 1 3 3 2 3 2 3 4 2 4 4 1 3 4 4 2 3 1 3 4 4 3 1 3 2 2 4 3 3 4 2 4 1 1 2 1 2 1 2 4 3 2 4 2 4 2 4 3 1 4 3 2 2 1 1 1 1 1 3 2 3 1 3 4 1 4 2 2 4 2 3 1 2 3 1 1 2 1 2 4 4 4 
4 3 2 2 4 1 2 1 2 2 2 1 1 2 2 1 2 3 2 4 2 2 3 2 3 2 4 1 1 2 2 1 3 2 2 1 4 1 1 2 2 2 4 2 1 1 3 4 4 3 3 1 2 2 2 4 4 1 4 2 4 3 2 1 1 3 1 4 3 2 2 2 2 3 2 4 3 1 2 1 3 3 3 4 4 4 4 3 4 3 2 3 4 1 4 1 4 1 4 3 2 4 4 4 2 4 3 2 4 2 1 4 3 4 4 1 4 4 4 
4 4 4 2 4 4 3 4 2 2 2 3 2 3 2 3 4 4 2 1 1 4 4 2 4 4 3 4 1 1 3 2 4 4 1 1 4 4 1 3 2 4 3 3 4 4 3 4 3 2 3 3 4 4 4 2 4 1 2 2 2 3 2 2 4 2 1 4 4 4 1 1 3 2 1 4 2 2 1 3 1 4 1 4 3 4 2 4 1 2 1 2 1 1 3 4 2 4 4 4 3 2 3 2 2 1 1 3 2 1 3 4 1 1 2 3 2 1 4 
4 2 4 3 1 3 3 2 4 2 2 3 4 1 1 2 1 3 3 1 2 4 3 2 2 4 2 3 1 3 3 1 2 4 4 2 2 4 4 1 3 2 3 3 1 2 2 3 3 1 2 1 2 4 3 2 3 4 2 2 2 3 1 2 3 3 3 1 1 4 3 2 4 2 2 1 1 3 1 1 2 1 4 4 2 2 4 4 3 4 1 2 3 4 3 2 1 4 4 4 1 4 2 1 3 2 2 1 4 1 4 1 3 3 3 3 3 4 4 
4 4 3 1 3 4 3 2 3 4 2 3 1 2 1 1 3 1 4 2 2 2 1 3 3 4 1 1 2 1 3 2 3 2 2 4 2 1 3 3 1 2 1 3 3 4 1 3 2 2 3 4 4 2 2 3 1 2 4 2 2 2 4 3 2 2 4 1 1 3 4 2 1 4 1 1 4 2 4 2 4 4 1 1 2 4 1 4 2 3 4 4 3 1 2 2 2 2 2 2 4 4 2 3 2 4 4 4 2 1 3 4 2 4 3 1 3 4 4 
4 4 4 3 3 1 3 4 4 4 3 4 3 1 2 1 4 4 3 1 4 1 1 4 3 1 1 1 3 4 2 1 3 3 3 4 1 4 3 4 1 4 4 3 1 4 1 2 1 3 3 2 3 2 1 3 4 4 2 4 2 2 4 2 2 1 4 3 3 3 1 1 1 4 1 3 1 2 4 4 4 2 1 1 1 2 2 1 4 1 1 3 3 4 4 2 1 3 4 3 3 3 3 2 2 4 4 3 2 2 3 1 1 2 2 2 3 2 4 
4 2 2 3 2 4 1 4 1 3 4 2 1 1 4 2 4 2 2 1 4 4 2 2 2 1 3 1 2 3 1 4 2 3 2 1 1 4 1 4 4 2 2 2 3 2 3 3 2 4 2 3 4 4 3 3 3 1 3 3 3 1 3 1 2 3 3 1 1 3 4 4 1 3 1 4 1 1 2 3 4 2 1 2 2 2 2 3 2 1 2 1 2 3 1 4 2 4 3 3 2 1 4 2 1 4 2 3 3 3 1 1 2 4 3 1 4 2 4 
4 2 3 2 2 2 1 4 4 2 2 3 4 1 4 1 2 3 2 2 4 1 4 1 2 2 4 1 3 3 1 1 4 1 2 2 2 1 4 3 2 3 2 4 1 1 4 3 4 2 4 3 2 2 2 3 4 4 3 4 4 2 1 3 3 1 2 1 1 4 2 1 2 2 1 1 4 4 3 4 3 3 2 3 3 2 4 4 3 2 4 1 2 4 1 2 2 4 3 3 2 3 4 2 2 2 2 4 4 4 4 4 4 3 1 3 3 1 4 
4 2 1 4 2 4 1 1 4 4 2 1 1 3 1 4 4 4 1 4 1 3 3 2 3 3 1 3 3 3 2 1 1 2 4 1 2 3 3 1 2 3 1 4 1 2 2 2 2 4 2 3 1 2 3 1 4 1 2 3 2 3 2 1 4 2 3 1 4 3 4 2 3 4 1 3 1 3 2 4 1 1 4 2 1 1 3 2 4 1 1 1 3 1 1 3 4 1 4 1 1 2 4 4 4 3 4 3 2 4 2 1 3 4 4 1 2 4 4 
4 2 4 1 1 3 1 4 2 3 3 1 3 4 4 1 1 2 3 2 2 3 1 1 3 3 1 1 1 2 3 4 2 4 1 4 4 2 4 1 2 2 1 4 3 2 3 3 3 1 2 1 3 2 1 4 2 1 2 2 3 2 1 1 1 2 3 1 3 4 2 3 2 4 3 1 3 3 1 3 2 3 2 2 1 3 3 1 2 3 3 2 2 4 2 2 1 3 3 3 4 3 4 1 4 3 1 4 1 4 2 2 2 2 1 3 2 4 4 
4 4 4 3 4 4 2 3 2 3 4 4 3 4 4 2 3 3 2 4 1 1 2 1 1 4 3 3 2 1 2 2 3 4 3 4 3 3 3 2 4 2 2 2 3 2 4 2 3 1 2 3 1 4 1 4 2 3 4 4 3 4 4 3 2 3 4 1 1 3 3 1 4 2 1 1 1 1 3 3 4 1 2 4 4 4 4 1 2 2 4 4 1 3 4 3 2 3 4 3 3 1 1 2 3 2 4 4 4 2 2 3 2 2 3 3 1 4 4 
4 3 3 1 4 2 1 1 2 2 1 2 3 4 4 4 3 2 1 2 1 2 3 2 1 3 2 4 4 4 1 1 2 4 4 1 3 2 2 3 1 1 4 1 4 2 4 3 1 4 2 2 1 2 1 1 3 1 4 3 1 3 3 1 2 4 1 2 2 3 3 1 4 4 3 2 4 4 4 1 1 2 3 2 2 3 3 2 1 3 4 2 4 3 1 3 3 2 1 3 1 4 2 2 3 4 2 3 4 3 1 3 3 2 2 3 2 3 4 
4 4 2 4 2 2 4 1 4 1 2 3 3 3 1 4 2 3 1 2 4 3 3 4 3 3 3 2 4 3 1 2 4 2 4 4 1 2 1 3 2 3 2 1 4 1 4 1 2 3 1 1 3 2 1 1 4 4 1 3 1 4 3 4 4 2 2 4 1 3 1 4 4 4 4 4 4 4 3 2 1 1 3 1 3 4 1 2 3 1 1 1 1 2 4 2 4 4 2 3 3 2 1 3 3 2 3 3 4 3 4 1 2 1 3 4 3 4 4 
4 1 4 1 1 4 3 2 4 2 2 4 3 1 1 3 1 4 3 2 2 2 3 2 3 2 3 4 4 1 3 1 1 4 4 3 1 1 1 3 2 3 1 3 4 3 1 4 4 2 2 4 4 1 4 3 4 2 1 2 4 1 3 3 3 3 1 3 1 2 4 4 1 3 1 4 1 4 1 3 1 2 1 1 1 2 4 1 2 4 2 2 3 3 1 2 2 1 3 1 3 3 2 1 2 3 3 2 2 2 4 4 1 3 3 2 2 1 4 
4 1 2 1 2 3 3 4 1 3 1 1 1 2 1 4 3 2 4 1 3 4 3 4 1 1 3 4 2 3 1 1 3 4 2 1 2 1 2 4 3 2 4 4 2 4 1 3 3 3 4 4 4 4 3 1 4 3 1 2 4 3 1 3 3 4 1 2 1 2 1 3 2 3 2 4 4 1 2 2 2 3 3 4 2 4 3 3 3 2 4 3 4 1 3 4 4 4 4 2 2 1 3 2 2 4 1 3 3 4 1 3 1 3 2 1 2 3 4 
4 2 2 2 1 1 3 4 1 3 2 4 3 1 1 1 1 2 1 3 3 3 2 2 4 1 4 1 1 4 2 2 3 1 4 3 1 4 2 1 3 2 1 3 2 1 4 4 1 4 1 3 1 2 4 3 3 4 3 1 4 1 2 2 2 3 2 2 1 2 3 1 3 4 1 1 4 1 2 2 2 4 3 2 1 1 3 3 1 4 2 3 2 3 1 3 1 2 2 4 1 3 1 3 3 2 3 1 3 3 2 2 2 1 1 4 2 2 4 
4 1 4 2 4 4 1 2 4 2 4 1 3 3 4 2 3 4 4 4 1 4 4 2 2 2 4 3 3 3 3 3 4 4 3 4 2 4 2 4 2 2 2 2 4 4 2 1 4 2 1 1 1 2 4 3 3 3 3 3 3 4 2 1 1 1 4 4 2 3 1 4 3 4 3 4 4 1 4 2 1 1 1 4 3 1 4 2 2 4 1 4 2 3 4 3 3 2 1 1 4 1 1 3 4 1 4 1 4 2 1 1 1 3 2 2 4 4 4 
4 1 1 4 3 3 4 2 4 3 4 4 2 1 4 3 2 1 4 2 4 4 2 2 3 1 1 3 3 1 4 2 2 1 2 1 1 4 4 3 3 1 4 2 4 3 4 4 4 4 3 3 3 1 2 4 4 2 1 1 2 3 1 4 2 3 1 3 4 4 2 1 1 1 2 2 4 1 3 4 2 2 4 4 1 3 4 4 4 4 4 1 3 3 4 4 3 3 2 4 4 4 1 4 3 1 1 1 1 4 4 4 4 4 2 3 4 2 4 
4 4 3 2 4 3 2 4 3 2 3 2 2 4 4 2 2 4 3 4 2 3 1 4 4 3 3 1 3 1 3 1 1 1 1 1 3 4 3 2 2 1 2 3 4 1 4 1 3 1 1 3 4 1 3 2 2 3 3 4 4 2 2 4 1 4 1 2 3 4 4 3 3 2 1 2 4 2 1 1 3 2 2 4 2 2 2 2 1 1 2 4 4 1 1 2 4 2 2 4 4 2 3 1 2 1 4 1 4 3 4 3 1 4 2 2 2 2 4 
4 4 1 4 2 2 3 2 1 2 1 2 1 1 1 2 2 1 3 3 1 4 4 3 4 3 4 3 1 2 1 4 3 3 4 3 3 4 4 3 3 1 2 3 4 4 1 4 3 3 4 4 4 3 3 2 1 4 1 1 4 4 2 2 1 1 3 4 4 1 3 2 3 4 3 4 4 3 2 1 2 3 2 1 2 2 1 3 2 2 1 2 4 4 2 3 1 4 3 4 2 4 4 3 4 3 2 4 2 4 1 4 2 4 1 1 1 3 4 
4 1 4 3 3 4 4 1 1 1 2 3 1 3 4 4 2 4 2 1 2 2 1 3 2 1 4 4 4 2 4 1 2 2 3 2 3 4 4 3 2 1 1 3 2 1 3 2 2 4 1 3 2 3 4 2 1 1 1 4 4 4 2 3 1 2 3 3 4 3 4 4 1 2 3 3 4 1 3 3 1 4 4 3 2 1 3 1 1 2 3 2 1 1 3 2 4 4 4 1 2 1 3 3 1 2 3 2 4 3 2 4 4 1 2 4 3 1 4 
4 1 3 4 4 1 1 3 1 1 1 4 4 2 3 1 2 2 4 3 1 4 2 4 3 3 3 3 1 2 1 2 2 3 3 4 4 3 1 4 4 3 1 2 4 1 3 2 2 4 3 1 4 2 1 4 4 4 2 4 4 2 4 2 2 1 2 3 2 4 2 4 1 3 2 3 3 2 4 4 2 1 2 2 3 4 2 2 4 3 1 2 3 2 2 4 1 2 2 1 4 3 2 2 4 2 4 2 2 3 2 2 3 1 4 2 1 3 4 
4 2 4 3 2 4 3 3 1 3 2 2 1 2 4 3 4 4 4 1 4 4 2 2 1 3 3 3 4 3 4 3 1 2 1 2 2 4 4 4 3 2 1 4 4 1 2 4 1 2 2 3 4 2 3 2 3 1 4 3 1 4 3 3 2 3 3 1 4 1 3 1 1 3 3 1 2 1 1 3 1 1 4 4 3 1 2 4 1 4 3 2 2 1 4 1 3 3 4 3 3 3 3 2 3 3 2 4 2 4 4 1 3 2 1 3 4 1 4 
4 2 2 2 4 4 4 2 3 2 3 1 2 4 3 3 2 2 2 4 4 3 3 4 3 1 1 4 3 1 1 1 3 3 3 1 2 2 1 4 2 2 1 4 2 3 4 2 4 2 3 1 4 2 4 2 3 1 3 4 3 3 4 3 2 3 2 3 1 1 2 2 2 4 3 3 1 2 4 2 1 1 3 1 1 1 2 1 2 1 1 1 2 1 3 3 1 1 4 4 4 4 2 2 1 1 1 1 4 3 4 3 1 1 1 3 2 1 4 
4 4 2 3 2 1 2 3 4 3 1 3 4 2 2 1 4 1 2 4 1 4 4 4 1 1 1 2 2 2 2 4 3 2 2 2 2 1 2 2 4 3 1 1 2 4 3 3 4 3 3 1 4 4 1 2 1 2 1 3 2 4 4 3 4 1 3 1 1 2 1 1 3 2 3 1 1 4 3 2 3 4 1 2 1 4 2 1 4 4 1 4 4 3 1 4 1 1 3 3 2 2 1 2 3 2 2 4 4 3 3 2 1 2 3 3 2 2 4 
4 1 2 3 2 2 3 4 2 4 4 1 1 2 2 1 4 3 2 4 4 2 4 3 3 3 1 4 4 3 3 4 1 2 4 3 4 2 4 2 4 2 4 3 4 1 2 1 2 4 1 4 2 2 2 3 3 2 1 3 4 3 3 2 4 3 2 2 2 1 4 2 3 4 1 3 4 3 2 4 2 1 4 4 3 1 2 1 2 2 1 3 1 3 2 2 4 3 3 3 4 4 3 2 2 2 1 3 3 4 4 1 3 2 4 2 3 1 4 
4 1 3 4 1 4 4 2 2 2 1 4 3 2 3 4 1 4 1 2 2 1 3 4 4 1 2 1 2 3 2 2 4 2 2 1 1 2 4 2 3 2 4 3 3 3 3 1 2 4 4 2 1 4 2 2 1 2 2 3 2 3 4 2 1 2 2 2 4 2 4 1 2 4 4 4 4 2 3 1 2 3 3 2 3 2 4 2 1 1 2 4 2 1 3 2 1 2 2 2 4 3 3 3 4 2 3 3 3 1 3 4 2 4 2 4 4 4 4 
4 2 3 3 1 1 3 4 4 2 4 3 1 3 4 1 3 4 1 1 1 1 3 3 3 1 2 2 2 2 4 2 1 3 1 2 2 1 1 3 2 2 1 2 1 1 4 4 1 3 2 2 2 3 4 2 2 4 4 4 2 2 3 3 2 3 1 4 2 2 4 4 2 3 1 2 3 3 1 4 3 1 1 3 1 2 2 2 1 2 1 3 3 4 2 1 3 3 4 2 3 4 1 1 4 4 4 4 3 3 4 2 1 4 1 4 2 1 4 
4 3 4 2 3 4 4 2 4 1 4 2 1 4 4 1 3 4 1 4 3 4 4 4 1 2 1 2 1 3 4 3 2 4 2 4 1 3 1 1 1 2 1 4 4 3 4 2 4 1 3 4 3 1 4 4 3 2 2 3 4 2 1 4 1 3 3 2 1 4 4 1 4 4 1 3 1 3 1 4 2 3 3 1 3 2 2 2 4 3 2 1 2 2 3 2 4 2 3 1 2 1 4 3 2 3 2 4 3 3 3 4 2 2 2 4 2 4 4 
4 4 3 4 3 3 1 2 2 4 3 3 1 2 4 3 1 1 2 1 4 4 3 4 3 1 2 3 4 2 2 1 1 1 1 4 4 1 2 2 4 2 3 3 4 3 1 1 2 1 1 3 2 4 4 4 3 4 3 4 3 4 2 2 4 1 1 1 2 3 2 4 2 3 2 2 4 1 2 3 3 1 3 3 3 2 3 1 4 1 3 2 3 2 3 1 4 4 3 2 4 2 3 2 1 1 2 2 4 4 2 1 3 4 2 1 4 3 4 
4 3 4 3 2 3 3 2 3 2 4 1 1 2 2 1 2 4 3 3 2 1 1 2 1 3 2 2 1 3 3 4 4 4 3 2 4 3 1 3 3 3 4 4 1 2 2 2 2 1 4 2 1 3 3 2 2 2 1 1 4 4 1 3 3 1 4 2 2 1 1 3 4 2 2 1 4 2 4 1 1 1 4 2 1 4 1 3 1 2 3 1 3 3 1 2 1 2 2 3 4 4 2 1 2 4 1 4 4 1 1 4 3 4 1 3 4 3 4 
4 2 1 3 2 2 1 1 3 4 2 1 2 4 1 2 1 1 4 4 3 4 2 4 1 1 1 2 2 2 2 2 4 4 4 4 4 3 1 2 1 1 3 2 4 1 1 1 1 1 4 1 4 4 4 2 1 2 4 2 4 4 4 2 2 2 3 4 3 3 1 2 3 3 4 3 3 1 3 4 4 3 2 2 2 2 3 1 2 4 2 1 4 3 1 3 4 4 4 3 1 4 2 1 2 2 2 1 2 1 1 4 2 4 3 1 1 4 4 
4 1 4 3 1 1 4 2 3 3 2 2 4 4 2 1 4 2 2 4 1 4 3 2 1 4 2 4 2 4 3 4 2 2 3 1 1 4 2 3 2 2 3 4 3 2 4 2 2 2 3 1 3 3 2 1 2 1 4 3 3 3 3 4 2 4 3 1 2 3 4 4 1 2 2 2 1 1 3 4 3 1 1 2 4 4 2 4 3 3 2 1 2 1 4 1 3 2 1 1 3 1 3 2 3 3 1 3 4 2 4 4 3 1 1 3 1 4 4 
4 3 4 2 1 2 2 1 1 2 1 1 4 2 3 3 1 1 4 1 3 1 3 4 3 3 1 3 2 1 4 3 4 2 1 3 2 3 2 1 1 4 1 1 1 4 4 4 2 1 3 4 2 3 1 2 2 3 4 3 3 4 3 3 1 3 4 1 3 2 2 3 1 4 1 3 1 1 1 2 3 4 2 3 2 1 3 3 2 4 2 1 2 3 3 2 4 3 4 2 4 3 2 4 2 2 2 1 1 1 2 1 3 1 3 4 2 1 4 
4 2 2 4 2 3 2 1 4 2 2 3 2 3 4 1 3 2 3 2 3 2 2 2 4 1 2 1 3 3 4 3 3 1 2 4 4 3 1 4 2 1 4 1 4 4 3 3 3 4 4 2 3 1 4 4 3 2 4 1 1 3 1 1 1 4 3 2 4 3 1 3 2 4 4 1 1 3 4 3 1 1 4 3 3 4 4 2 4 2 2 1 4 3 4 4 1 1 4 4 4 3 2 2 1 2 2 4 4 4 1 3 4 2 1 1 2 3 4 
4 2 4 2 4 1 4 1 4 4 4 1 2 1 1 3 2 4 1 3 1 2 1 2 3 4 2 2 3 1 3 4 1 3 4 2 3 4 4 3 4 2 4 2 3 3 2 4 4 3 3 4 3 4 4 2 3 1 1 3 1 3 1 4 4 1 3 2 2 3 1 2 2 1 1 2 4 1 3 3 3 1 2 3 3 4 3 2 1 2 4 2 4 1 3 1 2 4 4 2 4 4 2 4 4 2 2 2 1 1 3 2 1 3 3 4 4 3 4 
4 1 1 3 3 1 3 2 3 1 2 3 2 3 4 2 2 3 2 4 4 1 4 4 3 3 2 3 2 1 3 1 4 2 4 2 2 3 3 1 2 3 1 4 3 3 4 2 3 4 4 2 4 4 1 4 4 1 1 4 3 3 1 1 4 2 2 1 4 2 4 3 4 2 2 4 4 3 2 4 3 1 1 2 1 3 4 3 4 2 4 1 2 4 4 1 1 3 2 2 4 4 3 1 3 2 4 1 3 4 4 1 2 4 4 3 2 3 4 
4 2 3 1 2 2 4 1 3 1 3 1 4 4 1 3 1 1 3 2 1 1 4 3 4 3 3 2 2 4 1 3 4 1 4 3 3 3 4 3 1 2 4 3 1 1 2 4 1 4 2 1 4 3 3 2 2 3 3 3 3 4 2 2 4 4 4 2 3 3 1 4 4 1 4 1 4 4 2 4 3 3 2 2 1 1 3 4 4 4 3 2 3 1 1 2 3 3 1 4 1 4 4 3 3 1 1 1 4 4 1 2 4 4 2 1 1 1 4 
4 4 1 4 4 2 1 4 4 3 3 3 2 4 1 1 1 1 3 3 2 3 2 3 4 1 1 3 3 1 2 4 1 1 4 4 1 2 2 4 3 3 2 3 3 4 1 3 2 3 4 1 2 1 2 3 3 4 4 4 4 4 3 4 4 4 2 1 3 4 3 1 3 2 1 1 2 1 1 2 3 2 2 1 4 3 1 1 4 1 2 2 4 3 1 2 4 3 2 2 1 4 3 1 2 1 1 3 2 1 1 2 1 3 2 2 4 1 4 
4 1 3 2 4 1 1 2 1 2 4 2 4 3 3 2 3 1 1 4 2 3 1 4 1 3 4 4 4 4 2 2 4 4 3 3 3 1 4 1 4 4 1 4 2 4 2 4 4 1 1 3 4 3 4 3 4 1 1 3 2 2 2 3 4 1 3 3 1 1 1 1 1 4 4 4 2 2 1 1 1 2 2 1 2 3 2 1 3 1 2 1 1 2 2 2 2 3 1 4 4 4 4 4 2 3 3 1 1 2 3 2 1 1 2 3 1 3 4 
4 3 3 4 2 3 2 3 2 4 3 4 3 3 4 2 2 3 1 4 2 4 3 4 1 3 1 1 4 4 4 2 4 3 3 3 4 4 1 1 3 4 1 1 4 1 1 1 4 2 2 3 1 3 2 1 4 4 1 4 2 4 4 2 1 4 1 1 1 1 4 3 1 2 4 4 1 4 4 2 3 3 4 1 4 3 1 3 1 1 4 1 3 4 1 3 2 3 1 1 3 4 4 4 3 3 2 1 2 4 1 4 2 1 2 2 4 4 4 
4 4 1 1 1 4 1 3 1 4 1 2 1 2 4 3 3 3 2 2 3 2 4 2 2 3 3 3 3 4 2 1 2 2 3 1 4 1 2 3 1 4 1 4 2 2 2 4 4 2 4 2 2 3 4 1 1 3 2 3 2 3 3 3 1 3 3 3 3 1 4 3 3 2 1 1 2 2 1 2 1 2 3 4 2 1 4 3 3 2 2 4 1 3 2 1 2 3 1 1 1 3 2 4 1 4 4 2 1 2 3 3 3 2 4 4 4 1 4 
4 2 2 3 4 2 4 1 4 2 2 4 3 3 2 1 4 4 4 2 4 1 2 2 2 1 2 3 3 1 3 2 3 3 4 2 4 3 2 3 1 4 2 4 4 2 3 4 1 3 4 2 4 3 2 2 3 4 4 2 3 3 1 4 3 3 4 3 1 2 2 1 4 1 1 4 2 4 1 1 1 2 1 4 2 2 3 2 3 2 3 4 1 3 4 2 3 2 4 4 1 2 2 3 1 2 2 3 3 1 3 3 1 3 3 1 2 4 4 
4 4 1 3 3 1 3 2 2 4 3 2 2 2 3 4 4 3 3 3 3 4 1 4 4 1 2 2 4 3 3 2 3 4 2 4 4 1 2 1 2 1 4 4 1 4 1 2 3 3 4 4 4 4 3 1 2 3 1 2 3 2 2 4 4 4 4 1 3 2 2 3 3 4 2 3 3 3 2 2 1 4 3 4 3 2 4 4 2 4 2 2 3 3 3 4 3 2 3 2 4 1 2 4 2 2 2 1 3 3 4 1 1 4 3 1 1 3 4 
4 1 1 2 2 1 1 3 4 4 4 4 4 2 1 4 3 3 3 1 2 4 1 2 4 3 3 2 1 2 1 4 3 2 1 4 2 1 3 2 1 2 1 3 4 4 2 4 3 1 4 4 2 2 1 3 4 1 1 4 2 3 4 3 2 3 4 3 4 1 1 4 2 1 2 4 1 1 4 2 1 4 4 2 2 3 1 2 3 2 3 2 4 3 4 1 4 3 1 3 4 2 3 3 2 3 4 3 3 2 3 4 3 4 3 3 1 3 4 
4 3 3 1 4 3 3 1 4 3 2 4 2 3 2 1 4 4 3 2 2 1 2 1 1 1 3 4 4 4 3 4 4 4 1 3 1 4 4 3 2 2 2 2 1 4 4 2 2 4 1 1 2 1 1 2 2 4 2 1 3 3 1 2 2 2 1 4 2 2 3 2 4 4 2 3 3 1 1 2 1 4 1 2 1 4 3 1 1 3 1 4 2 3 3 3 2 2 1 1 3 3 2 1 2 2 2 4 2 3 2 2 3 2 3 2 4 3 4 
4 2 2 3 4 4 2 4 3 1 2 1 3 2 1 1 2 1 3 3 1 4 2 1 3 3 3 4 1 3 1 3 4 4 3 4 3 3 3 1 2 3 2 1 4 3 2 1 4 1 2 3 4 2 1 1 1 2 4 2 4 4 1 1 4 4 1 4 2 3 3 4 3 1 1 1 4 4 3 1 1 1 4 2 3 4 3 1 4 4 1 4 4 4 2 3 3 4 3 4 2 1 2 2 2 2 4 1 2 2 4 2 1 4 1 3 1 2 4 
4 3 1 4 2 3 3 3 1 1 1 1 4 3 3 3 2 3 4 1 1 3 1 2 4 3 4 1 2 3 4 1 4 3 4 4 4 1 1 1 2 3 4 4 3 4 1 4 3 2 4 1 3 1 1 4 2 3 4 1 2 4 2 2 3 1 4 4 1 3 2 4 1 4 1 2 3 2 3 3 4 1 4 1 4 3 2 4 4 4 1 1 4 3 1 2 2 1 2 3 3 3 1 4 3 3 4 3 1 2 4 2 2 3 1 1 1 4 4 
4 4 1 2 1 2 1 2 4 2 3 2 1 2 3 4 3 1 3 2 4 4 3 1 2 1 4 2 2 1 1 2 2 2 1 1 3 3 1 3 4 3 4 3 3 4 2 2 1 4 2 2 4 4 2 1 4 1 3 3 2 3 3 3 1 1 1 3 3 4 4 2 4 2 3 1 1 1 4 1 4 1 4 4 3 3 4 4 2 3 4 3 2 3 2 3 4 4 3 2 2 1 2 1 2 3 3 2 2 3 2 4 1 3 2 3 3 4 4 
4 4 3 4 1 2 1 1 3 1 4 3 2 3 4 2 2 2 3 3 4 2 3 3 2 4 4 3 3 1 1 2 1 3 3 3 4 1 4 1 3 3 1 1 1 2 2 3 1 1 1 2 2 3 1 3 1 4 1 4 3 1 3 3 4 1 1 3 2 3 1 1 4 2 2 4 2 1 1 2 4 3 2 1 3 1 3 2 3 4 4 2 4 4 2 3 2 3 4 3 2 4 3 3 2 4 4 3 4 1 4 3 1 4 4 2 3 4 4 
4 3 1 1 1 1 4 1 3 1 1 1 2 4 1 1 1 3 1 3 2 1 2 3 2 2 3 3 1 1 2 2 1 1 2 4 3 1 4 1 3 1 1 1 4 2 1 1 3 2 1 4 3 3 4 4 2 4 2 3 2 4 2 1 1 3 4 4 2 2 2 3 1 3 4 3 2 4 3 1 3 1 3 4 3 3 3 2 3 2 4 1 1 2 4 2 1 1 3 1 3 1 3 4 1 4 1 2 3 2 4 4 3 1 1 1 1 4 4 
4 2 1 4 3 1 2 1 2 3 1 1 4 2 4 2 1 2 3 2 3 1 3 3 2 4 4 4 1 1 2 2 1 3 2 2 4 2 3 1 3 1 4 1 3 2 4 1 4 4 2 4 1 3 4 1 3 2 3 3 1 2 4 1 2 2 3 2 1 4 2 3 1 1 4 3 4 2 1 1 4 4 4 2 2 2 1 2 2 2 2 4 4 2 4 2 4 4 4 3 3 1 3 1 2 2 4 3 1 1 4 2 1 2 1 2 1 4 4 
4 4 4 3 2 2 3 4 1 4 2 3 1 1 2 1 3 2 3 1 1 4 4 3 1 2 2 1 1 4 4 2 3 4 3 2 4 2 3 4 1 3 4 3 2 2 1 1 3 3 1 4 1 1 4 3 3 3 1 2 4 3 1 3 3 1 1 2 4 4 4 2 1 3 3 4 2 4 3 2 1 1 4 2 1 4 2 3 3 2 2 4 2 1 2 4 3 1 2 4 1 3 3 4 3 2 4 1 1 1 3 2 2 1 4 1 3 2 4 
4 3 1 2 1 4 2 4 1 1 3 1 3 2 3 1 4 4 3 1 2 4 3 4 3 2 3 4 2 1 2 1 2 4 2 3 1 1 2 2 1 1 4 3 2 3 1 3 2 1 3 1 1 4 1 2 1 3 4 1 2 4 1 2 1 4 4 1 3 3 3 1 1 4 2 4 3 2 2 2 3 4 2 1 3 3 3 4 2 1 1 2 3 2 2 2 4 2 3 4 4 1 4 4 2 1 3 3 1 2 1 3 3 2 2 4 1 1 4 
4 2 1 3 4 4 3 3 1 3 1 4 3 2 1 4 1 1 3 4 3 3 4 4 4 4 3 3 2 2 2 1 4 2 1 2 2 3 4 3 4 4 2 2 2 4 4 4 3 3 4 1 1 2 4 2 3 1 4 4 1 4 4 3 2 1 3 4 3 1 3 1 3 1 3 2 3 4 3 4 4 3 3 4 3 3 2 3 1 4 3 1 1 1 3 3 2 2 4 2 1 4 3 3 4 4 1 3 4 4 1 4 3 1 3 3 1 4 4 
4 1 1 3 1 2 1 4 2 4 2 1 4 1 3 3 1 1 3 4 2 2 2 3 1 2 3 4 1 2 2 1 1 1 4 3 3 2 2 4 3 3 2 3 3 3 1 2 1 2 4 3 2 2 4 3 1 3 3 2 3 1 3 2 2 2 3 2 1 1 4 3 1 1 1 3 3 1 4 4 3 3 2 1 4 3 4 4 2 4 1 3 4 1 2 2 3 1 4 3 3 4 2 4 1 2 1 4 4 2 2 3 1 4 4 3 2 1 4 
4 2 1 1 2 3 2 4 4 4 4 1 3 3 2 1 4 3 4 4 4 2 2 3 2 2 1 1 4 1 3 3 4 2 3 3 3 1 2 1 1 4 4 1 3 2 1 4 2 3 4 4 3 2 4 3 2 2 2 4 3 3 2 4 1 2 3 4 3 1 4 1 4 4 2 2 2 1 3 3 1 2 4 2 4 1 2 3 4 2 1 3 1 4 1 2 2 3 3 1 2 2 1 1 3 2 4 3 1 1 4 1 2 4 1 3 2 2 4 
4 2 4 2 4 3 1 3 2 1 2 1 4 1 2 1 3 2 3 2 2 2 4 2 3 3 2 2 2 1 3 1 4 1 4 4 2 1 3 3 3 1 2 1 3 4 3 1 1 1 4 3 1 2 4 1 4 4 1 4 3 4 3 4 3 4 2 1 2 4 3 1 1 3 3 1 3 4 3 2 1 3 4 4 2 1 3 2 2 2 4 2 2 1 3 3 1 1 3 3 1 2 2 3 1 2 1 1 3 3 4 4 1 3 4 2 2 1 4 
4 3 4 1 1 2 3 1 3 4 1 3 4 1 2 1 4 4 4 2 2 2 2 4 1 4 3 3 1 4 2 1 3 1 1 1 3 4 4 1 4 1 3 4 3 4 3 1 4 1 1 3 2 3 3 3 3 2 1 4 3 2 1 1 4 3 3 3 2 3 3 1 1 1 2 2 1 3 3 2 2 2 2 3 2 3 4 1 2 3 2 2 1 3 3 2 4 2 1 1 3 4 1 2 1 2 2 2 1 1 1 4 4 3 2 4 3 1 4 
4 1 2 4 3 2 2 4 3 1 2 2 2 3 2 1 4 3 2 4 4 4 3 4 3 2 3 1 3 4 2 3 2 4 1 3 2 3 2 4 4 3 2 2 3 2 2 3 3 3 3 1 1 3 1 2 3 2 2 1 2 3 4 3 1 1 2 1 4 4 2 4 4 4 1 3 4 4 1 1 2 1 3 3 3 1 3 1 1 2 3 4 1 2 3 1 1 3 3 2 4 2 1 2 3 4 4 2 4 1 3 2 2 2 1 4 2 4 4 
4 3 3 2 2 1 4 1 3 4 1 1 2 4 1 3 2 3 3 4 3 3 4 3 4 3 4 3 3 1 1 4 4 1 1 3 4 4 2 1 4 1 3 3 3 2 2 3 2 2 4 4 3 2 4 2 2 1 2 1 2 2 4 1 3 4 4 2 1 3 1 1 4 1 1 4 4 4 4 1 1 1 4 3 3 3 1 2 3 3 2 3 4 2 2 3 1 1 4 2 4 2 4 4 4 1 3 3 3 2 2 1 1 4 1 4 3 4 4 
4 1 4 3 3 1 1 4 3 1 2 1 2 3 3 4 3 2 1 1 3 4 2 1 4 3 3 1 3 1 2 1 2 3 2 2 3 1 3 2 4 3 3 2 4 3 1 4 3 2 3 3 1 4 4 1 4 2 3 4 1 4 1 2 3 3 3 1 1 1 4 3 2 2 2 3 2 3 3 3 4 4 1 1 4 1 2 2 2 1 4 2 3 2 2 4 4 4 1 4 4 3 4 2 3 3 2 4 1 4 2 2 1 1 1 2 4 1 4 
4 1 4 4 4 1 3 3 4 3 1 4 1 3 4 3 3 1 4 1 2 1 3 4 3 1 3 2 3 1 4 4 2 3 3 3 2 1 2 3 2 2 1 1 4 2 3 3 4 1 3 3 3 3 4 2 2 2 1 1 4 3 3 2 3 4 2 4 4 1 3 3 1 3 1 2 4 3 3 1 4 4 2 3 2 3 4 2 2 3 1 4 3 2 3 4 2 3 3 1 1 4 2 2 1 1 1 2 1 3 3 3 1 1 2 1 2 3 4 
4 4 4 4 2 2 1 4 1 1 4 2 4 3 3 2 4 3 1 1 1 3 2 1 3 4 1 3 3 2 1 2 3 4 2 3 2 4 1 1 3 4 1 2 2 1 2 4 2 4 2 2 3 3 3 1 2 4 4 3 4 3 3 2 1 3 2 2 1 1 3 2 1 4 1 4 2 1 1 1 4 3 3 4 2 2 1 3 2 2 3 4 4 4 1 3 2 2 1 1 3 4 1 1 2 2 2 2 1 1 4 1 3 3 2 4 3 2 4 
4 1 3 4 3 1 1 3 1 1 3 3 1 3 3 1 4 2 2 2 2 3 4 3 3 1 4 4 1 4 3 4 2 4 1 4 4 2 1 1 2 4 2 2 2 2 1 3 3 3 4 1 1 2 3 4 3 1 3 2 2 1 4 2 1 3 1 3 2 3 3 4 3 3 1 3 3 1 4 4 1 3 2 4 3 4 4 2 2 2 3 2 1 2 3 3 2 4 2 3 1 1 4 2 4 4 4 1 3 3 1 3 4 1 2 3 2 1 4 
4 3 2 2 1 1 3 2 3 1 1 4 3 3 1 4 3 2 4 3 3 4 4 2 1 1 2 3 3 1 1 3 1 3 3 4 1 2 3 4 1 1 2 4 2 3 4 4 1 4 1 3 1 4 1 1 3 2 3 2 3 2 2 4 4 4 1 4 3 3 2 2 2 4 1 4 2 2 2 4 1 4 2 2 1 2 2 2 2 4 4 1 3 2 1 4 1 1 1 4 4 3 2 4 4 3 3 3 3 4 3 2 2 1 1 2 1 1 4 
4 3 3 3 1 3 3 4 4 2 2 4 4 2 1 2 2 2 4 3 1 3 2 3 3 1 3 2 3 2 4 3 1 1 4 3 1 3 4 4 4 4 1 3 3 4 1 2 3 2 2 2 1 2 2 2 1 3 1 4 3 1 3 2 1 1 4 1 4 2 3 3 3 1 2 3 2 4 2 3 1 2 2 1 3 3 4 2 2 1 4 3 4 3 2 1 2 3 3 1 2 3 4 2 4 3 2 4 4 4 4 3 4 4 2 2 1 3 4 
4 3 1 3 4 1 4 2 4 1 4 4 1 3 1 1 2 1 4 1 2 1 3 1 2 4 3 1 2 1 1 1 2 2 3 1 1 4 2 1 3 2 2 1 4 3 3 1 1 2 4 2 3 4 3 1 2 3 4 2 1 1 3 2 3 3 1 4 2 4 4 2 2 4 4 4 1 4 2 3 2 1 4 3 4 1 4 4 4 1 3 3 3 4 1 3 3 3 3 4 4 4 4 3 4 3 2 2 1 1 4 1 4 3 4 1 3 2 4 
4 1 2 1 1 4 3 1 3 2 2 2 4 3 4 2 3 1 1 3 2 1 1 2 3 3 2 1 2 4 1 1 3 2 2 3 1 3 2 2 1 4 3 2 2 3 3 1 4 2 2 2 4 3 3 4 2 1 3 3 1 4 1 4 3 3 4 3 3 1 3 3 4 1 3 4 3 1 4 2 3 1 4 2 3 1 4 3 4 4 2 4 1 4 2 2 3 3 4 1 3 3 4 2 3 1 1 1 3 3 2 3 3 3 2 2 1 1 4 
4 2 2 1 3 4 1 2 4 3 3 1 4 4 1 2 4 1 2 4 3 2 1 3 1 3 2 3 1 4 4 2 4 3 1 2 1 4 3 4 3 4 1 3 2 3 4 3 4 3 1 4 2 4 3 4 1 3 1 3 4 2 1 4 2 4 1 1 1 3 1 3 2 1 4 2 2 3 2 1 1 2 4 4 2 2 1 3 4 2 4 3 3 2 1 1 2 4 3 4 2 1 3 4 2 3 3 3 2 4 1 4 2 3 3 3 3 1 4 
4 3 2 3 1 3 3 3 4 4 2 3 4 4 3 2 1 1 3 2 3 2 4 3 2 1 4 2 2 1 2 4 4 4 4 3 4 4 1 1 1 1 2 4 2 4 1 3 1 2 1 3 4 4 1 1 1 2 1 2 4 2 4 3 2 4 4 4 4 3 3 2 1 1 4 3 4 1 1 4 3 1 2 2 1 3 3 3 1 2 4 4 4 4 4 1 1 1 1 4 3 2 2 1 3 1 4 2 3 3 2 2 4 3 4 1 3 2 4 
4 2 1 1 2 2 3 3 2 3 4 4 4 4 4 2 1 4 3 4 3 2 1 2 4 2 4 3 1 1 1 2 1 2 2 4 1 3 2 4 4 1 3 1 2 1 4 4 2 3 4 2 3 1 4 4 2 4 3 3 1 3 4 1 1 2 3 3 2 3 1 2 3 1 3 3 2 3 2 2 3 1 2 2 4 3 4 4 2 2 2 2 1 1 1 4 2 3 2 3 4 3 1 1 3 2 4 3 4 4 3 2 4 4 1 3 1 2 4 
4 2 2 2 3 2 3 1 1 3 2 3 4 2 4 4 1 4 2 3 4 3 3 3 1 1 1 4 1 4 4 4 1 2 1 3 3 2 2 2 3 2 1 3 2 3 1 1 1 2 2 4 1 2 4 2 1 2 1 3 1 1 1 2 3 1 3 3 4 4 1 2 2 2 4 1 2 1 2 4 1 1 1 2 1 4 2 4 4 2 4 1 4 4 3 1 1 3 4 1 4 1 3 3 2 4 1 2 3 4 4 4 1 2 2 3 2 3 4 
4 4 3 2 4 2 3 3 4 2 1 2 1 3 3 1 3 2 4 2 4 1 3 4 3 1 3 1 1 4 4 1 4 4 4 2 1 1 2 1 2 2 4 3 2 2 4 4 4 4 1 3 3 1 3 2 2 3 1 1 1 1 3 2 2 2 3 3 3 2 1 2 2 1 4 2 1 2 3 3 3 2 4 1 4 1 2 1 4 2 4 2 4 3 2 1 4 2 4 1 3 4 2 2 2 4 1 4 4 4 2 3 4 4 3 1 1 4 4 
4 1 4 4 4 3 4 4 2 3 3 4 2 3 2 3 4 2 1 1 2 2 3 3 3 3 3 3 3 3 1 4 2 3 2 1 1 2 4 3 3 3 4 2 4 2 2 3 3 2 4 1 4 2 1 2 4 1 3 1 2 4 2 2 2 3 1 1 4 1 2 1 3 1 2 4 2 3 4 2 4 1 2 1 2 3 4 1 1 3 3 2 4 1 3 1 3 2 4 3 1 1 2 3 2 3 3 1 1 3 3 1 1 1 4 2 1 2 4 
4 4 1 2 4 1 1 3 2 2 1 2 2 2 4 3 4 3 1 1 1 2 4 1 4 1 2 1 4 4 2 3 1 1 2 1 4 4 3 3 2 3 2 4 1 4 3 3 2 1 4 3 2 1 1 4 4 1 3 1 1 4 3 2 4 4 1 4 1 2 1 3 2 4 3 3 4 4 1 4 2 4 1 4 4 4 4 1 1 3 2 3 4 2 1 2 4 3 4 2 1 1 2 1 4 3 4 3 4 4 3 2 2 3 1 4 4 3 4 
4 4 1 4 3 4 2 2 3 1 2 4 2 2 4 1 2 2 4 1 2 3 1 1 4 3 2 4 4 3 2 2 1 3 2 1 2 2 3 4 2 4 3 2 2 1 4 4 1 3 2 3 4 2 2 3 2 1 3 2 1 4 1 3 1 1 2 1 4 4 1 3 2 2 2 1 2 2 2 2 2 3 1 4 3 3 3 2 3 1 3 1 1 1 4 3 1 1 2 3 3 4 1 2 4 2 2 3 3 3 3 2 4 2 2 1 4 1 4 
4 1 4 1 4 2 4 1 3 4 2 3 3 4 2 1 2 4 2 3 3 2 3 3 2 2 2 1 2 2 3 2 2 3 2 2 4 3 4 2 1 4 1 3 2 2 3 2 4 4 4 4 3 4 1 1 3 1 4 4 1 3 2 3 1 2 1 2 2 1 2 1 3 4 1 4 2 1 1 1 3 3 4 3 4 4 4 2 3 1 1 4 3 1 2 3 3 4 3 1 1 4 3 1 3 1 4 2 2 2 4 1 1 2 1 2 4 3 4 
4 4 2 3 1 2 4 4 1 2 3 4 2 3 2 3 2 4 4 1 4 1 2 1 2 3 2 4 1 4 4 2 4 2 1 3 1 3 2 2 2 2 2 1 4 2 1 2 3 1 2 1 1 3 3 1 4 3 3 2 2 1 3 1 3 3 1 3 1 2 3 3 2 2 3 1 1 2 2 4 1 2 2 4 4 1 4 2 4 4 2 1 2 4 1 1 2 1 2 4 3 4 3 2 4 4 4 4 3 3 1 2 2 1 2 1 2 1 4 
4 4 1 3 3 3 2 1 1 1 4 4 4 2 1 1 4 3 3 1 2 3 4 4 3 1 3 1 2 4 4 3 2 3 1 2 1 4 2 1 3 3 1 4 3 1 2 3 4 3 3 3 1 1 3 1 4 1 4 3 3 4 2 2 1 2 2 1 1 3 3 4 4 1 4 1 1 4 1 3 4 2 3 1 3 4 3 1 1 3 2 3 3 3 3 2 3 3 1 4 4 4 4 1 2 2 4 2 1 1 4 4 4 4 1 3 2 4 4 
4 3 2 4 1 4 4 1 4 1 2 2 2 2 1 1 2 2 1 1 3 2 3 3 2 2 2 4 3 1 2 2 1 1 4 1 1 3 3 1 2 3 4 4 3 2 1 4 2 2 3 1 2 3 1 3 2 3 1 2 2 2 1 2 2 4 2 1 3 4 1 2 1 1 1 4 4 3 2 3 2 1 4 2 4 1 2 4 2 4 3 1 4 1 2 1 2 1 1 1 4 4 1 2 4 1 3 2 4 1 2 1 1 1 1 3 2 1 4 
4 4 1 4 1 2 4 4 3 3 2 4 2 4 1 1 3 3 1 4 3 3 1 4 3 3 1 3 1 3 2 2 2 2 1 1 1 4 3 1 2 4 4 3 2 1 3 4 3 1 1 2 4 4 4 3 2 4 3 3 4 1 3 4 4 1 4 1 2 1 4 1 1 2 4 3 4 2 4 3 2 1 2 4 1 4 1 2 4 2 2 1 4 1 2 3 3 4 3 1 1 4 1 1 3 1 2 2 4 4 2 1 4 1 3 1 2 1 4 
4 2 2 1 4 1 3 3 2 4 2 1 4 2 1 4 2 3 3 3 2 4 4 4 4 2 1 3 3 4 2 1 2 1 2 2 2 2 3 1 1 1 1 2 2 2 2 2 3 1 2 2 1 1 3 3 3 2 4 1 1 2 2 4 4 4 2 1 2 3 1 3 3 2 2 1 2 2 4 2 3 1 1 3 4 2 3 2 1 2 2 2 4 2 3 1 4 3 3 1 2 1 4 2 3 3 2 2 1 4 3 4 2 1 2 3 3 2 4 
4 3 4 3 3 1 4 3 4 3 4 4 1 2 1 1 4 1 4 2 1 1 4 3 1 2 1 1 1 1 2 2 3 1 4 4 1 4 1 2 1 1 4 4 2 4 1 2 3 3 3 3 4 1 3 3 1 3 4 2 4 3 2 2 1 2 1 4 2 3 4 3 2 4 3 4 4 1 3 3 3 1 4 2 3 1 1 4 1 1 4 1 2 2 4 4 2 1 1 4 2 3 3 3 4 4 1 3 1 1 3 1 2 3 4 4 2 1 4 
4 3 1 3 3 3 3 2 1 3 4 2 4 2 4 4 4 1 2 2 2 2 4 4 3 2 1 2 1 2 2 4 1 4 1 3 3 4 2 3 3 1 4 3 3 2 4 3 4 1 2 4 3 1 3 4 1 4 1 2 3 2 3 1 2 2 1 4 3 3 3 1 3 3 4 2 3 1 4 4 4 1 2 3 2 2 1 2 4 4 2 2 2 3 2 4 4 1 2 3 4 2 2 3 2 3 1 2 2 4 4 1 2 3 4 4 2 2 4 
4 2 3 3 1 4 1 4 4 1 1 4 1 4 4 1 2 1 2 3 3 3 2 2 2 1 3 4 3 4 4 3 3 4 3 4 1 3 4 2 1 2 2 2 2 1 2 1 2 3 3 4 2 3 3 4 1 1 3 2 1 2 2 1 2 4 3 1 3 3 3 3 2 2 3 4 2 1 2 2 2 1 1 4 2 1 3 3 3 4 2 3 1 1 1 2 2 3 2 1 2 4 1 1 4 1 2 1 2 1 1 2 2 1 1 2 1 1 4 
4 2 2 3 2 4 4 1 2 1 3 3 4 2 3 4 3 1 2 4 4 1 4 2 4 1 4 4 3 1 3 4 4 1 4 2 1 3 4 1 2 2 1 1 1 3 1 3 2 3 2 3 3 3 2 3 1 4 2 1 2 4 2 2 2 4 4 3 4 2 1 2 4 2 1 4 4 3 1 4 3 4 3 2 1 2 4 4 4 2 1 2 4 2 2 2 4 4 3 2 4 1 1 3 3 1 1 4 2 4 4 4 1 1 4 2 1 3 4 
4 1 4 1 1 3 2 2 3 2 4 4 4 2 3 1 1 2 2 1 1 3 2 1 4 3 4 2 2 3 1 4 2 4 2 3 4 1 4 3 3 4 2 4 1 2 1 2 1 2 3 3 2 2 1 1 3 3 1 1 4 4 4 1 2 1 3 1 4 1 1 4 1 4 3 4 2 2 4 2 4 3 4 3 2 1 1 1 1 2 2 4 3 1 1 2 1 2 1 1 2 4 1 1 4 2 3 1 4 2 3 1 2 1 3 1 2 2 4 
4 3 4 4 3 2 2 3 4 1 3 4 3 4 3 3 4 1 3 1 3 3 1 1 3 3 2 4 1 4 4 1 2 3 4 2 2 3 1 2 4 1 3 1 2 4 2 1 4 1 3 1 3 2 3 2 3 2 4 3 2 3 1 4 1 1 4 4 3 1 1 3 3 3 4 4 4 3 1 2 3 2 2 1 4 3 4 4 4 1 4 4 1 1 3 4 4 3 3 2 2 4 3 4 1 2 1 3 3 4 4 2 3 3 4 4 3 3 4 
4 4 3 3 1 4 3 3 2 2 3 1 2 4 2 2 3 1 2 3 4 3 2 3 2 4 2 2 4 2 2 4 2 3 1 2 1 1 1 1 4 1 4 4 2 3 4 3 2 2 2 2 2 4 3 4 3 3 1 2 4 2 3 2 4 1 2 3 3 2 2 4 4 3 2 1 3 1 1 3 3 3 4 3 2 3 4 1 4 1 1 2 1 3 3 1 2 1 3 2 2 2 2 1 2 3 3 3 2 1 2 3 3 2 3 1 2 2 4 
4 4 4 3 3 3 2 1 3 4 1 2 3 2 2 1 1 1 3 3 4 3 3 2 4 4 1 3 1 4 1 4 1 4 4 4 1 4 2 4 2 3 4 1 3 4 2 2 1 1 2 1 3 1 4 1 4 3 3 1 1 2 3 2 2 3 4 4 1 2 1 4 2 2 4 2 4 4 3 3 3 1 4 3 3 4 4 1 2 2 1 3 1 1 3 3 2 4 2 2 4 4 1 1 2 3 3 1 1 2 2 2 3 4 2 4 4 2 4 
4 3 2 4 4 1 3 1 2 2 4 2 3 3 3 2 3 2 2 2 2 1 1 1 3 2 1 2 1 3 1 3 3 1 1 4 3 2 1 2 3 3 3 3 4 4 1 2 4 4 2 2 1 3 3 1 3 4 3 3 3 4 3 1 3 3 2 2 3 3 4 2 4 3 1 1 2 3 1 2 4 1 1 1 1 1 4 4 4 4 3 2 4 1 2 1 4 2 2 3 1 1 4 2 3 1 1 4 1 1 3 1 4 1 3 1 1 4 4 
4 2 1 4 4 1 3 1 2 1 4 3 4 3 1 3 2 3 1 4 1 4 2 2 4 4 1 1 3 4 1 3 2 4 1 3 4 3 3 3 3 2 4 4 3 2 4 3 3 4 3 2 3 3 2 1 2 3 4 2 2 4 1 3 3 1 4 2 2 4 4 3 1 3 1 3 4 3 4 3 2 2 4 3 3 2 2 1 3 4 3 4 3 2 3 4 2 3 3 3 4 2 3 4 1 4 2 4 2 2 3 3 3 3 4 2 4 4 4 
4 3 3 1 1 2 1 1 1 4 1 2 3 2 4 2 3 2 3 2 3 2 2 3 1 3 4 1 4 4 1 4 2 4 3 4 3 4 4 2 2 4 3 3 2 1 3 1 4 4 4 4 1 1 2 1 4 2 3 4 3 3 3 4 4 4 2 4 3 1 4 1 3 1 4 3 3 3 3 1 3 4 2 4 2 3 4 2 2 3 1 1 2 3 1 2 1 2 1 2 4 4 1 2 1 2 2 3 2 3 4 3 1 4 4 3 1 4 4 
4 1 1 2 4 3 1 1 2 4 1 2 2 4 2 4 3 2 4 1 4 4 2 2 3 3 2 4 1 1 1 1 3 2 2 4 3 4 4 2 1 4 3 1 3 2 1 1 4 1 2 1 3 4 4 1 4 1 3 1 4 4 1 4 1 2 3 4 4 3 4 3 4 4 1 3 1 4 2 3 4 3 4 2 4 1 2 3 4 2 4 3 1 2 1 4 4 2 2 1 3 1 1 3 4 2 3 3 1 3 4 3 1 1 2 2 3 1 4 
4 2 2 2 2 3 3 1 1 4 4 4 2 4 4 4 1 1 4 4 2 2 1 1 1 4 1 2 3 1 3 1 3 3 3 1 3 4 4 3 2 1 1 1 4 1 4 2 1 3 4 4 1 1 2 3 4 2 2 1 4 3 2 2 4 4 1 3 1 1 3 2 2 1 3 3 1 4 3 1 1 3 3 3 3 4 1 1 4 3 4 3 1 4 2 2 1 3 3 1 3 4 3 3 3 1 3 3 3 2 2 2 4 1 4 3 2 1 4 
4 1 3 4 3 4 3 1 4 1 2 4 2 4 2 4 3 4 2 1 2 4 3 4 2 1 4 4 3 4 4 1 3 2 4 1 1 2 3 3 3 3 1 1 3 3 2 1 4 4 2 1 3 2 4 4 3 1 3 2 4 3 2 1 1 1 4 3 3 4 3 2 3 4 4 1 4 2 4 2 1 1 2 3 2 3 2 4 3 2 3 2 4 3 3 3 1 4 2 3 3 3 4 3 4 4 2 1 2 1 1 4 3 3 3 1 4 1 4 
4 1 1 1 4 4 1 3 4 2 3 2 1 3 3 2 2 4 2 4 4 1 2 1 4 4 2 2 2 2 2 2 4 3 3 3 3 1 4 3 1 4 2 2 1 4 2 4 2 2 3 1 3 1 3 2 3 4 3 3 4 1 4 1 4 2 1 2 1 1 4 3 4 2 4 4 2 4 4 2 1 3 4 3 4 4 2 1 2 3 2 2 3 4 2 3 2 3 3 3 2 3 4 3 3 3 3 3 1 2 3 4 1 4 2 2 3 1 4 
4 4 1 2 2 2 4 3 2 3 2 1 4 2 1 2 1 4 1 1 1 3 3 2 1 4 4 4 4 2 1 1 3 3 3 1 3 3 1 2 1 2 4 4 4 3 4 1 3 3 1 4 4 3 4 3 3 4 2 2 2 4 4 2 4 3 4 2 4 2 4 2 2 1 3 1 2 1 1 3 1 4 3 2 4 4 3 3 1 4 1 1 1 1 3 3 2 3 2 3 1 4 2 3 3 2 2 4 2 4 2 2 4 4 1 2 1 4 4 
4 4 4 4 4 4 4 4 4 4 4 4 4 4 4 4 4 4 4 4 4 4 4 4 4 4 4 4 4 4 4 4 4 4 4 4 4 4 4 4 4 4 4 4 4 4 4 4 4 4 4 4 4 4 4 4 4 4 4 4 4 4 4 4 4 4 4 4 4 4 4 4 4 4 4 4 4 4 4 4 4 4 4 4 4 4 4 4 4 4 4 4 4 4 4 4 4 4 4 4 4 4 4 4 4 4 4 4 4 4 4 4 4 4 4 4 4 4 4 

