119
1000
1000

[Node]
0  0  0   0  0
120 0  0   0  0

[pickup]
1       502786487      14          10
2       505185201      16          11
3       504944097      19          16
4       503657465      24          15
5       504885456      25          17
6       502786491      26          15
7       504389727      28          6
8       504910673      30          5
9       505033597      31          14
10      505036392      34          5
11      502787864      34          20
12      505123014      37          11
13      505162674      42          7
14      505115867      42          9
15      504433520      47          11
16      505029423      51          10
17      504558778      51          18
18      504930826      52          16
19      503008636      53          13
20      505181867      54          18
21      505128819      56          8
22      503273252      58          11
23      504495199      60          19
24      502939981      61          19
25      505125143      62          6
26      504940824      63          9
27      504795387      64          6
28      503167459      64          5
29      502788559      72          5
30      503589812      72          16
31      504959841      73          7
32      502985617      73          6
33      504654384      73          13
34      504865786      78          9
35      504042384      78          7
36      504398964      78          14
37      502787525      79          5
38      503171563      80          13
39      503282703      83          12
40      503291816      85          16
41      502792385      90          5
42      504486727      93          10
43      503254635      96          6
44      502797344      96          6
45      502792112      99          19
46      504960935      101         15
47      502785846      101         8
48      503167442      106         19
49      502794547      108         14
50      505037653      109         6
51      502786496      115         13
52      502786561      120         19
53      503242004      121         5
54      503123568      122         16
55      502793597      124         20
56      504940726      125         19
57      503978903      126         5
58      504467511      129         13
59      504591167      129         11
60      503592373      134         11
61      503074190      134         9
62      502798846      136         15
63      503556497      138         13
64      505170366      146         13
65      504835356      148         7
66      504306349      149         18
67      503284249      152         11
68      505158222      157         11
69      503136759      160         19
70      504699548      161         6
71      503134808      167         16
72      503188362      168         6
73      502792419      176         5
74      505076939      177         19
75      502785872      177         11
76      503251698      186         18
77      502786480      195         7
78      502800753      203         10
79      504343657      206         11
80      502794067      208         5
81      504608410      211         10
82      504924578      211         12
83      502787837      211         18
84      502786484      212         5
85      502789170      214         6
86      504904607      214         15
87      504930829      233         18
88      502798266      244         17
89      502786498      246         6
90      504411672      261         14
91      503297612      261         10
92      505172794      266         18
93      504489902      270         7
94      502794929      278         10
95      503557466      290         18
96      503278639      297         13
97      503254639      312         18
98      502791236      316         13
99      504945646      318         11
100     503168027      330         18
101     502792352      333         19
102     504040924      335         15
103     503819061      336         16
104     503192571      345         6
105     502790178      419         11
106     502791109      422         15
107     503229542      452         9
108     504938844      485         5
109     505122342      515         15
110     502785849      517         16
111     502794668      536         14
112     504783210      655         12
113     502790625      704         12
114     504461228      750         16
115     504459915      1000        12
116     505080279      1000        16
117     502804546      1000        12
118     503220254      1000        15
119     502794458      1000        16

[Speed 0]
0.81
30.0   60.0 0.0 0.6
90.0   150 0.0 0.4
300.0  540.0 0.0 0.81
570.0 630.0 0.0 0.6
660.0 720.0 0.0 0.4
750.0 840.0 0.0 0.81

[Speed 1]
1.33
30.0   60.0 0.0 0.8
90.0   150 0.0 0.6
300.0  540.0 0.0 1.33
570.0 630.0 0.0 0.8
660.0 720.0 0.0 1.3
750.0 840.0 0.0 2

[Speed 2]
1.33
30.0   60.0 0.0 1.0
90.0   150 0.0 0.8
300.0  540.0 0.0 1.33
570.0 630.0 0.0 0.8
660.0 720.0 0.0 0.6
750.0 840.0 0.0 1.5

[Speed 3]
1.5
30.0   60.0 0.0 0.9
90.0   150 0.0 0.8
300.0  540.0 0.0 1.5
570.0 630.0 0.0 0.9
660.0 720.0 0.0 0.8
750.0 840.0 0.0 1.5

[Speed 4]
2
30.0   60.0 0.0 1.1
90.0   150 0.0 0.9
300.0  540.0 0.0 2
570.0 630.0 0.0 1.1
660.0 720.0 0.0 0.9
750.0 840.0 0.0 2

[speed choose matrix]
4 4 4 4 4 4 4 4 4 4 4 4 4 4 4 4 4 4 4 4 4 4 4 4 4 4 4 4 4 4 4 4 4 4 4 4 4 4 4 4 4 4 4 4 4 4 4 4 4 4 4 4 4 4 4 4 4 4 4 4 4 4 4 4 4 4 4 4 4 4 4 4 4 4 4 4 4 4 4 4 4 4 4 4 4 4 4 4 4 4 4 4 4 4 4 4 4 4 4 4 4 4 4 4 4 4 4 4 4 4 4 4 4 4 4 4 4 4 4 4 4 
4 4 4 1 2 4 1 2 4 1 1 1 1 2 2 2 4 2 3 3 1 2 4 3 4 3 1 1 2 3 2 4 2 3 4 4 2 3 2 1 3 4 3 4 4 1 1 2 1 2 1 1 2 3 3 2 4 2 2 2 1 1 1 3 2 2 2 3 1 3 4 2 1 4 3 1 1 2 3 4 1 1 2 3 3 4 3 3 2 1 2 2 1 3 4 2 2 4 1 1 4 2 2 4 2 3 1 4 3 1 4 3 2 4 4 4 2 1 3 4 4 
4 3 3 2 4 3 1 3 2 3 3 4 1 1 2 4 3 1 4 2 2 3 1 1 3 3 1 4 2 2 4 4 3 1 3 2 3 3 3 3 2 3 4 4 1 1 3 3 3 3 4 1 1 2 3 4 1 2 2 1 4 4 3 2 2 4 2 4 1 2 2 2 4 1 1 3 2 4 2 3 3 4 2 1 3 3 2 3 2 1 2 4 2 1 2 2 2 4 1 2 1 1 2 4 4 2 2 2 4 4 4 1 4 4 1 2 3 3 2 4 4 
4 2 1 4 1 2 4 2 1 4 2 1 4 4 3 1 2 3 3 2 1 4 2 3 2 1 2 2 3 1 2 1 2 3 2 1 3 2 2 4 2 4 2 1 4 3 1 1 4 3 2 2 3 3 3 3 4 1 2 4 4 1 3 4 4 1 2 4 1 2 1 3 4 2 3 2 4 1 3 1 2 2 2 3 4 4 2 2 4 2 4 3 2 1 3 4 4 4 4 2 4 3 3 4 3 4 3 4 4 4 2 1 3 3 4 2 1 3 3 3 4 
4 3 4 1 3 3 3 4 1 4 4 2 1 1 2 3 2 2 2 3 4 2 1 3 2 3 1 1 3 3 2 4 4 1 4 4 2 2 3 3 1 4 1 2 1 1 2 2 4 1 2 1 4 3 1 2 4 4 1 2 2 1 3 3 2 4 2 3 4 4 4 1 3 1 1 2 3 4 3 1 4 2 2 3 1 3 1 1 2 4 3 4 1 2 4 4 4 2 4 3 3 1 4 1 3 2 2 4 3 1 1 3 3 2 3 4 1 1 2 4 4 
4 3 1 2 1 1 2 4 3 4 3 3 4 1 2 2 4 3 2 4 2 4 4 4 1 2 1 1 2 2 1 1 1 4 4 4 2 3 3 2 2 2 4 1 3 4 2 1 4 2 2 2 1 1 1 2 4 1 1 4 2 1 1 1 1 1 1 1 4 1 4 1 3 3 3 4 4 2 4 2 4 2 4 1 4 2 1 1 2 3 2 1 4 2 4 4 4 1 4 2 1 4 4 3 4 2 4 4 3 4 2 1 4 1 4 4 2 1 1 4 4 
4 1 2 1 3 3 2 2 4 1 3 1 3 3 2 3 4 4 3 3 2 2 1 2 1 3 3 4 2 4 1 4 1 2 4 2 2 2 4 4 1 2 4 1 4 1 2 2 1 3 3 4 3 4 2 1 1 4 1 3 2 4 2 2 4 4 2 3 3 3 2 3 3 4 3 3 2 3 3 2 3 1 4 1 2 3 4 2 1 2 1 2 3 1 3 4 1 2 4 1 2 4 1 4 3 4 1 2 1 4 2 2 3 1 2 2 3 4 2 4 4 
4 1 2 4 2 4 2 4 1 4 1 2 2 1 1 1 3 3 3 3 2 3 4 1 2 3 1 1 2 1 4 4 4 1 3 3 1 1 2 4 2 1 1 4 2 3 3 2 4 3 4 4 3 3 4 1 2 3 2 3 3 3 1 4 3 3 1 3 3 2 3 1 1 4 4 2 1 2 4 4 2 2 2 3 2 2 3 2 1 1 4 2 1 3 1 1 4 2 3 1 4 3 4 1 4 3 1 3 3 2 1 4 3 3 2 4 1 1 2 4 4 
4 3 1 4 1 1 4 1 4 1 3 3 3 4 1 2 3 4 3 2 3 4 1 3 2 3 3 2 4 1 4 3 4 2 1 2 4 4 1 2 2 3 3 1 4 1 2 2 1 3 4 4 4 2 4 2 4 4 3 3 3 2 4 2 1 1 1 2 1 2 1 1 1 4 2 2 3 1 1 2 3 2 2 3 1 2 1 1 4 2 1 2 1 4 3 2 3 2 1 1 4 4 3 2 1 4 4 1 3 2 1 1 1 3 1 3 4 1 1 2 4 
4 4 1 3 2 1 3 3 1 1 1 4 3 1 1 2 4 2 2 4 4 3 2 4 1 1 2 2 4 4 3 1 2 2 3 2 3 1 1 1 1 4 3 1 2 3 1 2 1 4 4 1 4 1 2 2 1 2 3 1 4 4 4 4 4 1 2 4 3 3 2 3 2 4 1 1 4 2 4 2 1 3 4 1 1 4 2 1 3 4 1 2 4 1 3 1 4 2 3 4 3 1 3 2 2 4 3 1 4 1 2 3 4 1 3 1 4 3 1 3 4 
4 1 4 3 2 1 3 1 2 3 2 2 1 1 1 2 4 2 4 2 1 1 4 1 1 4 1 4 2 3 1 4 2 3 1 1 3 4 1 4 2 1 3 3 4 2 2 4 4 2 1 1 3 1 1 4 3 4 3 2 2 2 4 4 3 2 1 3 2 3 4 2 2 1 3 4 1 3 1 4 4 1 4 4 4 4 3 2 4 2 1 2 4 2 4 1 1 4 3 2 1 2 2 2 2 4 2 2 1 1 2 4 3 4 4 2 4 1 1 4 4 
4 1 1 2 1 2 2 4 1 2 4 3 1 2 1 3 3 3 1 3 3 4 4 4 4 1 3 4 3 3 4 4 2 1 2 1 2 1 2 1 1 4 3 4 3 4 3 2 4 2 2 2 2 2 1 1 2 4 1 2 1 1 4 2 4 2 1 2 3 2 1 2 2 4 4 3 4 4 2 4 2 3 2 1 2 2 1 4 4 3 2 4 1 1 3 4 3 2 1 2 2 1 2 3 4 1 4 1 2 1 3 1 1 1 4 2 2 4 1 3 4 
4 4 2 4 1 1 3 2 1 2 4 4 4 2 1 2 1 3 4 2 1 4 4 2 2 3 4 3 3 3 4 3 3 3 4 2 4 1 4 4 3 3 1 1 3 3 3 1 2 4 3 1 4 3 1 2 2 1 2 2 2 3 2 3 1 2 4 1 4 2 2 4 1 4 1 1 3 2 2 1 4 3 1 3 2 1 4 4 3 1 3 4 4 1 2 3 1 3 3 2 4 3 3 3 4 1 4 4 4 3 4 4 3 1 2 1 1 4 3 1 4 
4 4 2 3 1 3 4 4 4 3 2 3 1 2 4 1 2 1 2 4 1 1 2 4 4 1 2 4 4 2 3 3 2 2 3 3 4 1 4 1 1 4 1 4 1 1 4 1 3 1 1 2 4 2 2 1 2 2 2 4 4 2 2 1 1 2 3 3 1 2 1 1 4 1 3 2 3 3 4 3 3 1 2 3 3 4 1 3 4 2 3 1 1 3 2 2 1 3 3 4 1 3 4 4 4 3 2 2 2 2 4 1 3 3 4 1 4 4 2 2 4 
4 4 3 3 4 1 1 4 1 2 1 3 4 1 1 3 1 1 4 1 3 2 4 1 4 1 4 2 3 2 1 1 3 2 3 4 1 4 1 4 1 2 4 3 3 3 2 2 3 1 2 3 2 2 4 2 1 4 1 2 2 1 2 1 1 3 3 1 2 2 2 4 2 1 2 2 1 1 3 2 2 4 4 1 1 4 1 1 1 4 3 4 3 3 3 1 1 3 4 2 1 3 1 2 1 3 3 3 3 1 1 4 4 4 3 4 4 1 1 2 4 
4 3 2 4 1 4 4 4 2 2 3 3 2 1 2 2 2 1 3 1 2 2 3 4 2 2 1 1 1 3 4 2 1 1 1 1 1 3 1 2 3 1 3 4 4 3 4 3 3 4 2 3 3 1 2 1 3 4 1 2 2 4 1 4 1 1 3 3 3 1 1 1 4 3 3 3 4 1 4 3 1 1 1 2 4 3 1 1 1 1 2 1 4 4 2 2 2 3 4 1 3 3 3 2 4 4 4 1 1 3 3 2 4 4 2 3 3 4 2 4 4 
4 1 3 2 3 1 2 2 4 3 2 3 4 1 4 3 2 1 4 3 3 1 4 4 1 4 2 2 2 2 1 3 2 3 4 1 4 1 3 4 2 2 3 2 2 2 1 2 2 3 2 2 4 4 4 3 3 2 2 3 4 1 3 1 3 4 3 2 1 3 2 1 1 2 2 1 1 2 2 4 2 2 1 4 4 4 1 2 4 3 2 3 4 2 1 1 3 2 2 1 2 4 1 2 3 4 3 3 4 4 3 1 3 2 2 2 2 1 3 2 4 
4 3 3 3 3 3 1 4 1 4 2 2 2 1 2 2 2 3 2 3 3 2 4 1 1 3 3 2 1 2 1 1 1 1 2 3 2 2 3 2 3 1 3 3 3 4 2 1 1 4 1 2 3 4 1 2 1 2 4 2 1 2 4 1 3 1 2 3 4 1 1 4 4 2 1 2 1 4 2 4 4 1 4 3 3 4 2 3 3 3 1 2 3 3 3 1 2 3 3 3 4 4 2 3 4 4 4 2 3 1 4 4 4 1 4 1 2 1 2 2 4 
4 3 3 1 1 1 4 3 4 3 1 1 2 3 2 2 1 1 4 3 1 4 1 2 2 1 1 4 2 2 4 4 1 1 2 2 1 3 4 3 1 1 4 1 3 3 3 1 2 4 1 3 2 3 2 3 1 4 4 3 4 1 1 3 4 3 2 1 2 2 2 1 4 4 3 2 3 2 4 1 3 1 2 3 1 4 3 2 2 4 3 1 3 4 4 1 4 2 1 2 2 3 3 2 3 1 2 1 4 4 3 3 2 1 2 2 2 1 3 4 4 
4 1 3 2 3 3 2 2 2 3 2 4 2 1 3 3 2 3 3 1 4 1 4 4 3 2 1 1 3 2 3 4 3 2 4 2 1 2 4 1 4 4 3 1 1 2 3 4 4 1 4 2 2 2 1 1 2 2 1 4 1 4 1 4 2 3 4 2 4 3 4 3 1 4 1 3 3 1 3 3 2 1 3 2 3 3 3 2 1 1 3 4 3 3 2 4 2 4 2 1 4 3 3 3 2 3 1 2 1 2 1 3 2 3 4 1 1 2 4 1 4 
4 2 1 2 4 3 1 4 4 2 3 1 2 1 3 1 3 1 4 3 4 2 3 4 3 4 4 1 4 3 2 3 3 4 2 3 2 3 1 1 4 4 3 3 2 3 2 3 1 3 2 3 3 1 3 2 1 4 4 2 1 1 1 2 1 3 4 3 1 2 4 1 2 1 2 2 2 2 1 4 2 3 1 2 1 2 1 1 3 4 4 2 3 4 3 3 3 4 3 1 4 3 1 2 2 4 4 1 1 3 3 3 2 1 3 4 4 2 4 4 4 
4 4 1 3 2 1 1 1 1 4 1 2 1 3 2 4 1 4 2 4 4 4 1 1 4 1 1 1 2 1 2 3 4 3 3 2 4 3 2 3 1 1 3 2 2 2 4 3 1 4 2 3 3 1 2 4 1 4 1 3 2 1 3 4 3 1 2 2 1 4 3 3 3 2 4 1 4 1 4 1 2 1 1 4 2 4 2 3 2 1 1 4 3 1 4 4 2 1 3 1 4 1 3 2 1 4 3 4 4 3 2 3 1 3 2 2 4 3 4 2 4 
4 4 1 2 2 4 2 1 1 3 4 3 3 1 1 1 1 3 4 1 4 3 3 2 4 2 2 4 4 3 3 1 1 3 2 1 2 1 4 3 3 4 4 4 3 2 1 1 2 3 4 2 4 2 2 4 3 1 1 2 2 2 2 1 3 4 1 1 1 4 4 3 3 4 3 4 2 3 4 1 2 2 3 4 3 2 4 2 2 3 1 2 2 4 3 1 4 1 1 2 1 1 3 3 4 4 1 1 2 3 4 2 2 4 1 2 4 2 3 4 4 
4 2 2 3 1 1 3 4 3 1 1 3 2 1 3 2 2 2 4 4 1 1 1 1 3 1 2 4 3 4 3 4 2 4 3 1 4 1 3 4 4 4 1 3 3 4 4 4 1 2 2 3 3 3 3 3 4 4 2 3 3 3 2 4 2 2 3 2 1 4 3 2 2 2 3 3 4 4 3 1 1 4 2 3 4 4 3 1 2 2 4 3 2 4 3 4 3 4 3 3 1 2 3 1 1 2 1 2 3 2 4 1 2 1 1 2 3 4 2 1 4 
4 1 2 1 4 1 2 2 3 3 1 1 2 4 2 3 3 4 4 4 1 3 3 4 1 3 4 2 2 4 3 2 2 3 2 3 4 3 2 4 3 4 1 3 3 4 1 3 4 3 1 2 3 4 3 2 1 3 3 4 1 1 3 3 3 1 4 3 2 4 1 3 2 3 1 2 1 2 2 3 3 4 4 3 1 2 1 3 1 1 2 4 4 3 3 2 1 1 4 2 1 4 4 1 1 4 3 4 2 2 3 1 3 3 4 3 3 3 3 1 4 
4 1 2 4 4 2 3 1 2 4 2 2 3 3 4 4 2 1 3 4 2 3 3 3 4 1 3 4 1 3 3 3 2 2 3 1 2 1 3 3 1 3 2 2 2 1 1 3 4 2 1 1 3 2 3 4 4 4 4 2 3 1 1 2 2 2 1 3 1 1 3 4 1 4 1 3 2 3 3 1 2 1 2 4 2 3 1 3 3 2 1 3 1 2 1 4 3 1 4 3 2 2 1 1 4 1 1 2 2 3 1 2 3 1 3 2 2 1 4 4 4 
4 1 3 4 1 3 4 2 3 2 1 4 4 3 1 2 3 4 1 3 1 1 2 2 2 2 1 2 4 1 1 1 2 3 2 4 2 2 4 4 3 4 1 4 3 3 1 2 2 4 2 3 2 1 1 3 1 3 3 3 2 4 2 4 4 2 4 1 3 1 2 1 3 3 2 3 4 2 1 4 3 4 4 2 4 3 4 1 1 3 3 1 3 1 2 4 2 4 3 3 3 1 4 3 3 3 2 4 3 3 1 1 1 1 4 2 3 3 3 4 4 
4 2 3 4 2 2 3 4 4 2 3 1 4 3 1 2 3 3 2 2 2 2 2 2 3 3 2 4 3 1 4 1 1 1 1 3 1 3 3 1 4 4 3 1 2 1 4 1 1 3 1 1 1 1 2 4 1 3 1 1 1 1 1 1 1 3 4 1 3 4 1 3 1 3 4 1 3 2 2 3 2 3 3 3 4 2 4 3 2 1 2 3 3 4 2 2 4 2 3 2 3 4 3 1 3 2 3 2 3 4 4 2 4 2 3 4 2 2 1 2 4 
4 3 2 1 2 2 4 4 2 2 2 4 3 2 2 3 3 3 2 1 4 2 4 2 2 3 1 2 1 1 4 1 3 1 2 4 3 1 1 1 4 4 4 2 4 1 1 4 2 2 4 2 1 1 4 3 1 1 2 4 3 1 1 1 1 2 3 2 3 3 4 1 3 2 3 4 1 2 4 2 3 4 3 3 1 3 1 4 4 3 1 2 2 3 4 1 4 4 2 3 1 4 4 1 3 2 3 1 1 2 1 1 4 1 1 4 1 1 4 3 4 
4 2 4 1 4 1 4 2 4 2 2 1 3 4 1 1 3 3 4 3 1 4 2 2 4 1 4 4 3 2 3 1 2 1 3 2 1 1 4 4 4 3 2 3 1 3 2 1 4 3 1 4 1 3 2 3 3 2 2 2 3 4 2 3 1 2 3 4 1 1 4 1 2 1 1 4 1 2 4 1 2 3 4 1 2 1 1 1 3 2 1 1 1 1 3 3 4 1 3 4 3 1 2 3 2 2 3 1 2 4 4 4 3 4 1 2 1 1 3 3 4 
4 2 2 2 1 2 3 3 2 2 4 3 2 1 2 4 3 2 2 3 4 4 2 4 4 2 2 3 3 1 1 3 4 1 4 3 3 4 2 2 4 4 1 3 1 2 3 3 2 3 1 2 2 1 1 3 4 1 1 1 4 3 4 3 4 4 2 3 2 4 4 4 2 1 3 2 3 4 3 4 1 4 1 1 2 3 2 1 1 1 3 3 2 3 1 4 4 2 2 3 1 4 1 1 2 2 4 1 4 2 1 2 1 4 4 2 3 3 4 1 4 
4 4 1 1 1 4 2 3 1 4 2 2 4 2 2 1 3 3 2 1 3 4 2 1 4 2 1 4 2 2 4 4 3 4 3 4 2 1 1 3 4 2 4 4 2 2 4 1 4 4 2 2 2 4 2 2 2 2 2 3 2 2 4 4 1 1 3 2 1 4 1 1 4 4 2 4 2 4 2 4 1 1 2 3 3 3 3 3 3 1 4 2 3 4 1 3 2 3 1 4 4 3 2 4 3 2 3 3 2 1 3 4 4 4 2 4 3 2 2 4 4 
4 4 4 1 1 3 1 2 2 2 3 1 2 1 4 3 2 3 1 2 3 3 1 1 3 3 3 1 2 1 1 3 1 4 3 2 2 2 2 2 3 2 2 2 3 3 4 3 1 1 1 2 2 1 4 3 1 3 4 3 2 4 2 2 3 4 4 2 1 1 2 2 3 2 3 2 3 3 2 2 2 3 4 4 2 3 4 3 4 3 4 4 4 1 1 3 4 2 1 1 2 2 4 3 4 2 1 3 4 2 4 4 1 1 3 3 4 1 2 1 4 
4 1 3 3 1 4 1 2 2 1 3 3 4 4 2 3 1 1 1 4 4 4 1 1 3 4 1 1 1 1 1 3 1 1 3 2 4 1 4 4 2 1 1 4 2 2 3 3 2 4 1 1 2 3 1 4 4 3 2 1 1 1 1 3 1 1 4 1 1 1 3 1 1 3 4 4 4 2 1 1 4 3 4 4 4 2 3 1 3 1 1 3 1 1 3 3 2 4 4 4 1 1 3 4 1 3 2 2 1 1 3 3 1 4 4 4 2 1 1 3 4 
4 4 3 4 3 4 3 4 1 2 2 4 4 1 4 3 2 2 4 2 4 1 3 3 1 3 2 1 1 3 3 2 3 3 4 4 4 3 2 1 3 1 1 1 4 3 2 4 1 1 4 1 2 3 1 2 3 1 1 3 3 3 2 4 3 3 3 3 1 1 4 2 1 2 1 3 1 4 3 2 2 3 1 3 1 3 1 2 2 2 2 3 2 4 2 4 1 2 4 3 1 4 3 2 4 3 1 1 2 3 1 1 4 3 3 4 2 2 3 1 4 
4 1 2 4 1 2 4 3 2 3 1 1 4 3 3 4 4 1 4 1 2 4 2 4 3 2 1 4 1 2 1 4 1 4 3 1 3 1 2 4 1 3 2 2 3 1 4 2 3 2 2 2 2 3 3 1 1 2 1 1 1 1 3 3 2 1 3 3 1 2 2 4 3 1 1 1 1 2 1 4 3 2 2 1 4 2 1 3 2 1 2 1 3 2 4 4 2 3 2 4 3 4 3 1 4 4 4 3 1 3 3 3 4 1 2 1 2 1 2 2 4 
4 4 3 4 3 2 4 2 1 4 1 2 3 1 2 3 3 1 4 4 1 2 4 3 3 3 2 4 1 2 2 3 1 2 1 3 3 2 3 2 2 3 1 2 1 2 1 3 3 4 4 1 3 4 1 3 3 3 4 1 3 4 3 3 2 4 3 1 3 4 1 4 3 1 3 4 3 1 4 2 2 4 1 3 3 4 4 1 2 2 1 3 4 2 3 4 4 4 1 2 4 4 3 3 3 3 1 3 4 3 2 1 4 4 3 4 4 1 4 4 4 
4 2 2 1 4 3 1 3 1 4 2 1 2 1 4 3 4 3 2 2 1 2 3 1 2 2 3 3 2 4 3 2 1 4 1 1 1 3 4 1 2 3 1 1 3 4 1 2 1 2 3 2 2 3 3 4 1 4 1 4 2 2 4 4 2 4 3 2 4 2 1 2 4 4 1 3 1 2 2 3 3 1 3 4 2 2 2 3 2 3 3 1 3 1 2 1 3 1 1 1 3 3 3 2 1 3 2 2 4 2 3 1 1 1 3 4 1 1 3 2 4 
4 2 4 1 2 2 3 3 2 2 4 1 3 2 3 4 3 3 2 2 1 1 3 3 3 2 1 2 2 1 4 2 1 1 3 3 1 2 1 4 3 2 4 3 2 4 3 3 3 3 3 4 3 4 4 2 2 1 2 1 1 1 4 2 1 4 3 3 2 4 1 2 3 1 3 1 4 2 2 3 2 2 2 1 4 2 3 4 3 2 1 4 3 2 4 4 4 3 1 3 4 2 3 2 3 4 2 2 3 3 4 3 3 3 4 3 2 2 1 2 4 
4 2 2 4 2 4 4 1 3 4 3 3 1 3 1 2 1 2 1 1 1 1 3 4 4 1 4 1 3 1 1 4 4 4 1 2 3 2 4 1 2 3 2 2 4 1 3 2 1 4 1 1 1 2 2 3 4 4 3 3 2 1 1 3 4 1 4 4 2 4 2 2 2 1 3 3 3 1 2 2 3 2 4 3 1 1 1 3 1 3 4 3 1 3 2 4 3 1 3 1 3 4 4 4 3 2 4 4 4 2 4 1 3 3 4 1 3 4 2 3 4 
4 1 3 3 3 1 2 2 3 2 4 2 4 4 2 2 1 3 4 4 3 3 2 4 4 1 2 4 1 3 1 2 4 2 4 2 1 4 3 2 2 2 4 4 4 1 3 2 4 3 4 4 1 4 2 4 1 1 4 1 3 1 4 2 4 3 4 3 1 2 3 2 4 3 3 4 1 2 2 1 1 2 1 1 3 4 4 1 4 1 3 1 1 3 3 3 1 3 2 1 3 1 2 2 1 1 2 2 2 2 2 1 3 1 2 4 3 4 3 4 4 
4 3 2 4 4 1 4 3 2 4 2 2 1 1 2 3 4 1 3 3 2 4 1 2 1 4 2 3 2 3 4 1 4 1 1 2 3 4 3 1 1 3 2 1 3 2 3 2 1 2 2 4 4 4 1 4 2 2 2 2 3 1 2 2 3 1 1 3 2 1 3 1 1 1 3 2 1 2 3 1 1 4 4 3 1 3 3 2 3 3 2 3 1 1 1 2 2 3 1 1 2 2 2 3 3 4 4 4 1 1 2 4 1 4 2 2 3 2 4 2 4 
4 4 2 2 2 3 4 4 3 3 3 4 3 2 3 4 1 1 4 3 4 4 4 4 2 2 2 3 3 4 4 3 3 2 4 4 4 3 3 2 2 2 3 3 1 2 1 3 4 4 3 1 4 1 4 2 1 3 1 1 2 1 3 2 4 4 2 1 1 2 3 3 2 3 2 4 4 3 4 4 4 4 3 3 1 2 4 2 3 3 1 4 2 4 2 3 4 3 3 2 3 3 3 1 4 4 2 2 4 3 1 4 2 1 2 1 1 2 1 4 4 
4 1 1 2 4 4 4 4 3 1 2 4 4 2 2 4 3 2 3 3 2 3 4 4 2 2 4 2 1 1 4 2 2 1 4 2 2 2 3 3 3 2 2 2 4 1 4 2 1 2 1 4 4 2 3 4 4 4 3 3 4 3 2 3 3 1 3 1 3 2 3 4 3 3 1 3 2 1 2 2 3 1 4 1 2 4 2 3 3 3 2 4 3 4 2 4 4 4 3 1 3 2 2 1 1 3 1 2 1 1 4 4 3 2 2 1 2 3 4 4 4 
4 2 1 3 3 1 4 4 4 2 2 3 4 2 2 3 4 4 1 2 2 2 3 2 1 3 2 3 4 2 3 4 1 4 1 2 1 1 4 3 3 1 4 3 1 1 3 2 3 1 3 3 1 1 3 1 4 3 2 1 3 3 4 2 2 1 4 1 4 3 4 2 2 2 1 2 2 4 4 1 1 1 1 1 4 1 2 1 3 2 3 1 1 4 3 4 1 3 2 4 2 3 3 1 3 3 1 1 3 2 4 2 1 2 1 1 3 3 3 2 4 
4 1 2 2 2 4 4 2 3 3 1 4 3 1 2 2 2 1 2 4 1 2 3 2 1 2 1 1 1 1 4 2 3 3 1 2 2 3 2 1 2 2 2 4 1 1 1 4 2 2 1 4 2 4 3 2 2 1 3 3 1 2 2 2 3 1 2 2 1 3 4 1 2 4 3 3 3 4 2 4 2 3 4 2 2 2 4 1 1 4 3 4 4 2 3 4 4 4 3 1 1 3 3 1 3 3 2 4 4 1 2 3 1 2 1 1 2 2 3 2 4 
4 4 3 1 4 2 3 3 1 3 3 3 2 3 1 3 4 4 4 4 3 2 3 4 1 1 4 4 4 4 4 1 2 4 1 3 3 2 1 3 4 4 3 3 3 2 4 1 3 1 1 4 3 3 3 1 3 2 2 3 4 3 3 1 1 4 1 2 4 3 2 1 2 1 3 2 3 2 1 1 1 1 4 3 2 4 4 1 4 1 3 1 2 3 2 4 4 4 3 1 4 3 2 3 2 1 3 4 2 4 1 4 4 2 4 2 1 2 3 3 4 
4 3 4 2 4 4 2 3 3 3 4 3 1 1 3 3 2 2 1 3 3 4 1 3 3 4 1 1 2 1 2 1 1 1 4 4 2 3 3 1 4 2 2 2 1 3 2 4 2 1 1 4 2 4 4 1 4 3 3 3 3 2 4 2 2 2 3 4 3 4 2 2 3 3 3 3 2 2 1 2 3 1 3 2 2 2 2 1 4 2 1 3 4 1 3 4 3 1 2 4 3 1 3 3 3 2 3 3 3 3 3 1 2 3 1 4 4 4 4 4 4 
4 2 3 3 3 4 3 1 4 3 4 1 4 1 1 4 1 3 4 3 2 3 1 2 1 1 4 3 4 3 1 4 4 2 1 1 1 1 3 3 1 2 1 2 1 4 2 4 1 1 4 3 3 2 4 2 4 3 2 3 3 4 1 2 4 2 1 1 4 2 3 1 3 2 1 1 3 3 1 3 2 3 1 3 1 2 2 4 3 1 4 1 2 4 1 3 2 1 3 4 1 4 2 4 3 3 1 4 2 2 4 2 4 1 2 3 3 3 3 4 4 
4 2 2 3 4 3 4 2 3 3 4 3 2 4 4 4 4 4 4 2 1 3 1 4 2 1 2 2 2 4 2 1 3 1 4 2 2 2 4 4 4 2 4 1 2 3 1 4 3 2 4 1 2 2 4 3 3 1 1 2 4 3 3 3 1 3 2 3 3 3 4 3 2 3 1 2 4 3 1 1 4 2 1 1 4 1 2 4 1 3 1 1 3 2 3 3 4 3 4 4 3 3 2 4 4 3 3 1 4 1 2 2 3 2 4 1 4 3 3 2 4 
4 3 2 3 4 4 1 4 3 2 2 3 4 2 1 3 2 1 4 4 4 2 2 2 3 2 1 4 3 3 4 3 3 4 2 1 1 3 4 1 2 3 3 2 3 3 3 2 4 4 1 4 3 1 2 3 2 3 4 3 4 3 4 1 4 2 1 1 4 3 2 3 1 3 1 2 1 3 4 3 3 1 2 1 4 4 1 4 2 1 4 4 3 4 4 2 3 4 2 1 1 2 3 2 2 2 1 2 2 2 4 4 2 3 4 3 1 4 4 2 4 
4 3 1 3 2 2 1 1 2 2 3 4 2 1 3 3 1 1 2 2 2 1 1 1 2 2 4 4 1 2 3 1 4 4 3 4 2 1 2 2 4 3 1 1 3 1 4 4 2 4 2 2 4 4 2 2 1 2 4 4 2 3 4 3 4 1 2 2 4 3 3 3 1 2 1 4 4 3 1 1 2 3 1 3 1 1 2 1 2 1 3 3 4 4 3 3 3 2 1 1 3 1 2 2 1 4 1 1 4 1 4 2 1 2 4 4 4 3 3 1 4 
4 2 3 4 1 4 1 3 3 4 4 2 1 3 4 4 3 3 1 1 4 4 2 3 2 4 2 3 3 2 3 3 4 2 2 3 1 4 3 2 2 3 3 1 1 3 4 2 4 2 1 1 1 4 4 2 4 1 4 3 4 2 3 2 1 3 1 2 1 4 2 3 2 2 4 2 2 3 3 2 3 2 1 1 4 2 1 1 2 4 2 2 1 2 1 2 2 1 3 1 2 1 2 1 2 4 3 4 3 3 1 4 3 2 3 4 2 3 1 1 4 
4 4 2 3 1 4 1 3 3 3 2 2 3 1 2 4 1 1 1 2 3 3 3 1 2 3 4 4 1 4 3 3 2 4 3 1 3 1 1 3 2 3 2 2 3 2 2 4 2 4 4 1 2 4 2 3 1 2 2 4 3 4 4 4 2 1 4 3 4 3 4 4 4 3 4 3 2 4 1 4 4 4 4 3 2 4 2 1 3 4 1 3 4 1 1 2 4 1 1 2 3 1 2 1 2 4 1 1 4 2 4 4 4 2 2 1 2 2 2 4 4 
4 2 2 2 1 4 2 2 1 4 1 4 1 4 3 2 1 2 2 2 2 1 4 1 4 2 2 3 3 3 1 1 3 4 2 4 4 3 3 2 2 1 3 3 1 3 1 4 4 4 1 2 4 1 3 4 2 4 1 1 3 3 1 3 4 4 1 4 3 1 1 2 2 3 3 3 2 3 1 3 1 2 2 3 4 4 4 1 3 1 2 4 2 3 2 1 4 4 3 3 1 1 3 3 3 4 4 3 1 2 2 4 3 4 4 4 2 1 2 4 4 
4 2 1 4 3 4 3 1 1 2 3 3 4 3 3 3 4 1 1 1 4 1 2 1 4 2 4 3 4 4 3 4 4 2 3 1 2 4 3 4 3 3 1 3 1 3 4 4 1 4 1 3 4 2 3 2 2 1 4 1 1 2 3 1 3 2 3 2 2 2 4 3 3 2 1 1 3 4 3 2 1 3 1 4 1 1 1 4 3 2 1 4 4 2 4 3 4 1 1 2 2 2 2 4 1 4 3 3 2 3 2 4 2 1 4 2 1 4 2 4 4 
4 4 4 4 1 2 2 2 2 1 1 2 4 3 1 4 3 1 4 2 1 1 4 2 1 1 3 4 2 2 4 4 4 3 1 4 3 2 3 4 3 3 1 3 3 1 3 1 1 4 3 2 3 3 1 3 1 3 3 1 1 1 3 2 1 1 1 2 3 4 3 2 1 3 2 3 3 4 1 4 2 1 1 3 2 4 3 4 3 2 2 1 3 3 3 4 1 4 1 4 4 3 3 2 2 3 1 4 4 2 3 1 1 3 2 1 3 1 4 4 4 
4 4 4 1 2 2 1 2 3 4 4 1 2 1 3 4 2 2 3 2 3 1 2 1 2 1 2 1 2 3 3 3 3 3 3 3 2 4 2 4 4 4 4 4 2 1 4 2 2 4 3 2 4 1 4 2 2 4 4 1 3 2 3 4 3 4 2 1 4 3 3 3 4 1 4 4 3 2 4 4 2 1 3 1 1 1 3 1 2 1 2 1 2 1 2 1 2 4 3 2 2 4 1 2 2 3 1 1 4 4 4 1 4 3 4 4 2 1 2 3 4 
4 1 3 2 2 1 3 3 4 2 4 3 2 2 2 1 3 3 2 4 2 3 4 1 3 2 4 4 2 3 2 2 4 3 2 1 3 1 2 4 1 3 3 3 3 4 2 3 4 1 2 1 4 3 2 1 3 4 1 1 4 1 2 2 3 4 3 1 1 3 4 3 2 2 1 2 4 1 2 1 2 2 3 1 1 4 2 1 1 1 4 4 4 4 3 4 3 4 4 2 4 3 2 1 2 4 3 3 4 3 4 1 4 4 1 4 4 4 2 1 4 
4 1 3 3 2 3 1 3 2 1 2 4 2 2 1 1 3 3 1 2 3 4 2 3 3 3 2 1 4 3 2 1 3 2 4 4 2 3 1 4 2 1 1 3 2 3 2 2 2 1 4 2 4 2 1 2 4 1 2 2 2 3 3 3 2 3 1 3 3 2 3 2 1 1 1 4 3 2 3 1 1 2 1 3 1 2 3 4 4 2 1 3 3 2 3 3 3 3 4 4 4 2 2 3 2 1 3 4 4 2 1 3 1 3 2 1 3 4 3 3 4 
4 3 4 3 2 2 2 3 4 1 1 2 4 3 3 1 3 1 2 2 4 1 2 1 1 3 3 1 3 1 3 1 2 1 4 4 1 2 2 4 1 3 4 4 2 2 4 2 4 1 2 1 4 2 3 2 4 1 2 2 4 4 4 3 2 4 4 3 3 4 4 2 4 4 2 4 4 1 2 1 3 3 3 3 3 1 3 4 2 4 2 1 4 3 3 4 1 3 1 1 1 4 4 3 1 4 2 2 2 3 4 4 4 2 4 2 1 1 2 3 4 
4 3 4 4 1 1 4 4 3 3 1 2 3 4 2 3 1 3 2 4 3 3 3 2 3 4 2 2 4 3 2 4 4 2 4 4 1 4 3 2 3 2 2 3 4 2 4 4 3 4 1 2 1 1 1 2 1 2 4 1 4 1 2 2 4 4 2 1 2 2 1 3 4 3 1 4 3 3 4 1 1 1 3 3 2 3 4 4 4 3 4 3 1 1 2 3 1 3 2 2 1 4 3 3 1 3 2 2 3 4 2 2 1 1 3 1 1 1 4 3 4 
4 1 3 1 2 4 1 1 1 3 2 1 4 4 2 1 2 4 3 4 2 1 4 3 3 2 1 2 2 3 1 1 2 3 3 1 4 3 1 2 3 2 2 4 2 1 1 3 4 1 1 3 1 3 3 4 3 4 2 4 1 1 1 1 2 3 3 3 3 1 1 3 3 1 2 2 4 1 1 3 3 3 4 4 4 3 4 3 3 3 3 1 1 1 3 3 2 3 2 4 3 4 3 4 3 2 1 3 3 4 2 3 1 2 1 2 2 3 3 4 4 
4 4 1 2 3 2 1 2 4 1 2 3 1 2 1 3 2 2 3 4 3 3 4 3 3 4 1 3 3 4 2 3 1 3 4 1 2 1 4 3 2 4 1 1 2 4 3 1 2 3 2 3 3 1 4 4 4 1 2 2 4 2 4 3 1 4 3 4 2 1 4 4 1 2 4 1 3 2 3 4 1 2 4 2 4 4 2 3 4 1 1 4 4 3 3 3 1 1 4 4 3 4 4 2 4 2 4 1 2 3 2 3 2 4 3 2 2 4 3 2 4 
4 3 3 1 4 3 4 2 4 4 4 3 3 4 3 2 2 4 2 4 3 4 3 1 3 4 1 1 4 1 2 1 4 4 2 3 1 1 2 2 2 1 2 3 4 4 4 3 2 1 1 2 2 4 1 2 3 3 2 4 3 4 4 3 4 2 2 3 2 1 3 3 4 2 3 3 2 3 1 3 4 3 1 1 4 1 1 3 1 2 3 1 4 1 4 2 1 4 1 2 3 4 4 3 1 1 2 1 1 3 1 2 1 3 2 4 3 4 1 2 4 
4 1 3 1 1 3 1 2 2 4 3 3 4 3 1 2 4 1 3 1 4 1 3 2 4 4 3 3 2 1 4 1 4 1 2 4 4 2 2 1 1 1 1 3 3 1 3 4 1 1 1 3 1 4 2 1 1 1 3 4 4 1 3 4 2 3 3 1 3 4 3 2 1 1 4 1 4 4 4 4 3 4 1 4 2 4 4 2 3 3 3 2 1 3 1 4 1 4 1 4 4 2 2 3 3 3 1 3 1 1 1 4 1 1 2 2 4 3 2 1 4 
4 3 4 2 2 4 1 3 4 4 2 3 1 4 4 2 4 2 4 1 4 4 3 2 1 3 2 1 4 3 4 3 4 2 2 3 3 3 4 2 3 1 4 3 3 2 3 4 4 2 2 3 2 2 4 2 4 4 2 2 1 2 1 1 3 4 2 3 2 3 4 1 2 3 1 4 3 2 4 3 1 3 3 4 1 3 1 2 3 2 3 2 3 1 2 4 2 4 2 3 2 4 4 3 1 3 1 4 2 2 4 1 2 1 3 1 1 2 2 2 4 
4 1 3 2 4 2 3 3 1 2 3 3 4 4 3 3 4 4 1 3 2 3 2 2 3 4 1 1 3 4 4 2 1 4 1 3 4 1 3 4 4 4 3 1 4 1 4 4 1 4 3 2 2 4 3 2 1 4 1 1 3 3 3 1 4 2 3 1 2 2 3 4 2 4 2 3 4 1 2 2 3 3 3 3 3 2 2 3 1 4 1 2 1 4 3 2 1 1 1 4 4 4 2 1 3 3 4 1 1 1 1 3 3 2 4 4 2 3 3 3 4 
4 3 4 2 3 4 3 4 1 4 4 4 4 2 1 2 2 3 4 2 2 1 1 3 3 4 1 4 1 3 3 2 4 3 3 4 1 1 2 3 3 2 4 2 3 1 1 2 4 2 3 2 2 3 1 2 4 4 3 3 3 1 1 3 3 4 3 4 3 1 1 4 4 2 1 4 1 1 2 1 4 2 4 2 3 3 1 3 3 1 1 4 4 4 1 4 2 4 1 3 3 2 1 2 1 4 2 3 4 2 2 1 2 3 4 3 4 2 4 1 4 
4 3 3 4 1 3 2 3 1 2 1 2 4 4 2 1 4 1 3 2 3 2 2 4 2 3 2 4 1 2 4 4 4 2 4 4 2 1 3 4 4 2 1 2 2 1 1 3 1 1 2 2 1 1 4 1 4 2 4 2 4 3 2 3 2 4 2 4 2 3 4 3 1 2 2 3 4 3 1 3 1 1 1 3 2 1 3 4 3 2 3 3 2 2 4 3 2 1 4 2 3 3 3 4 4 2 1 4 1 3 4 3 2 3 3 1 2 1 1 2 4 
4 4 1 3 3 2 3 2 4 3 2 1 4 3 2 4 1 4 3 4 1 4 2 2 4 4 4 3 3 4 4 4 4 3 2 2 1 4 4 4 1 3 3 3 3 4 4 2 3 1 2 4 3 2 4 3 1 4 4 4 3 1 1 1 1 3 1 3 2 2 3 2 1 4 1 4 3 4 2 2 4 3 4 4 1 1 1 4 1 4 4 2 3 2 2 3 3 4 4 1 1 2 2 4 4 1 4 2 4 1 3 2 2 3 1 1 3 4 2 4 4 
4 2 1 2 4 2 1 2 1 4 1 1 1 3 1 3 4 4 3 2 1 1 3 2 1 2 2 4 4 4 3 4 4 2 3 3 4 3 3 2 1 2 4 2 4 4 3 4 1 2 3 3 2 3 3 2 4 1 3 1 2 4 1 3 3 2 4 3 1 3 2 1 2 4 4 1 4 3 4 4 4 3 2 3 4 3 3 3 2 3 2 4 4 1 4 3 4 1 4 3 4 4 1 2 3 3 1 2 2 4 4 4 2 4 2 1 3 4 1 1 4 
4 4 2 2 2 3 2 2 1 3 2 4 3 1 4 2 1 3 1 1 2 2 2 1 4 1 3 4 2 4 3 4 1 1 1 2 3 3 2 1 1 2 4 4 3 3 1 4 1 2 1 4 1 2 4 2 2 1 3 1 4 2 1 1 4 1 1 3 4 1 2 4 3 3 2 1 4 3 4 4 2 3 1 2 4 2 4 4 2 2 1 4 3 2 2 3 1 1 4 2 2 1 4 1 2 3 1 3 3 1 1 3 2 1 4 1 1 2 3 3 4 
4 1 2 4 3 2 3 3 3 1 4 1 3 4 1 3 4 3 4 3 3 3 2 3 1 2 4 2 3 2 2 3 3 4 1 2 1 4 3 1 2 1 4 2 3 3 2 2 3 4 2 3 3 3 1 3 4 1 2 1 3 4 2 4 2 1 2 3 4 3 1 3 1 3 1 1 3 4 1 2 4 3 3 2 2 4 3 4 4 1 1 2 2 2 2 1 4 1 4 2 3 1 3 3 3 1 4 4 1 3 4 4 4 2 1 1 4 1 4 2 4 
4 1 2 3 4 2 2 2 3 1 3 4 4 1 1 2 3 1 2 1 3 4 4 1 1 4 2 4 2 1 2 4 1 1 2 2 3 2 4 3 4 1 2 4 4 2 1 2 3 2 3 1 2 4 4 2 2 4 4 2 2 3 3 1 3 1 1 3 4 2 2 1 3 2 4 1 1 1 4 4 1 3 4 4 1 4 1 1 3 3 1 4 3 3 1 4 4 3 4 2 4 2 1 4 1 3 2 2 2 1 2 1 2 1 3 4 3 4 2 2 4 
4 4 2 2 1 2 1 4 4 3 1 2 4 1 4 3 4 1 3 1 2 2 4 2 4 1 3 4 1 3 4 2 1 4 2 1 4 3 2 3 1 1 3 3 1 4 1 4 3 4 4 4 2 1 4 2 1 2 4 1 2 3 1 3 1 2 2 1 1 3 4 3 1 3 2 4 1 3 3 4 1 4 2 1 3 2 4 3 3 1 4 1 4 4 2 1 1 2 2 3 2 3 2 1 3 4 1 1 3 3 4 2 3 1 1 2 2 4 3 3 4 
4 4 3 4 4 4 4 3 2 4 4 2 3 4 4 2 3 2 3 1 3 3 4 4 2 3 1 1 4 4 4 2 1 3 4 4 2 1 1 1 1 4 4 4 2 3 2 4 2 2 3 3 2 4 1 3 3 1 4 4 2 3 4 1 2 1 2 2 1 1 1 1 3 2 2 4 1 2 1 3 1 2 3 4 1 4 4 3 1 1 3 1 1 3 2 1 1 3 2 2 4 2 1 2 2 3 3 2 4 4 4 4 2 1 1 4 4 1 3 1 4 
4 4 1 1 3 2 4 3 4 2 2 3 1 1 4 2 2 2 4 3 2 2 4 2 3 2 1 4 3 2 3 3 2 2 2 3 3 1 4 3 4 1 1 2 1 2 3 1 4 3 2 3 1 3 2 3 2 1 4 1 4 3 2 1 1 4 4 3 1 1 1 2 2 3 2 3 3 4 1 4 1 2 4 1 2 2 1 3 2 3 1 3 2 3 3 2 4 1 3 3 1 2 4 1 3 1 2 3 4 2 1 3 4 4 4 4 2 1 2 2 4 
4 1 4 2 3 1 2 3 4 3 3 4 2 3 2 3 2 2 4 1 2 4 2 2 1 2 2 4 2 2 4 2 4 3 4 4 2 2 2 3 4 4 2 3 4 2 1 1 1 2 4 4 3 2 2 3 3 1 1 2 2 1 1 4 2 3 4 1 1 3 4 2 2 2 3 2 4 3 3 3 3 3 2 2 1 2 4 1 3 3 3 3 3 4 2 3 4 2 4 1 3 2 4 4 4 1 3 2 1 3 4 2 1 1 3 3 4 4 2 4 4 
4 2 4 4 4 4 2 2 3 4 2 3 4 3 2 1 2 2 3 1 1 4 1 1 4 1 4 2 2 2 2 1 4 3 3 2 2 1 3 2 2 4 1 1 4 4 2 3 4 1 1 4 3 3 1 4 3 1 3 4 2 3 1 3 3 2 2 3 3 2 1 3 3 1 1 1 4 3 3 4 3 4 2 4 1 2 3 2 3 2 2 2 1 2 2 1 1 1 4 2 3 1 2 3 2 4 1 4 3 1 1 3 4 2 2 3 2 3 4 2 4 
4 3 2 2 1 1 2 2 1 3 2 2 1 1 1 2 2 2 3 1 4 1 3 1 4 4 2 1 2 4 3 3 1 1 1 4 2 3 2 3 2 3 3 1 1 3 4 3 4 2 4 2 4 4 1 3 2 2 4 1 3 1 3 2 4 4 1 4 3 2 3 4 2 1 1 4 2 1 4 1 3 4 1 1 2 1 4 4 2 2 3 1 1 2 4 1 2 3 1 3 3 1 1 1 4 3 2 2 4 4 4 4 2 3 1 2 2 4 4 3 4 
4 1 3 3 2 1 3 1 3 2 2 3 2 4 3 1 1 4 3 2 4 2 1 2 1 4 3 1 4 2 2 1 1 3 4 3 1 4 3 4 3 1 1 3 3 4 1 4 3 2 2 2 4 1 2 4 2 4 2 1 4 2 1 1 4 3 1 1 2 4 1 3 2 2 4 2 3 3 4 4 3 4 2 4 2 3 4 2 4 2 2 4 1 1 2 3 1 1 3 1 4 1 4 1 2 4 3 3 2 2 2 2 3 1 2 4 1 2 4 2 4 
4 3 4 4 4 4 4 1 1 2 3 4 4 4 3 2 1 3 3 1 3 3 4 2 4 3 2 1 2 3 3 4 1 3 3 3 1 2 2 1 4 1 2 1 2 3 1 1 3 4 3 4 1 4 1 4 3 4 3 4 4 2 4 2 4 1 3 4 2 4 2 2 4 3 3 2 4 2 4 3 3 4 1 3 2 2 2 1 3 4 1 1 4 2 3 2 4 1 4 1 3 2 3 2 2 4 4 4 1 2 4 2 2 1 4 4 2 3 4 4 4 
4 3 1 2 2 4 1 4 1 2 3 4 1 2 1 3 1 3 3 1 1 1 1 4 4 4 4 1 3 4 2 2 3 2 2 3 2 3 2 2 2 4 2 1 4 4 3 2 3 2 1 2 4 4 3 3 2 2 4 3 3 1 4 2 3 3 2 1 4 1 3 2 4 3 1 2 4 3 2 3 1 4 2 2 2 1 2 2 2 3 1 2 4 1 3 3 2 1 4 2 3 3 1 3 4 1 2 4 3 4 2 1 3 4 2 3 1 3 3 4 4 
4 4 3 3 4 2 4 3 2 1 2 3 1 1 1 2 1 2 1 1 2 4 2 1 4 3 2 1 2 3 3 3 1 4 2 1 3 2 1 4 3 2 2 4 4 3 4 3 2 3 2 2 3 3 4 4 4 1 4 2 3 2 1 4 4 4 1 4 1 4 2 2 3 4 2 3 3 3 2 2 2 2 1 4 4 2 4 3 1 3 4 2 4 4 4 2 2 1 4 1 4 4 1 2 1 3 2 2 2 1 2 2 1 4 1 4 1 2 1 3 4 
4 1 3 4 3 3 4 2 4 2 2 3 2 1 2 4 1 4 1 2 1 1 4 1 3 4 1 2 3 1 2 3 3 3 4 3 2 2 3 3 2 3 4 4 4 1 1 4 1 3 3 1 3 2 1 2 4 1 4 4 4 1 3 3 1 3 1 2 1 4 1 1 1 1 4 3 1 4 2 2 4 3 4 2 2 4 4 1 3 2 1 1 2 2 1 3 2 3 3 3 3 4 1 1 3 2 1 2 4 3 2 2 4 4 2 3 3 2 3 1 4 
4 3 1 2 1 3 1 4 3 4 4 4 2 4 3 2 4 3 4 4 4 1 1 1 1 1 2 1 3 2 3 1 3 2 2 4 1 3 2 1 4 4 1 4 4 3 4 2 4 3 3 4 2 2 3 1 2 4 3 4 4 2 3 1 3 2 2 4 2 4 3 3 3 2 3 1 3 3 1 2 3 3 3 4 4 4 3 1 4 4 3 2 4 1 2 2 3 3 1 1 4 3 1 4 3 3 3 4 3 3 2 3 4 2 2 3 2 2 3 1 4 
4 2 4 3 4 1 4 1 1 4 4 2 3 2 4 1 3 1 4 3 1 4 4 3 1 1 4 4 4 1 3 3 1 4 4 1 4 1 3 2 1 1 2 3 2 2 3 4 4 4 1 3 1 4 3 3 4 3 1 3 3 3 3 2 3 1 3 4 2 3 3 3 4 1 3 3 2 4 2 4 4 2 3 3 4 3 1 4 3 2 4 4 4 4 3 4 3 4 2 2 4 2 3 4 3 4 2 2 3 3 4 2 4 4 4 4 3 1 1 4 4 
4 3 3 3 4 3 4 2 2 1 2 4 3 3 3 3 4 2 1 4 3 1 2 4 1 1 4 2 4 1 3 2 3 2 2 4 2 2 1 3 3 4 3 4 2 3 3 1 4 2 4 3 2 3 2 2 3 4 2 4 1 4 3 3 3 4 1 2 3 3 4 4 4 2 1 4 4 4 2 1 1 2 4 3 1 2 1 1 1 3 3 4 1 2 1 3 3 1 2 1 2 2 2 2 3 4 1 2 3 3 2 1 3 2 1 2 2 4 2 3 4 
4 3 3 4 2 3 4 1 4 3 1 2 3 4 2 3 4 2 1 3 2 4 4 1 2 1 3 2 4 1 4 2 4 2 1 3 1 4 4 1 4 4 1 3 4 1 1 3 4 4 4 4 1 3 1 4 3 2 4 2 1 1 4 2 4 3 1 2 4 4 3 2 4 4 1 3 3 1 4 2 4 3 2 1 3 1 3 1 3 2 1 2 4 3 3 2 3 1 3 1 3 3 1 3 1 4 3 1 4 3 3 2 2 1 3 2 3 4 1 4 4 
4 3 2 3 3 1 2 1 2 3 3 3 4 3 4 2 2 1 4 4 3 3 1 4 1 2 2 4 3 3 3 4 4 4 3 4 2 1 1 4 3 3 2 4 1 2 4 2 3 2 1 2 4 2 1 3 3 2 2 3 4 4 2 3 1 3 4 4 3 1 4 3 4 1 2 4 4 2 4 4 3 3 2 2 2 1 4 2 4 3 1 1 4 1 2 2 4 1 4 2 1 2 1 3 4 2 1 2 4 1 1 2 1 4 4 3 2 3 1 4 4 
4 1 3 2 1 4 4 1 1 1 3 2 1 3 3 4 3 1 1 1 1 1 1 3 4 3 1 4 3 2 1 2 3 2 4 3 3 1 2 3 1 3 3 1 2 2 2 3 2 2 2 1 2 2 1 4 4 2 2 3 1 2 4 1 3 3 2 4 4 2 2 2 3 2 1 2 2 3 2 3 4 3 2 2 4 1 3 4 1 1 4 3 3 4 4 1 2 3 2 4 3 2 2 3 4 3 2 4 4 1 4 3 4 2 3 3 2 2 1 2 4 
4 1 1 4 1 1 4 4 4 1 3 1 4 4 3 4 1 4 1 2 2 3 1 2 4 2 2 3 1 4 3 1 2 2 4 4 3 4 3 2 2 2 2 1 3 4 3 4 3 2 3 4 3 3 3 3 1 1 3 2 3 2 3 3 1 1 1 1 2 3 4 2 2 4 4 2 3 3 4 3 2 4 3 2 2 3 1 3 4 3 3 1 1 2 1 3 2 3 4 2 1 3 4 4 4 4 4 1 4 2 2 1 4 1 2 3 3 1 4 3 4 
4 1 2 4 1 1 3 3 2 2 3 1 3 4 3 1 1 4 2 2 1 4 3 2 3 2 3 3 4 3 3 3 3 1 4 2 2 3 4 2 2 4 4 4 3 3 2 4 2 3 1 3 1 1 2 1 2 1 3 3 3 3 3 4 1 2 4 4 4 1 1 4 4 1 1 4 3 4 3 3 3 4 1 2 2 4 1 3 4 4 4 3 1 2 1 4 2 2 2 1 2 3 4 2 4 3 3 4 1 2 2 4 1 3 2 3 4 1 3 3 4 
4 3 3 2 4 2 3 2 2 3 4 2 4 1 1 1 2 3 1 1 3 4 1 3 3 4 1 3 3 1 1 2 2 1 2 2 4 1 2 2 2 4 3 3 2 2 3 1 3 4 1 4 2 2 2 2 4 4 4 3 2 4 1 4 1 4 3 1 3 1 2 1 1 2 2 1 2 2 3 4 3 2 4 3 2 2 3 3 2 2 1 1 1 4 4 2 2 4 4 3 2 1 2 1 3 3 1 3 4 1 3 4 2 2 1 4 4 3 2 2 4 
4 2 2 3 2 4 1 4 4 1 2 3 2 2 1 3 4 1 2 3 3 1 4 1 1 4 4 3 2 4 2 2 1 1 1 4 3 1 2 1 4 2 2 3 2 4 3 4 4 2 4 2 1 3 2 2 2 4 4 4 1 3 2 3 3 4 2 3 1 1 2 4 3 3 2 4 1 1 1 2 1 1 1 2 2 3 2 1 2 3 1 2 4 1 3 4 1 4 4 2 1 2 2 4 3 1 4 4 2 4 2 2 1 4 4 4 4 2 1 4 4 
4 1 2 4 2 1 3 2 1 4 3 2 1 4 2 1 3 4 3 4 3 3 4 2 4 1 1 2 3 2 4 4 1 4 1 1 2 1 3 1 3 4 1 1 3 3 3 2 3 2 1 1 4 2 2 4 2 4 2 2 1 2 2 1 1 3 2 3 2 3 3 2 4 1 3 3 1 2 2 1 1 4 4 1 1 1 2 2 1 3 2 1 1 2 4 2 4 2 2 3 1 2 4 2 4 3 1 1 2 1 2 1 3 3 3 1 4 4 4 4 4 
4 1 4 2 1 3 2 1 3 2 4 1 1 2 1 3 2 4 2 3 4 1 3 2 1 4 2 2 1 2 4 4 4 2 1 4 2 2 2 3 2 2 1 1 4 3 2 2 2 3 4 2 1 1 1 2 4 3 2 2 4 2 4 4 3 4 3 2 4 2 1 4 1 1 2 2 3 3 4 3 1 1 1 4 3 4 1 2 1 3 2 3 1 2 1 1 1 2 1 4 4 3 1 1 4 1 2 2 1 3 4 2 4 3 4 3 2 4 1 4 4 
4 1 1 1 4 1 4 3 3 3 2 1 1 4 2 2 3 2 4 2 2 3 2 1 2 3 1 1 1 4 3 1 3 4 3 4 4 4 4 3 4 4 2 4 2 3 2 2 2 1 2 4 1 1 2 2 4 4 1 1 4 3 4 4 2 3 1 2 4 2 2 2 1 2 1 2 2 2 3 4 3 1 1 2 4 3 2 4 3 4 4 2 3 1 1 2 4 4 4 1 1 1 1 4 2 3 1 3 3 3 2 3 2 4 4 1 2 1 4 1 4 
4 1 3 4 2 2 3 1 1 2 2 1 3 3 1 4 2 4 2 1 4 4 4 1 3 2 4 2 1 4 4 3 1 3 4 2 2 3 1 2 3 3 1 4 4 1 1 4 1 4 4 4 3 1 3 2 1 4 1 2 2 4 4 1 3 2 4 3 2 1 3 3 2 2 4 1 4 4 1 3 4 4 2 2 1 1 1 1 1 4 2 1 2 1 1 3 1 2 1 1 2 3 3 3 1 4 1 4 4 1 1 4 2 4 1 3 2 3 1 4 4 
4 4 3 2 1 3 2 1 4 1 3 4 4 1 1 4 2 3 3 1 3 4 2 3 2 1 2 2 4 1 1 1 1 2 2 3 1 3 2 2 4 3 3 1 3 2 4 1 1 4 1 2 1 2 2 2 1 1 3 3 2 2 1 3 2 3 1 3 4 3 3 2 2 4 2 4 2 4 1 4 4 4 2 2 3 3 4 3 1 3 4 1 3 1 2 3 1 3 4 2 3 3 4 3 4 4 3 1 4 4 4 4 1 1 3 3 4 1 4 1 4 
4 2 3 3 1 1 3 3 4 2 2 2 3 1 2 3 4 2 3 2 1 1 3 1 1 4 2 1 2 1 1 4 4 2 1 4 3 3 3 4 3 1 1 2 3 2 3 2 1 2 2 3 1 2 2 4 2 2 1 4 1 1 3 1 3 4 3 2 1 4 1 2 3 2 3 3 1 1 1 1 1 4 3 1 3 4 1 4 4 2 3 4 3 4 3 2 1 4 2 2 1 4 3 4 1 1 3 1 2 3 4 3 3 3 4 3 2 4 2 2 4 
4 4 1 1 4 1 1 3 3 3 3 3 3 3 3 4 2 2 1 1 1 3 3 1 3 1 2 4 4 4 2 4 3 2 4 3 1 3 4 2 3 1 3 1 4 3 1 2 1 4 4 3 1 1 1 4 1 2 4 4 4 1 2 2 2 4 2 3 1 3 4 4 2 4 1 1 4 2 1 1 3 1 1 3 3 4 3 4 1 3 2 4 4 2 3 2 3 2 1 3 2 1 3 4 2 3 3 4 4 2 4 3 4 3 4 4 3 4 2 1 4 
4 4 4 1 4 1 2 1 3 2 2 3 2 2 4 2 3 2 2 1 4 2 1 2 2 3 4 3 1 4 4 4 1 4 2 4 4 2 1 1 4 4 1 4 4 1 2 4 1 1 1 4 2 3 3 4 2 1 1 4 2 1 2 1 1 1 2 4 2 2 4 4 3 1 1 2 2 1 4 2 1 4 2 1 2 1 3 3 4 1 1 1 4 4 3 1 3 4 2 1 4 3 3 2 2 2 1 1 2 3 3 3 1 4 1 3 4 1 1 1 4 
4 3 1 2 3 1 2 3 2 1 3 4 1 3 4 1 3 4 2 1 4 4 4 1 4 3 3 2 3 2 3 4 2 1 4 1 2 3 2 4 2 2 1 4 2 4 4 2 2 1 1 1 1 3 1 3 4 3 1 3 1 1 3 4 4 2 2 2 1 2 1 2 2 3 2 3 1 2 4 4 1 2 3 4 1 3 1 2 4 4 3 2 3 2 1 4 2 2 4 2 3 3 2 1 3 1 4 1 1 4 1 2 4 1 3 1 1 2 2 1 4 
4 1 1 3 1 1 1 3 2 4 4 3 4 3 2 4 3 1 2 4 3 4 4 3 1 2 4 2 2 4 3 1 1 3 2 1 3 3 1 3 1 2 4 2 4 3 1 1 4 4 3 4 4 1 3 4 1 2 3 1 2 4 4 1 1 1 2 2 2 3 3 3 4 3 1 1 4 1 4 3 3 1 1 3 1 1 4 3 3 1 2 2 2 2 2 4 2 1 1 1 4 2 2 4 3 3 2 1 3 1 1 2 4 2 2 4 3 2 4 1 4 
4 4 4 4 1 4 1 3 1 2 4 1 4 4 2 1 3 4 4 1 2 4 3 4 4 4 3 3 2 3 1 1 3 4 1 3 4 2 3 2 2 3 3 2 3 3 4 1 4 2 4 4 3 4 1 2 1 1 2 3 4 1 1 3 2 4 2 1 1 4 3 4 2 1 2 4 3 4 2 2 3 3 3 2 4 4 4 2 3 3 4 4 4 4 1 4 1 2 3 1 3 4 2 1 3 2 2 2 1 4 1 3 2 2 3 3 3 4 1 3 4 
4 2 4 2 4 3 2 2 1 2 2 3 2 2 2 3 1 4 1 4 3 4 2 2 1 2 1 4 3 4 1 2 3 2 4 3 2 2 3 3 1 1 2 4 1 1 2 2 1 1 1 2 2 2 3 1 2 1 1 1 2 3 4 3 1 2 1 1 1 4 2 1 1 4 3 1 1 1 3 4 3 1 3 4 2 2 2 2 2 2 3 2 1 4 3 4 3 3 4 1 2 1 1 4 1 1 1 2 2 1 3 1 4 3 1 2 3 1 2 2 4 
4 2 3 1 3 2 1 2 4 3 3 1 4 1 2 4 1 4 3 2 1 3 1 4 1 4 3 2 2 3 2 4 3 4 3 4 1 2 4 3 1 3 4 1 3 1 2 3 3 4 3 3 2 2 1 3 2 4 4 1 1 2 3 4 3 3 2 1 4 1 2 4 1 1 2 1 2 2 2 1 1 3 3 4 2 1 3 4 3 3 4 1 3 4 4 1 3 1 4 4 1 1 4 2 3 2 2 1 4 2 2 4 4 3 2 1 1 2 2 1 4 
4 4 3 2 4 2 3 1 2 1 2 2 4 3 2 1 1 3 1 3 1 4 3 3 2 1 4 4 3 1 1 4 4 2 1 3 1 4 1 2 4 4 2 3 3 4 2 4 1 3 4 4 2 3 3 1 3 4 2 2 1 2 2 1 2 3 4 1 2 4 1 2 2 1 1 1 1 1 2 3 1 4 3 2 4 1 4 1 3 1 4 4 4 1 1 4 4 3 4 1 3 2 3 1 3 2 2 3 3 3 3 2 4 1 1 2 3 3 2 2 4 
4 3 1 2 1 3 2 3 3 2 3 2 3 2 4 4 3 2 1 4 3 2 2 2 1 1 3 1 2 2 1 2 3 1 3 3 4 3 3 1 2 4 4 4 1 1 1 1 4 2 4 4 4 1 4 4 3 3 4 1 4 4 1 4 1 3 2 3 1 2 1 1 2 3 3 2 3 2 3 4 3 1 2 3 3 2 1 1 1 2 1 4 2 3 1 3 4 2 3 1 1 4 2 3 4 3 2 1 4 1 3 2 4 4 3 2 2 4 2 4 4 
4 4 2 3 3 1 3 2 1 2 3 1 1 2 1 4 4 2 4 1 2 2 2 4 4 1 1 2 2 1 4 3 4 3 3 3 4 3 4 4 1 3 1 2 1 2 3 4 1 4 3 1 4 2 3 2 4 3 3 1 2 1 1 3 2 3 4 4 2 4 3 3 2 4 2 1 1 1 4 3 3 2 2 1 4 3 2 1 1 4 1 1 1 3 1 1 3 2 2 4 1 3 3 1 4 1 3 3 2 2 1 4 3 4 3 1 1 4 3 3 4 
4 1 4 2 3 3 1 2 1 3 1 2 3 2 2 2 4 4 2 2 1 1 4 3 1 1 3 4 3 1 1 1 1 3 3 2 3 4 4 3 3 4 2 1 1 4 2 4 1 2 3 2 1 4 4 3 1 1 4 1 4 3 2 4 3 4 1 1 1 2 1 1 2 2 2 2 3 1 3 1 2 4 4 1 1 2 2 2 4 2 1 2 4 4 1 1 1 4 2 3 3 3 1 4 3 1 3 3 4 2 4 2 2 2 3 4 1 4 4 2 4 
4 1 1 3 1 1 1 1 3 2 4 3 3 4 4 3 2 2 3 1 3 2 3 4 1 3 3 1 2 2 1 2 4 2 4 3 4 3 3 3 4 4 1 3 2 2 2 4 4 1 1 1 2 3 4 2 3 4 3 3 4 2 4 2 3 4 4 2 2 2 1 3 1 3 2 2 1 2 4 1 4 2 4 3 4 1 4 1 1 4 3 3 4 4 3 2 1 2 1 2 1 4 3 3 4 1 2 2 2 2 3 2 2 1 1 1 1 2 2 4 4 
4 2 2 1 1 2 3 2 2 4 4 4 2 2 4 2 3 4 4 4 2 3 2 2 4 3 2 4 2 4 3 3 1 1 3 3 4 1 4 4 2 3 2 1 3 1 1 1 2 4 4 2 1 3 3 4 4 2 1 1 3 1 3 1 4 2 2 4 1 3 3 4 2 3 4 2 2 3 1 4 1 3 3 1 1 2 4 2 2 4 3 4 3 3 1 2 4 3 2 3 2 3 3 4 4 1 3 2 2 4 2 1 4 4 1 4 4 4 2 2 4 
4 2 1 3 2 2 3 1 1 3 3 2 4 3 3 1 4 3 3 2 3 1 3 4 4 3 2 4 2 2 4 4 4 3 1 1 2 2 1 2 4 3 3 2 4 1 1 1 4 2 3 1 4 2 2 3 2 4 3 4 4 4 4 2 4 2 1 4 1 1 1 4 4 4 2 3 2 2 2 2 3 4 3 3 4 2 3 3 4 4 2 4 4 2 3 2 2 3 3 3 2 4 1 1 3 2 3 3 1 3 4 2 2 2 4 3 2 4 2 1 4 
4 1 4 2 1 3 3 4 1 4 3 1 2 3 2 4 3 3 4 1 1 2 4 1 4 3 1 3 4 1 1 1 1 1 1 1 1 4 1 2 4 1 1 3 4 4 4 1 4 1 1 4 1 3 4 3 3 1 2 4 1 2 1 3 2 4 1 3 2 1 3 3 3 3 4 4 1 3 1 3 4 4 1 1 4 2 2 2 3 3 1 2 1 2 4 3 1 3 1 4 2 3 3 1 4 2 4 4 4 3 4 2 2 2 2 3 3 3 3 1 4 
4 1 4 1 2 3 3 4 3 4 1 1 4 3 1 4 2 4 4 1 3 2 4 2 3 2 3 3 1 3 4 2 2 4 2 1 2 4 3 4 3 3 4 4 3 2 1 2 2 2 4 4 4 2 2 1 4 2 1 1 1 1 2 1 4 4 4 1 1 2 2 2 3 1 4 3 1 3 2 4 4 4 4 1 4 2 4 1 3 3 4 1 4 4 2 1 3 1 3 1 1 4 1 2 1 4 3 3 2 4 2 3 1 2 1 4 1 2 2 4 4 
4 1 3 1 4 2 3 2 4 4 4 3 3 4 3 3 3 3 3 1 1 4 2 4 4 3 3 4 3 2 1 3 3 3 2 4 4 3 4 4 1 3 1 4 3 1 2 4 3 3 1 4 3 4 3 2 1 3 3 3 3 3 3 3 1 2 1 2 3 1 2 1 2 1 2 4 4 2 1 2 3 2 3 1 4 3 1 1 3 3 1 1 2 2 3 3 2 4 3 2 2 4 1 3 3 1 2 4 4 2 1 2 1 3 4 1 4 3 2 2 4 
4 1 2 1 2 2 2 1 2 1 2 4 4 2 4 1 2 3 2 2 4 1 1 1 1 4 4 3 4 2 2 3 3 1 2 1 2 4 2 3 1 1 2 1 3 3 4 4 1 3 2 2 2 4 3 1 4 3 1 3 1 3 4 1 4 4 2 1 2 1 1 4 2 2 1 2 1 2 4 2 4 3 1 4 3 3 3 1 2 4 1 3 1 1 4 2 1 4 2 2 4 1 3 2 3 1 1 3 2 1 4 1 3 4 2 3 3 1 3 4 4 
4 4 4 4 4 4 4 4 4 4 4 4 4 4 4 4 4 4 4 4 4 4 4 4 4 4 4 4 4 4 4 4 4 4 4 4 4 4 4 4 4 4 4 4 4 4 4 4 4 4 4 4 4 4 4 4 4 4 4 4 4 4 4 4 4 4 4 4 4 4 4 4 4 4 4 4 4 4 4 4 4 4 4 4 4 4 4 4 4 4 4 4 4 4 4 4 4 4 4 4 4 4 4 4 4 4 4 4 4 4 4 4 4 4 4 4 4 4 4 4 4 

