121
1000
1000

[Node]
0  0  0   0  0
122 0  0   0  0

[pickup]
1       503167459      13          6
2       504389727      17          15
3       502785870      20          8
4       502786586      20          20
5       502786965      20          6
6       502787836      20          20
7       502787917      20          6
8       502793660      20          17
9       502798017      20          13
10      503306512      20          15
11      503555058      20          13
12      504330861      20          13
13      504332251      20          20
14      504463543      20          5
15      504493588      20          5
16      504735573      20          12
17      504845352      20          12
18      504944875      20          20
19      504999729      20          17
20      505015379      20          5
21      505145107      20          12
22      504663156      20          20
23      504648565      21          8
24      503058122      25          7
25      504885456      25          6
26      504537707      32          19
27      504944047      35          6
28      503058102      36          20
29      505143425      37          20
30      505083274      37          9
31      503282693      38          14
32      504411672      39          16
33      505023534      40          16
34      502789900      42          7
35      504360638      46          15
36      504960935      52          13
37      503254639      53          7
38      504815398      59          18
39      503161393      60          17
40      504042384      62          8
41      504433520      65          11
42      504654384      70          18
43      503589812      72          15
44      503301564      74          9
45      503107234      77          12
46      505150249      77          10
47      503228783      80          16
48      504959617      81          6
49      504381435      91          13
50      505193078      91          12
51      502970822      91          14
52      503282703      92          16
53      505195131      101         20
54      502794770      106         5
55      504952771      109         19
56      503657465      109         10
57      504793290      110         15
58      503167442      111         15
59      503642641      118         16
60      505077327      119         5
61      503171563      120         12
62      504795387      125         17
63      504940824      125         7
64      502799030      126         20
65      504591167      135         15
66      504632585      150         18
67      502798781      159         7
68      502798845      160         19
69      505176368      161         19
70      503219373      164         8
71      503251699      166         12
72      504744533      173         8
73      502789199      174         8
74      502793979      174         11
75      503202377      175         16
76      504940738      180         11
77      504398964      187         5
78      505076939      195         18
79      504427291      196         13
80      505047627      198         15
81      503689218      202         11
82      503613062      207         17
83      503557466      221         5
84      505088149      225         14
85      502892641      225         14
86      505150247      230         13
87      502790178      232         13
88      503592373      234         11
89      504945646      238         11
90      502794531      243         19
91      502787809      245         13
92      502793597      261         7
93      504608410      269         19
94      504553396      274         5
95      504507032      281         17
96      504941835      282         15
97      504489902      306         10
98      503819061      308         16
99      503229542      343         15
100     505121631      357         6
101     503278639      377         16
102     503192571      377         19
103     502789170      389         18
104     502788471      393         7
105     502800753      399         14
106     503184278      402         9
107     504861698      412         17
108     502786707      438         14
109     503297612      460         16
110     502835894      485         17
111     504040924      504         6
112     503254635      513         11
113     503635633      529         16
114     502801240      600         6
115     502787162      731         11
116     503289092      800         19
117     502786499      824         16
118     504938851      916         10
119     504411671      1000        7
120     502804546      1000        12
121     504940835      1000        12

[Speed 0]
0.81
30.0   60.0 0.0 0.6
90.0   150 0.0 0.4
300.0  540.0 0.0 0.81
570.0 630.0 0.0 0.6
660.0 720.0 0.0 0.4
750.0 840.0 0.0 0.81

[Speed 1]
1.33
30.0   60.0 0.0 0.8
90.0   150 0.0 0.6
300.0  540.0 0.0 1.33
570.0 630.0 0.0 0.8
660.0 720.0 0.0 1.3
750.0 840.0 0.0 2

[Speed 2]
1.33
30.0   60.0 0.0 1.0
90.0   150 0.0 0.8
300.0  540.0 0.0 1.33
570.0 630.0 0.0 0.8
660.0 720.0 0.0 0.6
750.0 840.0 0.0 1.5

[Speed 3]
1.5
30.0   60.0 0.0 0.9
90.0   150 0.0 0.8
300.0  540.0 0.0 1.5
570.0 630.0 0.0 0.9
660.0 720.0 0.0 0.8
750.0 840.0 0.0 1.5

[Speed 4]
2
30.0   60.0 0.0 1.1
90.0   150 0.0 0.9
300.0  540.0 0.0 2
570.0 630.0 0.0 1.1
660.0 720.0 0.0 0.9
750.0 840.0 0.0 2

[speed choose matrix]
4 4 4 4 4 4 4 4 4 4 4 4 4 4 4 4 4 4 4 4 4 4 4 4 4 4 4 4 4 4 4 4 4 4 4 4 4 4 4 4 4 4 4 4 4 4 4 4 4 4 4 4 4 4 4 4 4 4 4 4 4 4 4 4 4 4 4 4 4 4 4 4 4 4 4 4 4 4 4 4 4 4 4 4 4 4 4 4 4 4 4 4 4 4 4 4 4 4 4 4 4 4 4 4 4 4 4 4 4 4 4 4 4 4 4 4 4 4 4 4 4 4 4 
4 3 3 1 2 3 4 4 1 1 3 2 3 3 4 4 1 2 4 3 2 1 1 4 1 4 1 3 2 3 3 4 3 3 4 4 1 2 3 2 4 1 2 2 2 3 1 3 4 3 4 4 2 3 4 2 1 3 3 2 3 1 1 2 3 2 3 4 3 1 2 3 4 4 1 1 2 4 1 1 1 4 2 3 4 2 1 1 3 2 4 3 1 3 4 3 3 3 3 4 1 2 2 3 1 4 3 1 1 3 4 2 1 3 2 1 1 2 3 4 4 3 4 
4 4 2 4 1 4 2 3 4 3 4 1 4 4 1 4 3 3 4 2 2 3 2 3 1 3 3 3 3 4 3 1 4 3 4 1 1 2 3 4 1 3 1 3 2 3 3 1 2 1 1 1 1 1 1 4 1 3 2 3 4 1 1 3 3 3 2 2 1 4 1 3 3 1 1 4 1 2 4 3 1 4 1 1 4 2 4 1 2 3 4 3 1 1 4 1 4 3 4 3 2 3 4 4 3 3 1 2 2 4 4 1 4 4 1 4 4 2 4 4 2 1 4 
4 4 4 4 1 1 1 4 4 3 4 4 2 3 3 4 2 2 2 3 1 4 4 4 1 3 3 3 2 4 3 1 2 1 4 3 4 4 4 3 2 1 2 1 3 4 4 4 2 1 4 3 2 1 4 4 3 1 3 3 2 2 4 3 1 3 2 4 2 1 4 3 2 3 2 1 3 4 4 1 2 2 2 2 1 1 3 2 3 4 3 2 1 3 4 3 3 1 2 3 2 1 2 3 4 2 1 3 2 3 1 1 1 3 1 2 4 2 2 4 2 1 4 
4 3 1 4 3 4 2 4 3 4 3 1 4 2 4 4 2 1 3 3 2 2 4 1 2 2 4 4 4 2 3 4 2 1 2 3 4 1 3 3 3 4 4 2 1 2 2 2 4 1 4 2 1 3 3 3 2 2 4 4 2 2 4 4 4 2 4 1 2 4 1 1 3 2 2 1 1 1 1 4 4 2 2 2 1 4 1 2 3 3 1 2 2 3 1 2 4 1 1 3 3 3 3 1 3 4 4 1 3 4 1 2 2 3 4 1 2 2 1 3 4 1 4 
4 1 1 4 4 4 4 3 1 4 4 3 2 2 1 3 2 2 1 3 4 4 1 3 4 1 4 4 1 2 1 1 4 4 1 1 1 3 2 2 2 1 1 4 1 1 4 3 4 3 4 4 1 2 1 1 1 1 3 3 1 2 2 2 2 3 4 4 3 1 2 4 4 4 4 4 3 1 1 2 2 4 1 3 1 2 3 4 3 4 4 4 4 2 1 3 2 4 2 1 3 4 2 3 4 1 1 1 4 1 1 1 3 1 4 3 4 1 2 2 4 4 4 
4 3 3 3 1 3 1 4 3 2 4 2 4 2 2 1 4 4 1 2 1 2 3 4 4 1 3 1 2 2 1 3 2 3 1 4 2 4 3 1 3 3 1 4 2 4 2 3 3 1 2 1 2 3 1 4 3 3 1 1 4 4 4 4 2 1 3 4 1 3 3 2 1 2 2 1 1 2 3 2 3 3 4 2 1 4 1 4 3 2 1 2 4 1 1 2 4 4 1 3 2 3 4 1 4 4 2 3 3 1 3 3 1 3 4 3 4 2 4 1 2 2 4 
4 1 1 4 2 1 1 1 3 4 2 2 1 3 4 4 4 1 4 3 1 4 1 2 4 4 3 3 2 1 3 2 4 3 3 1 4 2 4 1 2 1 3 4 2 1 3 2 2 4 2 4 3 3 4 3 3 1 2 1 2 3 2 4 4 2 1 3 3 2 1 1 1 1 4 3 1 2 3 1 4 2 1 4 4 3 3 3 2 3 1 2 1 2 1 3 2 1 3 4 3 2 4 4 1 3 1 4 2 1 1 1 4 3 1 3 1 1 3 3 4 2 4 
4 3 2 1 1 3 3 1 1 3 3 4 2 1 3 4 4 1 2 1 3 1 4 4 1 1 4 3 2 3 4 4 1 1 1 2 3 3 1 2 4 3 2 1 2 2 1 3 2 1 2 4 1 3 3 4 1 1 3 3 3 4 1 1 1 2 3 2 4 3 3 2 1 3 3 2 2 3 3 4 2 4 4 2 1 4 3 3 2 1 3 4 3 3 3 3 3 2 3 2 2 1 3 4 3 4 1 3 4 3 4 1 2 3 3 4 3 4 3 1 3 3 4 
4 4 4 1 3 4 1 1 3 2 4 2 1 3 4 4 1 4 2 1 2 2 2 2 4 4 1 1 1 2 1 3 3 2 4 2 1 1 3 2 3 1 2 4 4 2 1 1 1 2 1 1 1 1 1 1 3 4 4 4 2 4 4 2 3 1 2 1 3 1 4 1 2 3 3 3 1 1 3 4 1 2 4 2 1 3 2 3 2 3 3 3 2 1 2 4 1 3 1 4 1 4 1 2 1 4 4 1 1 2 4 3 4 2 1 1 3 2 2 1 4 1 4 
4 4 4 4 2 4 1 1 4 1 3 3 1 2 3 4 3 4 2 1 4 4 3 2 4 4 4 3 1 3 2 2 4 1 4 2 1 4 2 1 3 1 1 4 4 4 4 3 1 4 4 3 2 4 4 3 1 3 1 1 3 2 2 1 4 1 1 1 3 1 1 3 2 3 2 4 4 4 3 3 3 4 4 4 2 4 4 3 3 2 3 2 4 1 3 2 1 1 1 1 3 1 2 2 2 4 2 4 3 1 4 4 1 1 4 2 2 3 1 3 4 1 4 
4 4 1 1 1 2 1 4 4 1 1 3 4 3 3 4 2 4 1 1 3 1 4 1 4 1 2 2 2 4 2 3 3 1 3 1 1 2 3 1 3 4 1 1 3 3 2 3 3 1 2 1 3 4 4 3 2 1 2 4 2 2 4 4 4 4 2 3 2 3 1 2 4 4 2 4 1 3 3 2 2 1 1 2 4 4 1 4 1 3 1 3 3 1 4 1 2 3 1 2 1 2 4 1 3 1 1 1 3 4 2 1 3 2 2 4 3 4 2 1 1 2 4 
4 2 1 3 3 2 3 1 2 3 2 1 1 1 3 4 4 4 4 2 3 1 1 2 3 4 3 1 2 3 3 4 1 4 3 1 2 3 3 2 1 1 2 3 4 3 3 2 3 4 2 4 4 1 1 3 1 3 3 4 2 3 2 2 2 3 1 1 2 2 2 3 1 3 2 4 2 2 1 2 1 3 3 2 3 4 2 1 2 4 1 1 1 3 3 4 1 2 2 2 1 4 3 4 3 3 2 1 1 2 2 4 1 1 4 4 2 2 4 3 3 2 4 
4 4 3 3 4 2 2 4 2 4 1 4 2 3 4 2 4 4 1 3 1 2 4 4 1 2 1 4 4 3 4 4 4 3 1 3 2 2 3 3 3 2 2 4 1 2 3 3 1 2 1 4 3 2 4 4 1 2 4 1 2 1 1 2 3 3 2 3 2 1 1 4 3 1 4 1 4 2 4 3 4 4 2 1 1 1 2 2 3 3 4 2 2 2 4 2 4 2 3 4 1 3 4 4 2 1 2 1 3 1 3 3 1 1 2 3 1 2 2 4 4 3 4 
4 2 1 2 4 4 4 2 4 4 4 3 1 2 3 3 3 3 2 2 1 2 4 2 1 2 4 4 3 1 4 4 3 1 3 3 4 1 4 4 1 2 3 4 2 1 2 4 4 1 4 4 3 1 3 4 2 1 2 1 3 3 3 2 2 2 3 4 2 1 3 3 4 4 3 2 2 2 4 1 4 1 3 4 1 4 2 2 3 1 1 4 1 1 1 2 2 4 3 4 4 4 3 3 3 2 4 1 1 1 2 1 1 3 3 1 2 4 1 1 2 1 4 
4 2 3 3 4 2 1 4 1 1 1 1 2 2 3 2 1 2 4 2 3 3 1 3 4 3 1 2 4 1 1 4 1 1 4 4 3 1 1 3 2 2 4 3 1 4 3 1 1 1 4 4 3 4 3 4 3 4 4 3 3 2 3 2 3 2 1 2 4 3 1 4 4 3 2 2 3 1 1 4 4 1 1 1 1 4 1 2 1 3 4 4 4 1 2 3 4 2 1 4 2 4 3 4 3 3 3 1 4 3 3 4 2 1 2 1 2 4 3 2 3 4 4 
4 2 3 1 1 4 1 1 2 4 2 2 4 4 3 1 2 4 1 2 3 2 2 3 1 2 2 4 2 1 3 3 3 4 4 1 4 1 3 1 3 4 1 4 4 1 4 1 4 1 4 4 3 3 1 2 4 4 2 4 2 4 3 1 3 2 1 2 1 3 2 1 4 4 3 2 2 4 2 1 1 1 3 2 1 4 3 1 4 1 2 4 2 1 2 1 1 1 2 2 2 3 3 2 4 3 2 4 3 3 1 2 4 3 4 4 3 3 1 4 4 1 4 
4 2 2 3 1 1 4 2 1 1 4 2 2 4 4 3 4 4 1 4 4 1 2 2 4 1 4 4 2 2 3 4 3 4 1 4 1 2 4 1 2 3 3 3 1 4 1 4 4 1 4 4 3 4 1 4 4 3 3 4 1 1 2 4 4 1 3 2 1 4 4 1 2 2 4 1 3 2 3 1 2 3 2 3 3 2 1 1 2 3 1 1 1 1 2 4 2 1 2 4 1 3 3 1 4 3 1 3 2 3 2 2 3 3 3 3 3 2 2 1 2 2 4 
4 3 2 4 4 4 2 3 4 3 2 1 3 1 3 4 4 2 1 2 4 3 4 2 2 2 2 2 4 1 2 4 3 4 3 2 4 3 4 1 4 3 4 2 4 1 1 3 2 3 3 3 1 2 2 3 4 4 1 1 3 4 2 2 2 1 4 1 3 3 2 4 2 1 1 3 2 3 2 2 4 2 3 4 2 2 2 3 3 2 1 3 4 3 4 1 1 4 2 1 1 2 4 4 1 3 1 3 4 1 1 4 4 1 3 1 4 2 2 4 3 4 4 
4 4 4 3 4 2 2 4 4 1 2 1 1 3 2 1 4 1 2 4 3 2 4 3 3 2 1 4 1 1 3 3 2 4 1 1 4 4 2 4 3 3 4 3 3 4 2 4 3 4 1 1 4 1 1 1 1 1 2 3 1 2 4 3 3 3 3 2 1 2 3 3 3 4 2 3 2 1 1 2 1 4 4 2 3 3 2 1 3 4 3 3 2 4 4 2 2 1 2 4 1 4 2 1 1 3 1 1 1 1 4 2 2 4 1 3 1 3 2 2 1 4 4 
4 4 3 1 4 1 3 3 4 3 2 2 2 3 1 3 1 4 2 1 3 4 1 2 3 3 4 4 1 1 4 3 4 4 3 1 3 3 2 4 1 4 2 4 2 1 3 2 1 1 1 2 3 4 4 3 4 3 1 4 2 2 3 3 1 3 4 4 2 4 2 3 4 3 4 2 4 1 3 4 3 2 1 2 2 2 1 1 1 4 4 3 2 1 2 2 2 1 2 2 2 4 4 4 1 1 2 2 2 2 3 4 4 1 2 1 3 4 1 2 3 4 4 
4 4 4 2 1 2 3 1 4 4 1 3 1 2 1 3 1 3 1 4 2 3 1 4 2 1 4 4 1 3 1 3 4 1 3 1 1 2 1 1 3 2 1 4 2 2 3 2 3 4 3 4 4 3 2 4 4 2 3 1 4 2 3 4 4 4 4 1 1 2 4 4 1 2 2 2 3 2 3 3 3 1 2 3 4 3 1 1 4 1 4 4 1 1 1 3 4 4 4 1 4 1 1 1 1 1 4 4 3 3 3 3 3 4 1 3 2 3 3 2 3 1 4 
4 4 2 4 1 4 4 2 4 2 1 2 4 3 3 4 3 3 1 2 3 3 1 3 3 3 2 3 3 2 1 2 3 2 2 2 4 2 4 1 3 2 4 1 3 1 3 2 3 3 3 4 4 3 1 4 4 1 1 2 3 2 4 1 2 4 3 2 4 4 2 1 3 4 2 1 2 2 2 1 4 4 4 1 4 2 3 4 1 2 3 1 3 3 1 4 4 4 3 1 4 1 4 4 4 1 3 3 4 2 2 4 3 2 1 3 1 2 1 3 2 2 4 
4 1 2 1 2 3 4 1 4 4 1 3 1 1 3 3 3 1 3 1 3 1 3 3 4 2 1 4 3 1 1 1 2 3 2 2 2 3 2 3 1 1 4 3 4 4 1 2 3 2 3 1 1 3 1 1 2 3 3 1 1 3 1 2 2 1 4 3 1 2 4 4 1 4 2 2 3 3 1 2 1 3 1 2 1 3 4 4 2 3 3 2 2 3 2 2 3 3 3 4 1 1 3 2 1 4 4 1 3 4 1 3 4 1 3 2 3 1 1 3 2 4 4 
4 1 1 4 3 1 1 4 3 2 3 2 3 4 4 2 1 3 3 1 2 2 4 2 3 3 2 1 4 2 4 4 3 3 3 1 2 4 1 2 4 4 3 1 1 1 1 2 1 1 2 3 2 3 3 2 3 4 2 1 1 2 1 2 3 3 1 1 4 1 2 2 2 1 4 2 3 4 4 2 1 2 1 3 1 4 2 3 3 4 3 2 1 2 2 2 2 2 2 2 3 4 1 3 1 2 1 1 4 1 3 3 1 1 4 2 4 2 2 2 1 3 4 
4 1 4 1 4 2 4 3 3 4 1 4 1 4 2 3 2 2 4 3 1 3 2 2 2 4 2 1 2 2 1 1 4 4 3 1 1 4 3 1 3 3 1 2 4 1 2 1 3 3 4 3 3 2 1 3 1 2 4 1 1 1 1 1 2 1 1 1 4 3 2 3 2 3 2 1 3 1 4 2 2 4 2 4 2 2 1 3 4 1 2 2 4 1 2 4 2 1 3 2 2 4 3 2 4 4 4 4 1 1 3 2 1 3 3 4 4 3 3 4 1 2 4 
4 4 1 3 4 1 3 2 4 4 3 1 3 1 2 3 1 4 4 2 2 4 1 3 2 2 3 3 4 2 1 3 3 3 3 4 1 2 2 1 4 3 3 4 2 4 4 1 2 4 2 2 3 3 1 1 3 3 1 2 3 1 3 4 1 3 2 3 4 3 3 1 1 4 4 4 4 1 4 2 1 3 3 4 2 1 1 2 4 4 4 2 3 1 3 4 2 2 4 2 2 2 1 4 2 2 3 1 1 2 2 3 2 2 1 2 2 1 4 2 3 3 4 
4 3 4 2 2 3 1 2 2 3 4 4 2 2 1 2 4 3 2 4 4 3 4 3 3 3 4 2 3 2 2 3 1 1 1 3 2 2 4 3 3 4 2 2 1 1 4 2 1 2 4 2 1 2 3 1 4 2 1 2 3 2 3 1 2 4 3 1 4 1 3 3 3 4 4 2 2 3 1 2 1 4 4 3 1 3 4 4 2 4 3 3 4 2 3 2 2 1 1 4 4 3 2 1 2 2 1 2 2 3 4 4 1 2 2 4 1 4 2 1 3 4 4 
4 3 1 3 2 1 1 1 3 1 2 1 4 2 4 2 2 2 1 1 4 4 1 1 1 4 2 4 3 4 2 3 2 3 1 1 1 4 4 1 3 3 4 2 3 2 3 4 3 3 4 3 3 1 1 2 2 2 2 4 4 3 1 3 2 2 1 3 2 1 4 4 3 1 3 1 1 3 3 2 4 3 4 4 1 2 1 4 3 2 3 3 2 3 3 2 2 1 2 1 1 1 4 4 2 3 4 4 4 3 4 2 2 1 3 1 1 2 4 1 4 1 4 
4 1 1 2 4 1 4 1 1 2 3 4 1 1 2 4 3 2 4 2 1 2 2 3 1 4 4 1 2 2 1 1 3 1 4 2 4 2 2 3 2 3 1 1 1 3 3 1 3 1 2 1 1 3 3 1 2 1 1 1 2 4 4 4 2 2 4 1 2 2 2 1 1 2 3 1 3 1 2 2 2 3 3 1 2 4 3 4 4 3 2 3 2 1 3 3 1 1 2 2 4 2 2 2 2 1 1 2 2 2 4 3 3 2 1 2 1 1 1 1 4 3 4 
4 3 1 2 2 4 4 4 2 4 3 4 3 4 2 2 4 2 4 2 1 1 3 2 4 3 2 1 2 2 4 4 2 1 4 3 4 2 3 1 1 1 1 4 3 1 4 2 1 2 1 1 3 2 2 4 4 1 2 1 2 4 2 1 4 4 4 3 2 4 4 2 3 4 3 4 3 1 2 3 3 2 1 4 4 2 3 2 3 1 2 2 3 1 2 3 4 3 2 2 3 3 4 3 1 2 3 3 1 4 3 1 3 1 3 3 4 4 2 3 2 2 4 
4 3 1 3 1 2 1 4 2 1 2 4 3 3 3 4 2 1 2 3 4 2 4 3 1 4 1 1 2 4 3 3 2 2 4 4 2 2 2 3 1 3 1 3 1 2 4 2 4 2 2 3 3 1 2 2 2 1 4 4 1 3 3 2 1 2 2 3 1 3 1 1 4 2 2 2 3 2 3 3 1 1 1 1 2 1 1 2 1 3 2 3 3 1 3 2 2 4 4 4 3 3 4 4 3 4 1 3 3 1 1 2 1 2 1 3 4 3 2 2 1 2 4 
4 4 1 3 1 2 1 4 1 2 1 2 4 4 3 1 1 3 3 2 3 1 3 2 2 1 3 1 1 3 2 2 4 3 2 4 2 3 4 2 2 1 3 1 1 3 1 3 2 1 4 3 2 1 4 3 3 4 3 1 3 3 3 2 2 2 4 1 4 2 1 4 3 2 3 1 3 3 4 2 2 2 2 1 4 3 3 1 1 3 2 1 4 3 2 1 1 4 4 4 1 3 2 1 3 3 4 2 1 1 3 3 2 4 2 2 4 1 2 4 1 4 4 
4 2 3 3 2 4 1 4 4 4 2 1 1 2 2 3 1 1 2 4 3 2 1 1 4 2 4 1 3 4 2 1 3 1 3 4 1 4 3 3 1 2 1 1 3 4 3 3 2 2 4 3 3 3 2 4 2 1 1 4 4 1 4 3 1 2 4 3 4 1 2 4 3 3 4 4 4 2 4 2 4 2 3 3 1 3 4 1 4 2 4 3 3 4 4 3 4 3 4 3 2 1 1 1 3 3 1 4 1 1 1 1 1 3 3 4 4 3 4 2 4 2 4 
4 4 4 2 3 2 3 1 1 4 2 3 1 1 3 2 2 4 1 2 1 3 3 2 3 4 2 1 3 2 3 1 3 4 3 3 1 1 4 4 4 4 1 1 3 1 1 2 2 3 4 2 2 2 1 4 2 3 4 2 2 3 3 1 3 4 1 3 1 2 2 2 1 4 1 1 4 3 2 1 3 1 1 4 1 3 1 1 4 4 3 4 2 2 3 1 4 4 1 1 3 2 2 2 4 1 1 4 4 1 3 3 1 2 1 2 3 3 3 2 1 4 4 
4 1 3 3 4 1 1 3 3 4 3 2 1 2 1 1 4 4 2 1 2 1 4 4 1 3 4 4 3 3 3 2 4 2 4 3 4 2 3 2 4 4 2 3 4 4 3 4 2 3 4 2 4 3 3 4 2 4 1 2 3 4 4 2 1 2 1 2 3 3 3 2 4 3 4 1 2 3 2 1 2 1 3 4 1 2 2 3 2 3 3 3 4 4 1 3 1 4 1 4 3 3 1 2 3 2 1 3 2 2 3 4 1 4 1 1 2 4 2 1 3 2 4 
4 4 1 1 1 3 2 3 1 3 4 1 4 2 3 3 2 3 1 3 4 1 3 1 4 4 4 2 4 2 2 2 3 4 3 2 1 3 4 3 4 4 3 4 2 1 1 2 4 3 3 4 4 2 1 3 1 2 4 2 3 1 1 4 2 3 1 1 2 4 2 3 3 3 4 4 4 3 1 4 1 3 4 2 4 3 1 1 4 3 4 1 2 4 1 4 4 1 3 3 1 4 2 1 4 3 2 2 3 3 1 2 1 4 1 3 1 3 4 1 2 2 4 
4 1 4 1 2 3 2 1 3 1 1 2 2 4 3 3 3 3 2 2 4 2 4 2 3 2 3 3 1 4 1 3 2 4 2 1 3 4 4 4 2 2 4 4 4 3 3 2 4 1 2 4 3 4 3 1 4 2 3 2 4 1 2 3 3 3 4 2 2 4 2 2 2 1 3 4 1 2 1 1 1 2 1 3 4 4 1 3 1 2 4 1 1 3 3 4 3 2 4 3 4 3 1 1 1 2 4 2 3 2 2 2 2 4 4 3 1 1 4 4 1 2 4 
4 1 4 2 4 2 2 4 3 2 3 3 1 2 3 4 2 4 4 4 4 3 1 2 3 3 3 1 2 4 3 3 4 3 3 2 1 4 3 1 1 3 2 1 4 4 1 3 2 3 4 2 4 2 4 2 4 1 1 2 4 3 2 3 3 2 4 3 1 3 4 1 3 2 2 1 2 4 2 1 4 2 3 3 2 4 4 2 2 2 3 4 2 2 2 2 1 3 1 3 2 3 3 4 2 2 3 4 2 4 3 3 2 2 4 1 3 2 1 3 1 4 4 
4 4 4 3 1 2 3 1 2 2 1 3 2 1 1 2 3 2 1 4 2 4 4 4 1 1 1 3 2 2 4 4 1 4 2 1 4 1 2 3 3 3 4 4 3 2 2 4 4 3 4 4 4 2 1 3 2 1 4 2 2 1 4 3 4 4 3 3 3 4 1 2 2 2 1 1 3 2 4 2 2 2 1 3 2 3 3 3 3 1 1 2 3 1 3 1 3 4 4 1 3 4 1 3 4 1 4 4 3 3 2 4 3 2 1 1 4 2 3 3 2 4 4 
4 1 1 1 3 2 3 2 2 2 3 2 3 3 1 1 1 4 3 3 3 2 4 1 4 1 1 1 3 2 1 1 1 2 4 3 2 1 3 1 1 2 4 1 2 3 2 4 2 3 4 3 1 2 3 1 3 4 4 4 2 4 4 3 4 3 4 2 3 2 4 3 4 4 4 3 3 2 4 4 2 4 3 1 4 1 2 2 3 2 1 4 4 3 4 1 4 4 1 4 2 1 1 2 3 1 2 4 1 4 4 2 3 3 3 3 3 4 3 4 2 1 4 
4 2 2 1 1 1 1 4 4 4 1 4 4 3 4 1 3 1 4 2 4 4 3 3 1 3 3 2 3 1 1 2 1 3 1 4 1 2 2 3 4 1 2 3 1 2 3 1 1 4 1 2 1 1 2 1 1 3 1 3 3 3 4 1 3 3 1 2 3 3 1 3 3 1 4 1 1 4 1 4 1 2 3 4 4 4 4 1 4 2 3 3 3 2 4 2 1 2 2 1 3 1 4 2 4 1 1 2 4 3 3 2 2 4 3 2 2 4 1 1 2 4 4 
4 1 4 3 4 2 2 3 1 1 4 3 3 4 3 1 2 4 3 4 1 4 4 1 1 1 1 1 1 1 1 3 3 1 2 2 1 1 4 2 2 4 4 3 4 2 1 4 3 4 3 2 4 3 4 3 3 3 3 2 4 2 3 4 3 3 3 4 3 2 3 1 2 4 2 3 1 2 4 4 1 4 2 1 4 1 4 2 4 2 4 4 2 3 4 2 4 2 1 1 3 1 1 1 3 2 3 1 1 4 3 4 3 3 2 3 4 4 3 2 4 1 4 
4 2 4 4 2 4 3 4 4 4 3 1 2 4 3 1 2 1 1 4 4 2 3 1 1 4 4 1 3 4 1 4 2 3 1 1 1 2 1 4 3 4 1 2 4 4 4 1 1 3 4 2 4 2 2 2 3 4 2 1 4 1 1 1 3 1 3 4 3 2 1 1 4 2 3 1 1 4 4 2 2 3 2 1 3 1 4 4 3 4 4 2 3 3 1 1 4 3 3 3 1 2 4 1 3 1 1 2 3 4 2 3 4 3 2 1 4 2 2 4 4 3 4 
4 2 3 4 1 4 4 1 4 4 1 3 2 4 1 3 1 3 4 2 4 1 3 1 3 4 4 2 3 2 4 1 4 3 4 3 1 3 1 4 3 2 1 1 1 2 2 2 2 2 3 2 4 2 2 3 3 2 2 3 1 1 1 3 2 2 3 4 1 4 3 4 2 2 3 4 1 3 2 1 4 3 1 2 4 1 4 1 4 3 2 2 4 1 2 4 3 2 1 4 3 2 2 1 1 2 4 3 1 2 1 1 1 3 2 1 3 3 3 2 2 2 4 
4 4 1 3 1 2 3 1 4 4 4 1 1 4 4 4 2 3 2 3 3 3 3 3 4 1 4 2 4 4 4 3 3 2 4 3 3 4 2 2 4 1 4 3 1 3 4 2 1 4 3 1 4 1 4 4 1 2 1 2 4 3 3 1 3 4 3 4 4 3 1 2 1 1 4 1 1 4 4 3 1 2 1 2 2 2 2 2 1 3 4 2 3 2 1 1 1 2 4 4 2 2 1 3 2 2 2 2 2 4 2 1 3 2 2 4 4 1 4 3 2 1 4 
4 4 1 4 4 1 3 2 1 1 1 3 4 3 4 1 3 1 1 3 1 3 2 1 1 2 2 4 2 1 3 3 1 2 4 1 2 2 3 2 4 4 1 1 2 2 3 2 2 1 1 2 1 3 1 1 2 4 1 2 1 3 2 4 3 3 4 1 3 3 4 2 4 1 4 1 2 3 4 3 4 1 3 1 2 1 3 1 4 3 4 4 1 2 1 2 2 3 2 4 1 4 4 3 4 1 4 3 4 4 4 1 3 1 3 2 2 3 1 4 3 3 4 
4 4 3 1 1 2 1 4 1 3 1 2 2 4 2 2 4 3 3 1 4 2 3 4 4 1 3 3 2 4 1 4 2 2 4 1 2 1 4 2 3 3 2 2 3 3 1 1 3 1 2 3 3 2 2 4 3 3 3 3 2 4 3 1 2 4 2 3 2 2 1 1 4 4 1 4 4 3 4 3 4 3 2 4 2 4 2 4 1 4 2 1 2 1 2 3 1 4 1 3 4 2 1 4 3 4 3 3 4 4 3 3 1 2 2 2 3 4 3 2 2 3 4 
4 3 1 4 1 3 1 4 2 4 4 4 4 1 1 3 3 2 1 1 3 3 2 3 4 3 2 2 3 2 4 3 2 1 1 2 3 4 1 3 2 3 4 3 2 2 4 1 4 1 3 1 4 1 2 3 2 4 1 2 2 4 4 4 2 2 3 2 3 3 4 4 1 1 2 2 1 2 1 1 1 1 2 1 4 4 2 4 2 3 4 4 4 1 4 2 4 4 1 3 2 2 4 4 1 4 2 2 1 3 3 1 2 4 1 1 2 4 3 3 2 4 4 
4 2 4 1 2 3 2 3 2 3 3 4 3 3 3 2 2 4 2 1 2 1 4 3 1 1 1 3 3 1 3 2 3 1 4 1 2 3 1 4 4 3 2 3 3 3 4 1 3 1 3 4 3 2 1 3 2 1 3 2 4 4 2 4 2 2 3 2 4 1 1 4 4 4 4 1 3 4 3 2 4 1 1 3 4 3 1 4 1 3 4 2 1 4 2 4 1 3 1 1 4 1 1 1 4 3 1 4 1 4 4 4 4 4 2 2 3 3 4 2 2 4 4 
4 3 2 1 4 1 1 4 3 2 2 1 3 1 2 4 2 4 1 4 1 3 1 4 3 4 2 2 2 2 3 4 4 2 3 4 3 4 4 1 4 1 1 3 1 2 3 2 1 3 1 3 3 4 2 3 2 2 1 3 4 1 2 3 3 3 2 4 1 4 4 2 3 2 1 4 4 4 4 4 4 3 2 4 1 3 3 2 3 3 4 2 3 1 4 4 1 2 2 4 2 2 1 1 3 2 4 3 4 1 1 2 2 1 2 1 1 3 3 2 2 2 4 
4 1 4 1 1 2 2 4 2 1 1 1 3 4 3 3 3 3 4 1 1 3 1 2 4 2 2 3 1 4 3 3 2 2 1 4 3 2 3 1 3 4 1 2 3 1 3 2 4 3 4 2 1 3 4 3 3 1 4 1 3 1 4 2 2 2 2 1 2 1 2 3 1 1 3 4 3 3 3 4 2 3 2 3 2 2 3 3 3 2 2 4 4 3 4 3 4 4 2 3 3 2 3 4 2 4 2 4 1 1 2 3 1 3 1 3 1 3 3 4 3 1 4 
4 2 2 4 4 3 4 2 3 4 3 1 2 3 4 1 2 3 3 1 1 4 3 1 2 4 3 4 4 4 1 1 2 3 2 2 3 2 3 2 1 2 2 4 4 4 2 1 4 1 4 3 3 3 2 1 1 2 4 3 4 3 4 1 2 1 2 1 2 1 4 3 4 2 2 1 4 2 3 2 1 4 2 1 3 2 1 1 3 1 2 4 2 4 4 4 4 1 2 2 2 1 3 4 2 2 4 2 2 2 3 3 2 3 1 1 2 4 1 3 2 1 4 
4 2 1 3 1 2 4 4 4 4 2 3 2 2 3 2 3 2 1 3 4 1 3 3 2 4 4 2 4 3 2 2 1 1 2 3 4 4 2 3 2 3 4 1 4 2 3 3 4 4 3 1 3 3 3 1 1 2 1 2 1 1 4 1 2 3 3 1 4 4 4 3 2 4 4 1 4 3 3 4 3 1 1 1 3 4 3 2 3 3 4 4 2 4 4 4 3 4 2 4 3 1 1 2 3 3 2 2 1 2 4 2 2 2 3 3 3 1 3 4 4 2 4 
4 4 2 2 2 4 4 4 4 3 4 1 4 4 4 2 2 3 2 4 4 4 1 2 2 1 3 1 1 4 4 1 4 2 2 2 4 1 3 4 2 1 1 2 1 1 3 2 2 2 4 2 4 4 1 2 1 3 4 3 2 2 2 4 4 4 4 2 3 1 4 3 3 1 1 2 2 2 2 2 1 2 1 1 4 2 1 4 3 2 4 4 3 2 3 3 4 4 2 1 1 1 1 1 4 2 1 4 2 3 1 1 4 1 4 3 3 2 3 3 1 2 4 
4 3 2 1 3 1 3 3 3 2 3 3 1 1 3 4 3 3 2 2 4 3 2 1 4 3 1 1 2 1 3 4 4 4 1 2 3 2 2 1 4 1 1 2 2 4 2 4 4 1 3 2 4 2 3 1 4 1 3 2 3 4 4 4 2 2 4 2 1 1 2 2 1 4 4 4 1 4 2 3 2 2 2 4 2 4 1 3 3 1 3 1 2 2 4 3 2 4 2 2 4 4 1 1 4 2 1 4 4 2 2 4 4 1 1 1 1 4 4 2 1 4 4 
4 1 2 1 1 3 2 2 3 4 3 4 1 2 1 2 3 2 4 3 1 2 4 2 3 2 2 2 3 3 1 1 3 3 1 3 4 2 1 3 1 1 1 4 3 3 3 4 3 2 1 2 2 2 4 3 4 3 3 2 3 2 3 3 4 3 1 3 2 2 2 2 2 2 2 4 2 3 4 1 2 1 1 2 2 4 3 1 4 3 4 3 4 1 4 2 1 1 1 2 3 1 2 4 3 1 3 2 4 2 2 4 4 4 3 3 4 3 2 3 2 4 4 
4 1 3 1 1 2 1 3 4 1 4 2 1 3 2 1 1 3 1 4 2 1 1 4 3 1 3 1 1 1 4 4 1 2 4 1 3 2 3 1 2 2 1 4 1 2 2 1 4 2 2 1 3 2 4 2 3 1 2 3 3 3 3 3 3 2 4 3 1 3 3 1 4 3 2 4 1 4 3 3 1 3 3 3 3 4 4 1 1 3 3 1 3 2 2 1 1 2 1 3 2 1 3 3 3 1 2 4 2 2 1 1 3 3 3 4 2 4 4 1 4 2 4 
4 2 3 3 4 1 4 4 3 2 2 3 3 2 2 1 2 1 4 2 4 2 4 4 2 1 4 1 3 3 3 2 4 3 4 1 4 2 2 2 4 2 1 1 4 3 4 2 4 2 4 4 2 4 2 2 4 3 2 3 2 1 3 3 1 1 4 3 2 4 1 1 3 2 3 4 4 3 1 2 3 3 1 3 3 4 3 2 4 2 4 3 1 3 4 4 3 4 3 3 3 3 3 1 3 2 2 1 2 2 4 1 2 1 4 2 4 1 2 4 3 1 4 
4 4 4 4 1 1 2 2 4 2 2 4 2 3 3 4 2 1 1 3 1 1 2 4 4 1 3 3 2 1 3 2 3 3 2 2 4 2 3 4 1 1 3 2 3 4 2 3 1 1 4 3 3 3 4 3 2 4 2 3 2 2 3 3 4 4 4 4 4 4 4 2 3 3 3 3 4 4 4 4 3 3 1 2 1 3 2 4 4 3 2 4 1 3 4 1 2 1 3 3 2 2 3 2 1 4 1 3 4 1 2 2 1 3 2 1 4 3 3 4 4 1 4 
4 1 2 4 1 2 4 4 2 4 2 4 2 1 4 4 1 2 1 1 1 1 4 4 1 4 3 2 2 1 3 1 4 2 2 4 3 1 4 2 3 1 4 2 4 3 3 2 1 4 1 2 3 4 4 1 1 2 1 4 3 4 1 4 1 1 1 3 2 3 4 4 2 1 2 3 3 2 4 2 2 4 3 3 1 4 3 3 3 1 3 1 2 2 4 4 3 3 4 4 2 4 1 3 4 3 4 4 3 2 4 3 4 2 2 4 3 3 3 1 4 4 4 
4 2 1 1 3 2 4 1 3 4 1 1 2 2 1 1 4 1 2 3 3 3 2 4 1 2 3 2 3 1 3 2 4 1 4 3 2 3 3 3 4 1 2 4 2 3 2 2 4 2 4 1 2 2 1 2 4 2 3 4 4 1 4 2 3 2 4 3 4 4 2 4 2 2 3 2 2 4 4 2 4 4 4 2 4 4 4 3 2 4 4 1 4 1 2 3 4 4 4 3 3 4 3 4 3 2 4 2 2 2 3 2 2 1 3 2 2 4 1 2 4 2 4 
4 3 3 3 3 4 3 1 1 2 2 1 4 3 2 1 4 4 1 3 1 3 3 2 4 3 1 3 2 4 1 1 3 4 1 1 3 1 1 3 4 1 4 1 2 4 3 2 4 2 3 4 4 2 4 3 4 4 1 4 1 2 1 4 3 1 1 3 3 2 4 3 4 2 4 4 3 2 3 2 4 4 3 4 4 2 2 3 4 1 2 3 3 3 1 4 2 2 3 1 3 4 1 2 1 3 3 3 3 1 2 4 2 3 1 3 3 3 4 1 2 1 4 
4 2 2 3 1 3 1 2 4 3 1 3 2 2 2 1 3 1 4 1 3 4 4 3 3 4 4 3 4 4 2 2 1 3 4 1 3 3 3 2 3 3 4 2 4 2 2 1 2 1 1 2 2 1 3 2 4 3 4 3 2 3 2 2 2 2 2 1 3 2 3 4 2 2 4 3 2 3 4 4 4 2 3 2 3 3 2 1 4 4 2 4 4 1 4 2 3 2 4 1 1 1 3 1 2 4 2 4 3 2 2 4 3 2 1 4 2 1 4 4 4 2 4 
4 4 2 3 2 4 4 1 1 1 2 3 1 3 2 2 1 1 4 3 1 2 4 2 3 2 4 1 4 3 4 2 2 4 4 1 1 4 1 1 3 4 2 4 1 4 1 4 2 1 1 4 2 3 1 4 2 3 1 4 1 2 1 4 1 1 3 4 1 2 2 1 3 2 3 4 4 2 4 4 4 3 2 4 4 1 3 2 1 4 4 2 3 3 2 4 3 3 4 4 1 4 4 1 1 3 1 3 1 3 4 3 3 3 4 2 1 2 2 3 1 2 4 
4 2 1 2 3 2 1 1 1 4 2 2 2 1 3 1 3 1 2 3 1 2 4 3 1 3 3 1 2 4 2 1 1 1 3 3 1 1 1 2 3 4 2 1 4 4 4 1 2 1 4 4 1 3 1 4 3 4 4 4 3 3 4 2 2 1 4 4 4 2 4 2 1 1 4 2 1 4 4 2 2 2 2 2 2 2 3 1 1 3 4 2 2 2 2 4 3 4 3 4 4 3 3 1 3 1 2 2 4 3 1 4 1 1 2 1 2 4 1 4 3 2 4 
4 4 3 3 2 3 3 4 2 4 4 4 3 3 1 2 3 3 3 4 2 1 2 3 1 1 1 3 4 3 4 4 4 1 4 1 3 1 1 4 3 3 3 1 4 4 1 4 3 1 2 2 2 1 1 3 1 3 1 3 1 1 4 2 2 1 3 2 2 3 3 1 4 4 3 4 4 4 2 2 3 4 2 2 3 3 2 1 3 2 4 1 1 4 3 3 3 4 1 4 4 3 3 3 2 3 4 4 1 2 2 2 1 1 4 1 4 4 3 3 1 1 4 
4 4 3 2 4 2 2 2 3 2 3 1 2 4 1 2 4 1 2 3 3 4 4 3 3 2 2 4 1 2 4 3 4 1 2 2 4 4 1 1 1 1 3 3 1 1 3 4 2 1 2 1 2 4 4 3 4 4 1 4 2 2 2 4 2 1 4 2 2 3 1 2 3 2 4 2 2 4 3 1 4 3 1 4 2 1 3 2 2 4 1 3 3 2 2 2 4 4 2 1 4 4 1 4 1 2 2 2 1 4 3 2 2 2 1 1 3 4 4 3 3 1 4 
4 3 3 1 2 2 3 3 2 3 4 3 2 3 1 2 4 4 4 2 2 4 4 3 2 3 4 3 4 1 2 2 3 1 1 4 2 1 2 4 2 2 2 3 4 2 1 3 1 3 3 1 2 2 4 3 3 3 2 4 2 3 4 2 4 2 1 3 2 2 3 2 3 1 4 1 4 4 4 2 4 1 3 1 2 4 4 2 4 2 2 4 3 1 1 1 3 4 3 3 3 2 1 4 4 2 2 2 2 2 1 3 2 2 4 3 4 3 2 2 1 1 4 
4 2 2 4 1 4 1 3 4 1 4 1 2 4 4 2 1 4 2 1 3 1 3 4 2 4 3 3 1 4 3 1 3 2 3 1 2 3 2 2 4 2 2 4 2 2 3 4 2 4 4 4 4 1 4 2 3 1 2 2 1 2 2 4 4 4 4 2 1 2 3 3 2 4 1 3 4 3 3 2 3 4 1 1 1 1 4 1 2 2 1 2 4 4 1 4 3 4 3 1 2 2 4 1 4 4 4 2 3 3 2 2 2 3 1 4 4 4 3 2 2 3 4 
4 2 1 4 1 2 2 4 2 3 2 4 2 4 2 1 1 2 2 4 1 3 4 3 3 2 2 1 2 2 1 3 4 3 2 1 2 4 4 4 4 1 3 3 1 4 2 3 1 3 3 3 1 4 3 2 4 1 4 4 1 1 3 4 2 3 2 1 1 2 3 4 4 4 4 3 2 2 1 4 2 1 4 1 1 3 2 2 4 3 4 1 4 4 1 4 3 2 4 4 1 2 3 3 3 2 3 2 4 1 3 4 1 3 1 2 4 4 2 2 2 3 4 
4 1 1 4 1 2 4 3 4 3 2 2 1 4 1 4 2 1 1 2 2 1 1 4 2 4 4 3 1 3 3 3 3 3 4 4 2 4 4 2 2 4 1 1 3 2 1 4 3 1 1 3 3 3 1 2 4 2 2 3 4 4 2 1 1 4 2 4 2 1 1 1 1 2 4 3 2 2 3 3 2 1 4 3 3 3 1 1 3 3 2 3 1 2 2 2 3 1 4 3 4 3 2 2 3 2 2 1 3 4 1 1 2 3 3 2 2 4 2 3 2 2 4 
4 3 2 3 1 3 1 2 2 4 4 3 3 4 2 1 1 2 3 4 1 1 4 4 4 1 1 2 1 1 4 3 3 2 2 3 2 4 2 2 3 1 4 2 1 4 3 4 3 2 2 4 1 3 2 2 2 3 4 4 1 4 2 3 3 4 4 4 3 3 4 2 4 4 1 4 2 4 4 2 4 2 4 3 2 1 1 2 4 1 3 2 3 3 2 4 4 2 2 2 2 2 1 4 2 4 3 1 2 2 1 3 1 4 4 4 2 2 2 1 1 2 4 
4 2 3 4 4 4 4 2 3 1 3 2 2 1 4 4 2 1 2 1 3 3 1 3 2 3 4 4 1 3 2 3 3 3 1 4 1 3 2 2 2 3 2 1 4 3 4 1 3 1 4 3 2 1 1 1 1 1 1 3 4 4 2 4 2 3 4 1 3 2 1 4 1 2 4 2 1 4 3 4 3 2 3 1 1 1 4 1 4 1 2 1 4 4 4 3 1 3 1 3 1 3 4 2 2 1 3 3 1 1 4 1 1 4 3 3 1 1 3 4 3 2 4 
4 1 4 3 4 2 4 3 1 1 4 3 2 4 1 1 2 3 4 4 4 4 3 1 4 3 2 2 4 1 3 1 3 1 1 2 3 1 2 3 3 1 2 4 4 4 4 4 3 4 1 4 2 4 3 3 1 2 1 1 4 3 4 2 3 2 1 2 2 4 4 4 3 1 1 4 3 4 3 4 4 1 2 3 3 1 4 3 2 3 2 3 2 3 2 3 1 3 2 3 3 3 2 4 3 3 3 1 2 3 1 2 1 4 1 4 4 2 3 1 2 2 4 
4 2 2 3 2 2 4 4 3 1 2 4 2 1 3 1 3 2 3 3 4 3 2 3 3 2 1 4 2 1 1 4 1 3 3 1 2 1 4 3 1 4 2 3 2 3 3 2 2 3 4 1 3 3 1 2 4 4 1 3 4 1 4 1 1 1 1 1 1 2 4 1 3 1 3 1 2 4 1 1 2 2 3 1 1 4 4 4 1 1 2 4 4 4 2 2 1 3 3 3 2 3 3 3 3 2 1 1 2 2 2 3 2 4 2 1 3 3 3 4 1 2 4 
4 1 1 3 2 2 3 1 1 3 1 1 1 2 1 4 2 2 4 2 3 4 3 1 1 2 2 2 2 1 2 2 2 1 1 4 2 4 4 3 1 2 3 3 2 4 4 1 4 3 3 4 1 1 2 4 3 1 2 4 1 4 4 2 1 1 1 3 2 1 4 3 4 3 2 3 1 1 3 2 1 1 3 4 3 1 4 1 2 4 3 2 4 3 1 4 2 3 2 1 2 3 1 3 4 3 3 2 3 1 2 2 2 1 4 3 4 3 4 2 3 3 4 
4 1 2 3 4 1 2 4 2 3 3 1 3 4 1 3 3 1 3 2 4 4 3 4 3 4 4 1 2 1 2 1 4 2 4 3 4 4 3 4 2 3 2 1 4 1 1 4 3 1 2 4 2 3 4 4 3 1 4 1 2 1 1 3 4 1 3 3 1 4 1 2 1 3 2 1 4 2 1 2 2 4 3 2 4 1 3 3 4 1 3 4 3 1 1 1 4 1 3 4 3 3 1 2 4 1 2 1 3 3 2 3 4 3 1 2 1 3 3 3 4 4 4 
4 1 1 2 4 1 2 1 1 2 3 1 3 1 1 2 1 3 1 4 4 3 4 1 3 3 3 2 4 1 1 2 2 4 3 1 1 4 3 1 4 2 3 3 3 4 1 4 4 2 3 4 2 4 2 1 1 1 2 1 4 4 3 2 2 3 1 1 3 3 1 4 3 1 3 1 4 3 4 2 3 1 3 4 1 4 2 2 2 1 3 2 2 2 4 1 3 4 4 4 2 4 2 2 4 4 2 1 4 4 3 2 2 4 2 2 1 3 4 4 1 2 4 
4 1 1 3 4 4 1 1 2 4 4 2 4 2 4 3 4 2 3 3 2 2 4 2 3 1 3 4 1 2 2 3 2 1 4 1 4 1 1 3 1 2 2 2 3 3 1 3 1 1 1 1 1 4 3 2 3 1 1 4 1 2 1 1 1 2 1 1 2 3 1 1 1 3 2 3 3 1 2 2 3 4 3 4 3 1 1 3 4 1 1 2 2 1 2 3 2 1 2 1 4 2 2 4 3 1 2 4 1 3 2 1 2 4 3 1 2 2 2 2 1 2 4 
4 3 4 4 4 1 4 1 1 3 4 3 3 2 4 2 3 3 4 4 2 3 1 2 2 1 2 1 3 2 1 1 4 1 2 4 4 4 4 3 3 3 2 2 2 4 1 2 1 1 4 2 3 4 3 3 2 2 3 2 1 4 4 4 2 4 1 2 1 2 1 1 3 1 2 4 4 2 4 2 4 2 1 3 1 1 1 3 2 3 1 3 4 1 4 3 2 3 4 2 1 3 1 4 1 2 4 4 2 1 4 1 2 2 4 1 1 4 2 2 2 2 4 
4 1 2 2 1 4 2 2 1 3 4 2 2 3 1 1 2 3 1 4 3 4 2 1 3 1 2 1 3 3 3 3 3 1 3 4 2 1 1 2 1 2 2 1 3 3 3 4 2 2 2 1 3 4 4 4 3 2 3 2 3 4 3 3 3 1 2 2 2 3 3 3 1 4 3 4 2 4 4 4 1 2 1 3 3 4 3 3 4 3 4 2 3 4 4 4 1 2 1 3 1 1 3 3 3 1 2 2 2 2 3 3 4 1 2 1 2 3 4 4 1 3 4 
4 3 3 4 4 4 3 2 4 4 2 1 4 4 4 4 2 2 4 3 2 2 4 3 3 4 1 2 1 1 3 1 3 4 1 2 4 4 4 1 4 2 4 4 4 4 2 1 3 3 1 3 2 2 4 4 1 3 2 4 1 2 2 4 4 3 2 1 1 1 4 4 1 1 1 1 3 3 3 4 1 3 4 2 1 1 3 2 1 3 3 3 2 4 2 1 1 4 4 3 3 2 2 1 1 4 1 4 1 3 3 2 3 3 2 3 1 1 4 4 2 2 4 
4 3 1 4 2 2 3 2 3 1 4 3 1 4 4 1 3 3 3 1 2 3 4 1 1 3 3 1 3 3 4 4 4 2 2 1 2 1 2 1 2 4 1 1 3 4 1 3 3 4 3 3 1 1 1 2 3 2 4 3 2 1 1 2 3 3 4 2 1 3 1 2 4 1 3 4 1 3 1 4 4 1 1 4 1 1 3 2 3 3 4 4 3 2 3 4 2 2 3 2 2 2 1 4 3 2 2 4 2 4 3 3 1 2 1 2 2 4 3 4 2 2 4 
4 4 3 4 3 3 3 1 1 2 3 1 2 2 1 4 2 1 3 2 1 3 3 3 4 1 4 4 2 2 4 3 3 3 2 3 3 1 3 1 3 1 4 2 1 3 1 2 3 1 3 3 1 1 1 2 2 4 3 4 1 2 2 1 3 4 1 3 3 3 1 1 3 4 3 1 2 4 3 4 2 1 1 3 3 3 4 3 4 3 3 1 1 1 4 2 1 3 1 4 3 3 2 1 3 2 3 1 4 3 1 4 2 1 3 3 3 2 4 3 3 3 4 
4 3 4 2 4 1 4 3 2 1 4 2 1 1 4 3 3 2 4 4 4 2 3 1 2 2 1 2 1 4 2 2 3 1 4 1 3 1 1 3 2 1 1 2 3 3 3 2 3 1 1 2 2 2 1 4 4 2 1 1 2 3 1 4 2 2 4 3 2 4 1 3 4 4 4 3 4 4 1 3 3 1 4 1 1 4 2 1 2 3 2 3 4 1 1 1 1 4 2 4 1 1 3 1 3 1 4 3 1 4 3 3 4 4 3 4 4 2 2 2 2 3 4 
4 2 2 4 4 2 2 1 3 2 3 2 2 2 2 3 4 4 2 2 3 3 1 4 2 2 1 1 3 1 4 2 1 3 3 1 1 4 2 1 4 4 1 1 1 1 4 4 2 3 1 4 4 2 2 1 4 2 4 1 3 3 3 4 2 4 2 2 3 4 1 4 3 2 3 2 3 3 2 2 4 3 1 3 4 1 2 3 3 2 4 3 1 2 1 3 1 3 3 4 2 2 3 2 2 1 3 4 4 2 4 4 1 4 1 3 3 1 4 2 1 2 4 
4 2 4 1 3 3 3 4 2 3 2 4 1 3 2 2 2 1 4 4 4 3 3 4 4 4 3 4 3 3 4 4 1 4 1 4 3 3 3 1 3 2 1 1 2 2 3 3 3 2 1 1 4 2 3 2 2 2 3 2 3 2 3 1 3 3 4 1 3 4 1 4 3 3 3 3 1 3 4 1 3 2 2 4 2 1 4 2 1 4 4 3 3 4 1 3 3 2 4 4 4 4 2 2 3 1 4 1 3 4 1 1 4 2 3 3 2 3 2 2 1 3 4 
4 4 3 1 1 1 2 4 1 2 1 1 1 1 3 4 4 1 3 3 3 3 4 2 2 2 4 2 4 3 1 3 4 4 3 2 1 3 2 1 2 4 1 3 2 3 4 1 2 2 3 4 3 1 1 3 4 2 3 4 4 1 2 2 3 1 1 1 3 4 3 3 3 2 4 3 1 4 1 1 3 1 1 1 4 3 1 2 3 1 4 2 1 4 4 1 2 1 3 1 2 2 4 1 3 4 1 3 2 4 1 1 3 4 3 3 3 2 3 3 3 2 4 
4 4 2 1 1 4 2 4 1 4 4 2 4 1 2 4 3 1 3 1 3 2 2 2 4 1 4 2 2 3 4 2 3 4 1 3 1 3 2 4 4 2 2 2 4 4 4 4 1 1 3 1 2 2 1 3 3 2 4 4 1 4 1 3 4 2 1 4 1 4 1 1 4 3 4 2 3 3 3 2 2 3 4 3 4 4 1 3 1 1 3 2 1 3 1 2 3 2 2 1 1 3 2 1 3 1 3 3 3 2 3 1 3 4 2 2 1 2 1 3 3 4 4 
4 1 4 2 4 2 1 2 4 2 4 2 4 2 1 2 3 2 1 3 1 4 4 1 1 2 4 1 1 3 3 4 4 4 1 2 1 4 1 4 1 3 1 1 2 4 2 1 1 2 4 1 3 4 1 4 1 4 2 2 4 3 2 4 3 2 2 1 4 2 2 1 4 2 1 1 3 3 3 1 3 4 1 4 4 3 3 3 2 3 3 3 4 2 4 2 1 1 3 1 1 3 3 4 2 2 2 2 2 3 2 1 3 2 1 3 3 2 4 2 1 1 4 
4 4 4 2 3 4 4 1 1 1 4 3 1 2 2 2 4 3 1 4 3 2 3 3 3 4 4 3 2 1 2 1 4 2 4 1 1 3 4 1 3 1 4 1 1 2 4 1 1 2 2 2 1 4 2 1 3 1 3 1 3 1 2 1 3 1 1 3 2 4 3 3 1 2 3 2 2 3 4 3 4 3 1 3 2 1 4 4 3 4 3 4 4 1 3 2 3 1 3 4 3 3 4 2 1 2 1 3 1 2 4 2 1 3 3 1 2 3 3 2 3 3 4 
4 4 1 4 3 4 3 3 2 2 1 4 1 2 3 2 2 2 3 1 4 1 3 3 4 2 2 3 3 1 1 3 1 3 4 1 2 4 2 1 2 1 3 4 1 1 1 3 3 4 1 3 1 3 2 4 1 3 1 4 1 1 2 4 3 3 3 1 4 4 4 4 2 1 4 1 4 3 4 4 4 3 1 1 3 3 1 1 1 4 3 2 3 2 1 1 4 1 4 4 2 2 2 4 3 4 4 4 3 1 4 2 3 2 4 2 4 2 3 4 3 1 4 
4 3 1 2 2 1 2 2 3 2 1 2 2 4 4 1 1 4 4 2 1 3 2 4 3 1 3 2 2 3 1 1 4 4 2 1 4 2 4 3 1 1 2 3 3 3 3 2 1 1 4 2 2 4 3 1 2 4 3 1 4 3 3 4 4 1 1 4 3 4 2 1 4 4 3 2 1 1 3 4 3 2 1 1 3 4 2 2 1 1 3 1 2 2 4 3 4 4 3 4 1 4 2 3 4 1 4 3 2 3 2 2 2 2 4 1 3 1 3 3 1 2 4 
4 1 2 1 3 2 3 1 1 3 1 4 2 3 1 1 1 2 4 2 1 2 4 3 3 3 1 1 3 4 4 1 4 2 4 4 4 4 2 1 4 3 1 1 2 4 2 1 4 2 2 4 1 2 4 2 4 3 1 4 1 4 3 3 3 4 1 4 3 1 4 3 1 2 1 3 4 3 3 4 4 2 4 4 2 2 1 3 4 2 2 2 4 3 1 3 1 1 3 4 3 2 3 1 4 4 4 2 1 4 2 2 4 4 2 3 2 2 3 3 2 2 4 
4 2 4 4 3 4 4 3 1 4 1 2 4 1 3 1 2 1 4 1 4 3 2 1 1 1 2 3 4 1 4 1 1 2 3 3 2 3 1 2 1 3 4 3 3 3 1 1 1 1 3 4 4 3 4 2 3 3 2 3 4 3 4 1 2 1 1 3 1 4 1 3 3 1 3 3 3 1 2 1 2 3 3 2 2 4 2 3 4 3 2 4 1 1 2 3 3 3 1 4 3 1 3 4 3 1 3 1 2 2 1 1 2 1 2 3 1 3 3 3 1 3 4 
4 3 1 1 4 2 4 4 1 3 3 1 3 2 4 2 4 2 4 3 4 1 3 1 1 4 2 1 3 2 2 3 1 2 4 3 2 4 2 3 2 3 1 2 2 4 3 4 3 3 2 4 4 1 4 1 3 3 4 2 3 1 2 2 1 2 4 3 3 1 2 4 1 4 2 2 1 2 4 2 2 4 2 1 2 2 3 4 1 1 3 2 4 4 3 2 4 1 3 4 3 4 1 2 3 2 3 2 1 1 4 3 2 2 1 1 4 2 4 1 4 4 4 
4 1 4 4 3 4 3 1 1 3 1 3 2 1 1 2 1 2 1 1 4 1 4 3 1 1 1 4 4 3 1 4 2 1 4 2 3 1 1 1 2 3 4 3 2 2 3 4 2 3 3 2 3 4 1 2 4 1 2 1 4 4 4 4 1 2 1 1 3 2 2 2 3 4 1 1 4 3 4 3 4 2 4 4 2 2 2 4 3 4 3 3 2 4 4 1 2 2 3 1 2 4 1 4 3 1 4 2 2 4 1 2 2 2 1 2 1 4 1 3 4 4 4 
4 2 2 1 1 2 3 1 1 4 2 2 2 1 2 3 4 4 2 4 4 4 1 1 1 3 1 1 2 2 4 3 3 3 2 2 2 4 4 1 3 3 4 4 4 1 4 1 2 4 4 3 2 3 2 2 2 3 2 4 1 2 1 4 4 4 3 3 4 1 2 3 1 4 3 2 3 3 1 3 3 3 1 2 4 4 1 4 3 4 1 3 1 1 2 2 1 4 4 4 4 2 1 1 3 2 1 1 2 2 1 4 4 4 1 3 3 4 1 3 1 3 4 
4 2 2 2 1 4 1 3 1 4 4 1 1 1 3 3 1 2 4 2 1 4 4 4 3 4 3 4 2 3 4 4 4 3 1 2 1 1 1 4 2 3 4 2 2 2 3 3 4 2 3 3 3 2 2 4 4 2 2 3 1 4 3 1 2 4 1 3 1 2 4 1 3 4 2 1 4 4 3 3 2 2 1 1 3 3 4 4 1 1 2 1 1 2 3 1 2 2 3 2 3 4 1 3 2 2 1 3 1 4 3 1 4 2 3 4 4 4 2 3 1 3 4 
4 4 3 3 3 3 3 3 1 3 2 1 4 2 4 1 2 3 1 4 3 2 2 4 2 4 4 4 2 4 3 4 1 1 1 4 4 1 4 2 3 4 2 4 4 3 4 3 1 4 2 1 2 4 3 3 3 2 4 2 1 4 1 1 3 1 3 4 1 1 2 1 3 2 4 3 2 4 4 1 2 1 1 3 4 1 4 1 3 4 3 2 4 1 2 1 3 3 2 1 3 2 2 3 1 1 1 2 1 1 3 2 1 3 1 4 3 1 1 4 4 4 4 
4 2 1 1 4 2 3 3 3 2 4 2 4 4 4 4 4 3 2 2 2 4 2 2 1 2 4 1 4 3 4 2 4 4 2 1 1 3 1 4 3 1 3 4 1 3 1 4 2 4 2 1 4 1 1 2 3 2 1 2 2 4 1 1 3 1 3 4 1 3 3 4 3 3 2 2 4 2 4 2 4 4 3 1 4 2 1 1 4 4 1 1 3 1 2 2 4 2 4 1 4 3 4 4 4 1 1 1 4 3 4 2 2 1 4 4 2 3 1 4 3 3 4 
4 4 2 3 2 2 2 2 1 4 4 2 3 4 4 2 2 2 1 2 2 4 4 3 4 4 3 4 1 1 4 4 3 1 4 3 1 4 2 4 1 4 2 2 2 2 4 1 4 1 3 2 2 4 2 1 2 3 2 2 4 3 3 2 3 4 4 3 3 4 2 1 3 2 4 2 3 3 4 1 2 2 3 3 4 2 3 2 4 2 2 2 2 3 3 1 3 1 2 1 4 3 4 4 3 2 1 4 3 4 3 4 1 2 3 2 2 2 4 3 2 1 4 
4 1 2 4 1 2 4 4 1 4 1 4 1 2 1 4 2 3 1 1 2 3 1 1 1 2 2 4 1 4 2 1 4 1 2 1 3 1 1 4 3 2 4 4 3 4 1 3 1 3 1 2 3 1 2 4 2 3 2 2 2 3 1 1 2 4 3 4 2 3 4 3 2 4 1 1 1 2 3 3 2 2 3 2 2 2 2 3 4 2 2 4 4 3 1 2 3 1 1 2 2 2 3 1 2 2 4 3 3 3 1 2 3 2 2 1 4 1 3 1 4 3 4 
4 1 1 4 2 3 1 3 1 1 2 1 3 1 2 4 3 3 3 4 4 4 4 2 2 3 4 3 2 4 1 2 4 3 4 4 4 1 4 3 3 1 4 2 4 2 4 2 1 1 4 3 4 1 2 3 3 3 4 1 2 3 3 3 2 2 4 3 1 1 4 3 4 2 2 3 1 2 1 2 1 3 4 1 3 3 4 1 1 3 3 1 3 4 1 4 2 1 3 4 1 2 1 2 4 1 2 3 2 3 4 3 2 3 2 1 2 3 2 4 2 1 4 
4 3 2 2 2 4 3 1 3 1 4 3 1 4 4 4 2 4 4 1 2 2 2 1 1 4 4 2 2 2 3 1 3 2 3 2 2 3 4 2 2 3 2 3 1 4 1 2 1 3 1 4 4 2 2 1 3 4 4 2 4 4 2 3 4 1 1 2 1 1 1 3 2 1 2 2 4 2 4 3 4 1 3 4 3 1 4 1 4 3 4 1 4 3 2 1 2 1 2 1 2 4 4 2 3 4 4 3 4 1 4 3 3 1 2 3 2 2 2 1 4 2 4 
4 3 4 2 2 2 1 1 1 1 2 3 1 3 1 1 1 3 3 2 3 2 2 3 3 2 4 1 3 4 2 1 1 4 2 1 3 3 4 3 3 4 4 4 1 2 1 2 4 3 2 2 4 4 2 3 1 4 2 2 3 4 4 4 3 4 2 1 4 1 4 1 2 3 1 2 3 4 1 1 2 3 1 3 1 4 4 4 4 4 1 2 1 2 1 4 2 1 4 3 1 2 2 1 1 1 2 3 2 3 4 1 2 2 2 1 2 2 2 1 4 3 4 
4 1 2 2 2 4 3 1 2 2 1 3 3 4 1 2 4 3 4 4 3 4 1 3 2 3 1 3 2 4 2 2 3 4 3 2 3 3 1 4 1 1 1 4 4 2 4 2 3 1 2 3 2 1 1 2 2 2 2 4 3 4 1 2 1 2 1 1 4 1 1 1 1 1 4 1 1 4 3 3 1 1 4 1 4 1 4 2 3 1 2 1 4 2 3 3 3 1 2 2 4 3 3 2 3 3 2 3 1 2 3 2 2 4 1 2 4 3 1 4 4 4 4 
4 2 4 4 2 2 3 1 2 1 4 2 3 4 1 1 1 3 4 4 3 3 4 1 1 3 2 3 4 1 4 2 4 3 4 2 1 4 1 1 2 1 2 3 3 3 4 3 1 1 3 3 3 3 3 4 1 2 4 3 2 3 2 3 4 3 1 1 1 2 2 3 2 2 1 1 4 3 2 2 2 4 1 4 1 1 4 4 4 3 4 4 1 3 4 1 4 3 4 3 4 2 4 4 1 4 1 3 3 3 2 3 4 3 4 2 2 3 1 2 1 4 4 
4 2 1 1 1 4 2 4 2 2 2 3 4 3 1 2 1 4 4 4 2 3 1 1 3 2 1 1 1 3 4 4 4 3 1 3 2 4 2 1 2 1 3 1 1 2 2 1 2 2 2 3 1 4 2 3 2 1 2 4 3 1 1 4 1 1 4 2 2 2 1 2 2 1 1 3 4 2 1 3 1 1 2 1 1 4 3 2 3 3 2 2 1 3 1 1 2 3 1 1 4 3 4 2 2 1 1 2 1 2 2 4 2 4 4 1 2 4 1 3 3 4 4 
4 3 2 4 1 1 2 3 3 2 2 3 1 3 3 3 2 1 4 3 2 3 2 4 2 4 4 3 3 4 4 4 2 4 4 1 4 1 4 3 1 2 2 1 2 1 4 2 2 4 1 3 4 4 4 1 3 3 2 3 1 4 1 4 1 4 1 3 3 4 1 1 1 3 1 2 2 4 4 3 2 1 4 1 4 2 3 2 3 2 2 3 1 1 4 1 1 4 3 4 1 4 1 3 3 4 3 2 1 2 4 1 3 2 1 1 1 3 1 3 3 4 4 
4 2 3 1 3 4 3 4 2 4 3 3 3 4 2 2 2 3 3 4 1 4 4 3 1 4 2 4 4 2 1 3 3 1 2 4 4 4 2 4 4 2 3 4 4 4 4 2 4 1 2 4 1 4 4 2 2 4 1 4 4 3 4 3 3 2 4 4 1 4 4 2 3 2 1 1 3 2 3 2 2 3 3 3 3 1 2 3 3 1 1 2 4 2 2 2 4 3 3 4 2 4 3 1 2 4 2 4 4 1 4 3 1 4 1 2 4 2 2 4 4 1 4 
4 2 3 4 1 1 3 1 2 1 2 1 2 4 1 1 3 2 2 4 2 2 2 3 1 2 1 2 3 3 3 4 3 4 3 1 2 4 1 3 1 3 2 4 4 2 4 4 4 4 4 3 3 3 1 1 4 2 1 3 1 3 2 2 3 1 2 1 1 2 4 1 3 3 3 4 4 2 3 3 4 3 1 1 3 4 1 4 3 4 2 1 1 1 3 4 2 1 2 4 2 1 1 3 3 1 2 1 4 4 1 4 2 4 1 4 2 3 3 4 3 2 4 
4 4 4 2 3 1 3 3 3 3 4 4 3 1 1 3 3 2 4 4 3 4 4 3 2 3 3 4 1 1 2 1 1 1 1 3 3 2 2 4 4 2 2 4 4 4 2 1 3 3 1 2 2 2 3 2 2 1 2 4 1 1 1 4 1 3 2 3 3 3 1 2 1 4 1 1 3 1 4 3 3 2 2 2 3 4 2 2 3 3 2 3 1 2 3 1 1 4 4 3 4 3 4 2 3 1 2 1 1 4 2 3 2 1 2 2 3 4 3 4 4 4 4 
4 1 4 2 4 1 3 4 2 1 4 1 4 4 1 1 2 3 2 4 3 3 1 1 2 1 1 2 2 1 4 4 2 1 4 3 2 4 3 4 1 3 4 1 4 2 4 2 4 3 1 1 4 4 1 2 4 1 1 3 1 3 1 1 4 3 2 3 4 2 3 3 2 3 2 3 3 3 3 2 4 3 1 2 3 1 4 2 4 4 3 3 3 1 1 3 3 4 1 4 4 4 1 4 2 4 4 3 3 3 1 2 1 4 4 3 1 3 1 2 4 2 4 
4 3 1 4 2 3 2 4 2 2 4 3 4 2 2 1 1 1 2 2 3 1 1 4 2 1 3 1 2 3 4 1 1 2 1 1 2 2 4 4 1 1 3 3 4 4 2 3 3 2 1 4 2 4 4 3 1 4 1 1 1 4 3 3 3 4 1 3 2 1 3 4 2 2 1 1 1 2 2 2 4 1 1 4 3 4 2 3 2 1 2 4 4 4 2 3 1 4 4 3 2 3 3 1 4 4 1 4 2 2 1 2 2 1 3 2 2 2 4 3 3 2 4 
4 1 1 1 2 4 3 4 4 4 2 1 1 3 2 3 3 2 2 2 4 2 2 1 4 2 4 1 1 3 4 4 1 3 2 2 1 4 4 1 3 3 4 1 4 4 1 2 1 3 2 2 3 2 2 4 4 2 1 1 2 3 2 4 1 2 4 2 3 1 2 4 3 2 2 1 3 3 3 1 1 4 1 2 2 2 1 4 4 4 4 4 2 3 2 2 1 1 4 4 3 1 3 3 3 1 2 4 3 1 4 2 2 2 4 2 3 3 1 4 3 2 4 
4 4 4 1 3 3 4 2 3 3 2 3 3 3 2 1 3 1 2 4 2 1 2 2 4 4 1 1 4 4 1 4 4 2 1 4 4 4 4 4 1 4 4 3 2 1 4 4 4 2 4 2 4 3 1 3 4 1 1 4 2 4 1 4 3 3 3 2 1 3 4 1 4 4 4 4 1 3 1 3 2 4 4 1 4 4 1 3 4 4 1 2 3 2 2 4 3 2 4 1 1 3 4 3 3 4 3 4 4 2 1 3 1 4 4 2 1 3 1 4 2 1 4 
4 2 3 3 3 3 3 1 1 4 4 3 4 3 1 4 2 1 2 3 4 1 3 4 4 1 4 1 3 3 1 4 2 2 3 2 1 1 4 2 4 1 1 2 4 3 3 2 3 1 1 3 2 3 3 4 4 1 4 2 1 2 4 3 4 4 2 2 2 3 4 4 3 3 1 3 2 1 1 2 4 3 3 2 1 1 1 4 4 4 3 3 2 4 2 4 3 3 4 1 2 3 1 1 2 1 2 1 2 2 2 1 4 1 3 1 2 3 4 1 1 3 4 
4 3 3 2 2 4 2 1 4 4 2 4 4 2 4 4 3 1 3 4 2 1 4 2 3 4 4 2 2 3 2 2 2 4 2 1 3 2 2 4 2 2 1 1 1 1 3 2 2 3 1 3 1 1 4 2 1 2 2 1 3 1 3 2 1 1 4 2 4 3 1 4 4 1 3 1 2 3 3 1 3 4 3 3 2 2 3 4 4 4 4 4 3 1 1 1 3 3 1 4 2 4 3 1 4 1 3 4 1 3 4 1 2 2 3 3 1 1 2 2 2 1 4 
4 3 4 1 1 3 3 2 3 3 2 3 2 4 1 3 4 2 1 2 1 3 1 2 2 3 2 2 2 1 1 1 1 3 1 4 4 3 3 4 2 3 1 4 4 3 4 1 1 3 2 3 1 4 1 1 3 4 3 4 2 2 2 3 4 3 2 1 2 3 4 1 2 2 2 1 4 3 2 1 1 4 2 3 1 4 3 2 3 4 3 3 3 3 2 4 4 3 2 3 4 1 1 2 2 2 1 2 4 4 4 4 4 3 3 2 1 2 4 4 1 4 4 
4 2 4 4 4 3 4 2 2 3 4 3 3 2 2 4 1 1 2 2 4 3 4 1 1 1 2 2 3 3 2 1 2 4 1 1 4 3 1 2 2 3 1 1 3 2 2 1 3 2 4 4 3 4 1 2 4 1 4 3 1 3 1 1 4 2 1 3 3 4 4 1 4 3 4 2 2 3 4 3 3 3 1 2 1 2 3 1 3 4 2 4 2 3 2 4 2 3 2 4 1 3 4 2 1 4 2 4 2 4 2 3 3 1 3 3 4 1 2 4 3 4 4 
4 4 4 4 4 4 4 4 4 4 4 4 4 4 4 4 4 4 4 4 4 4 4 4 4 4 4 4 4 4 4 4 4 4 4 4 4 4 4 4 4 4 4 4 4 4 4 4 4 4 4 4 4 4 4 4 4 4 4 4 4 4 4 4 4 4 4 4 4 4 4 4 4 4 4 4 4 4 4 4 4 4 4 4 4 4 4 4 4 4 4 4 4 4 4 4 4 4 4 4 4 4 4 4 4 4 4 4 4 4 4 4 4 4 4 4 4 4 4 4 4 4 4 

