121
1000
1000

[Node]
0  0  0   0  0
122 0  0   0  0

[pickup]
1       504558137      17          11
2       503058122      24          13
3       504731119      26          5
4       502788559      30          17
5       503907150      32          12
6       504619160      35          17
7       505198338      38          10
8       505245608      46          16
9       503273252      48          6
10      505123014      49          12
11      502851705      49          18
12      504726270      54          9
13      503589812      55          16
14      503240801      56          17
15      504549590      56          18
16      505244395      56          18
17      504489908      56          9
18      505179308      56          8
19      505244393      58          16
20      502787600      62          17
21      505170924      62          19
22      504557490      66          9
23      505190963      66          5
24      505246154      70          6
25      504433520      72          10
26      505237092      72          5
27      504930826      72          13
28      503906574      73          12
29      502800271      76          18
30      505237090      76          16
31      504411672      80          20
32      503107234      81          16
33      505233265      83          8
34      502798393      87          8
35      505128819      93          14
36      502789708      99          18
37      505170069      99          10
38      503978903      100         9
39      503284249      104         18
40      505229193      104         13
41      505077327      105         12
42      505084618      106         13
43      504726267      108         12
44      504959617      108         14
45      505160192      109         7
46      504354545      115         5
47      504639383      120         17
48      503556497      122         20
49      504548682      125         14
50      504491355      126         6
51      502787525      128         16
52      503202377      131         8
53      505158222      133         10
54      504608410      133         10
55      504558778      135         20
56      502787619      137         5
57      502794668      138         19
58      503008636      139         17
59      502798846      140         8
60      503184278      141         15
61      504940824      141         5
62      503136759      142         17
63      502786496      161         13
64      502785850      162         10
65      505186923      164         15
66      503746302      167         8
67      504959841      171         6
68      505163840      172         10
69      502798649      173         13
70      502985617      173         12
71      502793979      174         12
72      504591167      176         8
73      504873847      178         11
74      504945646      184         12
75      504486727      198         14
76      504632568      202         17
77      503242004      203         12
78      502794067      212         11
79      503064979      212         12
80      503657465      212         5
81      504539377      213         17
82      504941658      219         11
83      502791109      222         8
84      503555070      230         8
85      502789656      245         14
86      504940738      247         10
87      502798241      251         15
88      505150247      254         12
89      503278639      256         19
90      504699548      260         7
91      502793835      266         14
92      502793597      268         7
93      505244822      291         17
94      502787414      295         11
95      504940726      298         8
96      505076939      301         20
97      502795357      315         18
98      503254639      315         19
99      503192571      325         17
100     502800753      334         7
101     504467511      339         15
102     504040924      340         8
103     504938844      354         17
104     502785846      389         18
105     504930829      389         17
106     504904607      446         9
107     502787101      463         6
108     503297612      465         12
109     503299570      496         11
110     503168027      511         11
111     502787162      606         5
112     502785928      632         13
113     503254635      642         7
114     504663156      685         11
115     502789160      773         11
116     502798842      880         8
117     504777883      911         20
118     504459915      1000        19
119     505242924      1000        13
120     502804546      1000        8
121     504411671      1000        5

[Speed 0]
0.81
30.0   60.0 0.0 0.6
90.0   150 0.0 0.4
300.0  540.0 0.0 0.81
570.0 630.0 0.0 0.6
660.0 720.0 0.0 0.4
750.0 840.0 0.0 0.81

[Speed 1]
1.33
30.0   60.0 0.0 0.8
90.0   150 0.0 0.6
300.0  540.0 0.0 1.33
570.0 630.0 0.0 0.8
660.0 720.0 0.0 1.3
750.0 840.0 0.0 2

[Speed 2]
1.33
30.0   60.0 0.0 1.0
90.0   150 0.0 0.8
300.0  540.0 0.0 1.33
570.0 630.0 0.0 0.8
660.0 720.0 0.0 0.6
750.0 840.0 0.0 1.5

[Speed 3]
1.5
30.0   60.0 0.0 0.9
90.0   150 0.0 0.8
300.0  540.0 0.0 1.5
570.0 630.0 0.0 0.9
660.0 720.0 0.0 0.8
750.0 840.0 0.0 1.5

[Speed 4]
2
30.0   60.0 0.0 1.1
90.0   150 0.0 0.9
300.0  540.0 0.0 2
570.0 630.0 0.0 1.1
660.0 720.0 0.0 0.9
750.0 840.0 0.0 2

[speed choose matrix]
4 4 4 4 4 4 4 4 4 4 4 4 4 4 4 4 4 4 4 4 4 4 4 4 4 4 4 4 4 4 4 4 4 4 4 4 4 4 4 4 4 4 4 4 4 4 4 4 4 4 4 4 4 4 4 4 4 4 4 4 4 4 4 4 4 4 4 4 4 4 4 4 4 4 4 4 4 4 4 4 4 4 4 4 4 4 4 4 4 4 4 4 4 4 4 4 4 4 4 4 4 4 4 4 4 4 4 4 4 4 4 4 4 4 4 4 4 4 4 4 4 4 4 
4 1 2 2 3 4 3 3 1 1 4 4 1 3 3 1 2 4 1 4 4 1 1 4 3 3 4 4 1 4 4 1 3 3 3 2 1 3 2 2 3 4 3 2 1 2 2 4 3 4 1 4 2 2 4 3 4 1 1 4 4 3 3 4 1 2 2 2 1 4 3 1 4 3 4 4 1 2 4 1 2 2 3 3 3 1 1 3 3 1 3 2 3 4 1 2 2 2 1 3 3 3 1 1 4 2 1 1 4 4 3 4 1 4 3 2 4 3 3 1 4 3 4 
4 3 1 2 2 2 4 1 2 4 2 1 4 1 3 3 4 2 1 3 2 2 4 1 1 3 2 2 2 3 4 1 2 3 4 2 4 3 1 1 3 3 1 2 3 2 4 4 2 4 3 1 1 1 3 3 3 4 4 2 3 1 4 4 3 1 2 1 3 2 2 2 3 2 3 3 3 2 4 3 3 1 2 1 3 1 4 4 1 4 4 1 1 2 2 2 1 3 3 1 1 3 3 1 1 1 2 4 4 2 2 2 1 4 4 4 4 3 3 2 3 1 4 
4 3 4 3 2 4 3 3 2 1 1 2 2 4 1 2 4 2 2 1 2 4 2 3 4 2 1 1 1 3 1 4 4 3 1 2 4 2 4 3 3 3 4 2 3 1 1 3 1 1 4 2 1 4 1 4 1 3 2 2 2 4 1 4 4 3 1 3 3 3 4 3 2 4 3 2 4 3 3 4 2 2 3 1 4 2 3 1 3 2 4 3 4 3 2 1 4 4 1 3 4 4 1 1 2 4 3 4 3 2 4 2 3 4 4 1 3 4 4 2 3 1 4 
4 2 3 4 4 1 1 3 2 2 2 4 3 1 3 3 3 3 2 1 1 2 1 3 4 2 1 4 2 4 1 4 1 3 3 4 3 3 2 3 1 4 2 3 1 1 4 4 4 3 1 4 3 1 1 2 1 3 4 2 1 3 4 4 1 4 3 2 3 1 1 3 2 3 3 1 2 4 1 2 1 1 4 1 1 1 2 1 2 4 2 3 1 2 1 3 4 2 4 1 1 4 2 2 3 2 1 1 1 1 1 1 4 2 3 1 2 1 2 2 4 2 4 
4 2 3 2 3 4 1 3 4 1 4 4 2 3 3 1 2 3 3 1 3 3 3 1 2 2 1 4 4 2 2 1 3 3 2 1 3 3 3 1 1 2 3 3 4 3 1 1 2 3 4 1 1 4 1 3 4 1 4 2 4 3 2 3 1 3 4 2 3 2 2 2 2 1 2 3 2 3 2 2 2 3 4 1 1 4 2 1 3 4 4 1 2 4 4 1 3 4 4 3 3 3 3 3 2 3 1 2 4 4 2 3 1 1 3 1 4 3 4 1 3 3 4 
4 1 4 4 1 2 4 4 2 2 1 1 3 1 3 1 3 1 1 4 4 4 1 2 2 4 1 3 1 2 4 2 4 3 3 2 4 2 4 2 3 2 1 3 1 2 4 4 3 2 4 4 3 4 4 2 4 4 3 2 2 2 3 2 2 4 4 2 3 2 2 2 3 4 2 1 1 2 3 3 1 4 4 1 4 3 3 1 2 4 1 2 2 2 4 4 1 2 1 1 2 1 2 1 1 1 4 1 1 1 4 2 3 1 4 4 2 2 4 2 2 4 4 
4 3 1 2 3 2 4 3 2 3 2 1 3 2 4 3 2 1 4 3 3 2 3 2 1 3 3 3 1 4 4 4 3 1 4 1 3 1 4 3 1 3 3 3 4 4 2 1 4 2 3 2 4 2 4 4 4 3 4 1 2 4 1 2 4 3 3 2 3 1 1 2 2 4 2 1 1 2 3 4 1 4 2 3 3 4 1 1 1 3 4 2 1 2 4 3 3 1 3 4 4 3 2 2 2 3 4 2 4 4 2 3 1 4 2 2 2 4 2 4 1 3 4 
4 3 2 2 2 2 3 4 1 2 3 2 3 3 3 1 1 2 2 4 3 1 4 1 3 1 1 3 1 3 4 2 4 3 2 2 2 4 4 1 2 2 4 3 2 4 3 3 4 4 1 3 3 2 4 3 3 2 4 3 2 3 4 4 3 4 3 4 1 3 2 1 2 2 4 3 4 3 2 4 1 2 2 1 3 3 4 1 1 2 4 2 2 2 1 2 4 1 3 2 3 3 4 4 3 4 1 3 2 1 3 2 4 2 2 3 4 1 4 2 3 4 4 
4 1 3 2 3 3 1 4 1 3 1 2 1 4 3 3 2 2 1 4 1 4 2 3 3 4 4 3 3 2 1 3 4 2 4 3 3 1 4 2 2 1 3 1 1 4 2 2 3 4 1 3 2 4 4 3 2 4 3 3 2 4 2 1 4 4 4 2 1 2 1 1 4 2 2 2 2 1 3 3 4 3 2 1 4 2 3 4 1 3 4 2 2 3 4 3 2 2 4 2 3 2 2 2 3 2 2 3 2 4 1 2 1 4 4 3 3 3 3 1 3 2 4 
4 4 2 3 2 2 3 3 3 4 1 4 3 1 2 4 1 4 4 2 4 4 4 2 2 1 4 3 3 1 3 4 1 2 1 4 1 2 3 4 3 4 2 4 1 1 1 1 3 3 3 3 4 4 2 4 4 3 2 1 2 3 1 4 2 2 2 4 4 3 1 1 4 4 1 2 3 4 2 3 4 2 2 3 3 1 3 2 2 3 3 4 4 2 4 1 3 4 4 2 2 1 4 4 3 4 4 3 2 3 4 2 2 4 4 1 4 4 4 3 4 1 4 
4 1 1 3 4 2 3 1 4 2 2 1 4 4 1 2 1 2 2 4 3 4 2 2 4 3 1 1 4 4 3 3 3 3 3 2 2 2 1 2 1 4 1 3 1 2 3 2 4 1 1 3 3 1 2 4 4 3 3 3 4 2 4 4 4 2 1 2 2 1 4 2 3 1 2 4 1 4 4 1 4 2 2 2 4 4 3 4 4 2 3 2 1 3 1 1 1 2 2 3 3 3 1 2 1 4 2 3 4 3 2 1 4 4 2 2 1 2 1 4 2 2 4 
4 2 1 1 2 4 2 3 2 2 1 4 3 2 3 3 2 4 4 3 1 2 2 4 2 2 2 4 4 1 3 4 2 2 3 1 3 1 4 1 4 3 1 2 2 1 3 2 1 4 2 4 3 2 4 3 4 2 1 2 3 3 1 4 4 3 4 4 3 4 4 1 3 1 1 4 3 1 3 3 4 2 3 3 4 3 1 4 3 1 3 1 3 4 2 4 3 3 2 4 2 2 3 3 1 1 1 4 2 4 1 3 3 1 2 2 1 2 2 3 2 1 4 
4 2 2 3 1 1 4 1 1 4 2 3 3 4 1 3 3 1 3 1 4 1 2 4 2 4 4 4 3 3 2 2 2 4 3 2 3 4 1 1 4 3 1 3 3 2 3 1 1 1 1 2 1 3 3 4 1 1 3 3 4 1 1 2 1 2 4 3 2 4 4 3 4 3 4 1 3 3 2 1 2 2 3 4 1 2 1 1 4 2 2 3 3 1 2 4 1 4 3 1 2 1 1 4 2 1 2 1 1 1 1 1 2 2 3 1 3 4 3 2 4 1 4 
4 3 2 2 4 4 1 1 4 4 3 2 1 2 1 1 1 4 2 2 2 3 4 4 4 1 1 1 4 3 2 1 2 2 2 3 1 1 4 3 4 1 2 2 2 4 2 1 3 1 4 2 3 3 3 3 1 2 1 1 2 2 4 1 3 2 2 4 2 2 4 4 2 2 4 4 4 2 2 1 3 4 3 1 1 1 3 3 1 4 1 4 1 1 3 2 3 4 1 4 4 3 2 2 3 1 2 1 4 1 2 4 4 2 1 1 2 3 1 3 1 3 4 
4 1 2 4 1 4 3 1 3 1 2 4 1 2 1 3 2 3 2 2 3 2 1 2 1 3 2 3 1 2 4 4 1 4 3 1 4 2 4 2 1 4 4 2 3 3 1 4 2 2 2 2 3 2 2 2 2 2 1 1 1 2 3 1 4 1 4 2 3 1 3 4 2 1 1 4 3 4 1 4 1 2 4 1 1 1 1 2 4 2 2 4 4 4 3 4 4 1 2 4 2 2 2 1 2 1 3 1 2 4 1 2 4 4 1 3 4 4 4 1 4 1 4 
4 3 2 4 3 1 3 2 2 1 1 4 2 2 4 4 1 4 3 1 3 4 4 2 1 4 1 2 2 3 2 3 2 1 2 3 2 1 1 4 1 4 2 4 1 2 1 4 3 1 1 4 4 1 2 1 1 3 1 4 2 3 1 1 1 1 2 2 3 4 2 2 3 1 3 1 1 4 1 2 1 1 4 1 3 1 2 3 1 1 3 2 4 2 1 2 4 1 4 4 3 2 2 4 2 1 4 2 4 1 1 2 3 2 1 4 3 4 2 3 2 1 4 
4 2 1 2 1 4 3 2 4 3 2 4 3 4 2 2 3 1 4 4 2 3 1 1 3 2 2 3 2 3 1 3 1 4 2 2 1 1 3 3 4 4 2 2 4 2 3 3 4 4 1 1 1 3 4 2 4 4 4 4 3 4 4 3 4 1 2 4 4 2 1 2 1 4 3 2 3 2 2 1 3 3 4 1 1 4 2 3 3 2 2 1 3 4 4 4 4 4 2 1 3 2 3 1 1 1 3 2 1 4 1 1 4 1 2 2 3 1 3 3 1 4 4 
4 1 2 4 2 2 2 3 4 3 3 2 3 4 4 4 4 1 4 1 3 1 1 3 3 1 1 1 2 2 2 2 1 2 3 1 3 4 3 4 3 1 1 3 2 3 1 2 2 1 1 4 2 1 3 1 1 2 1 1 2 3 2 4 3 3 3 3 3 1 3 3 3 2 4 4 1 3 2 2 2 1 2 4 2 3 2 1 3 1 4 2 3 4 2 1 4 4 4 2 1 1 2 4 1 4 1 2 1 2 4 3 1 1 2 4 1 4 2 2 2 1 4 
4 3 3 1 3 3 4 2 1 3 1 3 1 4 1 3 2 2 1 1 2 2 3 3 4 4 2 2 2 1 3 3 3 2 2 3 4 1 3 1 1 3 4 1 2 3 3 3 3 3 3 4 2 1 1 2 4 4 2 4 1 1 4 1 2 3 3 1 1 4 4 1 2 3 1 1 2 3 2 4 1 2 4 4 4 3 4 4 4 1 2 3 1 3 3 1 4 3 4 3 1 3 1 3 1 4 1 4 1 1 1 4 3 4 4 4 2 4 3 4 1 2 4 
4 4 3 3 1 4 2 2 3 4 1 4 1 4 1 2 1 3 2 2 1 1 3 3 3 4 2 2 1 4 1 4 2 1 4 1 3 3 4 3 1 2 1 1 4 1 1 2 3 4 3 2 4 1 1 1 4 1 2 3 1 2 1 1 4 1 2 4 3 3 2 1 3 4 4 3 3 3 4 1 2 4 1 2 4 2 3 2 1 1 4 3 3 2 1 4 3 3 2 3 3 4 2 4 1 3 1 4 4 4 2 3 2 2 3 2 4 2 2 1 1 2 4 
4 1 2 3 3 2 1 2 2 2 2 2 2 4 4 3 2 3 2 3 3 1 3 4 1 2 4 1 1 4 2 4 3 1 4 2 2 4 3 3 2 1 4 2 3 3 4 4 4 4 1 4 2 4 4 3 1 4 1 4 1 2 1 3 3 2 3 4 2 4 3 1 2 1 2 1 2 3 1 1 2 4 1 1 1 1 3 3 2 1 1 2 4 1 4 2 2 2 2 1 1 3 4 1 3 3 3 3 3 4 4 4 1 3 1 1 1 4 2 2 1 3 4 
4 4 1 1 2 1 1 1 3 1 3 4 3 3 4 2 3 2 4 3 4 1 2 1 2 2 3 3 3 4 1 2 3 4 4 4 4 1 3 4 3 4 2 3 3 4 2 3 1 4 4 3 3 2 2 1 1 3 4 4 4 3 1 2 1 4 1 1 1 3 2 2 3 1 3 3 3 3 4 4 2 4 4 3 1 2 2 4 1 4 4 4 4 2 2 1 3 4 4 1 4 4 3 1 3 4 4 4 2 4 2 2 4 1 4 3 2 4 1 2 4 3 4 
4 4 3 2 3 4 1 2 1 1 4 3 2 4 4 3 3 4 3 2 4 2 3 1 3 2 4 1 2 4 3 2 2 1 4 2 2 3 2 3 3 4 3 3 1 4 4 3 2 1 1 3 4 2 1 2 2 4 1 1 1 2 2 3 2 3 2 1 4 1 1 2 1 2 2 4 1 2 2 1 3 4 3 2 4 4 1 1 1 1 2 2 3 3 3 4 2 3 2 2 2 4 2 1 4 4 1 1 1 4 4 1 2 3 2 4 3 3 2 4 4 1 4 
4 2 2 4 3 4 2 2 2 2 3 4 1 3 4 1 4 1 4 4 2 1 3 1 1 2 2 1 2 1 4 2 2 4 4 2 4 4 3 4 3 1 2 2 1 1 1 3 1 2 1 2 4 3 2 4 2 2 4 4 4 4 1 4 3 1 4 4 1 1 1 3 2 3 4 1 1 4 2 3 1 4 1 3 4 1 4 1 1 4 1 3 3 3 2 3 2 4 2 4 4 2 4 1 2 3 2 4 4 3 1 3 4 2 1 4 1 4 1 4 3 3 4 
4 1 3 3 3 3 3 1 3 1 1 1 3 4 1 1 4 1 2 3 4 4 1 1 3 2 2 2 1 1 2 3 4 4 2 2 3 2 3 4 2 3 1 1 1 2 2 2 2 4 3 1 2 2 4 1 3 2 3 4 4 2 1 3 3 3 4 1 4 2 2 4 3 4 2 3 1 2 1 4 4 4 1 1 2 3 2 2 4 4 3 2 4 3 1 3 4 2 4 2 3 3 4 2 2 1 3 1 1 1 4 2 1 3 2 4 2 2 3 4 3 3 4 
4 4 2 3 2 1 3 3 4 4 2 3 3 2 4 3 4 4 4 2 1 4 2 3 3 1 3 4 2 3 4 2 3 2 1 2 3 2 4 3 3 3 3 2 2 3 4 1 4 4 4 1 3 2 1 3 3 3 2 4 1 2 1 2 1 3 3 2 4 4 3 3 4 1 3 4 1 2 4 1 4 4 1 1 2 2 4 1 1 2 2 4 4 2 3 4 3 3 4 1 4 4 4 4 2 4 2 3 4 4 3 4 4 1 2 2 3 3 1 3 2 1 4 
4 2 3 2 3 1 3 3 4 2 4 4 1 3 4 3 4 3 2 4 3 4 2 1 3 3 2 3 3 2 2 1 3 4 1 4 3 3 3 4 4 4 3 3 3 3 1 3 1 2 4 2 3 3 4 4 4 1 1 4 4 4 2 3 4 4 3 1 2 2 3 3 3 4 3 1 2 2 4 1 1 4 3 3 1 3 3 3 1 1 3 4 2 4 2 3 1 4 3 3 2 3 2 1 4 2 4 2 4 4 3 2 3 1 4 2 3 2 4 1 1 1 4 
4 4 2 4 2 3 2 4 4 4 3 2 2 2 3 3 1 3 2 2 2 2 4 1 1 3 1 3 3 3 3 4 1 2 3 2 2 3 2 2 1 1 2 3 4 3 2 4 4 3 4 3 1 2 4 3 2 4 3 2 1 3 2 4 2 3 2 2 3 2 3 1 4 3 4 1 3 4 2 3 2 3 1 2 3 1 4 3 2 3 2 2 2 1 2 4 3 1 4 4 3 4 2 1 3 4 3 4 2 4 3 1 1 1 3 2 4 3 2 2 3 3 4 
4 1 2 2 1 2 3 1 1 1 2 3 2 1 3 4 4 3 1 3 1 2 4 1 1 4 1 4 4 3 1 1 3 1 1 3 4 3 3 4 1 4 4 3 4 3 3 3 1 1 2 3 1 4 1 3 1 4 3 3 2 2 2 3 3 3 2 3 2 4 3 3 2 3 3 2 2 4 2 2 2 4 1 3 4 2 3 2 4 1 4 1 4 4 2 3 2 4 3 1 3 1 2 4 1 1 3 3 1 3 3 3 4 4 1 4 3 2 2 1 1 3 4 
4 4 1 1 1 4 3 3 2 3 2 2 3 1 2 4 1 1 4 1 3 3 3 1 3 2 4 3 1 2 2 3 4 2 1 1 4 2 3 1 2 2 3 2 3 3 3 3 4 1 3 3 1 3 1 1 4 1 2 4 3 2 2 4 1 1 4 4 1 4 2 1 1 1 4 3 3 2 2 2 1 2 1 1 3 1 4 1 3 1 4 4 3 1 4 4 4 3 3 4 4 3 4 1 2 2 3 4 4 3 3 1 1 2 4 4 3 3 2 3 1 2 4 
4 1 1 3 1 4 4 2 1 4 4 2 3 1 2 3 1 1 3 2 1 4 3 4 4 2 1 1 1 3 1 2 2 1 2 2 1 3 1 3 4 3 4 2 3 3 1 4 4 3 1 3 4 3 2 1 3 2 3 3 4 2 2 3 2 4 3 2 2 3 1 1 3 3 3 1 2 2 3 2 4 3 1 2 3 2 4 3 1 1 2 2 4 1 3 3 1 1 1 4 4 4 3 4 1 3 2 3 3 1 2 1 4 3 4 2 4 1 1 3 4 4 4 
4 1 2 1 2 1 4 3 4 1 3 2 1 3 3 4 3 2 2 3 3 1 4 1 3 4 3 1 4 3 1 2 4 1 2 1 4 4 3 1 1 1 1 2 2 3 4 4 3 4 1 4 1 2 1 1 1 4 2 2 4 2 4 3 3 2 4 1 1 4 1 2 2 3 4 1 4 3 4 4 2 2 1 3 2 4 3 4 3 1 1 4 1 4 4 4 1 1 1 1 2 2 1 4 2 4 3 3 1 4 4 3 4 1 2 2 3 4 3 2 4 4 4 
4 3 4 3 2 2 4 4 2 1 3 3 3 3 2 1 4 3 3 2 4 2 3 2 1 2 2 4 4 4 1 3 1 4 4 1 2 4 2 2 3 2 3 4 1 1 4 4 1 2 4 4 4 1 4 2 3 2 4 1 1 4 2 3 2 2 1 4 4 3 1 3 4 2 3 3 1 2 1 4 3 3 1 4 2 2 4 1 1 2 4 2 4 3 1 2 1 1 1 3 1 2 3 2 3 2 3 3 4 2 2 2 1 4 3 4 4 4 4 1 1 3 4 
4 2 2 1 1 2 1 3 1 3 2 3 4 3 4 4 2 1 2 3 3 2 3 2 4 1 1 1 4 2 4 4 1 1 1 2 2 4 2 1 3 1 3 1 1 2 4 2 4 1 4 1 1 1 1 3 4 2 2 1 3 1 2 3 2 1 4 4 2 3 3 3 4 2 4 4 4 2 2 1 2 1 1 4 3 2 2 2 2 2 4 4 4 2 3 1 1 2 4 3 4 4 2 4 2 4 3 4 3 3 3 2 4 1 3 3 2 2 4 3 3 2 4 
4 1 3 4 2 1 2 2 1 4 1 1 4 2 1 2 3 1 1 3 2 1 4 2 4 3 4 4 2 2 4 2 4 1 3 2 2 1 1 2 1 1 1 1 4 1 3 3 1 2 2 3 3 4 4 4 3 2 2 3 3 4 1 1 2 2 2 3 4 2 1 1 4 3 2 4 3 4 3 3 4 3 1 3 1 3 3 4 1 1 3 1 4 3 1 2 4 2 3 3 2 1 2 3 1 4 4 1 2 4 2 1 1 1 1 3 1 1 2 1 4 2 4 
4 4 4 2 4 4 4 2 2 4 2 1 1 3 2 2 3 3 3 2 4 1 4 2 4 4 4 4 1 3 3 3 3 2 3 2 3 2 3 2 2 2 4 3 4 2 4 1 2 2 3 3 2 4 3 2 3 1 3 1 4 4 4 4 3 4 3 2 3 3 2 2 2 4 3 4 1 3 1 2 2 1 2 2 1 1 4 4 1 3 2 1 3 2 2 2 2 2 1 1 2 1 4 2 3 3 1 2 2 2 2 4 2 2 2 1 4 4 4 1 3 1 4 
4 1 1 3 3 4 1 1 2 3 3 4 1 2 2 1 2 3 1 3 2 4 2 2 3 3 3 2 1 1 4 3 2 2 3 4 3 4 2 2 4 3 2 2 2 1 3 4 2 4 4 2 4 2 3 4 3 4 2 4 2 2 3 1 1 4 4 4 3 2 1 1 4 3 1 3 4 1 3 1 3 3 3 1 3 2 1 4 1 3 4 2 1 1 2 1 2 4 3 2 2 1 4 1 1 2 4 2 3 3 3 3 2 1 3 2 2 2 3 2 4 1 4 
4 1 2 1 4 1 4 1 2 1 2 1 1 4 2 4 4 2 3 4 2 3 2 4 1 3 3 4 1 4 4 2 4 2 3 3 2 2 4 4 1 1 3 2 4 2 3 3 4 2 2 3 1 3 2 1 1 4 3 1 1 1 2 4 4 2 3 3 1 4 4 3 2 2 1 2 3 2 2 2 3 1 2 4 2 2 3 2 4 1 3 2 3 2 3 2 1 1 3 4 3 4 2 4 4 2 1 1 1 4 4 3 3 4 3 2 1 4 2 3 4 1 4 
4 4 3 1 2 1 1 1 3 3 1 1 1 4 2 4 4 3 2 3 3 4 4 1 2 1 2 3 1 4 4 4 4 3 3 4 1 1 3 2 1 4 4 3 4 3 3 4 4 1 4 4 4 4 1 4 4 3 2 1 2 4 2 3 4 1 2 2 4 4 1 3 2 3 4 1 3 4 2 3 1 4 4 4 3 4 4 4 3 4 1 1 2 1 3 4 3 4 1 1 4 1 2 2 1 2 4 2 3 2 1 4 3 3 1 2 1 3 4 1 4 2 4 
4 2 1 3 3 4 3 1 3 4 4 2 3 1 3 3 1 3 1 1 1 3 1 3 4 3 1 4 1 2 4 4 4 4 3 1 4 3 1 3 4 2 1 4 1 1 4 4 3 3 1 3 1 3 4 4 1 3 1 1 4 1 4 3 3 3 2 2 1 1 1 3 2 1 3 2 4 1 4 3 2 3 3 4 1 4 3 1 4 3 4 3 3 2 2 3 4 4 1 1 1 1 2 4 4 2 1 2 4 2 1 4 4 2 4 3 4 3 3 2 4 1 4 
4 2 4 4 2 1 1 1 3 2 4 4 1 1 3 1 2 3 2 3 2 3 3 3 3 2 4 2 2 2 2 3 2 2 4 2 1 4 1 3 2 3 4 2 2 4 4 1 4 4 3 1 3 3 3 1 3 2 2 3 1 3 3 3 2 3 2 4 4 3 3 1 2 1 1 1 2 4 2 4 2 3 2 3 3 4 3 3 2 4 1 4 1 1 2 3 4 2 2 4 4 2 4 1 3 1 3 3 4 4 2 3 4 1 1 1 4 4 3 1 4 4 4 
4 4 1 4 2 2 1 2 4 2 2 2 4 2 2 3 4 3 4 2 4 1 2 2 3 3 3 4 3 1 2 4 4 2 4 3 1 4 3 4 1 1 4 2 4 4 3 3 4 1 2 2 3 4 2 2 3 4 2 3 1 3 1 4 1 2 1 3 2 4 1 1 2 3 1 2 4 1 4 1 2 1 1 3 3 2 4 3 3 2 4 1 4 3 3 1 2 1 1 4 1 2 2 3 2 4 4 4 4 4 2 3 4 1 3 3 4 1 1 4 4 2 4 
4 1 4 2 1 4 1 2 2 2 3 2 4 3 4 3 3 4 3 2 1 4 2 2 1 4 2 3 1 3 4 2 4 2 1 1 4 1 1 1 1 3 3 3 3 4 1 3 4 2 3 4 1 3 4 3 1 3 3 1 3 3 1 3 4 4 1 2 4 2 4 2 2 4 2 1 2 4 1 4 3 1 1 4 1 1 4 1 4 1 3 3 1 3 1 3 3 1 1 1 4 1 4 3 3 4 2 2 1 1 4 3 2 2 2 4 2 3 2 3 1 3 4 
4 2 2 4 1 4 3 2 4 1 4 3 4 1 3 4 4 1 1 2 4 1 3 2 1 1 4 3 4 1 2 3 2 2 4 3 2 4 2 1 2 4 3 4 4 2 4 4 1 4 4 1 2 4 3 2 2 4 4 3 4 3 3 3 2 1 2 1 1 4 4 1 3 2 4 2 3 4 3 1 4 3 3 3 4 2 1 2 3 4 2 4 3 2 4 2 2 2 4 4 2 4 1 1 1 1 1 1 4 2 4 3 3 1 2 1 1 4 1 3 2 4 4 
4 4 2 1 1 3 3 1 1 1 1 2 4 1 4 2 1 4 4 4 3 2 2 1 3 2 3 4 4 2 3 2 4 4 3 1 3 3 1 4 3 4 2 3 2 3 4 4 3 4 2 3 3 2 4 2 2 1 1 2 3 3 4 1 1 1 3 3 4 3 3 4 1 3 1 2 4 1 1 2 2 2 4 1 4 3 1 2 2 3 4 2 4 2 3 2 4 2 1 4 4 1 3 1 4 1 4 4 4 1 2 2 1 4 2 2 2 2 2 4 4 4 4 
4 4 1 1 2 4 1 1 4 4 4 3 1 2 1 1 1 2 1 4 3 4 3 3 2 1 4 4 4 1 2 3 3 4 3 3 3 2 4 1 1 3 1 1 1 2 3 2 2 4 3 4 1 1 2 2 3 2 1 2 1 1 1 2 3 4 4 4 4 3 1 3 2 2 4 1 4 1 3 1 3 3 1 2 3 2 3 2 1 1 3 4 2 3 4 1 4 2 1 4 3 3 2 3 3 4 3 4 2 3 3 4 2 2 4 2 2 3 1 3 2 4 4 
4 2 2 2 1 3 4 2 2 4 2 2 1 1 2 3 4 2 1 1 2 3 3 3 4 3 2 1 4 2 4 1 4 4 1 1 2 2 3 2 4 1 3 1 1 3 3 3 2 2 4 4 2 4 1 3 1 1 2 1 1 4 1 3 1 1 2 4 3 1 2 4 2 2 2 1 3 2 4 3 2 3 2 4 1 3 4 1 1 1 1 4 1 3 2 2 2 1 2 2 2 1 3 4 1 3 3 3 3 2 4 2 4 4 2 1 4 4 1 2 3 2 4 
4 4 1 1 3 2 4 4 2 3 2 3 1 3 1 4 1 4 3 4 2 2 1 2 4 1 4 2 4 3 3 3 3 4 1 1 3 2 2 4 4 1 4 1 4 3 4 2 2 1 2 2 2 4 4 2 4 1 4 1 2 1 2 1 2 2 4 1 2 1 4 2 1 2 3 1 1 2 2 4 2 1 3 1 4 4 4 3 4 1 1 3 2 4 4 4 1 2 3 1 1 4 2 3 1 4 2 3 2 4 1 3 2 3 3 3 2 3 4 1 4 3 4 
4 2 1 3 4 4 4 2 4 2 1 3 2 1 1 1 3 4 3 4 3 4 1 1 4 3 2 3 3 3 3 4 1 2 2 4 4 4 4 3 3 1 1 4 3 3 4 2 1 1 3 3 2 3 2 4 1 3 2 1 1 2 4 4 2 2 4 2 4 2 3 3 1 3 1 3 4 1 1 1 3 2 2 1 2 2 2 2 1 1 2 2 4 3 4 3 4 2 3 3 3 2 3 4 3 3 4 1 4 4 1 3 2 1 2 3 4 2 1 1 1 1 4 
4 4 1 1 4 3 1 2 1 3 3 4 2 1 4 4 4 1 3 2 3 4 2 2 2 4 4 3 2 2 1 3 4 3 2 2 2 2 4 4 3 3 2 2 4 3 1 3 4 4 3 1 4 2 3 3 1 3 2 2 3 1 4 4 2 3 2 4 4 1 1 1 3 2 3 1 2 2 1 1 2 3 1 2 4 3 4 1 4 4 2 3 2 2 4 4 3 4 4 3 3 1 3 4 1 1 1 1 1 4 2 2 3 1 1 2 3 1 2 4 3 2 4 
4 4 4 3 4 4 3 2 1 2 4 2 3 1 4 3 2 3 2 4 3 4 4 1 4 4 3 1 2 3 4 1 2 3 2 2 4 3 4 1 1 3 4 1 3 1 4 3 3 3 3 4 1 2 1 1 4 4 2 2 3 3 4 3 4 2 4 3 4 2 4 4 3 3 4 4 4 2 4 2 4 3 3 1 1 2 4 1 2 3 1 4 4 3 4 1 4 3 2 3 1 2 4 2 1 3 2 4 4 2 4 1 2 1 3 2 1 3 4 4 4 4 4 
4 4 1 3 3 2 3 1 2 2 4 3 3 2 1 2 2 2 3 1 4 3 2 1 3 4 1 1 1 1 3 3 4 1 2 1 4 1 4 4 2 4 4 2 1 4 2 4 1 1 3 3 1 2 3 2 4 4 3 1 2 2 3 1 4 1 4 4 4 2 4 3 3 4 1 3 3 2 1 3 3 4 3 3 1 2 1 3 4 3 2 4 3 4 1 3 4 1 2 1 1 4 3 3 1 3 2 1 4 4 2 3 3 2 1 1 3 1 1 3 3 1 4 
4 4 2 4 1 2 1 1 4 1 4 1 3 1 4 2 4 4 3 4 1 1 1 4 4 3 1 1 4 4 2 4 2 2 1 3 4 1 1 2 4 1 1 3 2 3 1 4 3 4 1 2 1 4 1 2 4 4 2 1 3 4 2 2 1 2 4 4 4 1 2 2 4 3 2 2 1 2 4 2 4 3 3 4 2 4 3 3 1 4 3 2 3 2 3 4 1 1 4 4 1 2 4 4 4 4 1 2 3 3 1 1 3 2 1 4 4 2 2 2 3 2 4 
4 3 1 1 2 4 3 2 4 3 2 1 4 2 3 1 4 3 3 1 1 2 4 4 2 1 3 2 3 3 1 3 1 4 2 1 2 4 4 4 2 4 1 3 3 3 3 2 2 4 1 4 4 4 1 2 3 4 2 2 3 3 3 2 1 1 4 1 4 4 3 4 1 1 2 3 1 3 4 3 1 3 4 4 4 2 3 3 2 3 4 2 3 3 1 1 2 3 3 2 1 3 2 4 1 2 4 1 4 4 4 3 2 2 2 3 4 2 1 3 3 2 4 
4 1 3 2 1 1 3 2 3 4 2 3 4 3 2 4 3 3 2 2 3 4 2 3 1 3 1 2 1 3 1 1 3 3 2 4 3 3 1 3 4 2 4 3 2 2 4 2 3 2 3 4 2 1 2 4 1 2 4 3 2 3 3 4 4 4 1 3 1 1 1 3 2 2 3 4 1 3 3 2 4 2 4 1 4 3 2 4 2 2 1 3 2 1 4 3 1 1 4 3 2 3 4 2 3 2 2 2 3 3 3 3 4 1 1 1 4 1 4 1 1 2 4 
4 2 4 2 1 2 4 4 4 3 4 1 3 2 3 4 3 1 2 4 3 4 4 2 2 1 1 3 1 2 1 2 3 1 1 2 1 4 4 1 4 1 4 2 2 4 2 2 3 4 2 1 1 3 1 2 3 3 4 3 1 3 4 2 3 3 3 1 2 1 4 2 3 3 2 1 3 4 1 2 1 2 1 2 1 3 1 1 3 2 1 2 3 1 3 3 4 4 4 3 3 2 4 3 4 4 4 2 3 1 1 4 1 1 2 1 3 1 3 2 3 1 4 
4 1 2 3 4 2 4 1 1 4 4 4 2 3 4 2 1 1 2 2 3 4 1 4 4 1 1 4 3 1 3 2 1 4 3 4 1 4 1 3 1 2 1 1 2 2 2 1 3 1 1 1 4 2 2 2 1 3 3 2 2 3 4 4 1 3 1 3 2 3 4 1 4 1 3 3 2 1 2 3 4 4 3 1 2 3 3 1 2 3 4 2 3 4 3 3 2 1 4 2 2 4 3 3 1 2 2 1 2 3 1 4 4 1 1 1 1 4 4 2 1 1 4 
4 1 2 4 2 3 4 1 1 3 2 1 2 3 1 1 2 4 4 1 2 1 3 4 1 3 2 2 4 4 2 3 1 2 3 3 3 4 4 4 1 2 1 2 4 1 2 3 2 1 1 1 4 4 3 2 4 1 3 4 1 4 2 1 2 4 4 1 2 3 4 1 3 3 4 1 1 4 2 4 3 3 1 3 4 2 4 2 1 1 2 1 3 3 4 1 3 3 1 1 1 2 2 3 2 2 2 1 3 3 4 4 2 3 2 3 4 3 2 1 1 3 4 
4 4 1 2 1 1 3 3 3 3 3 3 2 1 4 1 1 4 3 2 2 4 1 4 3 1 1 2 2 1 4 2 4 3 3 4 3 1 1 4 2 2 1 1 4 1 3 3 4 1 1 1 4 3 1 1 2 1 2 3 2 2 2 3 3 3 4 2 3 4 1 3 2 2 3 2 2 3 1 2 3 1 1 2 1 3 2 2 4 2 4 2 1 1 4 3 4 3 2 4 4 1 3 4 1 4 3 1 2 3 3 3 4 3 1 1 4 3 3 3 1 2 4 
4 4 3 2 1 3 4 1 4 3 4 4 3 3 4 2 1 1 4 2 2 1 1 3 2 3 3 3 3 3 3 4 2 4 2 1 1 3 1 4 3 2 3 2 3 2 2 1 1 1 2 4 3 2 1 4 3 3 3 3 4 1 4 3 3 3 2 3 3 4 1 2 4 3 1 2 4 3 1 1 4 4 2 3 4 4 1 1 1 1 4 3 3 2 2 1 4 3 2 1 2 2 2 4 1 4 1 1 4 3 3 4 2 1 2 4 3 1 4 1 4 2 4 
4 3 4 2 2 1 4 2 2 4 1 1 4 2 2 3 2 4 2 3 4 3 3 3 1 3 1 3 3 1 3 2 2 1 4 3 3 1 4 1 1 3 1 4 3 2 2 1 4 1 3 2 3 4 3 2 4 2 2 4 1 1 1 4 2 3 2 2 3 1 1 3 3 1 2 4 2 3 4 2 4 2 4 4 3 1 4 3 2 1 1 1 4 3 1 4 4 3 2 1 4 3 2 1 2 1 4 2 3 4 4 1 2 1 4 4 3 2 2 4 2 1 4 
4 2 2 4 1 1 4 4 4 3 4 1 3 4 2 2 1 1 4 2 3 2 2 1 4 4 4 3 2 2 2 1 1 3 4 4 2 1 3 1 1 3 1 4 2 2 1 3 2 4 2 4 3 4 3 3 3 2 2 4 4 2 1 4 2 2 2 1 4 2 2 3 1 2 2 2 4 3 3 4 4 2 3 1 3 3 2 1 1 4 2 1 2 4 2 2 4 1 4 3 3 1 4 3 2 1 2 4 3 1 4 2 1 3 3 1 1 1 2 1 1 4 4 
4 3 3 4 4 1 4 2 4 1 4 3 2 2 3 4 4 4 1 3 1 1 3 4 1 2 3 3 1 4 3 4 2 3 1 2 1 4 4 3 4 4 1 4 3 1 3 2 2 3 1 4 4 1 2 1 1 3 1 1 4 4 4 4 2 4 3 1 4 3 4 1 3 1 2 1 1 2 2 4 1 3 1 2 3 3 2 4 4 2 1 4 4 3 4 3 3 4 3 1 4 4 4 4 4 4 1 3 2 1 4 4 4 2 3 4 4 3 2 2 2 4 4 
4 4 2 1 2 2 3 2 1 2 4 1 1 1 2 2 1 2 3 4 4 1 1 3 1 4 2 3 3 2 3 3 3 1 2 3 3 4 1 2 3 2 1 1 1 2 2 3 4 2 2 1 1 1 3 3 1 4 2 1 3 3 4 3 4 3 4 2 2 3 2 4 2 2 1 2 2 4 4 3 1 3 4 2 1 3 3 4 3 1 3 1 2 2 4 4 2 1 4 1 4 1 2 2 3 1 3 4 1 1 4 4 2 4 2 2 4 4 4 3 2 3 4 
4 2 4 2 4 3 4 4 1 4 3 3 4 1 3 2 4 1 3 1 3 2 2 1 1 3 2 3 4 4 3 3 4 2 1 1 2 3 4 3 1 1 3 1 1 2 2 3 4 4 3 3 4 1 1 3 2 1 1 3 2 1 3 2 3 4 2 2 1 4 4 2 2 4 3 2 3 2 2 3 1 3 4 4 1 2 3 3 3 1 1 1 3 4 1 4 1 4 3 1 2 4 3 2 1 2 1 2 2 4 3 3 2 2 1 3 3 4 1 3 2 4 4 
4 1 2 2 1 4 2 3 3 2 3 3 4 3 3 4 2 1 1 1 4 1 1 1 2 2 3 3 1 3 2 1 1 3 4 3 3 4 1 3 4 1 2 3 2 4 4 1 1 4 3 2 2 1 4 2 2 3 2 2 2 2 3 4 3 4 1 3 1 3 1 4 1 4 1 1 2 4 4 1 1 1 3 3 2 1 2 4 1 3 2 4 3 2 4 2 4 4 2 2 1 3 3 3 2 3 1 2 3 4 3 2 3 2 4 4 4 3 2 1 2 3 4 
4 4 2 2 3 3 3 3 4 4 1 1 2 2 2 1 3 3 2 2 1 4 4 1 2 4 1 2 2 1 3 4 3 4 3 4 2 1 4 1 4 1 3 2 2 4 3 1 1 3 1 4 2 3 4 1 3 2 3 2 2 2 3 3 4 4 4 4 3 4 2 4 4 1 1 2 1 2 1 3 2 1 1 4 2 1 1 3 4 2 4 2 1 4 4 4 3 4 2 4 1 1 2 4 2 4 2 2 3 3 3 4 1 3 2 4 3 3 1 4 1 2 4 
4 4 1 1 2 4 2 3 1 1 1 2 2 3 1 1 3 3 3 2 1 3 2 3 4 3 4 2 4 4 4 4 2 2 4 4 1 2 1 2 3 3 3 2 4 3 3 3 1 1 2 3 4 3 3 3 4 2 1 2 2 1 2 2 4 3 4 1 3 3 4 3 2 1 3 3 4 3 4 2 2 2 3 1 2 1 4 4 2 4 4 1 1 3 2 3 1 3 4 2 2 3 3 1 4 1 4 1 2 2 1 1 3 3 2 3 3 1 1 1 4 2 4 
4 2 4 3 3 3 1 2 3 4 4 3 4 4 1 1 1 3 3 2 4 1 1 3 1 2 2 2 4 3 4 4 2 3 2 2 4 1 3 1 3 4 1 3 4 1 1 1 4 1 4 1 4 1 3 2 2 1 4 2 4 3 1 3 1 1 3 3 3 1 2 3 3 2 2 1 3 3 2 3 3 4 1 2 4 1 4 1 3 2 3 2 4 1 3 4 2 3 1 3 2 4 3 4 4 1 1 2 3 1 1 3 4 1 4 4 1 3 2 4 3 4 4 
4 1 4 2 3 4 4 3 1 1 3 2 2 3 3 3 2 1 4 2 1 2 2 1 4 3 4 3 4 1 1 3 2 2 2 4 1 3 4 4 2 3 3 2 2 4 2 4 2 4 1 3 2 2 4 2 4 3 4 1 1 3 2 3 1 4 1 3 3 2 1 2 2 4 3 4 4 3 1 2 4 4 3 2 1 1 1 1 4 3 2 2 4 2 4 3 2 2 4 2 4 3 3 3 4 4 3 4 2 4 2 4 4 1 1 2 1 3 3 4 4 1 4 
4 2 4 4 3 4 1 3 4 4 4 2 3 2 4 4 4 3 3 1 1 4 4 2 2 2 2 2 3 4 4 4 1 4 3 3 3 4 4 3 4 1 3 4 3 3 2 3 3 2 2 4 4 2 4 3 1 1 3 2 4 1 4 3 2 4 4 1 2 3 2 2 1 4 3 4 2 4 4 3 2 2 3 3 1 4 4 1 4 3 1 1 1 2 2 2 1 1 4 3 4 2 2 2 3 3 2 4 2 4 4 2 2 3 3 3 3 4 3 1 2 4 4 
4 4 2 2 2 2 3 2 3 4 1 2 4 3 2 4 4 2 4 2 1 3 4 3 3 1 1 3 4 4 1 3 4 3 1 4 3 1 2 1 3 3 1 4 3 2 4 4 2 1 1 1 3 3 3 1 3 4 1 3 3 2 4 1 3 2 3 1 3 1 4 3 2 4 3 3 4 2 4 1 1 1 4 1 2 4 2 2 2 4 3 4 3 1 4 2 1 2 1 1 4 1 1 1 3 4 1 4 4 4 4 3 1 3 2 3 4 4 3 4 2 4 4 
4 2 3 3 3 1 1 1 1 1 4 2 2 4 4 2 2 4 4 1 3 2 1 1 1 2 1 3 1 4 3 3 3 3 1 3 1 2 2 2 1 3 4 2 3 3 1 2 4 2 3 2 1 2 4 2 4 2 1 3 1 3 3 2 2 2 1 3 1 3 3 3 4 1 1 1 1 1 1 4 4 3 1 4 1 1 2 1 3 3 3 2 4 3 1 1 2 4 4 2 3 1 4 2 4 1 4 3 4 4 2 2 3 3 2 4 3 2 2 1 1 4 4 
4 3 4 3 2 4 2 4 4 3 4 1 2 4 3 2 4 1 2 2 2 1 3 4 1 2 2 1 2 1 1 1 3 1 2 3 3 1 3 1 2 4 1 1 3 3 3 4 1 4 2 2 1 4 2 3 1 4 3 4 4 1 3 3 2 2 4 1 2 3 3 3 1 3 2 2 2 2 2 4 4 2 3 3 3 1 2 1 1 2 2 4 2 3 1 1 1 3 1 4 4 3 4 3 3 4 4 1 4 4 1 2 2 4 4 3 1 3 3 2 1 3 4 
4 3 2 2 4 3 1 2 2 4 2 3 2 3 3 2 4 2 1 1 1 3 3 1 3 4 2 1 4 1 2 2 2 2 3 4 4 4 1 1 3 1 4 4 3 3 2 3 3 3 4 2 3 2 1 2 3 1 4 1 1 1 1 1 1 1 2 2 1 4 2 2 1 4 3 4 4 1 3 1 2 1 3 1 1 1 1 4 2 1 1 2 1 4 1 1 2 2 4 1 3 2 4 1 3 1 4 3 2 2 4 3 4 3 3 2 2 1 1 2 3 1 4 
4 2 1 4 3 4 3 3 3 2 4 2 2 4 2 3 2 2 3 2 1 4 4 4 3 2 4 4 4 1 2 3 3 1 2 1 1 4 3 1 4 2 2 4 2 3 4 3 3 3 1 3 3 3 1 1 1 2 2 4 2 1 3 2 4 1 1 2 4 1 1 1 2 1 4 4 4 2 3 3 4 1 3 4 4 2 2 1 2 4 2 3 2 4 4 3 1 2 1 2 3 3 1 4 2 1 3 2 2 1 1 1 2 4 4 4 4 4 1 3 3 4 4 
4 1 2 1 4 4 1 2 2 2 2 1 4 1 1 2 3 2 1 4 2 1 3 1 3 2 1 2 1 3 3 3 3 2 3 2 3 2 4 1 4 2 4 4 3 4 2 4 3 3 4 1 2 3 2 3 4 3 4 4 1 2 1 1 4 4 2 3 1 2 1 3 1 4 3 1 4 4 2 1 2 4 1 2 2 3 2 1 1 4 4 3 2 3 1 4 4 2 3 3 1 3 4 4 2 4 2 3 4 4 2 3 4 1 2 1 4 4 2 1 1 1 4 
4 1 2 2 2 2 2 2 2 4 2 3 4 2 2 3 2 2 3 2 4 3 3 4 1 2 4 3 1 1 3 1 1 4 2 1 2 3 3 3 4 2 3 1 2 1 4 1 4 4 2 1 2 4 2 1 3 4 3 3 3 4 1 1 4 1 2 1 2 1 1 4 3 3 4 2 4 4 3 4 4 3 3 1 3 2 2 4 1 3 1 3 1 4 4 4 2 2 4 3 3 1 4 1 1 1 4 1 1 3 2 1 3 3 3 1 4 3 4 3 2 3 4 
4 3 2 4 3 1 3 2 2 3 4 4 3 3 1 2 2 2 1 3 3 3 4 1 4 2 3 4 3 4 4 4 2 1 4 2 1 1 4 1 1 2 4 4 1 3 2 4 3 4 1 4 4 2 1 4 1 3 2 3 3 4 2 1 3 1 1 1 3 4 4 4 1 1 4 1 3 2 3 3 1 4 2 3 1 4 3 3 4 1 2 3 1 2 2 1 2 4 3 4 4 2 4 2 4 2 3 1 3 3 3 4 1 3 2 3 2 2 2 4 1 4 4 
4 3 4 4 3 4 3 2 1 3 3 1 4 3 3 1 4 3 3 3 4 3 3 2 1 1 4 1 3 3 3 1 4 4 3 1 1 4 1 3 3 3 2 1 2 2 2 1 3 4 1 3 1 3 4 3 2 3 4 4 1 3 4 1 2 2 2 3 1 4 3 4 1 4 4 4 1 1 4 4 3 3 3 4 1 1 3 4 1 2 4 4 3 2 3 3 2 3 4 1 1 2 4 3 1 4 2 3 2 2 3 3 4 1 3 3 1 4 2 2 2 2 4 
4 4 1 4 4 1 3 2 3 2 4 3 4 1 2 2 4 4 4 4 1 3 2 3 3 2 3 4 1 1 2 3 4 2 3 4 3 2 4 3 4 2 1 3 1 1 4 1 2 3 3 3 3 4 4 1 2 1 3 4 1 3 2 4 2 1 2 1 4 4 3 2 4 2 1 3 1 4 3 3 2 3 1 3 4 4 2 1 3 3 3 1 3 4 4 4 3 3 2 3 3 2 2 1 1 2 4 1 2 1 3 1 1 2 4 4 4 1 4 1 3 4 4 
4 1 3 3 2 3 3 4 3 1 3 1 1 1 3 2 1 4 4 4 1 1 2 4 3 1 1 3 3 4 3 2 4 1 4 1 4 3 2 2 4 3 1 1 2 4 2 2 4 2 1 1 4 3 2 4 2 4 2 1 4 3 2 3 1 4 4 1 1 4 3 2 3 2 1 2 4 1 1 2 2 2 3 4 2 1 4 1 4 4 1 4 1 4 2 1 1 1 3 4 4 2 4 1 1 1 1 2 4 1 3 4 1 4 2 3 3 4 2 2 1 1 4 
4 2 3 4 2 4 3 3 2 2 1 3 2 1 3 3 2 3 2 4 4 2 3 4 3 4 4 2 2 4 4 2 2 1 4 2 1 2 1 2 3 3 2 4 1 1 4 3 3 4 4 3 1 4 3 4 2 4 4 4 2 4 3 4 4 2 3 3 3 1 3 4 1 1 3 3 1 3 4 3 4 4 4 1 3 1 1 4 2 2 4 3 2 1 3 2 3 1 2 2 2 3 3 2 3 2 3 2 2 4 4 2 4 3 2 2 3 4 2 2 2 1 4 
4 1 4 2 4 3 2 4 1 1 2 1 2 1 1 4 1 2 2 2 4 4 2 3 4 2 4 4 4 2 2 3 2 1 3 4 2 4 4 3 3 1 3 4 3 2 2 2 3 4 3 3 2 3 2 4 2 2 4 2 3 3 2 3 3 1 2 1 2 1 2 3 1 3 2 3 1 4 2 4 1 4 1 3 4 2 1 4 3 2 2 2 2 3 1 3 1 4 3 3 1 2 4 3 4 2 2 4 4 3 1 2 2 1 3 1 1 4 1 2 3 3 4 
4 2 4 3 3 3 3 2 4 1 3 1 1 4 3 4 2 2 3 1 2 1 2 2 1 3 2 4 3 1 3 1 2 4 3 4 3 2 1 4 1 3 2 3 3 2 4 3 2 1 3 1 3 3 1 3 2 3 1 3 3 2 2 2 2 4 1 1 3 1 3 1 2 4 2 2 1 3 3 4 4 4 4 2 3 1 4 3 2 1 1 2 3 1 4 4 3 4 1 1 2 1 3 3 4 4 4 3 2 3 4 2 3 4 2 4 4 1 1 4 4 1 4 
4 4 4 4 3 1 2 1 2 1 2 4 4 2 2 4 2 3 1 1 4 3 3 2 4 4 3 2 4 3 1 3 2 2 4 2 4 4 2 1 1 4 3 1 2 4 3 2 3 2 2 2 1 1 4 3 1 3 3 4 1 3 3 3 3 1 2 4 3 3 3 3 2 3 1 1 4 4 4 2 2 3 1 2 4 1 1 4 1 2 4 2 2 2 2 3 3 3 2 4 4 3 3 1 2 2 3 1 2 3 1 2 1 4 2 1 4 3 4 4 3 2 4 
4 3 1 3 2 3 3 2 3 1 4 4 3 4 4 4 1 2 2 2 2 2 1 4 2 1 1 3 4 4 1 3 4 3 2 1 4 3 4 4 3 4 3 1 3 4 2 2 2 2 1 3 2 1 1 1 2 4 4 1 2 2 3 4 1 4 3 3 3 1 3 3 2 3 4 1 1 2 3 2 3 4 4 1 2 1 3 2 2 1 4 1 4 2 1 3 3 2 3 3 4 3 4 4 4 2 1 3 2 2 2 4 3 3 4 3 3 1 3 2 1 4 4 
4 2 1 4 1 2 4 2 3 2 3 2 1 2 4 3 2 3 3 4 3 4 1 4 1 4 4 1 3 2 1 1 3 3 3 3 1 1 2 4 1 1 1 4 2 4 4 4 3 1 4 2 4 1 1 1 2 1 2 4 4 4 2 4 1 2 2 2 4 3 3 3 3 4 3 4 4 1 2 3 4 3 1 2 3 3 3 4 1 3 1 2 2 2 3 2 3 3 4 4 2 1 4 4 1 4 2 4 2 4 4 4 2 4 4 2 3 3 1 3 2 4 4 
4 1 4 2 3 4 2 2 1 3 2 4 3 3 2 2 2 4 3 3 1 4 3 2 2 3 1 1 1 3 3 3 1 2 3 2 4 4 2 2 1 4 4 4 1 1 3 3 3 2 4 4 1 2 4 4 3 4 2 1 2 4 3 1 3 2 1 4 4 4 3 2 3 4 1 3 2 2 3 2 1 4 4 4 3 3 3 3 4 1 2 1 1 2 2 1 2 2 2 1 3 2 1 4 2 4 4 1 2 1 1 1 4 4 3 4 1 2 4 3 3 2 4 
4 1 4 1 2 3 3 2 3 1 3 2 1 3 1 2 1 1 4 2 1 2 2 2 3 3 2 4 1 4 2 4 1 3 3 1 3 1 2 3 4 3 2 3 4 2 2 3 1 3 3 3 1 2 2 4 3 1 3 2 1 3 2 1 2 4 1 1 4 4 2 1 2 1 1 1 2 3 2 1 4 3 3 1 4 1 1 2 4 3 4 2 1 1 4 2 4 4 1 4 3 3 1 2 4 4 4 3 3 4 4 2 1 3 3 1 1 2 4 1 3 4 4 
4 3 2 3 4 3 4 3 2 4 1 1 4 3 1 3 1 4 2 3 2 4 2 2 1 3 4 3 4 1 4 2 4 3 3 4 3 1 1 4 2 2 3 4 3 3 1 1 1 4 4 2 3 1 4 1 3 3 1 3 3 3 2 1 3 1 3 2 3 3 4 1 3 1 3 4 2 4 2 3 3 1 1 1 2 3 2 1 2 1 3 4 1 3 3 2 2 1 2 4 3 1 2 3 1 4 1 2 3 1 4 3 2 4 1 4 3 1 2 1 1 3 4 
4 3 4 2 3 1 1 1 3 1 2 3 2 4 1 4 3 2 3 3 4 3 4 4 2 3 2 2 3 4 2 1 4 3 3 1 3 3 2 1 2 2 3 2 3 2 3 4 1 3 3 1 4 1 4 4 1 4 3 3 1 1 3 1 1 3 2 4 4 2 2 3 2 1 4 3 1 3 2 4 2 4 3 3 3 2 1 4 1 4 3 1 3 1 3 1 2 1 4 3 2 1 3 3 1 4 4 3 2 4 3 4 4 3 1 1 2 2 4 2 4 2 4 
4 1 1 3 1 1 3 1 1 1 1 1 1 1 2 2 2 2 3 1 1 2 4 2 1 2 4 4 3 4 2 3 1 2 3 3 1 3 4 1 2 2 3 4 2 1 3 4 1 3 2 2 3 3 4 1 2 4 2 2 1 4 2 4 2 1 4 3 3 2 1 2 2 1 2 4 3 2 2 4 4 2 1 4 1 1 1 2 4 1 2 2 3 3 3 1 4 4 3 2 4 1 4 1 1 1 3 3 2 3 2 3 2 3 4 2 3 4 3 1 4 2 4 
4 3 2 3 3 3 2 1 1 2 1 4 3 1 1 4 3 3 3 3 3 2 2 1 1 3 3 4 1 3 4 4 1 3 1 1 1 3 3 3 1 4 4 1 1 3 4 4 1 1 3 1 4 3 3 2 3 3 3 4 3 4 2 4 1 4 2 1 2 2 4 4 2 3 4 2 3 3 2 2 1 2 3 1 2 3 1 2 3 4 3 1 2 4 1 1 2 1 2 1 2 4 4 2 2 4 4 3 1 1 3 4 2 2 4 2 4 1 1 1 1 2 4 
4 2 1 3 2 3 3 3 4 2 4 1 3 3 4 3 2 4 3 4 3 4 2 3 1 1 1 4 3 2 4 3 4 4 3 1 3 3 1 4 1 2 4 4 3 3 3 1 3 2 1 1 1 2 3 2 1 1 1 2 2 4 4 2 4 1 2 4 4 3 2 4 4 3 2 4 4 4 3 1 1 1 4 1 3 2 3 1 4 3 3 1 3 4 2 1 1 3 1 1 4 1 2 2 2 3 1 1 1 1 2 3 1 1 3 3 3 3 4 2 1 4 4 
4 4 2 3 4 2 4 1 3 2 2 4 3 4 2 2 2 3 4 2 2 2 2 3 4 3 2 2 4 4 4 1 1 4 4 3 2 4 1 3 1 2 3 4 3 2 4 4 4 3 4 1 2 1 3 2 3 1 2 4 3 3 3 1 2 4 1 4 1 1 3 4 1 3 4 2 4 4 3 4 3 4 1 2 4 1 2 2 2 2 3 1 1 1 1 2 3 1 3 2 2 4 2 3 3 3 1 1 4 3 1 2 1 2 1 4 1 1 2 3 4 3 4 
4 2 4 2 4 4 4 4 3 1 3 4 3 2 2 4 1 4 4 3 4 1 2 1 1 2 4 3 2 2 2 4 4 3 1 4 3 3 1 2 4 1 2 2 3 4 4 3 3 4 4 3 2 4 2 1 2 1 4 4 3 3 1 1 2 4 2 3 3 2 2 2 2 4 3 1 2 1 1 1 4 2 2 4 1 4 2 2 4 3 3 4 4 1 4 2 2 1 4 3 3 1 4 4 4 2 1 2 2 3 4 1 4 4 3 3 2 3 2 4 4 4 4 
4 4 2 2 4 1 4 3 4 1 2 4 2 1 1 3 3 2 2 2 2 4 4 2 2 1 2 3 4 2 1 1 3 3 1 3 3 3 1 4 1 1 4 3 2 4 4 3 3 3 2 1 1 2 4 1 2 1 1 2 4 1 3 2 1 4 3 1 1 3 1 1 1 1 2 2 1 1 1 1 1 1 3 4 3 2 4 3 4 3 4 1 3 4 4 3 3 1 3 4 1 1 4 2 3 1 1 4 2 4 2 1 2 2 1 3 1 3 4 1 2 1 4 
4 1 3 4 4 1 2 2 3 1 1 4 3 2 4 1 4 4 1 1 1 2 1 4 4 2 4 1 1 4 3 4 4 2 1 1 3 4 4 4 3 3 4 4 2 2 4 1 2 4 4 4 3 3 3 4 4 4 4 2 4 4 3 4 3 1 2 1 4 2 4 1 2 3 2 3 1 2 3 2 1 2 4 1 3 2 3 4 2 4 2 3 1 4 1 3 1 4 4 2 4 1 4 1 2 2 1 3 4 3 2 1 3 1 3 1 2 2 3 3 4 3 4 
4 1 1 4 1 4 2 2 4 2 4 2 4 2 4 3 4 4 4 1 3 3 4 3 4 2 1 4 1 3 4 2 2 1 2 4 1 2 2 4 1 2 3 4 1 4 3 1 4 4 4 1 4 2 3 1 3 3 3 4 2 2 3 2 3 2 3 3 3 1 3 2 2 2 3 4 1 1 3 4 4 2 4 3 1 3 2 1 1 2 2 4 3 3 2 1 1 3 1 3 3 4 1 2 3 4 2 3 1 2 1 2 4 4 2 4 3 2 4 2 4 1 4 
4 1 4 4 1 3 2 3 3 2 4 4 1 4 3 1 2 2 4 1 1 3 1 3 2 3 2 1 3 4 3 2 1 3 2 3 3 2 4 3 2 3 1 3 3 1 2 1 4 4 2 1 3 2 4 3 3 3 1 4 1 2 4 2 4 3 1 1 1 3 1 3 4 1 4 3 1 4 2 1 2 3 2 1 4 4 3 3 3 1 3 3 3 2 3 3 4 2 1 2 4 2 3 3 2 4 1 2 3 4 2 4 3 1 2 3 4 2 2 1 4 1 4 
4 3 1 2 1 4 4 4 2 3 4 2 3 1 2 2 4 1 2 2 1 3 1 3 2 2 4 1 3 4 1 3 4 4 3 3 1 4 3 4 2 2 4 2 1 3 1 1 4 4 3 2 4 4 1 1 3 4 1 3 3 2 2 1 4 4 4 3 4 3 4 3 1 1 3 4 4 2 4 4 1 4 3 4 4 3 2 3 3 3 1 4 2 4 1 2 1 1 3 2 1 3 2 1 4 3 2 3 2 1 2 4 3 2 3 3 1 3 3 4 4 3 4 
4 3 1 4 2 3 1 1 2 3 2 2 1 4 2 2 4 3 4 4 1 4 3 1 4 4 2 4 4 4 2 1 2 1 1 1 1 2 2 2 1 1 2 3 3 3 1 3 4 1 1 3 1 3 2 1 3 2 2 4 1 4 3 3 1 3 4 4 3 2 1 3 4 3 2 1 1 3 1 1 4 2 4 4 1 3 4 3 1 4 3 1 4 2 4 2 4 4 4 4 1 2 4 1 2 3 3 1 3 4 2 3 3 4 2 2 3 2 1 2 1 4 4 
4 2 1 2 4 2 2 4 1 3 3 2 4 3 1 1 1 4 2 1 4 3 2 3 1 4 3 3 1 2 2 4 4 2 4 2 2 1 4 3 4 3 1 4 2 4 3 2 1 1 2 2 1 1 2 1 4 1 1 3 2 3 4 2 1 1 4 4 4 4 4 2 1 4 3 3 1 1 4 1 1 3 4 4 2 3 3 3 2 4 4 4 3 1 3 2 1 4 3 2 4 1 1 3 2 4 4 1 4 1 2 2 3 2 2 4 3 2 1 3 2 4 4 
4 1 4 2 4 2 3 1 1 4 2 2 1 4 1 4 2 2 2 3 1 2 2 2 4 4 3 4 4 4 1 3 3 3 2 2 1 3 4 3 3 4 2 1 4 1 2 4 4 4 3 3 1 4 3 4 2 2 3 1 3 4 4 4 3 4 3 2 1 1 2 4 3 4 3 3 2 1 2 3 4 2 3 3 4 4 3 3 2 1 2 2 3 1 3 4 1 1 4 3 3 4 1 4 4 3 1 2 4 1 4 3 3 2 4 4 1 3 4 1 3 4 4 
4 4 4 3 3 4 1 3 1 2 4 3 2 2 1 4 3 1 2 4 4 3 2 4 1 2 1 1 3 3 2 2 1 4 4 3 2 3 1 2 3 1 2 4 4 4 3 1 3 2 1 3 4 2 4 2 2 3 3 3 3 1 2 3 4 4 2 3 3 1 3 1 1 2 1 1 4 2 4 3 2 3 2 1 2 1 1 1 2 4 1 4 3 1 3 1 1 2 3 2 2 1 3 2 4 3 1 2 1 1 1 2 4 3 3 2 2 3 2 2 1 4 4 
4 3 3 1 4 3 3 4 3 1 2 4 1 1 1 2 2 4 1 3 3 4 1 1 3 1 2 2 3 1 4 4 3 2 1 2 3 4 2 2 1 3 2 2 2 1 3 4 2 3 2 2 3 1 1 4 2 4 3 1 2 3 1 1 4 2 3 4 1 3 2 4 2 1 4 3 2 3 2 3 3 1 1 1 3 2 4 3 1 1 4 1 4 4 1 4 2 4 2 2 2 1 2 4 4 1 1 2 1 2 4 4 2 1 2 3 4 3 3 2 3 1 4 
4 1 1 4 2 2 2 3 2 1 1 2 4 1 4 1 4 2 1 1 1 2 4 4 1 1 4 2 1 2 3 2 4 4 1 3 3 4 2 4 3 3 3 4 1 4 1 2 2 2 2 2 4 3 4 2 1 2 1 1 4 3 3 2 4 4 4 4 1 3 4 1 1 2 4 1 3 1 3 2 3 2 4 4 1 2 4 1 3 2 1 1 4 1 2 4 2 1 1 1 4 4 4 4 3 1 2 3 1 4 3 4 3 2 1 2 2 1 4 2 4 1 4 
4 2 4 4 2 4 4 2 1 4 3 4 1 2 1 1 2 1 1 2 2 4 2 1 4 2 3 1 2 1 1 4 1 4 4 3 2 2 1 1 1 4 3 3 3 4 4 4 4 4 3 1 2 2 3 2 4 4 2 1 4 2 2 1 2 2 2 3 2 2 3 4 4 3 4 1 1 3 4 3 1 2 3 1 2 2 2 4 1 1 3 1 1 1 2 4 4 2 1 3 3 3 2 1 3 4 4 1 3 1 2 2 4 2 2 3 4 2 4 4 3 4 4 
4 4 4 1 2 4 4 4 3 3 1 1 2 2 1 1 2 1 3 1 3 4 1 4 1 4 3 4 4 1 4 4 2 3 1 1 2 2 4 4 1 1 4 3 3 4 4 2 1 4 3 2 3 4 1 3 4 3 1 4 2 3 1 4 2 2 2 3 1 3 1 4 1 3 4 2 1 4 2 3 4 4 4 2 4 3 2 3 1 2 4 2 1 3 4 3 1 3 2 2 2 4 4 2 4 2 2 4 1 4 2 3 3 4 2 1 1 1 3 1 3 3 4 
4 1 4 2 4 3 1 4 2 2 2 4 4 4 1 4 3 3 1 3 3 3 3 2 1 3 4 1 3 1 4 1 1 3 3 1 2 1 4 4 3 1 3 3 3 2 3 2 2 1 3 4 4 2 3 3 3 3 2 4 3 4 2 1 3 3 1 4 2 2 4 1 1 4 2 3 4 2 2 2 2 3 3 4 2 3 1 1 4 3 2 3 1 1 1 4 1 4 1 2 1 4 3 2 3 2 3 3 2 4 3 2 3 4 4 1 1 4 4 3 1 3 4 
4 3 1 3 4 4 4 1 1 2 4 2 1 1 4 2 2 3 1 3 2 3 2 1 3 3 2 2 1 1 1 3 1 4 3 1 1 2 3 3 2 1 4 3 1 1 3 1 3 1 3 2 3 3 2 1 4 3 1 2 3 1 2 4 2 3 2 3 1 2 2 4 3 4 3 2 1 3 3 2 2 4 4 4 2 1 1 2 4 1 2 4 1 3 3 1 1 4 1 2 3 4 3 4 4 4 2 3 1 1 1 2 2 4 3 3 3 2 1 3 3 4 4 
4 4 2 3 1 2 2 1 2 2 4 3 2 1 1 4 2 4 1 2 4 1 3 1 1 1 1 2 2 1 4 2 4 3 2 4 3 2 3 4 2 1 2 2 3 4 2 1 4 2 2 4 3 4 1 3 1 4 4 4 4 4 1 4 3 4 2 1 4 3 3 3 4 4 3 2 1 4 2 4 4 4 4 2 4 2 3 2 2 1 3 1 4 4 2 2 3 2 4 3 1 2 1 2 1 3 1 2 4 4 4 1 1 1 3 2 4 1 3 3 4 3 4 
4 4 3 4 2 3 4 1 1 4 3 2 4 3 1 1 1 3 2 1 3 1 3 1 2 2 1 1 2 3 2 1 1 2 4 2 4 1 2 2 3 1 4 1 3 1 1 4 2 4 1 4 4 2 4 2 1 3 3 4 1 1 2 1 1 2 3 3 3 2 4 3 1 1 3 1 1 4 1 3 2 2 3 4 2 4 3 2 4 1 4 4 4 4 4 2 2 4 1 4 4 3 4 4 2 4 3 4 2 3 3 4 2 3 3 1 1 1 1 1 4 4 4 
4 2 3 1 2 1 3 3 2 2 4 3 2 4 2 2 1 1 1 3 1 1 1 4 4 1 3 3 3 2 4 3 4 4 1 3 4 3 3 3 1 4 4 2 2 2 3 3 3 3 2 4 4 3 4 2 2 4 3 3 4 1 1 1 4 4 3 2 4 3 3 1 1 2 2 2 1 2 2 4 2 4 4 3 2 4 2 2 4 2 4 4 2 3 4 1 1 4 4 2 2 1 4 2 1 2 3 2 4 2 2 1 1 2 1 1 2 1 2 1 2 1 4 
4 3 1 4 4 4 1 2 4 2 4 1 1 4 4 3 3 2 3 3 2 1 1 1 3 2 3 3 1 1 4 1 1 1 3 1 2 3 3 3 1 3 1 3 2 2 3 1 2 4 1 3 2 4 2 3 3 1 1 4 1 1 3 1 2 1 3 3 2 2 2 2 3 4 3 1 3 4 2 3 2 4 1 1 4 3 4 2 1 2 3 1 4 3 1 2 1 3 2 1 1 3 4 4 4 4 3 1 1 2 3 1 1 4 1 4 4 1 2 2 2 2 4 
4 4 1 3 3 1 3 2 4 4 4 4 4 4 4 1 3 2 2 1 1 2 2 1 3 3 2 2 2 3 4 2 2 1 3 3 2 2 1 4 3 4 2 1 1 4 1 3 2 2 3 2 2 2 4 3 3 3 4 1 1 4 4 3 1 3 2 3 4 4 2 2 1 4 1 2 4 3 4 2 3 2 4 1 4 1 1 3 4 2 1 1 3 1 1 4 4 1 1 2 4 1 4 1 2 1 3 2 3 2 3 2 3 1 1 1 2 3 3 2 4 1 4 
4 3 3 1 2 3 1 4 4 2 2 1 3 1 2 2 1 2 2 3 1 2 1 4 3 1 1 4 1 4 4 3 4 2 1 2 3 1 1 2 3 2 4 2 4 2 2 3 4 1 2 3 3 1 4 2 1 2 3 4 4 1 1 2 3 3 4 4 1 3 1 3 4 1 3 4 3 1 3 4 4 2 3 1 4 3 4 3 3 3 2 3 2 2 2 3 1 3 4 4 2 4 1 4 4 1 2 3 1 1 1 2 4 2 3 1 4 2 4 3 4 1 4 
4 4 3 1 2 4 2 1 2 3 2 2 3 3 1 2 2 3 3 3 4 4 1 1 1 1 3 1 4 3 1 1 3 4 1 2 3 4 1 2 4 1 3 1 2 3 4 2 1 4 2 1 3 2 3 2 4 2 4 4 4 1 2 2 2 2 4 3 2 1 2 4 2 4 1 2 2 3 2 1 2 4 2 3 3 1 2 3 1 4 2 3 4 1 1 3 3 4 2 2 4 1 2 4 3 2 1 2 3 3 2 2 3 1 1 3 1 1 2 2 4 3 4 
4 2 1 2 1 1 3 4 3 1 1 4 1 2 2 4 4 2 1 3 3 3 3 3 1 4 1 4 2 2 2 2 4 1 4 3 2 4 1 4 2 3 3 1 4 2 1 1 4 3 4 2 4 3 4 2 2 2 4 3 4 2 2 3 1 1 2 4 4 1 3 1 3 1 4 4 4 4 1 1 3 4 2 1 3 3 2 4 1 1 2 4 4 1 3 4 4 4 3 3 1 3 1 3 4 2 2 1 4 3 2 1 1 3 1 4 4 1 2 3 4 4 4 
4 4 1 2 3 3 4 2 2 3 1 3 2 2 4 4 4 2 3 4 3 2 3 2 4 1 4 1 3 4 3 3 4 2 4 2 4 1 2 3 4 1 2 1 3 4 3 3 2 2 3 2 2 4 1 4 1 4 2 4 4 4 2 2 1 4 2 4 3 2 4 3 4 1 4 2 4 4 1 1 3 4 2 4 2 3 3 3 2 4 2 1 3 3 4 1 1 3 4 1 2 3 2 3 2 1 3 1 1 3 2 2 3 3 4 4 3 3 1 3 2 1 4 
4 4 4 4 4 4 4 4 4 4 4 4 4 4 4 4 4 4 4 4 4 4 4 4 4 4 4 4 4 4 4 4 4 4 4 4 4 4 4 4 4 4 4 4 4 4 4 4 4 4 4 4 4 4 4 4 4 4 4 4 4 4 4 4 4 4 4 4 4 4 4 4 4 4 4 4 4 4 4 4 4 4 4 4 4 4 4 4 4 4 4 4 4 4 4 4 4 4 4 4 4 4 4 4 4 4 4 4 4 4 4 4 4 4 4 4 4 4 4 4 4 4 4 

