123
1000
1000

[Node]
0  0  0   0  0
124 0  0   0  0

[pickup]
1       504950887      13          15
2       504829702      15          6
3       504989744      15          11
4       505185201      21          15
5       502795303      24          17
6       502794879      24          15
7       502801750      25          16
8       504483241      25          18
9       505084618      27          14
10      505193078      28          15
11      503297617      32          11
12      502786493      33          6
13      505195416      34          11
14      504512179      36          18
15      504558137      37          13
16      502795373      38          13
17      504449422      38          19
18      503629917      40          5
19      502799157      42          15
20      503641850      46          14
21      504944052      48          11
22      504561518      49          20
23      502785848      51          5
24      504558778      52          12
25      504609080      53          19
26      503615814      54          16
27      505128819      57          5
28      505057713      58          17
29      502795654      58          19
30      502800271      63          5
31      502795975      64          13
32      502786495      65          6
33      504654398      70          18
34      502796457      72          20
35      503074303      80          15
36      504040924      81          16
37      502796205      84          13
38      502795314      84          12
39      503249203      84          17
40      505121657      86          9
41      503221322      92          8
42      504813165      96          15
43      505195369      98          17
44      502794188      98          11
45      503262469      101         11
46      502787651      102         8
47      502794343      103         7
48      504695606      103         12
49      502794469      105         10
50      504959841      106         11
51      504904607      107         9
52      505107611      109         19
53      504112581      110         15
54      504814981      119         14
55      503122205      123         14
56      504940819      123         19
57      504940824      124         8
58      505186923      137         12
59      503284249      138         9
60      504467528      140         16
61      504851317      140         9
62      504697856      143         17
63      504633794      145         20
64      502970886      149         20
65      503242004      150         7
66      502789990      151         11
67      502787519      156         5
68      503202377      156         5
69      504139409      158         17
70      503746302      166         5
71      505163840      173         11
72      504761212      174         14
73      505045728      174         15
74      502802038      174         7
75      502789708      177         7
76      502786501      183         18
77      502791365      187         13
78      504814520      189         14
79      502787414      208         9
80      503226439      211         10
81      502792303      216         9
82      504930829      216         14
83      502789207      219         6
84      505188477      220         13
85      502787837      221         11
86      502990031      222         10
87      504632568      222         11
88      504940829      222         10
89      504835356      257         7
90      502786541      263         19
91      504589401      273         10
92      504989072      284         12
93      505012229      287         16
94      503168027      288         18
95      502794583      288         5
96      505071203      313         12
97      502947479      319         19
98      505129431      332         18
99      502798415      336         9
100     504579944      340         19
101     503157758      343         16
102     502797790      344         5
103     502788438      355         11
104     502799697      361         5
105     502794727      372         5
106     502785770      375         5
107     504783206      381         17
108     502800881      384         7
109     504558135      401         15
110     502785857      402         12
111     503838473      442         16
112     502976944      442         11
113     502801827      451         9
114     504783121      518         17
115     505122342      702         20
116     503208855      780         17
117     504851316      780         12
118     502788471      804         9
119     502794642      844         15
120     504930822      920         8
121     505080279      1000        8
122     502804546      1000        15
123     504940835      1000        10

[Speed 0]
0.81
30.0   60.0 0.0 0.6
90.0   150 0.0 0.4
300.0  540.0 0.0 0.81
570.0 630.0 0.0 0.6
660.0 720.0 0.0 0.4
750.0 840.0 0.0 0.81

[Speed 1]
1.33
30.0   60.0 0.0 0.8
90.0   150 0.0 0.6
300.0  540.0 0.0 1.33
570.0 630.0 0.0 0.8
660.0 720.0 0.0 1.3
750.0 840.0 0.0 2

[Speed 2]
1.33
30.0   60.0 0.0 1.0
90.0   150 0.0 0.8
300.0  540.0 0.0 1.33
570.0 630.0 0.0 0.8
660.0 720.0 0.0 0.6
750.0 840.0 0.0 1.5

[Speed 3]
1.5
30.0   60.0 0.0 0.9
90.0   150 0.0 0.8
300.0  540.0 0.0 1.5
570.0 630.0 0.0 0.9
660.0 720.0 0.0 0.8
750.0 840.0 0.0 1.5

[Speed 4]
2
30.0   60.0 0.0 1.1
90.0   150 0.0 0.9
300.0  540.0 0.0 2
570.0 630.0 0.0 1.1
660.0 720.0 0.0 0.9
750.0 840.0 0.0 2

[speed choose matrix]
4 4 4 4 4 4 4 4 4 4 4 4 4 4 4 4 4 4 4 4 4 4 4 4 4 4 4 4 4 4 4 4 4 4 4 4 4 4 4 4 4 4 4 4 4 4 4 4 4 4 4 4 4 4 4 4 4 4 4 4 4 4 4 4 4 4 4 4 4 4 4 4 4 4 4 4 4 4 4 4 4 4 4 4 4 4 4 4 4 4 4 4 4 4 4 4 4 4 4 4 4 4 4 4 4 4 4 4 4 4 4 4 4 4 4 4 4 4 4 4 4 4 4 4 4 
4 4 4 1 3 3 2 3 1 4 2 3 1 3 4 4 4 1 4 2 2 3 4 4 3 4 3 2 2 4 2 3 1 2 4 1 3 4 3 1 3 3 4 4 2 4 3 3 1 3 3 1 1 2 1 2 1 4 3 1 1 2 2 2 4 4 1 4 3 2 3 3 3 3 2 3 4 2 1 3 2 2 3 2 2 1 1 1 1 1 4 2 1 2 2 3 1 3 2 1 1 4 2 1 1 4 3 3 3 1 3 4 2 1 3 2 2 4 4 1 1 2 4 4 4 
4 2 4 4 1 3 3 2 3 4 2 2 1 2 3 1 3 3 1 3 2 3 1 3 4 2 1 1 1 4 2 4 1 1 3 4 1 1 2 1 1 2 4 2 3 3 3 4 1 4 2 1 3 3 2 4 2 3 3 4 4 3 3 3 2 1 4 1 2 2 4 4 4 3 3 3 3 1 3 4 3 3 1 3 2 2 3 2 3 2 2 4 2 4 4 1 2 4 1 3 1 2 2 2 1 2 2 3 3 4 2 2 2 2 4 3 2 3 2 3 4 4 4 1 4 
4 3 3 3 4 1 2 2 3 3 4 1 2 2 2 3 3 3 4 3 3 1 1 4 2 4 3 2 3 1 3 3 1 3 4 4 2 2 2 3 1 2 3 4 4 2 3 2 1 3 1 1 1 1 4 4 4 3 2 1 4 3 1 3 1 4 4 1 4 2 2 3 3 3 1 2 3 4 3 1 2 2 2 1 3 1 4 4 4 3 4 2 1 3 3 2 3 2 4 4 2 4 4 3 2 1 1 3 4 3 4 4 4 2 3 3 3 3 1 3 4 3 4 4 4 
4 4 1 3 3 2 3 4 2 2 4 4 3 2 2 3 4 2 3 3 3 4 3 1 3 2 3 4 4 3 3 1 4 4 3 4 2 1 1 2 2 1 1 1 4 2 1 3 1 1 1 2 4 4 2 1 3 1 2 3 4 4 1 2 2 1 3 2 3 2 2 3 1 4 2 3 1 1 1 4 2 1 2 3 3 4 4 4 4 4 1 3 4 4 2 1 1 2 4 2 3 4 2 2 1 1 1 4 2 4 3 3 1 2 1 4 3 3 3 2 3 3 1 4 4 
4 4 3 2 4 3 4 4 3 3 3 2 3 1 1 2 4 1 3 4 1 2 4 1 3 2 1 2 1 2 3 4 3 1 1 2 3 1 1 3 3 2 2 2 4 1 3 3 1 3 3 4 3 3 1 1 4 3 1 3 2 1 2 4 2 4 4 4 1 4 4 3 4 2 1 4 4 2 1 1 3 3 3 3 1 2 2 4 3 1 3 3 3 1 4 1 3 3 2 2 4 2 2 2 1 2 1 4 3 2 4 3 2 3 4 4 4 3 1 4 1 4 2 3 4 
4 4 4 1 4 4 4 3 3 1 4 2 3 1 3 1 3 2 1 1 2 4 4 2 3 3 2 1 2 3 2 4 1 4 3 2 1 1 1 2 4 3 2 1 4 1 1 4 1 1 1 4 3 2 1 3 2 2 4 3 4 4 2 4 2 2 4 2 3 3 1 2 1 4 1 3 2 1 2 4 1 1 4 3 1 2 4 2 2 4 3 1 1 3 3 4 1 3 1 2 2 2 1 3 3 2 3 2 1 1 1 2 2 1 1 3 2 3 4 2 4 2 4 3 4 
4 4 2 4 2 4 3 1 3 1 2 4 3 3 1 3 2 2 4 1 4 1 3 2 3 2 3 4 4 2 4 3 3 3 3 4 3 1 4 4 4 4 4 1 2 1 4 1 1 4 3 2 1 1 1 2 1 1 1 2 4 2 2 3 1 2 4 3 3 2 1 1 3 2 2 4 2 3 3 4 2 4 3 3 3 1 3 1 2 1 3 4 4 2 2 2 4 3 2 3 4 3 1 2 1 4 3 3 2 1 1 3 3 1 4 2 2 3 4 3 2 1 1 3 4 
4 1 1 2 2 2 2 4 3 4 3 3 3 4 2 3 4 3 1 2 2 3 4 3 2 2 1 2 1 2 2 2 3 3 3 2 2 4 2 2 1 4 3 2 4 2 3 1 1 1 3 4 1 2 3 4 4 3 4 2 1 3 3 2 1 3 4 2 4 2 3 4 1 3 1 1 1 1 3 3 2 2 2 2 1 2 4 4 2 1 2 1 1 3 4 3 1 1 3 1 1 1 1 1 2 1 1 3 1 3 1 4 3 2 3 4 4 4 1 4 4 3 4 4 4 
4 1 3 2 3 3 1 2 1 2 1 3 3 3 2 2 2 3 4 2 4 1 2 2 3 2 3 1 4 2 1 4 4 3 1 4 3 2 1 1 4 1 3 1 2 4 4 3 4 2 3 1 4 4 1 3 3 3 4 1 3 1 2 2 3 4 1 3 4 3 1 2 4 4 1 2 4 1 3 1 3 1 3 4 1 1 3 3 4 3 3 1 2 4 3 4 4 4 3 1 2 3 1 1 2 3 1 1 3 1 3 2 1 2 3 1 1 1 3 2 3 1 3 4 4 
4 4 4 2 2 3 2 1 3 4 2 4 2 2 2 1 2 4 4 4 4 4 2 1 3 1 4 3 1 2 2 1 4 4 4 2 3 1 3 1 4 3 4 4 3 3 1 3 2 4 3 4 2 2 2 2 3 2 4 4 2 1 2 4 4 2 2 1 2 1 2 2 3 4 4 1 3 4 1 2 4 1 1 3 2 1 1 2 3 4 4 4 1 4 1 3 1 2 4 3 1 3 4 4 2 2 4 1 2 1 2 1 1 1 3 3 2 4 2 3 3 4 4 2 4 
4 3 4 3 4 1 2 3 4 4 1 4 2 2 4 1 2 3 1 1 3 2 2 3 4 2 2 2 1 1 2 2 3 4 4 2 2 1 1 2 3 4 3 3 4 4 1 1 3 2 3 1 4 4 4 3 1 1 2 2 2 1 3 3 3 1 3 3 2 2 3 2 3 3 1 1 2 1 1 4 4 1 3 4 4 1 2 3 1 2 3 3 1 4 1 1 4 3 3 4 4 1 3 3 2 2 2 2 2 2 1 1 4 4 4 4 4 3 2 3 4 4 4 3 4 
4 1 2 2 1 1 2 4 3 3 2 2 3 4 1 3 4 4 4 3 1 1 3 4 3 2 4 1 1 1 3 4 1 3 2 1 1 3 1 1 4 1 4 2 2 4 3 2 2 3 2 3 3 2 4 4 1 1 3 4 2 3 4 1 4 2 2 3 2 3 1 1 3 1 2 4 3 2 3 1 2 3 4 2 2 4 1 3 3 2 4 3 3 4 4 3 1 4 1 2 2 3 3 4 4 4 4 3 1 2 4 3 1 3 4 4 3 2 1 4 4 1 2 3 4 
4 2 4 1 4 3 1 1 3 4 2 1 1 3 4 2 3 2 2 1 3 2 3 1 1 3 1 3 4 2 4 1 2 1 2 3 3 1 4 2 1 2 1 3 2 4 2 3 2 1 2 3 3 1 1 2 3 3 1 4 3 1 1 1 4 1 2 2 1 4 3 4 4 1 3 2 1 4 1 2 4 2 2 4 2 4 3 1 2 2 2 1 4 3 4 1 3 2 2 3 3 2 4 4 3 3 1 4 2 2 2 4 4 3 3 4 2 4 3 3 2 1 2 2 4 
4 3 2 3 2 3 3 1 4 2 2 3 2 4 4 3 4 2 1 1 3 4 4 2 3 1 2 2 4 4 1 2 3 4 4 1 3 1 1 2 2 3 2 1 2 3 3 2 4 3 1 3 4 2 2 3 2 1 4 2 1 2 1 2 1 2 4 2 2 3 2 3 1 2 4 2 3 2 3 3 4 2 3 3 2 3 4 1 3 4 2 1 2 4 3 1 1 1 1 3 1 4 4 3 4 2 4 4 1 1 1 4 2 4 4 3 4 4 1 3 1 3 3 1 4 
4 4 2 1 3 3 2 4 2 1 3 2 2 4 1 1 2 2 4 1 1 3 2 1 4 2 4 1 4 1 1 4 2 1 4 4 2 1 3 4 1 4 2 4 2 2 3 4 2 2 4 3 3 2 4 2 2 1 2 3 1 1 1 2 3 4 4 4 4 1 3 2 2 3 2 2 1 2 4 4 4 4 1 2 3 2 2 1 2 1 3 4 1 1 2 1 4 1 1 2 4 4 1 2 3 1 1 3 2 2 1 1 1 1 3 4 1 4 3 4 4 4 3 4 4 
4 3 4 3 3 4 4 3 3 2 3 4 4 3 2 2 3 4 1 2 3 4 1 4 1 4 4 3 2 3 3 2 4 3 3 4 3 3 1 4 2 2 3 3 1 2 2 1 1 3 1 3 2 1 2 2 4 2 3 1 1 1 4 2 4 2 4 3 3 2 2 1 3 2 1 4 2 3 3 4 3 4 4 1 4 2 1 3 2 3 2 1 1 2 3 3 2 3 1 1 1 2 2 2 3 4 3 1 4 2 2 2 1 4 2 3 4 1 1 3 2 2 1 3 4 
4 4 2 3 3 1 2 3 1 4 2 1 4 1 3 3 3 4 1 4 4 4 1 2 1 1 2 2 4 1 2 4 3 3 4 1 4 3 2 3 3 1 3 1 3 3 4 2 4 2 3 2 1 4 1 4 3 3 4 2 4 1 3 4 2 4 1 4 1 2 4 4 1 1 1 1 2 2 1 1 2 4 3 2 3 1 3 1 2 2 1 4 3 4 2 3 2 1 2 2 1 3 4 2 3 2 1 4 2 3 3 2 1 3 2 4 1 2 3 1 3 3 2 2 4 
4 3 2 2 3 4 4 2 3 2 4 1 4 1 2 3 3 4 3 1 3 4 4 1 3 2 2 1 3 2 1 2 3 3 2 4 1 3 1 2 3 3 3 2 1 2 4 4 1 4 2 4 1 4 3 2 1 3 4 3 4 4 4 3 2 3 4 3 2 3 1 4 3 4 1 2 2 4 1 4 4 2 4 4 2 2 1 3 2 3 3 1 1 2 3 3 2 3 2 2 1 1 4 2 4 4 2 3 2 3 3 1 4 1 1 2 4 3 4 4 2 3 4 3 4 
4 4 2 4 1 1 1 3 1 1 1 4 2 3 3 1 2 3 1 2 1 4 2 4 4 3 3 4 2 3 3 1 3 1 1 2 1 4 3 2 1 1 1 1 2 4 2 4 1 4 2 2 2 3 3 1 2 2 4 3 3 3 1 1 4 4 1 3 3 1 2 1 4 3 1 2 4 3 2 2 2 3 4 3 4 4 2 3 2 3 1 1 2 3 4 4 2 4 1 3 2 1 4 2 4 1 1 4 4 2 3 2 4 4 3 1 2 4 4 4 1 2 4 2 4 
4 1 3 1 3 2 2 2 4 3 3 2 3 2 2 4 3 3 2 3 2 1 3 3 4 4 4 2 3 4 2 3 2 4 1 4 4 1 4 4 3 2 3 1 2 3 3 3 1 4 3 4 4 4 3 1 1 2 1 2 3 2 1 3 1 3 1 4 4 4 2 4 1 3 4 1 2 2 3 2 3 1 1 1 2 1 4 3 1 4 2 1 4 2 4 4 2 3 3 3 3 3 4 4 4 4 2 4 4 2 4 3 3 3 4 3 3 3 2 1 4 3 3 2 4 
4 4 4 3 3 3 1 4 2 3 1 4 4 2 3 2 2 1 1 2 4 3 2 4 3 3 4 3 1 4 4 3 1 4 3 4 4 1 4 3 4 4 4 4 2 2 4 4 4 1 4 4 2 4 1 3 2 2 1 1 4 2 3 3 3 4 3 4 1 1 3 3 2 1 3 2 2 1 1 1 4 3 1 3 4 2 4 2 4 2 2 1 2 3 2 4 1 4 2 2 4 2 2 1 3 1 4 4 4 3 1 1 1 2 2 4 3 2 1 1 3 3 4 1 4 
4 4 1 4 1 1 1 4 2 3 4 3 2 4 1 1 2 3 3 3 1 1 1 4 2 3 4 4 2 1 4 1 4 1 3 2 4 1 2 1 3 1 4 2 1 1 2 4 2 2 2 3 4 3 4 4 1 4 2 3 2 3 2 4 3 4 1 4 1 2 2 1 2 4 2 2 4 4 4 2 1 2 3 3 4 1 3 2 4 4 2 3 4 4 1 3 1 4 3 1 3 4 1 3 3 3 4 4 3 1 4 4 3 1 4 4 4 2 2 4 4 2 3 2 4 
4 4 3 1 4 1 3 1 2 3 2 3 3 3 2 3 4 3 2 1 4 4 4 1 4 4 1 2 1 4 4 3 2 4 3 3 3 4 1 2 2 3 3 1 4 4 4 3 3 1 2 1 4 2 4 2 2 2 1 4 4 2 1 2 1 4 1 3 1 1 1 2 4 2 4 3 1 3 3 4 3 3 3 2 3 2 3 4 4 4 3 4 4 3 4 2 3 1 2 3 2 4 3 3 1 4 4 1 1 3 2 2 3 2 3 3 4 3 3 2 3 1 4 1 4 
4 2 1 3 4 3 1 4 2 2 1 4 2 2 3 3 3 4 4 1 1 4 2 4 3 4 4 4 4 4 3 3 1 3 2 2 2 1 3 2 3 2 3 1 4 4 1 1 4 4 4 3 4 2 3 4 3 3 3 2 1 2 4 1 1 4 2 3 3 4 4 4 2 3 3 2 4 2 2 4 2 4 3 4 3 1 3 3 1 3 4 3 3 4 3 4 1 2 4 4 3 2 3 2 1 4 3 3 3 3 2 1 2 3 2 2 3 4 1 1 3 3 1 3 4 
4 1 4 2 4 4 2 3 2 2 4 3 4 4 4 2 4 1 3 3 1 2 1 3 2 4 1 4 3 3 3 3 3 4 3 4 4 2 2 2 4 4 2 1 3 3 4 1 4 1 2 1 3 2 4 4 4 3 2 4 4 4 4 2 3 4 1 3 1 3 1 2 3 1 1 1 1 1 4 1 4 1 4 3 2 1 3 4 2 3 4 1 4 2 1 3 3 4 4 4 3 4 3 2 4 1 2 4 3 2 4 2 3 4 3 3 4 3 4 4 4 4 1 3 4 
4 2 3 4 1 4 3 4 4 3 4 3 4 3 3 2 2 2 2 1 4 2 3 1 2 1 2 1 3 1 3 4 3 4 4 2 2 4 2 2 4 3 3 3 4 4 4 1 2 2 1 1 2 4 1 2 2 4 1 1 4 3 1 4 4 4 4 4 3 3 4 4 1 4 2 3 1 2 3 1 4 3 3 4 4 4 3 4 2 2 2 1 4 2 3 3 3 4 1 2 2 3 3 3 1 1 1 3 3 2 2 4 2 2 2 2 1 3 2 2 4 3 2 4 4 
4 2 4 3 4 3 2 3 3 2 2 4 4 3 2 2 1 2 1 1 2 1 2 4 3 1 1 2 2 3 1 2 3 2 1 4 1 3 1 4 2 3 4 4 2 4 1 4 1 3 1 1 3 1 3 1 3 4 2 2 4 2 3 1 3 4 1 3 1 1 2 1 1 2 2 4 3 1 3 2 1 3 4 4 3 4 1 4 2 1 3 3 4 2 2 1 4 1 1 3 4 2 1 2 4 4 4 2 1 4 1 2 1 4 4 3 4 3 4 1 1 1 3 1 4 
4 2 3 3 1 1 4 4 3 4 1 2 3 4 3 2 2 2 4 2 4 4 3 1 1 2 1 2 4 4 1 1 2 2 1 1 4 3 1 1 1 2 4 4 3 3 2 4 1 1 2 3 1 2 2 4 4 3 2 2 4 2 4 4 3 2 4 2 2 3 3 3 2 3 3 1 4 2 1 3 3 4 2 2 1 4 2 4 1 3 1 2 2 3 1 1 2 2 3 4 3 1 4 4 2 3 1 4 2 1 1 3 3 1 3 1 4 2 3 1 2 3 2 3 4 
4 2 2 1 3 2 1 4 1 2 2 3 3 2 1 2 2 3 3 2 2 1 1 2 3 4 1 4 1 2 4 1 4 4 4 4 1 4 2 1 4 3 4 1 2 1 4 3 3 4 2 4 2 2 3 4 1 4 2 2 2 4 2 2 2 3 3 3 4 4 1 4 1 4 3 2 2 4 1 4 4 3 2 2 3 4 1 2 2 2 4 4 4 2 3 2 1 4 1 2 1 2 3 1 1 1 3 1 3 1 3 1 2 2 4 4 4 2 4 2 3 4 1 2 4 
4 2 3 3 3 1 2 1 2 3 1 1 3 4 4 1 3 4 2 4 3 1 3 1 4 3 4 4 4 2 4 3 1 3 1 1 1 1 2 4 3 1 1 4 4 1 1 1 4 1 3 4 1 3 4 1 3 3 3 4 3 4 1 4 1 1 1 4 4 4 3 4 4 3 4 3 2 4 1 1 3 3 4 2 4 1 2 4 3 2 1 1 4 3 1 2 2 1 2 1 1 1 1 2 2 4 1 4 4 4 1 4 4 3 3 1 1 2 2 2 3 3 3 1 4 
4 4 1 1 3 2 2 2 3 4 1 1 1 1 4 3 2 2 1 4 4 3 4 3 2 3 4 2 3 2 2 3 2 2 2 1 2 2 2 2 1 2 4 2 4 1 2 1 4 4 2 2 2 2 3 2 1 4 3 3 3 3 3 4 2 1 2 3 4 2 3 4 2 1 2 4 2 1 2 2 3 2 1 3 2 3 2 2 2 1 1 2 3 2 4 1 2 1 3 3 2 2 2 1 4 1 2 2 3 1 3 4 2 2 4 3 2 1 3 1 3 1 2 1 4 
4 3 1 4 3 4 4 2 1 4 3 1 2 3 3 2 4 2 3 3 2 3 1 2 2 2 2 3 3 3 2 3 4 3 3 1 2 3 4 4 2 1 2 1 4 1 4 3 1 1 3 3 1 2 1 2 3 1 4 2 4 4 3 3 2 2 3 2 3 1 3 3 4 1 4 1 4 3 4 4 1 3 3 3 3 2 3 3 3 2 4 2 4 4 1 2 4 3 4 3 3 2 4 3 4 1 4 2 1 3 1 2 4 3 2 4 3 4 1 1 2 2 4 3 4 
4 2 4 2 4 3 3 3 3 2 4 3 1 1 2 2 3 3 2 2 4 2 4 1 1 3 2 1 1 2 4 2 1 2 2 1 1 3 2 2 4 2 3 2 3 1 4 1 2 3 2 3 4 2 3 1 1 1 1 1 4 4 1 3 2 3 1 2 3 3 1 3 3 2 1 4 2 1 4 4 3 2 3 3 2 2 2 1 1 3 4 1 2 3 3 4 3 3 2 2 4 3 4 4 3 2 4 1 3 1 1 3 4 2 3 2 3 4 2 1 1 4 2 4 4 
4 2 1 3 1 2 4 2 2 3 3 2 4 2 2 4 1 2 2 2 2 3 2 1 3 2 1 4 3 4 1 4 2 4 1 3 4 1 2 4 2 2 2 3 3 3 3 4 4 1 2 4 1 3 2 3 1 4 3 2 1 3 2 4 1 3 3 2 4 1 4 1 3 4 1 1 3 3 3 1 2 4 2 1 2 4 2 2 2 4 4 3 3 3 2 3 1 2 4 2 1 4 3 2 4 4 3 3 1 4 3 1 3 2 3 4 4 3 4 3 3 1 3 2 4 
4 3 3 2 1 1 4 4 4 3 1 2 1 2 3 3 1 4 2 2 1 2 1 2 4 1 3 2 1 3 2 3 1 2 2 3 2 4 1 2 3 2 4 3 3 4 1 2 1 1 4 4 2 2 1 1 3 3 4 2 2 3 1 2 1 1 4 3 3 3 1 2 4 2 1 1 3 1 3 1 4 3 2 3 3 4 1 1 3 3 3 4 1 3 4 3 2 3 3 2 3 2 2 1 1 2 1 1 1 4 4 3 2 1 2 2 1 4 4 2 2 3 1 1 4 
4 2 1 4 3 1 4 3 4 2 4 2 1 3 2 1 2 3 2 3 1 1 4 4 3 4 4 1 4 1 3 4 4 2 4 3 2 2 2 4 2 1 3 1 1 2 2 2 1 4 3 4 4 3 4 3 3 3 4 4 4 1 4 3 3 1 2 3 3 3 4 4 4 4 3 1 1 4 4 3 1 2 2 3 3 3 1 1 1 3 2 3 2 2 2 3 4 4 3 1 2 2 1 1 1 4 4 2 4 1 2 1 1 1 4 3 2 4 1 4 2 3 1 2 4 
4 1 3 2 2 3 4 3 1 4 1 3 1 4 1 2 1 3 2 1 4 2 1 2 2 4 3 2 1 2 1 4 2 2 1 2 1 3 2 4 2 1 1 1 4 3 3 3 4 2 1 1 1 1 3 1 1 1 4 4 2 3 3 1 3 2 3 3 2 4 2 2 3 2 1 1 4 1 4 3 1 1 4 3 2 4 2 4 4 3 2 4 1 2 4 1 1 1 1 3 3 3 4 1 3 1 3 3 4 4 3 4 1 4 4 2 3 3 4 2 4 3 1 2 4 
4 4 2 1 3 2 1 1 1 1 3 4 1 1 1 2 3 4 3 1 3 3 1 4 3 1 4 2 3 4 4 1 1 3 4 1 4 4 4 1 4 4 2 3 4 1 1 2 4 3 3 2 2 2 3 4 3 3 3 3 3 3 4 3 1 2 1 1 1 3 2 2 1 4 4 1 2 4 3 2 3 1 4 1 1 1 1 3 3 4 4 4 4 3 3 1 4 4 1 1 3 1 1 2 4 4 4 2 3 1 4 3 3 2 3 1 4 2 1 2 1 1 3 4 4 
4 3 3 4 3 1 3 1 2 1 3 1 4 1 4 1 2 4 2 1 4 3 2 2 4 4 2 2 1 2 2 4 2 2 1 3 1 1 3 3 3 2 1 3 3 2 4 4 1 2 1 4 1 3 2 2 1 4 2 2 1 3 3 2 4 2 4 4 1 4 2 4 4 2 3 1 4 1 1 3 3 1 1 3 3 4 1 1 2 4 2 4 1 1 3 2 2 1 1 3 3 3 1 1 2 2 2 1 4 1 2 2 3 1 3 4 3 3 2 4 2 3 4 4 4 
4 2 1 3 1 3 4 1 2 2 1 2 2 4 1 1 4 1 1 4 4 4 1 3 4 1 4 1 3 4 3 3 4 3 2 2 1 3 3 2 4 4 1 1 4 4 2 4 3 3 1 3 2 2 2 4 1 3 2 4 3 1 4 2 3 3 1 1 2 4 1 2 4 1 2 1 4 4 1 3 3 4 3 4 3 3 3 4 1 3 4 4 4 1 1 1 3 2 3 4 3 2 1 2 4 1 4 4 3 1 3 2 1 1 2 2 1 4 1 4 4 3 4 3 4 
4 2 3 4 2 4 3 1 4 4 2 1 1 2 2 2 4 3 2 1 3 1 3 4 2 2 3 4 3 3 1 1 3 3 2 1 1 3 3 4 1 2 4 1 2 4 1 4 4 2 4 1 4 4 2 1 3 1 3 4 4 4 1 3 2 4 3 4 2 2 4 1 4 2 2 2 1 1 2 4 1 2 1 1 3 2 4 2 4 2 3 1 4 3 2 2 4 3 2 1 1 2 3 1 1 1 2 1 2 3 4 4 2 1 3 2 3 1 1 1 3 4 1 2 4 
4 1 4 4 2 2 2 2 1 3 3 3 1 1 2 2 2 3 2 2 1 1 4 2 3 1 4 2 1 2 2 1 2 3 1 1 4 4 3 2 4 3 4 4 3 4 3 2 3 4 4 4 1 1 2 1 2 4 3 3 2 3 4 2 3 2 1 4 1 1 2 3 3 4 2 2 4 2 1 3 4 1 1 2 3 4 4 1 3 2 1 1 3 4 4 2 3 4 1 4 1 2 1 1 1 4 4 2 2 3 4 4 4 2 3 2 3 4 4 4 3 1 1 3 4 
4 1 3 2 4 2 4 1 4 4 2 4 3 2 3 3 4 3 1 1 1 3 2 2 2 1 3 1 4 4 1 4 1 2 4 1 2 2 1 1 4 3 2 4 1 1 2 2 2 4 1 3 3 1 2 1 3 1 3 4 4 3 4 1 1 3 2 3 4 3 1 2 4 4 3 1 3 3 1 1 4 2 4 1 3 3 3 3 2 4 4 4 2 4 4 4 4 4 4 4 3 1 3 4 1 4 3 4 1 2 2 3 2 4 4 3 3 3 3 1 4 4 3 1 4 
4 4 1 4 3 2 2 3 4 3 3 3 3 3 3 2 1 3 2 1 4 2 4 1 2 1 1 3 4 4 1 2 1 3 2 1 2 1 1 3 2 3 3 3 3 1 2 4 1 1 1 1 2 4 3 3 4 2 1 2 2 4 4 4 2 3 3 1 1 4 4 3 4 3 2 3 4 4 1 1 2 3 3 4 1 3 1 1 4 4 4 4 4 1 4 3 1 2 2 1 3 4 1 3 1 1 3 4 2 3 1 4 3 2 2 2 1 4 2 2 4 2 3 3 4 
4 4 4 2 4 2 2 2 1 2 4 3 2 3 3 1 2 3 4 2 2 2 2 1 1 4 1 2 3 1 1 3 2 1 4 1 4 2 2 2 3 4 2 4 3 2 2 4 1 2 2 3 3 1 3 2 3 2 1 3 1 1 3 1 2 4 2 4 2 2 1 1 4 1 2 4 1 4 1 4 4 1 1 1 1 3 2 2 3 4 3 1 4 3 2 4 4 2 4 4 1 1 2 4 2 2 1 2 3 4 4 4 4 2 4 3 2 4 2 4 4 1 1 3 4 
4 3 4 2 1 2 4 2 3 1 1 2 3 2 1 1 2 2 1 3 3 4 2 3 3 3 1 4 1 3 2 3 1 1 4 1 1 3 2 4 4 2 2 2 3 2 1 1 3 4 4 1 3 1 4 3 4 2 4 2 3 3 1 4 3 1 4 4 3 1 3 2 3 2 4 2 1 2 1 4 3 4 3 1 1 3 4 2 1 3 1 2 1 3 1 4 4 4 4 2 1 4 3 4 2 1 2 4 1 4 4 2 4 2 1 4 4 4 2 2 3 4 1 3 4 
4 3 2 4 4 1 2 4 3 1 1 2 1 2 1 3 1 1 1 2 2 4 3 4 2 4 2 2 2 4 4 4 3 4 4 2 2 4 4 2 2 2 2 2 2 4 3 1 1 2 3 4 2 1 2 3 4 1 3 2 1 1 4 2 2 4 2 1 3 1 3 4 4 2 4 4 2 3 2 3 3 2 4 3 1 3 1 4 2 3 4 3 3 3 2 3 4 1 1 1 1 1 2 4 2 4 1 1 4 3 3 2 2 3 1 1 1 1 4 1 4 2 4 4 4 
4 3 4 4 2 3 3 2 1 3 2 1 4 3 2 2 2 1 3 4 2 1 4 4 1 2 4 1 4 4 3 2 1 1 1 4 4 4 4 1 3 3 1 2 2 1 4 1 2 2 2 2 4 4 3 2 2 1 2 3 1 1 4 1 3 2 4 2 4 3 2 1 1 3 1 2 3 2 4 4 1 4 3 4 4 4 2 1 3 1 3 1 3 3 4 1 1 3 3 3 3 2 2 4 4 1 4 1 1 2 1 1 2 2 3 1 2 1 4 1 2 1 3 2 4 
4 3 2 1 2 4 1 2 3 4 2 1 1 4 2 4 3 4 2 2 2 2 3 3 4 2 1 4 4 4 4 2 2 4 2 1 3 2 4 1 4 4 3 3 3 2 4 3 4 2 3 2 1 3 1 1 4 4 2 3 3 4 2 2 1 1 3 4 2 2 3 2 3 4 4 4 1 3 1 4 4 3 4 3 4 3 3 2 2 1 1 2 1 2 3 1 1 1 1 1 1 2 4 1 4 1 3 3 1 3 2 3 2 2 1 1 1 4 4 1 3 2 3 3 4 
4 3 4 3 2 1 4 4 4 1 2 4 2 3 1 3 2 2 3 1 4 3 3 3 2 3 2 4 3 4 3 1 1 2 3 1 2 2 1 3 4 4 2 1 2 3 2 3 4 2 1 3 4 2 2 3 4 2 1 3 4 3 3 1 1 1 4 2 2 2 2 3 4 4 2 1 3 1 4 3 3 3 2 2 3 1 4 1 4 4 4 3 3 1 3 2 3 4 4 4 4 1 3 1 1 3 3 4 1 1 1 3 1 4 2 2 3 2 4 2 1 1 4 1 4 
4 2 3 4 4 1 1 3 4 1 1 1 2 4 2 4 3 1 3 2 2 3 1 2 1 1 2 4 2 3 4 3 3 2 1 2 4 4 2 3 4 4 4 4 3 2 4 4 4 4 2 4 4 3 4 1 3 3 4 4 4 3 1 3 1 4 1 3 3 1 4 1 1 4 4 1 3 3 3 1 4 2 3 3 2 3 1 2 4 3 3 4 3 2 1 4 2 4 2 1 3 1 4 1 2 1 4 2 4 4 4 2 2 3 1 3 3 2 1 3 4 2 3 2 4 
4 3 2 2 1 3 2 3 2 2 2 2 4 1 1 3 1 4 2 4 3 2 3 3 2 4 3 1 4 4 3 2 4 2 3 3 4 3 2 2 3 1 1 2 2 1 2 4 4 4 4 1 3 1 3 2 4 3 2 1 1 3 1 2 1 2 3 3 1 2 1 2 2 3 4 2 1 4 1 4 3 1 4 4 3 3 1 1 2 4 1 3 4 1 1 1 4 2 2 1 2 2 1 1 4 4 2 3 1 1 3 2 4 4 1 2 1 3 1 2 2 1 1 2 4 
4 4 4 3 1 1 1 2 2 4 1 1 3 2 4 1 3 1 3 3 4 2 3 3 2 4 3 4 1 1 4 4 1 4 3 1 3 1 1 4 2 2 2 2 4 2 1 4 3 3 2 3 4 1 4 4 3 3 1 1 1 4 1 2 1 4 4 4 3 2 3 1 2 3 4 1 1 1 1 4 1 4 1 2 3 1 3 3 1 2 1 3 3 1 3 3 1 2 2 1 3 4 2 2 1 2 1 4 4 1 1 2 2 4 4 1 4 4 4 1 1 3 4 1 4 
4 3 3 2 3 3 2 4 1 3 1 2 2 1 4 3 2 3 3 2 1 3 4 4 1 1 1 4 3 2 1 1 4 4 2 1 3 4 1 3 4 3 2 3 2 1 3 4 1 4 1 1 3 4 3 4 3 3 2 4 3 3 3 4 4 4 3 3 3 2 3 4 4 1 4 4 4 4 2 4 3 2 4 1 1 3 3 4 4 4 2 3 1 4 3 3 2 2 4 1 4 3 4 2 2 2 1 1 1 3 2 3 2 3 2 4 2 2 3 1 4 1 2 1 4 
4 3 4 2 3 1 1 4 3 3 1 4 3 2 3 2 2 2 2 2 1 4 2 4 3 3 1 1 4 1 1 2 3 3 1 4 1 4 1 3 3 4 1 2 4 3 4 1 3 1 2 4 4 2 4 1 3 2 2 3 4 1 1 1 2 2 4 4 2 2 3 4 4 3 3 2 1 3 3 1 1 3 1 2 2 2 3 1 1 4 4 3 2 1 1 4 3 1 4 2 4 3 2 2 3 1 2 4 1 3 3 1 1 4 2 2 3 2 1 1 1 4 3 2 4 
4 2 2 3 1 1 1 4 4 3 2 3 4 3 2 2 4 4 4 2 4 3 1 1 2 1 1 2 1 3 4 1 4 1 2 3 2 1 3 1 1 4 3 1 3 3 4 1 4 2 2 2 1 2 3 2 2 1 3 2 1 4 1 4 4 1 1 4 3 1 1 1 3 1 4 1 3 2 3 4 2 3 2 1 4 3 4 3 3 1 2 2 4 4 1 2 1 3 3 4 3 2 3 2 1 4 2 1 1 3 4 4 2 1 4 1 2 2 4 1 1 1 4 1 4 
4 1 4 3 3 4 3 3 3 2 3 4 4 1 3 1 3 4 1 3 1 3 3 2 4 3 2 3 2 4 1 4 4 3 3 2 1 2 1 1 2 1 4 1 1 2 3 4 2 2 1 1 4 3 1 4 4 1 2 1 1 1 4 2 3 3 3 2 3 2 4 4 1 2 1 1 1 4 3 1 2 2 4 1 4 1 4 1 2 4 1 4 3 3 3 4 3 1 2 2 4 1 1 2 4 1 2 1 4 3 1 1 4 2 4 1 1 4 3 4 3 3 2 1 4 
4 1 1 1 4 1 1 1 2 2 2 2 1 3 2 2 1 4 2 4 2 4 3 3 4 4 4 3 3 2 1 1 3 3 1 3 3 1 1 4 4 1 3 2 3 1 4 1 2 2 4 1 3 3 3 2 1 3 3 1 3 3 2 2 4 1 2 4 1 3 2 2 2 2 4 3 1 2 1 3 4 3 1 2 3 2 4 3 2 4 2 1 3 3 1 4 3 4 4 4 3 2 4 2 4 2 1 2 3 1 3 1 2 2 1 4 1 2 4 2 2 3 4 4 4 
4 1 4 4 2 4 4 4 3 4 3 4 1 3 3 3 1 2 2 2 4 1 4 4 2 2 1 1 4 1 1 4 1 2 1 3 1 3 1 2 3 3 1 3 1 4 3 4 3 1 4 2 1 1 3 2 3 4 4 2 1 3 3 1 4 3 2 3 1 4 1 2 4 2 4 4 4 3 2 3 2 1 1 4 4 3 4 1 3 4 2 4 4 3 4 2 3 2 4 2 2 3 4 4 1 3 4 1 2 1 1 3 1 4 1 1 1 2 1 1 3 1 1 3 4 
4 3 3 4 2 1 3 1 4 2 4 3 3 2 1 2 3 4 3 4 1 1 4 1 3 2 4 3 3 2 3 3 2 2 1 2 3 4 1 1 3 3 2 3 4 2 4 3 3 4 4 1 1 3 4 4 3 1 1 3 3 3 2 2 2 4 2 1 3 2 2 2 1 2 4 2 2 4 1 1 2 1 4 1 3 3 3 3 2 1 4 2 3 3 3 3 4 4 3 3 4 2 4 1 1 3 3 3 4 3 2 1 1 2 4 2 1 4 1 4 1 1 2 3 4 
4 1 2 1 3 2 3 1 3 3 1 4 3 1 1 4 3 1 3 4 1 2 3 1 4 3 2 3 2 2 1 2 4 2 2 4 4 3 3 4 2 2 2 3 3 3 4 2 4 1 4 1 4 4 2 4 3 3 3 2 3 4 4 1 1 3 1 4 3 3 4 4 2 4 2 2 2 2 1 3 1 4 1 3 1 3 3 1 4 3 3 1 1 1 1 4 3 4 3 1 1 2 3 2 2 4 2 3 2 4 2 3 4 2 4 2 2 2 4 1 4 3 4 2 4 
4 3 1 2 2 2 3 3 1 2 2 2 1 1 1 3 4 2 3 3 2 2 1 4 3 2 3 1 1 4 1 1 3 1 2 4 3 2 4 1 4 3 2 1 4 1 1 3 1 2 4 3 4 4 3 3 3 4 1 3 2 4 4 2 2 4 3 3 4 4 1 4 4 3 2 4 4 2 4 1 1 4 3 4 1 4 4 1 2 1 1 2 1 1 1 4 3 4 3 1 3 1 2 4 1 2 4 4 1 4 3 2 2 4 2 3 3 2 3 1 3 1 3 4 4 
4 2 3 2 2 2 4 3 4 4 2 3 4 3 1 2 3 3 2 1 1 4 1 4 3 3 1 4 1 2 3 1 2 3 2 1 4 2 3 3 2 2 3 3 3 2 4 3 1 4 4 3 1 4 2 4 4 1 3 4 1 2 2 3 2 3 1 1 3 1 2 2 3 3 4 3 2 3 1 2 4 2 3 3 4 2 4 1 2 4 1 4 4 3 3 2 1 3 1 2 4 1 1 1 3 2 3 2 4 1 4 4 4 3 3 3 3 2 3 4 2 1 1 2 4 
4 1 3 2 3 3 4 4 2 2 2 2 2 4 1 2 3 3 2 1 4 3 3 3 4 4 4 4 3 2 4 2 4 1 3 2 3 2 3 4 3 3 3 4 4 3 1 4 4 3 4 1 3 1 3 2 2 2 3 2 2 1 1 2 3 1 1 2 2 3 2 4 1 1 4 2 4 2 3 2 3 4 3 2 1 3 1 3 1 1 2 4 3 1 2 4 2 3 2 1 3 3 2 4 2 1 4 3 1 4 3 4 1 3 2 2 4 3 4 3 2 3 3 1 4 
4 1 4 3 1 4 2 2 1 4 4 1 2 1 1 4 4 3 3 2 3 3 2 1 3 4 2 4 4 4 2 4 2 3 3 3 4 1 1 1 2 4 3 4 4 2 2 1 1 2 4 3 1 2 4 4 2 1 1 1 4 1 3 3 4 1 4 4 3 1 1 1 3 3 2 3 2 1 3 1 2 3 4 2 2 1 3 1 3 2 4 3 3 3 1 3 1 1 2 2 3 4 1 3 4 2 1 1 2 2 3 4 2 3 4 3 1 3 4 3 3 4 2 4 4 
4 4 3 1 2 2 1 2 1 2 4 3 3 3 1 1 4 4 3 3 1 3 2 2 4 2 4 3 2 1 2 2 3 2 3 3 1 1 2 1 4 1 4 2 2 2 1 2 3 4 4 4 4 3 4 3 3 4 2 2 3 2 2 3 2 3 1 3 2 2 4 3 3 2 2 4 2 4 4 4 3 4 3 1 1 3 2 2 4 1 3 3 4 3 1 3 3 2 2 2 1 2 3 1 1 2 1 4 1 3 2 3 1 1 3 2 4 3 2 1 1 1 1 1 4 
4 1 3 1 1 2 4 3 2 1 2 2 3 4 1 1 2 3 2 3 3 3 3 4 1 3 1 4 1 2 1 1 4 3 4 2 3 1 3 3 3 3 4 4 4 4 2 3 4 2 3 1 3 4 1 3 1 2 3 1 3 4 3 4 1 3 4 2 3 1 2 3 3 2 1 3 2 3 4 1 1 2 2 1 2 3 4 2 3 3 2 4 2 1 3 4 3 4 1 2 3 2 4 2 4 1 1 1 2 1 2 3 4 1 4 4 2 2 4 4 2 4 4 3 4 
4 3 3 4 4 4 2 2 2 4 3 1 4 2 3 3 2 1 1 3 4 4 3 4 4 1 2 1 1 1 1 1 1 1 4 1 4 3 1 2 2 4 4 4 3 1 4 3 3 1 2 4 2 1 4 3 3 2 3 3 4 1 1 2 1 1 4 4 2 1 4 2 4 4 4 4 4 3 3 3 3 3 4 2 1 4 4 1 1 4 4 1 2 3 2 3 1 2 2 2 3 2 1 4 2 2 4 2 3 3 1 3 3 4 3 4 4 4 4 4 3 1 4 1 4 
4 1 4 4 2 1 4 1 1 4 1 2 3 2 1 3 3 3 2 4 1 2 2 4 3 3 3 2 4 1 2 3 2 3 2 3 3 4 4 1 3 1 4 3 4 2 4 1 2 4 2 2 2 4 4 2 2 4 3 1 2 3 3 3 3 2 3 3 2 1 1 3 2 3 2 2 2 3 2 4 1 3 4 1 3 2 4 2 3 2 3 2 2 1 2 1 2 1 4 2 1 3 3 2 2 3 3 1 2 1 3 4 2 4 1 1 3 1 2 4 3 2 4 3 4 
4 2 1 4 1 4 4 2 1 4 1 3 4 1 2 4 2 1 2 2 1 1 2 4 2 2 2 2 3 1 4 1 1 1 4 4 3 4 2 4 4 4 2 2 2 3 3 2 4 3 3 4 2 4 1 2 1 3 3 3 3 3 4 2 4 1 3 1 4 2 1 1 1 1 2 2 3 1 3 4 2 2 1 4 1 1 2 3 4 3 3 2 2 3 2 3 1 4 1 1 2 2 3 1 1 1 2 4 4 3 3 1 1 2 4 2 3 3 4 2 2 3 4 4 4 
4 3 1 1 3 2 3 1 1 3 2 2 1 3 4 3 1 2 4 3 1 4 2 4 2 2 4 3 1 3 1 1 3 2 3 4 4 3 1 2 1 3 4 4 3 4 3 4 4 2 4 3 2 2 4 3 4 3 3 2 4 1 4 3 2 1 3 2 3 1 3 3 3 3 2 4 3 2 3 3 3 4 2 4 3 3 1 2 2 1 4 4 1 4 1 2 2 1 1 1 3 4 4 2 2 3 2 4 3 2 1 4 3 4 2 1 2 4 1 2 1 4 4 3 4 
4 3 2 1 2 3 3 3 4 3 2 1 2 1 3 3 1 2 4 4 1 2 3 2 3 3 3 4 1 2 1 2 4 4 1 4 1 2 3 2 1 3 2 3 2 4 2 3 4 3 4 2 1 2 3 3 1 1 2 3 4 1 3 4 4 1 1 1 2 2 2 1 4 4 4 1 1 2 4 4 1 1 1 4 1 3 3 2 4 3 3 3 1 1 2 3 2 4 3 1 1 4 1 4 3 3 3 2 1 4 1 2 1 1 3 2 4 1 1 4 4 1 4 2 4 
4 2 3 4 4 4 4 4 4 2 3 1 1 1 2 2 3 3 1 2 4 4 1 3 4 2 1 2 3 1 1 1 4 3 1 1 3 3 3 3 1 2 2 4 4 1 2 2 1 4 1 4 1 3 1 2 3 2 1 3 3 4 4 1 2 3 1 2 3 3 2 2 4 4 4 4 3 4 1 3 3 2 2 2 3 1 1 1 1 4 4 4 4 1 1 4 2 4 1 4 2 4 2 3 4 2 3 3 1 1 1 4 1 3 1 3 4 1 2 2 4 3 3 2 4 
4 4 4 3 3 1 1 2 3 2 1 3 2 4 1 2 4 3 4 4 1 3 4 4 4 4 2 2 4 2 4 4 3 2 4 1 4 1 2 2 4 2 4 4 4 4 3 3 4 2 3 4 3 2 3 2 4 2 2 2 2 2 3 1 1 4 1 2 3 1 4 1 4 4 3 4 2 2 3 4 4 4 1 3 3 3 3 1 1 2 4 3 1 3 1 2 2 4 4 4 2 4 4 3 3 2 4 4 4 4 2 4 1 4 1 3 1 4 4 1 4 2 1 4 4 
4 4 1 1 3 2 1 3 1 4 1 2 1 4 4 2 1 3 1 4 3 4 2 3 1 1 2 2 4 2 2 2 2 4 3 4 3 1 3 4 2 3 2 2 3 1 2 4 2 2 2 1 1 4 4 2 2 3 1 2 2 1 3 4 2 4 2 4 3 1 1 3 1 3 4 4 1 1 4 3 4 3 1 4 4 2 2 1 4 2 3 2 4 4 3 1 3 4 2 2 2 3 4 3 1 4 1 1 3 4 4 2 4 4 2 1 2 2 2 2 4 4 4 2 4 
4 4 2 2 4 4 2 1 2 1 1 3 4 1 4 3 1 4 4 1 4 3 4 2 2 1 3 1 1 4 3 2 3 1 4 4 1 3 2 1 3 4 2 1 2 4 2 4 2 2 1 2 4 4 4 1 1 3 1 4 4 1 3 3 1 3 1 4 1 3 1 3 3 3 1 2 3 1 4 2 2 3 1 4 3 2 2 4 4 1 2 3 3 3 3 1 1 3 1 3 1 3 4 1 2 3 2 1 2 2 2 1 4 1 4 4 1 1 4 4 4 4 1 1 4 
4 2 1 4 4 4 1 4 2 2 3 1 1 1 1 3 1 2 4 1 4 2 4 2 3 4 3 4 4 1 3 1 4 3 4 2 3 2 2 2 3 4 1 2 2 2 3 1 4 4 3 2 2 4 3 4 3 2 1 4 1 1 4 3 2 3 3 1 4 1 3 4 3 3 2 4 4 4 1 3 2 3 4 2 3 4 4 1 4 4 3 4 1 3 2 1 4 4 4 3 1 1 2 4 1 3 3 4 3 1 4 4 3 4 3 2 2 4 1 1 3 2 3 2 4 
4 3 4 4 2 4 2 1 3 3 1 4 3 3 1 4 1 4 3 2 1 2 2 3 1 3 4 3 3 2 4 4 2 1 1 4 1 1 2 4 2 1 3 1 3 4 1 3 1 4 3 1 2 2 3 2 3 1 2 3 2 1 2 3 1 4 4 3 1 4 4 4 4 4 4 1 1 2 3 1 4 1 4 4 3 2 2 4 1 3 2 3 2 2 3 3 2 1 3 2 4 1 1 4 2 3 4 1 1 1 3 2 2 1 4 2 4 3 2 1 4 4 2 2 4 
4 3 1 1 4 4 3 3 4 2 2 3 2 2 3 2 4 1 3 1 1 3 4 1 4 4 1 3 1 2 3 2 1 4 2 3 3 3 3 1 3 1 3 1 1 2 4 2 2 3 1 2 4 4 4 3 4 1 3 2 4 3 3 3 3 3 4 2 2 2 2 3 3 2 3 1 2 3 3 1 4 1 4 1 3 3 3 2 1 4 1 1 4 3 4 2 3 1 2 2 2 4 1 3 3 2 3 4 3 1 3 3 2 2 1 2 3 2 4 2 2 3 3 3 4 
4 1 2 4 3 2 2 2 1 3 3 3 3 3 2 2 2 2 2 2 1 4 3 2 4 1 4 2 1 4 3 3 3 3 2 4 2 4 1 2 1 1 1 4 4 4 3 4 1 3 3 2 1 3 1 2 3 4 4 4 4 2 4 4 2 4 1 1 1 3 3 4 1 4 3 1 4 2 1 2 4 2 3 1 4 3 2 1 4 3 3 3 4 3 4 2 4 4 3 1 2 2 1 4 4 2 2 2 4 4 3 3 3 4 2 1 1 1 1 2 2 3 4 4 4 
4 3 3 2 2 1 3 4 4 2 4 3 1 4 4 1 4 2 4 1 4 2 1 1 4 2 2 3 1 1 3 1 2 2 3 3 4 4 3 1 4 3 1 1 3 3 1 3 3 2 1 1 1 2 1 2 2 3 2 4 3 4 3 1 3 1 3 4 4 4 1 2 4 3 1 2 2 1 4 1 3 4 1 3 2 1 4 2 4 2 4 3 2 2 4 4 4 1 3 1 1 2 2 2 3 2 2 3 3 1 1 4 3 1 1 4 1 2 2 2 3 3 2 2 4 
4 2 3 3 2 3 1 2 2 4 4 3 4 3 1 1 3 2 2 4 2 3 4 1 4 2 1 4 2 2 2 3 2 3 2 4 3 3 2 1 1 2 1 3 4 3 2 3 2 1 2 3 2 3 2 2 3 3 4 4 2 4 3 2 1 4 1 3 4 2 4 1 4 3 3 3 4 1 4 4 3 2 1 4 2 4 1 1 4 1 1 4 1 2 3 2 2 2 2 3 1 2 2 1 4 1 1 4 2 2 3 1 4 1 4 3 2 4 3 1 2 1 3 1 4 
4 1 3 4 2 1 4 1 2 3 2 1 3 4 3 1 1 1 2 3 4 2 3 4 4 2 4 2 4 4 2 4 4 2 4 3 2 4 2 3 1 2 3 2 2 2 4 4 1 1 1 1 2 4 1 1 4 3 4 1 2 2 2 3 4 1 3 2 2 4 3 1 2 4 3 1 1 3 4 4 2 1 2 1 4 3 4 2 4 1 3 2 2 1 3 1 3 1 3 2 2 4 4 1 4 3 4 3 3 4 2 1 1 4 1 3 4 3 4 1 4 4 2 3 4 
4 3 1 1 4 2 3 3 4 4 4 1 3 1 3 3 1 2 3 1 4 1 3 2 2 2 1 1 4 1 4 2 1 3 3 4 1 3 1 1 4 1 1 4 1 4 3 4 4 3 3 4 3 3 2 3 4 3 1 3 1 4 2 4 1 2 2 4 2 1 1 2 2 1 1 3 1 2 4 2 1 3 2 1 3 4 3 1 3 1 1 3 4 1 2 3 3 1 1 4 1 1 1 1 2 2 3 3 4 2 3 4 1 3 3 1 4 3 3 2 3 3 1 4 4 
4 4 4 3 3 1 1 3 1 3 1 4 1 3 1 1 1 2 1 1 3 2 1 2 1 1 1 2 2 3 2 4 4 3 3 2 1 3 2 1 4 4 4 4 4 2 1 2 4 4 2 4 4 1 3 1 1 2 1 3 3 2 2 2 2 2 3 1 3 3 1 3 1 3 1 3 3 2 2 1 4 4 2 4 4 3 3 3 3 4 1 1 4 2 2 2 1 1 2 2 1 3 1 1 4 2 4 4 2 1 4 2 2 1 1 2 1 4 2 2 1 3 3 2 4 
4 1 1 2 3 2 4 4 3 4 1 1 1 3 3 3 3 3 2 2 4 2 1 3 3 3 3 1 4 4 4 4 1 3 3 3 3 1 3 3 3 4 1 4 4 1 4 4 2 3 2 1 2 3 2 1 4 2 4 1 4 3 1 3 1 4 3 3 3 2 1 2 1 1 2 4 2 3 1 3 1 4 3 4 1 2 3 4 4 1 2 4 3 3 3 1 3 1 3 1 2 3 3 3 1 3 3 4 1 2 1 3 2 1 1 4 3 3 4 4 4 2 1 4 4 
4 3 3 3 3 1 2 2 2 4 1 2 1 4 3 1 1 3 1 3 1 2 1 1 3 4 1 4 4 2 3 4 3 1 2 3 3 1 2 2 2 4 4 3 3 4 2 2 1 2 1 2 1 4 4 2 3 2 4 4 4 3 3 2 4 1 3 1 3 1 2 4 1 3 3 4 4 1 1 1 3 4 2 2 4 1 1 4 2 4 1 2 3 4 1 2 1 1 4 3 3 3 4 2 1 4 1 4 3 2 2 3 3 3 2 2 1 3 1 4 1 2 4 4 4 
4 4 1 4 4 3 2 3 2 4 2 3 4 2 2 2 3 2 4 1 2 1 2 3 3 4 3 4 2 4 1 1 1 2 3 1 2 1 2 2 3 4 1 4 1 3 3 1 2 3 2 1 4 2 3 1 4 3 2 4 1 3 2 3 1 1 4 4 2 4 4 4 4 1 2 2 2 4 4 3 4 1 2 3 4 1 4 3 2 4 3 4 3 3 1 4 1 4 1 2 2 2 2 2 2 1 1 4 4 3 2 3 2 4 4 4 2 2 1 1 2 2 1 2 4 
4 3 1 3 3 1 1 3 1 4 1 2 4 1 3 2 3 1 4 1 2 3 2 2 1 3 2 4 2 4 1 3 4 3 1 3 1 4 4 1 2 1 3 4 1 1 3 1 3 2 1 3 1 2 4 3 4 2 1 1 3 2 2 3 1 4 4 4 1 1 1 3 2 1 2 2 3 3 2 2 3 1 2 2 4 3 2 1 1 4 4 4 1 4 3 4 1 4 2 2 3 2 3 2 1 1 4 3 3 4 2 3 1 3 4 4 2 2 2 4 2 1 3 3 4 
4 1 1 3 1 3 2 2 1 3 3 1 2 4 2 3 4 2 4 4 3 2 4 1 1 2 3 2 2 4 4 4 4 1 3 1 1 2 2 4 3 4 1 4 1 1 4 1 4 2 4 2 4 2 3 1 1 3 3 3 2 3 4 3 4 4 3 2 3 1 4 1 4 1 4 4 4 4 2 2 4 3 1 3 1 4 3 1 3 4 2 4 4 4 3 1 3 4 2 1 3 3 1 4 1 2 2 3 2 2 4 1 3 4 2 2 4 2 2 4 1 2 2 3 4 
4 3 4 2 1 3 2 3 4 2 2 4 2 4 2 1 1 4 2 1 1 4 2 2 1 4 1 4 3 4 1 3 1 4 2 4 3 4 1 3 2 4 1 2 4 2 2 4 2 4 4 3 4 1 1 2 1 1 2 3 1 1 2 4 3 3 2 4 2 2 4 2 2 4 2 1 2 1 4 1 3 4 2 2 3 3 2 1 1 2 2 1 1 4 2 4 1 3 4 4 2 4 3 4 2 4 1 3 2 3 1 2 3 1 2 2 4 4 3 3 4 4 3 2 4 
4 1 2 4 2 4 1 4 4 1 1 2 1 1 1 3 2 2 1 3 3 4 3 2 3 3 4 4 2 2 3 1 3 2 1 2 3 1 4 2 4 1 2 3 3 3 1 1 2 1 1 3 1 2 1 2 1 2 4 1 1 2 4 1 2 1 4 1 1 1 4 2 4 1 2 3 4 1 3 4 4 3 3 3 4 4 1 3 1 3 2 4 3 4 4 2 2 1 4 2 4 3 1 4 2 3 1 4 4 3 4 1 4 1 2 1 1 3 2 1 1 4 1 3 4 
4 1 1 1 1 1 1 2 3 3 2 4 1 4 3 1 2 2 1 2 3 2 4 3 3 2 3 3 3 1 1 2 2 4 1 1 2 1 3 3 3 4 4 4 2 4 3 2 1 4 2 4 1 4 3 3 3 4 1 4 3 1 1 4 2 2 4 3 3 2 4 4 4 1 4 1 2 3 1 1 4 2 4 4 2 1 3 2 1 4 3 1 2 1 1 3 4 3 2 4 2 3 1 1 1 2 4 3 1 3 1 1 3 3 1 4 3 3 1 1 2 4 4 3 4 
4 3 4 3 4 2 2 4 4 4 3 1 4 1 1 2 3 4 3 4 1 2 1 1 3 1 4 3 1 1 4 1 1 1 1 3 3 2 2 1 1 2 4 3 4 1 1 3 4 1 4 2 4 4 4 2 4 4 3 1 4 1 1 2 2 4 3 2 1 1 4 2 2 2 4 2 1 1 4 4 3 3 1 3 2 4 3 3 4 1 1 2 2 4 1 2 4 1 1 2 3 2 4 1 1 1 3 1 3 2 4 4 2 3 1 2 1 1 4 1 3 1 1 1 4 
4 2 4 3 4 4 1 1 3 4 2 2 2 1 4 3 1 4 3 4 3 4 2 2 1 3 2 1 2 1 2 3 4 3 1 1 3 3 2 3 2 2 2 3 1 1 4 1 4 1 2 2 1 1 4 1 2 4 3 1 3 3 1 4 2 1 2 3 3 2 2 1 2 4 4 1 2 3 3 3 2 2 4 3 2 3 1 3 4 1 4 3 2 4 2 1 4 2 2 1 2 1 2 2 2 4 3 2 1 1 2 2 3 3 4 3 4 4 3 4 3 1 3 3 4 
4 3 4 1 1 4 1 3 4 4 1 4 4 4 2 2 1 2 2 4 4 4 4 3 3 1 3 4 2 3 4 1 4 1 1 4 4 4 4 1 1 4 4 2 3 4 2 2 4 2 2 1 1 3 2 1 3 2 3 2 4 3 2 1 2 1 1 2 3 2 4 3 3 3 1 2 3 3 3 2 4 2 3 3 1 1 3 1 2 2 1 1 3 1 1 3 1 3 2 3 4 1 3 3 2 4 1 3 1 1 3 2 4 2 3 3 1 2 2 3 2 3 2 4 4 
4 3 1 4 3 4 4 2 4 1 3 3 1 3 3 4 2 4 2 2 3 1 2 2 4 1 1 1 2 2 4 1 4 4 1 3 2 3 2 1 3 4 4 1 2 2 2 1 4 2 2 1 1 4 2 1 1 1 3 4 3 2 1 3 4 2 3 4 1 4 3 4 2 3 3 1 2 4 3 4 1 4 4 1 2 1 1 4 3 2 1 4 1 2 2 4 1 4 4 2 3 1 4 3 4 1 3 1 3 2 4 2 1 3 4 4 2 3 1 2 4 3 1 2 4 
4 1 3 3 4 3 4 3 2 4 1 3 1 4 4 4 4 4 1 4 3 4 3 4 1 1 1 3 3 3 2 2 2 4 4 2 4 2 4 2 4 4 1 2 3 4 3 2 4 2 1 1 1 2 2 3 2 2 3 4 3 4 4 1 4 1 2 1 4 4 2 2 3 3 3 4 3 4 3 3 2 3 2 4 1 2 2 1 3 1 4 2 2 1 1 1 1 1 2 1 3 4 4 1 1 2 2 1 4 2 1 4 1 2 2 3 2 4 4 4 1 1 2 1 4 
4 1 3 3 3 4 4 3 4 3 4 2 4 3 4 4 1 4 1 1 2 4 2 3 4 3 4 1 4 4 1 2 3 2 4 4 1 3 4 1 4 1 4 3 3 4 3 1 2 1 1 2 2 4 3 3 1 2 2 1 3 2 2 3 3 2 4 3 2 4 2 3 3 1 3 2 4 1 4 1 3 4 2 4 4 4 3 4 2 3 4 3 3 2 2 4 2 3 3 3 1 2 2 1 3 2 4 3 2 1 2 3 2 2 2 3 1 3 1 3 3 1 1 4 4 
4 2 1 4 3 3 3 3 3 4 3 2 4 4 4 2 4 1 3 3 4 1 2 2 3 1 4 3 1 1 4 1 2 3 3 4 1 3 4 3 1 2 4 1 3 3 4 3 2 4 4 1 2 4 2 3 2 3 2 1 4 3 4 3 1 4 3 4 2 4 2 4 2 3 1 2 1 1 4 1 2 4 3 2 2 2 4 4 1 4 3 1 4 4 3 2 3 1 2 1 4 1 4 3 1 4 4 3 1 1 1 3 3 1 1 1 1 1 3 3 4 3 1 2 4 
4 4 2 3 3 3 4 1 3 3 1 1 1 2 1 4 2 3 3 1 1 2 2 4 1 1 2 1 4 3 4 4 1 4 2 3 4 2 4 3 4 3 2 1 4 4 4 3 4 2 1 2 2 1 3 3 3 3 3 1 4 2 1 3 4 2 1 3 3 1 3 1 4 1 4 3 4 3 4 1 2 1 3 3 3 4 1 1 2 4 2 1 4 1 2 2 1 1 4 4 1 1 2 3 2 3 1 3 3 3 3 3 2 4 3 3 4 3 3 3 3 3 4 3 4 
4 1 4 1 2 1 2 3 3 3 1 2 3 2 1 1 4 1 4 3 4 2 2 1 1 2 1 3 1 1 3 4 2 4 1 4 4 1 1 4 3 3 1 1 3 2 1 2 3 4 4 4 1 4 2 3 1 2 4 2 3 2 3 1 3 3 2 2 4 1 3 3 4 1 4 4 2 3 3 1 1 4 2 4 1 3 4 1 1 3 3 3 4 1 1 3 2 1 1 1 3 1 3 1 4 1 2 4 3 3 3 3 3 4 3 4 2 3 3 4 1 1 2 4 4 
4 2 3 2 1 1 1 2 2 3 4 4 4 3 4 2 3 4 2 4 4 2 2 2 4 3 4 3 3 1 2 1 1 1 2 1 3 1 4 3 1 2 4 3 3 3 1 3 3 4 3 3 3 3 4 3 1 2 2 2 3 4 3 1 1 1 4 4 2 1 4 3 1 4 2 4 1 3 2 3 4 2 2 2 2 3 3 4 1 1 1 4 2 4 4 4 1 1 3 3 1 1 3 1 3 1 1 2 2 2 3 2 3 3 1 1 3 1 3 3 3 4 1 1 4 
4 1 1 3 4 3 4 4 3 1 2 3 1 2 2 4 2 1 1 1 4 2 2 4 1 4 4 4 1 1 4 1 3 3 1 3 4 1 3 1 2 2 3 3 2 2 3 1 4 1 4 2 1 1 4 1 1 1 3 1 2 2 4 1 1 4 4 1 2 1 2 2 1 4 1 1 4 4 2 3 1 2 3 4 3 4 2 3 4 2 3 3 2 2 4 1 3 2 3 2 1 4 3 4 1 2 3 3 1 2 3 4 2 3 3 1 4 4 4 1 4 2 1 3 4 
4 3 1 1 4 2 1 2 2 1 2 4 3 4 2 2 4 2 1 1 3 3 1 3 2 2 3 3 1 2 2 2 4 3 3 1 4 1 3 4 1 2 4 1 2 3 3 3 1 4 4 1 1 2 4 1 2 1 1 1 1 3 4 1 2 3 1 1 4 2 3 1 2 2 2 3 3 1 2 3 1 2 3 1 4 4 2 4 2 2 3 3 1 3 4 2 1 2 2 4 4 3 1 2 2 1 3 1 1 4 3 3 1 3 1 3 4 2 3 4 3 3 2 3 4 
4 1 2 2 1 1 2 3 1 2 4 2 1 3 1 4 4 4 3 1 4 1 4 3 4 1 3 1 4 1 1 3 4 4 3 3 3 4 3 2 4 2 2 1 3 1 3 3 2 2 3 2 2 4 2 3 4 4 4 4 1 2 2 4 4 4 4 1 4 2 1 3 3 2 2 3 2 4 2 3 3 4 2 3 1 1 2 3 3 1 1 3 4 3 1 4 4 2 3 3 3 4 3 1 4 3 3 1 1 2 3 3 3 1 3 4 1 4 3 2 2 3 2 2 4 
4 4 3 1 2 4 3 3 4 3 4 1 1 4 1 2 1 3 3 2 3 3 4 1 2 1 4 4 3 2 3 2 1 1 4 3 4 2 4 2 4 1 1 3 3 2 4 4 1 1 3 4 2 2 3 2 2 3 2 1 3 3 4 4 3 1 1 4 4 2 2 3 4 3 4 4 2 1 3 1 1 4 4 2 2 4 3 3 4 1 3 3 2 3 2 1 1 2 3 2 4 4 4 1 1 1 2 2 2 2 4 2 1 4 4 3 4 2 4 2 4 4 1 3 4 
4 2 1 1 1 1 1 2 3 4 3 1 4 4 1 2 1 1 4 4 4 2 4 3 2 4 1 2 4 4 3 1 3 1 4 3 1 2 1 1 3 2 4 2 4 4 1 2 2 4 1 3 4 1 4 4 2 2 3 3 1 1 2 4 2 2 2 4 1 4 1 2 1 3 2 1 3 4 2 4 1 4 4 2 1 3 1 1 1 2 1 1 1 2 1 1 2 4 2 1 2 1 3 4 1 3 1 3 1 3 2 1 4 4 4 2 2 1 4 1 1 3 4 3 4 
4 3 1 2 4 1 2 2 1 1 2 1 1 1 2 2 4 4 2 1 2 1 4 1 1 1 1 2 1 1 3 1 1 2 3 3 3 3 2 4 4 2 4 2 3 3 1 2 4 3 3 2 1 3 4 3 2 3 3 1 2 2 3 4 4 4 3 2 2 1 2 2 1 1 3 3 4 2 3 4 1 4 2 3 2 1 2 4 4 3 2 2 4 3 2 1 1 2 2 1 3 1 2 2 1 1 2 1 1 2 2 1 3 2 1 3 3 2 3 4 4 1 1 4 4 
4 1 4 2 2 3 3 4 3 1 1 3 1 3 1 4 1 3 3 2 1 4 1 3 1 3 1 2 4 1 1 1 1 4 1 2 3 1 2 2 4 1 4 3 4 4 4 3 4 2 2 2 2 3 2 2 2 2 4 3 4 2 3 1 3 1 3 3 3 1 4 4 3 2 3 4 3 4 2 2 3 3 3 4 2 1 3 4 3 4 3 2 2 2 4 4 3 4 1 1 3 2 3 4 4 1 4 2 3 4 2 1 4 4 4 1 2 4 2 1 3 4 4 4 4 
4 2 1 3 4 3 2 1 4 3 4 3 2 1 2 3 1 1 3 1 3 3 3 1 1 2 3 4 2 1 3 1 1 4 3 1 2 2 1 2 2 2 2 4 2 3 4 2 1 2 3 2 3 1 1 3 4 2 1 1 1 3 2 1 1 2 3 3 3 4 3 1 4 3 4 4 4 3 4 4 4 4 4 2 3 2 4 1 3 1 4 2 1 3 4 2 4 4 2 4 1 3 3 1 1 1 2 2 1 1 3 3 1 3 2 2 4 4 2 1 2 1 1 1 4 
4 3 3 2 3 1 4 4 3 3 1 2 2 4 4 4 3 1 1 3 3 1 3 2 2 2 3 1 2 3 1 4 3 1 4 4 4 2 4 3 1 3 4 2 4 4 2 1 4 3 2 1 4 1 4 2 3 3 3 1 1 4 2 4 2 4 1 4 2 3 3 3 1 4 3 3 1 2 1 1 2 4 2 3 4 4 4 3 1 3 2 3 2 3 2 2 2 3 2 3 3 2 2 4 1 2 1 2 3 2 2 4 4 1 4 1 2 3 3 1 2 2 3 4 4 
4 4 4 3 3 1 2 2 4 2 1 1 2 2 4 1 3 3 3 1 2 3 1 4 2 1 3 4 4 4 3 3 3 3 4 1 1 1 4 2 2 2 3 1 3 1 2 1 4 3 2 2 1 3 4 4 2 2 4 3 4 3 3 2 3 3 1 3 2 2 4 1 1 2 4 3 4 3 2 2 2 4 3 3 4 3 4 4 1 2 3 2 2 4 1 1 4 2 4 4 4 1 4 3 4 2 4 1 1 1 1 3 1 3 4 2 1 4 4 1 2 1 4 4 4 
4 4 2 1 4 3 2 1 4 3 3 4 3 2 1 2 4 3 3 3 2 3 4 3 4 4 2 1 2 4 3 1 2 2 1 2 4 1 4 4 4 2 1 2 3 3 4 3 2 1 3 1 3 3 1 3 1 1 1 3 2 1 4 2 1 2 3 4 3 3 1 4 3 4 4 4 4 2 3 4 3 2 2 4 3 1 3 2 4 4 1 2 2 1 1 1 4 3 4 1 3 1 2 2 3 3 1 3 4 3 1 2 4 3 2 1 2 4 4 4 1 4 1 2 4 
4 4 2 4 1 3 4 3 1 4 3 1 3 2 2 4 3 4 1 3 1 4 3 4 4 3 1 4 4 2 1 4 1 1 2 3 2 4 4 4 3 1 2 4 2 4 4 4 2 2 3 4 3 4 1 4 3 1 4 3 1 3 1 4 1 2 1 1 3 1 3 1 2 3 1 4 4 2 4 3 2 1 4 3 2 2 3 4 2 1 1 4 3 2 1 2 4 2 4 4 2 4 3 3 2 1 2 4 1 1 3 4 1 1 1 3 4 4 2 3 4 3 2 2 4 
4 2 2 1 3 1 1 1 4 1 2 1 2 2 1 1 2 2 2 2 4 4 3 2 4 4 1 1 4 1 1 2 4 1 1 3 2 2 4 2 2 2 1 3 2 1 1 4 2 3 1 3 1 2 1 4 2 1 1 1 2 4 3 2 3 4 4 2 3 1 4 4 3 3 2 4 3 3 1 3 2 3 3 4 2 1 1 2 2 1 1 4 4 1 4 1 3 2 3 4 1 1 3 1 1 1 2 2 4 2 1 4 1 4 4 1 4 3 3 3 3 4 3 2 4 
4 4 2 3 4 1 4 3 3 2 4 3 4 1 2 4 2 4 2 2 4 2 2 2 2 4 4 4 3 1 2 3 2 3 4 4 2 3 1 2 2 1 1 2 2 4 2 3 2 1 4 2 4 1 4 1 2 3 2 4 3 2 1 3 4 4 2 1 3 4 1 3 1 3 1 1 1 4 3 2 2 1 3 2 3 3 4 3 1 2 4 4 3 4 3 4 1 4 4 2 4 3 3 3 2 3 1 4 3 4 2 3 3 4 2 3 1 4 3 3 2 3 4 1 4 
4 2 1 1 2 2 4 1 4 3 4 3 1 4 4 2 4 2 2 1 2 2 2 3 1 3 2 1 4 2 3 2 2 3 1 4 2 4 4 2 4 2 2 4 1 4 1 2 2 2 4 2 3 4 1 4 4 2 4 1 4 3 1 3 1 3 4 4 1 1 2 1 2 1 4 2 4 2 3 1 1 4 2 4 2 4 1 1 2 4 1 1 3 3 2 2 4 2 3 4 1 4 4 4 2 2 2 3 2 4 3 4 3 1 4 2 1 2 4 1 3 1 1 3 4 
4 1 2 3 3 3 3 4 2 4 2 3 4 2 3 4 1 2 2 3 4 1 4 2 2 2 1 1 1 2 4 2 1 4 4 3 1 1 4 2 4 2 4 1 3 3 4 1 2 2 4 3 2 2 2 4 2 4 2 1 4 4 1 3 1 3 1 2 1 3 4 4 1 3 2 1 3 3 1 4 4 4 4 2 4 4 2 1 4 4 3 4 2 2 1 2 4 2 3 3 3 4 4 4 4 4 3 1 2 3 3 3 1 1 3 3 2 1 1 1 3 4 2 1 4 
4 3 4 2 4 3 1 3 2 4 4 4 3 2 2 2 3 1 2 2 3 2 3 3 4 1 4 2 4 4 2 4 1 1 2 2 1 2 4 3 2 1 3 4 1 2 1 2 2 2 4 2 3 2 2 1 3 4 1 2 3 1 1 4 2 4 3 1 3 4 4 2 2 2 2 2 2 2 3 3 1 4 3 4 1 3 2 1 4 4 2 1 3 1 3 1 4 1 2 1 1 3 1 3 4 1 4 3 4 1 1 3 1 2 1 2 3 4 3 2 4 1 4 3 4 
4 3 4 1 3 1 3 3 1 2 2 2 2 3 1 1 2 4 3 4 1 2 1 3 4 1 2 2 2 4 1 1 3 2 1 2 1 1 2 3 1 1 1 4 1 1 4 1 2 3 3 3 2 1 2 3 1 4 3 4 2 2 3 4 3 2 1 3 1 4 2 4 4 2 2 2 1 3 4 1 2 2 2 2 4 4 4 1 2 3 2 1 3 2 2 2 1 3 3 1 4 1 4 1 1 1 3 2 2 1 1 3 4 1 4 2 3 4 2 4 3 3 4 4 4 
4 2 4 3 1 1 3 2 3 1 3 4 1 3 1 3 3 3 3 4 3 3 1 1 4 2 1 2 2 4 1 3 4 2 4 3 1 3 2 1 2 2 2 1 1 3 4 2 3 3 4 4 3 1 3 3 1 1 3 3 2 2 2 4 1 4 2 2 1 2 1 4 1 1 2 2 4 3 2 2 4 2 3 3 2 2 1 1 3 4 4 4 2 1 2 4 3 4 4 4 4 3 2 2 1 1 1 2 3 4 2 4 4 3 1 4 3 1 1 4 4 3 3 2 4 
4 2 1 1 4 3 3 4 4 4 4 1 4 2 4 4 2 1 4 1 1 1 1 3 4 1 1 2 1 1 2 2 2 2 4 3 1 3 3 4 3 3 1 2 4 4 4 2 4 1 4 4 3 1 1 4 3 1 3 4 3 2 1 3 2 4 3 1 1 3 1 4 4 1 3 4 1 3 2 3 4 3 1 1 4 3 2 3 1 2 1 4 2 1 4 4 2 2 2 3 4 3 4 4 3 3 2 2 3 4 1 4 2 1 2 4 4 1 1 1 1 3 3 1 4 
4 4 4 4 4 4 4 4 4 4 4 4 4 4 4 4 4 4 4 4 4 4 4 4 4 4 4 4 4 4 4 4 4 4 4 4 4 4 4 4 4 4 4 4 4 4 4 4 4 4 4 4 4 4 4 4 4 4 4 4 4 4 4 4 4 4 4 4 4 4 4 4 4 4 4 4 4 4 4 4 4 4 4 4 4 4 4 4 4 4 4 4 4 4 4 4 4 4 4 4 4 4 4 4 4 4 4 4 4 4 4 4 4 4 4 4 4 4 4 4 4 4 4 4 4 

