127
1000
1000

[Node]
0  0  0   0  0
128 0  0   0  0

[pickup]
1       502833962      20          5
2       502892639      20          16
3       503120141      20          14
4       503200512      20          6
5       503306512      20          17
6       503619031      20          20
7       504330861      20          17
8       505183084      20          10
9       504226419      20          19
10      505145107      20          10
11      502800905      20          9
12      502785849      21          15
13      502785850      21          14
14      502785870      21          7
15      502786586      21          15
16      502787835      21          11
17      502787836      21          15
18      502798017      21          15
19      504332251      21          17
20      504463543      21          9
21      504493588      21          7
22      504582516      21          5
23      504601096      21          11
24      504944875      21          9
25      504999729      21          14
26      505015379      21          8
27      503660969      21          17
28      504735573      21          10
29      502785863      21          13
30      504929182      21          6
31      502794879      23          15
32      504619160      25          6
33      504944052      25          17
34      505112394      25          5
35      504632589      26          14
36      503584522      27          7
37      504619162      27          16
38      504224652      40          16
39      505170366      40          8
40      504944047      43          7
41      505229193      46          17
42      505193078      50          17
43      505029423      51          17
44      503629917      52          13
45      505244395      56          6
46      504412049      58          14
47      504633794      58          20
48      503615814      60          14
49      504559658      61          15
50      504558137      62          19
51      505170924      62          16
52      504930826      64          7
53      502792854      64          19
54      505018320      66          18
55      505185201      68          10
56      502851705      75          18
57      502875595      80          11
58      505150270      81          12
59      503171563      87          8
60      503273252      91          9
61      505084618      93          20
62      504012514      96          6
63      503240801      98          19
64      504725765      98          17
65      504940824      108         9
66      504852746      108         7
67      504553396      118         13
68      503284249      124         12
69      505244821      126         7
70      503168027      126         6
71      504632585      131         16
72      505026956      131         17
73      503202377      131         13
74      502792352      133         13
75      505233265      133         17
76      504549590      139         10
77      502796205      143         17
78      502789708      145         9
79      503242004      150         11
80      505036392      154         15
81      503136759      160         13
82      502794547      164         14
83      503184278      164         10
84      505195369      167         8
85      503642641      171         15
86      505186923      177         18
87      503064979      178         6
88      502787056      181         11
89      502787162      182         13
90      502794770      186         20
91      503278639      189         17
92      504591167      192         8
93      504945646      192         11
94      502798241      196         9
95      502785877      196         12
96      504940835      200         8
97      504930829      204         20
98      504539377      206         18
99      505076939      218         7
100     504904607      231         17
101     502797318      258         15
102     503254635      263         9
103     502787619      265         13
104     502800753      267         13
105     505002276      270         19
106     502787414      287         10
107     503192571      292         13
108     504940738      297         7
109     502785862      302         6
110     504491355      312         13
111     503746302      337         11
112     503297612      347         8
113     502793979      349         6
114     504608410      373         5
115     502785872      423         10
116     504579944      453         13
117     505082920      455         14
118     504966944      483         7
119     503254639      521         14
120     505130422      594         15
121     504804145      596         15
122     502798842      614         7
123     504930822      922         12
124     504766184      1000        12
125     503220254      1000        14
126     502804546      1000        20
127     504040924      1000        20

[Speed 0]
0.81
30.0   60.0 0.0 0.6
90.0   150 0.0 0.4
300.0  540.0 0.0 0.81
570.0 630.0 0.0 0.6
660.0 720.0 0.0 0.4
750.0 840.0 0.0 0.81

[Speed 1]
1.33
30.0   60.0 0.0 0.8
90.0   150 0.0 0.6
300.0  540.0 0.0 1.33
570.0 630.0 0.0 0.8
660.0 720.0 0.0 1.3
750.0 840.0 0.0 2

[Speed 2]
1.33
30.0   60.0 0.0 1.0
90.0   150 0.0 0.8
300.0  540.0 0.0 1.33
570.0 630.0 0.0 0.8
660.0 720.0 0.0 0.6
750.0 840.0 0.0 1.5

[Speed 3]
1.5
30.0   60.0 0.0 0.9
90.0   150 0.0 0.8
300.0  540.0 0.0 1.5
570.0 630.0 0.0 0.9
660.0 720.0 0.0 0.8
750.0 840.0 0.0 1.5

[Speed 4]
2
30.0   60.0 0.0 1.1
90.0   150 0.0 0.9
300.0  540.0 0.0 2
570.0 630.0 0.0 1.1
660.0 720.0 0.0 0.9
750.0 840.0 0.0 2

[speed choose matrix]
4 4 4 4 4 4 4 4 4 4 4 4 4 4 4 4 4 4 4 4 4 4 4 4 4 4 4 4 4 4 4 4 4 4 4 4 4 4 4 4 4 4 4 4 4 4 4 4 4 4 4 4 4 4 4 4 4 4 4 4 4 4 4 4 4 4 4 4 4 4 4 4 4 4 4 4 4 4 4 4 4 4 4 4 4 4 4 4 4 4 4 4 4 4 4 4 4 4 4 4 4 4 4 4 4 4 4 4 4 4 4 4 4 4 4 4 4 4 4 4 4 4 4 4 4 4 4 4 4 
4 3 4 3 3 2 4 1 4 4 1 4 2 2 4 1 1 4 1 2 3 4 1 2 1 3 1 1 1 3 2 2 1 3 4 1 2 3 1 3 3 1 4 2 2 2 2 1 4 2 3 3 3 3 3 1 1 2 4 2 1 1 1 4 1 3 3 1 3 2 3 1 4 2 4 2 1 4 4 2 4 1 4 4 3 2 4 4 2 2 4 1 4 1 4 4 3 4 1 2 4 4 1 4 3 3 4 3 2 1 2 1 2 3 1 3 1 2 3 4 2 4 3 1 3 3 3 3 4 
4 4 1 3 2 1 1 3 1 2 4 1 3 3 4 1 1 3 3 4 3 3 3 1 1 4 1 3 3 3 1 2 3 4 1 4 2 3 4 2 1 1 4 1 2 4 2 2 2 3 1 1 4 4 2 2 3 1 1 2 3 1 2 1 4 4 3 4 4 3 4 1 4 4 4 3 2 1 1 1 2 2 3 1 1 1 4 4 3 3 4 1 1 4 2 2 3 3 4 1 4 3 4 4 2 2 2 1 3 4 3 3 1 2 4 3 4 2 2 1 3 4 4 3 4 3 3 4 4 
4 4 3 1 2 4 1 2 1 1 1 3 3 2 2 3 3 4 3 4 2 2 4 2 3 3 2 3 4 3 3 1 3 1 3 2 3 1 2 4 3 2 2 4 3 1 3 4 2 3 3 4 3 1 1 4 1 1 3 3 2 4 2 4 4 1 3 1 4 1 4 1 3 1 1 2 2 3 4 4 3 2 3 2 2 3 1 2 3 4 3 3 3 3 2 2 1 2 1 3 4 1 1 4 1 1 4 4 4 3 4 2 2 1 2 2 1 4 2 1 1 4 1 4 3 1 1 1 4 
4 3 3 4 1 1 1 1 2 3 3 3 1 2 4 1 3 3 3 1 4 2 1 2 4 4 3 2 3 4 4 1 4 4 3 1 2 2 3 4 1 2 3 3 4 1 3 4 1 4 2 4 1 2 4 2 3 3 3 4 4 2 4 2 2 4 3 2 4 3 2 1 4 4 4 2 4 4 3 1 1 4 3 1 2 3 3 1 3 3 1 1 1 4 1 3 2 1 1 1 3 1 1 2 3 4 1 3 2 1 1 4 2 2 3 4 4 4 3 4 2 3 4 3 1 2 1 4 4 
4 1 1 2 3 1 4 4 4 4 3 4 4 4 1 1 2 4 3 2 3 4 4 3 1 1 1 3 4 3 1 1 2 1 4 4 2 4 1 4 4 3 3 1 4 1 2 1 1 4 1 3 4 1 4 3 4 4 1 4 4 3 3 1 3 4 2 1 2 4 1 4 2 1 1 2 2 2 3 2 4 3 3 2 3 3 4 2 3 3 1 1 4 2 2 3 4 1 1 4 1 3 3 2 4 3 4 2 1 4 3 3 3 3 2 3 4 3 2 4 1 4 3 1 3 2 3 2 4 
4 4 2 1 1 4 3 3 2 4 3 3 2 3 2 4 2 3 3 2 1 3 3 1 4 3 1 3 4 2 1 1 3 1 1 3 3 3 2 2 1 4 4 1 3 2 2 1 2 4 2 2 2 4 4 1 1 2 3 1 3 3 3 2 4 1 2 2 3 4 2 3 1 2 3 3 4 2 4 4 3 4 1 4 3 1 3 1 1 1 2 4 3 4 4 3 3 1 4 1 4 1 4 1 4 1 3 1 1 1 3 4 4 3 3 3 2 2 2 4 1 3 3 2 2 2 2 4 4 
4 2 4 1 3 1 3 2 2 1 4 4 1 1 4 2 1 1 4 4 3 2 3 1 4 2 4 2 1 1 4 3 4 2 1 3 3 3 1 2 2 1 1 3 2 4 2 4 4 2 3 4 2 4 4 4 4 4 4 3 1 1 2 4 1 4 1 1 3 1 2 3 2 4 4 1 2 2 3 2 3 3 4 4 2 4 1 3 3 3 2 3 1 1 3 4 1 4 3 1 3 4 4 4 3 2 1 3 2 4 4 1 1 1 4 1 2 4 4 2 3 1 2 3 1 3 2 1 4 
4 1 4 2 2 3 1 1 3 2 2 2 1 1 2 2 3 3 1 3 1 1 4 1 1 2 3 2 4 1 3 3 1 1 1 2 3 4 2 2 2 1 1 2 3 2 4 1 1 1 4 2 2 2 4 1 1 4 1 1 4 4 1 3 2 2 3 1 1 4 2 3 3 3 2 3 4 1 3 3 2 1 2 3 3 4 3 2 3 1 1 4 3 2 1 1 4 3 4 1 3 4 3 4 3 4 1 4 4 1 4 4 1 1 1 4 3 3 4 1 2 4 1 3 2 3 1 1 4 
4 1 4 2 3 3 2 4 3 3 4 3 3 3 1 1 2 4 3 1 2 1 2 2 4 1 3 3 2 3 4 2 3 2 3 3 4 4 3 4 2 3 3 3 3 2 3 2 3 1 2 4 4 3 1 2 3 2 2 3 3 4 1 1 3 2 2 1 3 2 4 3 2 4 4 4 4 3 1 1 1 1 1 3 4 3 3 4 1 2 3 3 2 4 4 2 3 2 3 2 1 2 2 3 3 3 4 3 4 2 1 3 2 4 2 4 2 1 2 2 4 3 3 1 4 4 2 1 4 
4 2 4 3 1 2 4 3 4 3 2 2 2 3 1 3 3 4 2 2 1 1 2 3 3 4 1 1 2 3 1 2 4 1 2 1 4 4 1 3 3 3 1 3 1 3 4 2 3 4 4 2 3 2 3 4 3 4 2 2 4 1 2 4 4 2 1 1 3 1 3 4 4 1 2 3 2 1 1 1 4 4 4 3 2 2 3 4 1 2 4 3 2 1 1 4 2 2 2 3 2 4 4 2 4 2 3 4 1 2 2 1 2 1 3 3 2 3 1 4 1 1 2 1 1 4 3 1 4 
4 2 3 1 3 1 4 2 2 4 1 3 1 1 1 4 4 3 2 3 4 1 1 4 3 4 2 2 4 2 4 4 3 2 3 2 1 4 3 2 4 3 2 3 4 2 2 4 2 4 2 1 3 2 1 1 1 2 4 1 2 2 3 2 1 2 1 2 1 1 2 4 3 4 3 1 4 3 2 2 3 3 3 3 3 4 2 1 4 1 2 3 3 1 3 1 4 3 4 1 1 1 3 2 2 2 1 4 4 1 1 1 3 2 2 4 1 2 2 2 3 4 2 4 3 2 2 4 4 
4 2 3 1 1 2 2 3 4 3 1 3 3 3 3 3 1 1 2 4 3 4 2 4 2 3 1 2 1 4 2 4 4 2 4 3 4 2 2 3 1 1 1 1 2 4 4 3 1 4 4 4 2 3 1 4 2 4 1 1 2 3 3 2 4 2 3 2 4 2 3 4 4 2 1 1 1 4 2 1 3 1 2 2 4 1 1 1 3 3 3 4 2 1 4 2 2 2 3 2 2 3 1 3 1 2 3 3 3 4 4 1 1 3 4 4 1 3 4 2 2 4 2 3 2 3 1 1 4 
4 4 1 1 1 4 2 2 1 1 4 4 1 4 4 2 2 3 3 2 3 2 3 4 3 1 4 1 2 4 3 4 4 2 1 2 3 2 4 1 3 3 3 4 3 1 1 1 3 1 3 1 4 4 2 3 1 4 1 4 3 4 1 2 3 4 3 2 1 3 4 4 2 4 4 1 1 4 2 1 4 2 2 1 1 4 3 2 2 2 1 1 1 3 2 2 2 3 4 3 2 1 1 1 2 1 3 2 2 1 1 3 4 3 3 4 2 3 4 4 3 1 3 3 3 4 4 4 4 
4 4 4 2 4 1 2 4 4 1 4 4 2 1 3 3 3 4 3 3 3 1 4 4 4 3 1 3 1 1 3 1 4 1 1 1 4 1 1 1 3 2 2 3 4 4 4 2 1 2 4 3 4 1 2 4 1 3 4 3 2 4 2 3 1 3 1 3 4 4 3 1 3 3 3 2 4 2 2 2 4 1 2 3 2 3 1 2 1 2 3 2 2 1 4 2 4 1 4 2 2 4 2 1 3 3 2 1 4 4 4 3 4 2 4 4 4 1 1 4 3 4 3 4 4 4 4 1 4 
4 3 3 4 2 2 1 4 2 4 3 3 3 2 4 2 3 4 2 1 1 2 3 3 3 3 4 3 1 2 3 2 1 1 1 1 4 1 2 3 3 3 1 1 2 2 4 2 2 3 2 3 4 3 1 1 4 1 3 1 4 4 1 3 1 1 4 4 2 1 4 1 1 3 4 4 3 4 1 1 2 1 2 3 4 4 2 1 2 4 4 3 4 4 4 1 1 4 2 1 1 1 3 1 2 3 2 1 2 1 3 3 4 1 2 4 3 4 3 1 2 3 4 3 1 1 2 4 4 
4 3 3 2 4 2 4 3 1 2 3 1 3 3 2 4 3 1 3 2 2 2 4 1 2 3 2 1 4 4 4 2 1 1 2 1 2 3 4 4 4 1 2 3 4 1 4 1 2 3 1 3 1 4 2 2 2 2 4 4 1 3 1 1 1 3 3 3 2 3 1 3 3 4 3 4 1 2 4 2 3 3 4 2 3 1 2 2 2 3 1 1 2 3 3 1 2 2 1 1 3 4 1 4 3 2 1 1 3 1 4 2 3 2 2 2 2 4 2 4 1 1 4 3 4 1 3 2 4 
4 1 2 2 1 3 2 3 2 1 1 2 2 2 1 1 1 1 4 1 4 2 2 1 2 3 4 1 1 2 2 4 4 1 3 2 4 4 3 1 4 4 4 1 2 2 4 1 3 2 1 1 1 3 4 1 2 1 1 1 4 4 3 3 1 3 4 2 3 4 1 1 4 1 1 1 4 1 3 1 1 1 1 3 2 4 4 3 3 2 2 3 1 1 1 2 3 4 3 3 4 3 3 3 4 1 4 2 3 1 1 3 3 3 3 4 1 2 3 2 2 2 3 1 3 4 3 2 4 
4 2 1 2 2 2 3 2 4 1 1 2 1 3 1 3 2 3 2 2 4 3 4 4 3 2 2 4 4 1 3 3 1 2 3 2 1 2 2 4 3 3 2 2 3 2 1 2 3 1 1 4 2 4 4 2 3 3 2 3 2 1 2 4 3 3 3 3 3 2 1 1 1 3 4 1 4 1 1 3 4 1 2 2 3 4 4 1 2 1 2 2 1 1 4 1 3 4 2 1 2 2 3 1 2 1 1 4 4 1 2 1 1 2 3 1 4 3 1 3 4 4 2 2 1 4 2 1 4 
4 3 4 3 1 3 2 2 4 3 2 1 3 2 3 4 3 1 1 2 3 3 4 4 1 2 1 2 3 2 3 1 2 3 4 2 4 1 2 2 4 1 1 4 4 1 1 4 3 4 4 1 2 3 3 4 3 2 4 2 4 1 1 1 2 3 2 3 2 1 4 4 1 2 3 1 4 1 2 2 2 4 1 1 3 4 2 4 3 3 1 2 4 1 2 1 1 2 4 4 1 4 4 3 1 1 1 1 1 4 4 4 1 3 4 3 2 4 3 2 3 1 1 4 4 2 2 1 4 
4 3 3 2 4 2 2 4 3 4 1 2 1 1 1 1 4 3 4 1 4 2 2 4 4 1 2 2 4 2 2 3 4 2 4 4 3 4 3 3 3 2 3 4 2 2 4 3 4 4 4 1 3 2 3 3 2 1 4 2 3 3 1 4 2 3 2 1 3 2 1 1 2 3 1 4 3 4 3 4 4 3 2 3 3 4 1 2 1 2 4 4 3 1 2 1 2 3 1 3 1 3 1 1 1 3 2 3 1 1 2 3 3 3 4 1 3 4 3 3 3 1 2 3 4 1 4 3 4 
4 1 4 3 2 3 2 2 3 3 1 4 4 3 2 1 2 2 3 2 3 4 1 1 4 4 3 1 2 4 4 1 1 3 1 4 3 1 1 3 3 3 2 1 1 4 2 4 4 3 3 4 4 4 1 1 2 4 2 3 4 4 4 4 4 1 4 1 3 1 1 2 2 2 2 1 4 3 4 1 2 2 4 2 2 3 1 4 3 1 4 1 4 4 3 2 2 3 2 2 1 3 4 2 2 3 4 1 2 4 1 2 2 1 2 4 3 1 1 2 2 2 4 1 1 2 1 4 4 
4 2 3 4 1 3 4 4 1 1 2 4 3 2 1 2 2 4 2 1 2 1 2 4 1 2 3 3 4 4 1 3 4 2 4 4 1 4 2 2 4 4 3 1 2 2 1 2 3 3 4 3 2 3 4 3 4 3 4 2 4 1 1 2 1 3 3 1 4 4 4 1 2 2 2 1 1 2 4 2 3 1 1 1 4 3 3 2 3 1 4 2 2 4 2 4 4 4 4 2 4 1 3 2 3 4 4 1 1 3 4 3 3 4 1 1 1 1 4 4 2 4 1 1 3 3 4 3 4 
4 1 1 4 1 3 4 2 2 4 4 2 2 1 2 2 1 1 2 1 1 1 3 3 4 4 2 2 3 1 1 2 1 4 4 4 2 3 3 4 2 1 2 4 3 4 1 3 2 1 1 4 2 3 3 2 4 3 2 2 1 2 2 4 1 2 1 3 3 4 3 4 2 3 3 4 3 3 1 2 2 1 3 2 2 1 2 2 4 4 4 1 4 3 4 3 3 2 1 3 4 4 3 2 2 4 3 1 4 3 4 1 3 1 2 3 4 3 1 1 1 2 4 4 1 3 3 3 4 
4 1 3 1 4 3 2 1 3 2 3 1 4 4 4 1 3 4 3 1 3 3 1 2 2 2 1 2 2 2 2 1 4 4 1 2 3 3 4 2 1 1 3 3 2 2 1 3 2 4 1 1 2 3 4 4 3 3 4 3 4 1 1 4 1 4 1 1 2 3 4 1 3 2 2 2 3 4 2 2 2 4 3 2 1 3 4 3 1 4 4 1 1 1 2 3 3 1 3 1 4 1 2 3 1 2 4 4 1 4 4 1 1 1 2 4 4 2 1 2 3 2 1 4 3 3 2 4 4 
4 4 2 2 1 3 2 2 3 1 2 2 1 3 1 4 1 1 4 1 4 2 3 2 2 1 3 3 1 4 2 1 3 1 3 3 3 1 1 3 3 3 3 3 2 2 3 1 1 4 4 2 4 2 1 1 1 1 1 2 2 1 2 1 1 1 2 1 3 1 3 1 1 2 4 1 4 3 3 1 3 3 3 4 2 4 4 1 4 2 2 2 3 3 1 2 4 1 4 3 3 2 4 4 3 1 1 4 3 3 2 4 3 2 3 4 3 1 2 4 1 1 4 1 4 2 3 2 4 
4 2 2 4 2 2 1 2 2 3 4 4 1 1 4 2 1 2 2 1 1 2 1 1 1 3 4 3 2 2 3 3 2 1 3 4 1 4 4 1 3 2 1 2 1 1 1 4 3 2 4 4 3 3 3 2 4 3 1 3 4 2 3 2 1 4 3 1 4 1 3 1 1 4 1 3 3 1 2 2 4 2 2 1 2 3 2 4 1 4 1 3 3 4 1 1 2 4 3 1 2 3 1 3 1 4 4 2 3 1 1 1 1 4 1 4 2 4 3 1 3 4 2 3 3 4 2 3 4 
4 2 4 3 3 2 1 3 4 4 2 1 1 3 2 2 1 1 1 4 1 1 3 2 1 1 3 2 2 4 4 3 4 4 3 4 4 4 1 2 3 4 3 3 1 2 2 3 1 2 3 3 4 3 3 4 2 1 1 3 4 2 1 1 1 4 4 3 1 2 3 2 4 1 1 3 3 3 4 4 1 1 1 4 3 1 4 2 3 3 4 2 3 3 4 3 1 4 2 1 1 2 2 4 1 1 3 3 1 3 4 2 1 1 2 3 4 1 4 2 3 3 1 3 2 4 3 4 4 
4 2 1 2 1 3 3 4 2 1 4 1 3 4 4 3 1 1 3 3 3 2 1 4 4 4 4 3 4 2 1 1 2 4 1 3 1 3 1 4 1 1 3 2 1 1 1 3 1 1 3 2 2 3 4 1 3 2 1 1 3 1 4 4 4 1 2 4 4 2 4 4 3 3 4 4 2 2 1 4 1 1 1 3 1 1 3 3 2 1 3 1 3 2 4 1 2 3 3 4 3 1 2 4 3 4 4 3 4 3 3 1 1 4 4 4 3 1 3 4 3 1 1 2 1 4 1 3 4 
4 2 4 2 4 1 2 1 2 2 3 3 4 4 2 2 4 1 1 1 4 4 2 4 1 2 4 2 1 1 3 3 3 4 2 2 2 2 1 2 3 4 1 2 4 1 4 1 2 2 1 2 1 4 1 1 1 2 1 1 1 1 2 2 4 2 3 1 2 2 3 2 4 2 4 3 3 1 3 3 3 4 3 2 3 3 1 4 2 1 2 3 4 3 2 2 3 3 4 2 2 3 3 2 4 2 4 1 1 1 4 1 2 2 3 1 2 3 4 2 1 3 1 2 4 2 3 4 4 
4 2 2 4 4 1 3 2 3 3 3 1 2 4 1 4 4 2 2 2 3 1 2 3 2 4 4 4 3 4 2 3 1 2 4 3 3 2 4 2 2 4 1 3 4 3 4 1 2 4 3 4 3 4 4 1 2 3 1 2 2 1 4 1 2 1 3 4 3 1 3 1 4 3 2 4 1 1 1 4 4 4 2 4 2 2 1 3 2 3 1 4 3 2 1 4 4 3 1 3 4 2 2 4 2 3 4 1 2 4 3 2 3 4 3 1 3 4 3 3 3 1 1 2 4 4 1 1 4 
4 4 3 4 2 4 4 2 1 3 3 1 3 3 2 2 4 2 4 3 1 1 2 2 1 3 1 4 2 1 2 1 1 3 2 2 3 1 2 4 4 1 2 4 4 1 1 2 4 1 2 1 1 3 1 1 2 3 3 1 2 1 2 1 3 1 1 2 3 1 1 2 3 2 1 4 2 3 4 4 1 1 2 3 4 4 3 3 1 3 3 4 4 2 2 1 1 4 2 3 1 3 3 4 3 4 4 4 2 4 4 3 1 3 4 3 2 1 3 4 1 4 1 4 4 2 1 2 4 
4 2 4 2 1 4 4 4 1 4 3 4 2 2 1 3 2 3 4 2 2 1 3 2 4 3 2 2 1 2 2 3 4 3 1 4 2 3 4 3 2 4 4 2 3 4 3 1 3 4 1 3 4 4 2 2 3 4 3 2 4 2 2 3 1 1 1 1 3 1 4 2 1 4 1 1 3 4 2 1 1 3 3 4 1 2 4 2 2 3 2 3 3 4 1 3 3 1 3 2 4 1 1 3 1 2 1 1 4 2 4 1 2 1 2 2 2 1 1 1 1 2 4 2 1 1 1 2 4 
4 2 4 2 1 4 4 4 4 3 4 2 2 4 4 4 3 1 1 3 2 1 1 1 4 4 4 2 1 3 2 3 1 1 1 4 1 2 4 4 2 1 4 2 1 4 4 4 3 2 1 3 1 3 2 1 2 2 2 4 4 1 1 2 3 4 4 4 2 4 4 1 4 2 1 2 3 2 3 1 2 3 1 1 1 4 3 4 2 2 4 4 2 4 1 4 1 3 1 1 1 4 3 2 1 3 4 2 1 3 4 3 1 3 4 3 3 3 4 3 4 2 3 4 1 1 4 3 4 
4 1 2 1 4 4 1 2 2 3 1 1 1 4 2 1 1 3 1 2 3 2 1 4 1 4 2 4 4 4 1 3 4 4 4 4 2 4 4 3 3 4 4 4 1 3 1 1 2 1 2 2 3 1 4 3 2 3 3 1 3 1 2 4 4 2 2 3 3 2 1 3 1 3 4 1 4 2 1 2 4 4 3 3 3 3 2 3 3 2 2 1 3 2 4 2 4 3 2 4 1 1 3 2 3 4 2 1 1 2 1 3 2 3 3 4 2 1 2 1 1 4 4 3 2 4 2 1 4 
4 4 1 4 1 1 2 4 2 2 2 1 1 4 1 3 1 1 4 4 4 4 4 3 3 1 2 1 2 4 1 2 1 2 2 1 2 1 4 4 3 4 4 1 4 4 4 3 1 2 2 1 4 4 1 1 2 3 4 4 4 4 3 3 1 1 1 3 2 1 2 2 1 1 2 1 3 2 2 2 1 2 2 2 1 2 1 1 4 1 2 2 2 4 1 4 4 3 4 1 3 4 2 4 1 2 1 4 1 2 4 2 4 1 3 3 4 4 1 2 4 1 4 2 2 3 1 2 4 
4 1 3 1 4 4 4 3 1 1 2 2 1 4 3 2 1 1 1 2 1 4 4 4 3 1 2 4 3 2 4 2 2 3 3 2 1 4 3 2 1 3 3 2 2 1 2 2 3 2 1 4 3 1 4 4 1 1 2 2 1 3 1 1 4 3 3 2 4 4 3 4 3 4 1 1 2 4 2 4 2 1 3 1 2 2 3 3 4 1 4 2 1 1 4 1 1 4 3 2 4 4 3 4 3 4 1 4 3 3 4 2 2 2 1 3 1 3 4 3 1 2 3 1 4 1 2 3 4 
4 2 4 1 2 3 3 1 4 1 4 4 4 2 1 3 4 2 1 4 1 3 4 2 1 2 1 2 3 1 4 3 2 3 4 3 3 3 4 4 4 3 1 4 2 4 3 3 4 2 4 1 4 2 2 2 4 3 1 4 2 3 1 1 4 3 2 3 2 1 1 1 1 2 4 2 3 3 3 2 2 2 1 2 3 2 4 2 3 2 4 1 4 4 3 3 4 3 4 4 2 1 2 1 3 4 1 4 2 2 4 4 1 3 1 3 3 4 3 2 3 3 1 2 4 2 2 3 4 
4 1 1 2 2 4 3 4 1 1 1 1 3 1 4 2 2 4 1 3 3 3 1 3 4 2 3 1 1 1 3 4 4 4 4 3 2 2 1 3 1 2 4 2 2 2 2 2 1 3 2 2 1 3 1 2 1 1 1 4 3 3 3 1 2 3 2 1 4 2 1 1 1 1 3 2 1 3 4 1 4 4 1 2 2 3 2 4 2 3 4 3 4 2 3 4 1 1 4 3 4 3 3 3 3 1 3 3 2 2 1 4 1 2 3 1 2 2 4 2 2 1 4 2 4 2 1 1 4 
4 2 1 3 4 2 1 2 3 1 2 3 2 3 2 1 4 4 3 2 2 2 2 4 3 4 3 3 2 3 4 4 1 4 1 3 3 1 2 1 1 4 2 3 4 3 3 3 3 3 1 1 1 4 4 2 1 2 4 2 2 1 2 2 3 4 1 2 1 2 1 3 4 4 4 1 1 1 1 4 1 2 4 1 3 4 1 4 1 1 1 3 2 3 3 1 1 4 1 3 4 2 1 3 2 1 1 1 4 3 4 3 2 4 4 4 4 1 2 4 3 3 1 2 4 2 1 2 4 
4 4 3 1 3 2 3 1 2 4 1 1 2 3 3 3 2 2 4 3 2 3 1 3 4 3 4 4 3 3 2 3 2 4 3 2 1 2 3 4 4 2 2 3 2 1 2 4 3 1 3 4 2 3 2 4 4 2 2 1 4 3 4 4 3 3 1 1 1 3 2 3 3 2 2 2 2 1 1 4 3 4 4 1 1 2 1 1 2 2 1 1 2 1 3 1 4 4 2 1 3 3 2 1 3 1 1 3 4 2 2 2 3 4 4 3 3 1 4 3 4 2 4 3 1 3 3 4 4 
4 4 3 4 1 1 4 2 1 2 1 2 1 2 4 3 4 1 4 2 3 4 1 3 3 1 4 4 3 1 4 4 2 2 2 2 4 1 1 2 4 2 4 2 2 2 3 4 3 3 1 1 3 1 2 1 2 4 1 4 4 2 4 2 2 2 3 1 4 1 2 4 3 2 3 1 2 3 4 2 4 2 4 1 1 4 1 1 2 3 2 3 4 3 4 1 1 4 2 2 1 2 4 4 2 2 2 3 2 2 4 3 3 2 3 1 2 3 1 4 4 2 2 4 1 2 1 4 4 
4 4 1 1 1 4 2 2 4 3 4 2 3 4 1 4 4 4 2 4 4 2 2 4 2 4 1 1 4 4 3 2 2 2 3 3 1 1 4 3 2 2 2 1 4 2 4 2 3 2 2 1 1 1 2 4 1 1 2 4 4 4 2 1 2 3 3 1 1 3 2 2 3 2 1 3 3 2 2 3 2 3 4 3 2 2 3 1 2 1 2 1 2 4 1 1 4 4 3 4 4 4 2 1 4 3 4 4 4 4 3 1 3 2 4 4 4 1 2 2 1 1 4 4 4 2 4 3 4 
4 1 4 3 3 1 2 2 3 3 1 2 2 1 1 2 4 3 4 4 2 1 3 2 1 1 3 4 1 2 1 4 1 3 2 4 4 2 1 2 1 1 1 3 4 2 1 3 2 3 4 2 1 1 2 1 1 2 1 4 1 3 2 3 4 3 2 4 2 3 1 2 3 1 4 2 2 3 4 1 2 3 1 2 3 1 3 2 4 1 1 1 4 1 2 2 4 2 4 1 4 3 2 1 1 3 2 4 1 4 1 3 2 4 2 1 2 1 2 2 3 1 4 4 4 1 4 1 4 
4 3 1 3 2 4 3 3 4 4 3 1 4 1 4 4 3 1 1 3 1 2 3 1 2 4 1 2 2 2 3 4 2 1 1 2 3 2 4 2 3 1 4 1 4 3 4 3 2 2 2 3 2 4 3 1 2 3 3 4 3 3 1 2 3 1 3 4 4 2 2 4 4 4 3 2 4 3 2 2 3 2 4 2 3 4 2 1 1 2 2 1 3 1 4 1 4 3 4 3 2 2 3 3 3 4 2 3 4 2 4 4 1 2 3 1 1 3 4 1 2 4 4 2 1 2 3 1 4 
4 1 3 3 3 1 3 4 4 4 4 2 3 1 3 1 1 3 4 2 2 1 3 1 1 4 4 4 4 3 1 1 2 1 2 3 2 2 4 2 3 3 4 2 2 1 2 4 4 4 3 2 2 3 2 4 3 4 3 1 4 2 3 2 3 1 2 4 2 2 2 4 1 1 3 1 1 3 1 2 4 2 3 4 4 1 4 1 1 2 4 3 2 4 1 1 3 2 2 1 1 4 2 1 3 4 2 3 4 1 1 1 1 4 3 4 4 4 3 1 3 1 3 2 1 3 2 3 4 
4 1 4 2 3 3 4 1 1 1 2 4 4 4 3 3 4 3 4 3 4 1 3 1 3 1 3 2 1 3 1 2 2 4 3 2 4 4 2 2 1 3 1 1 2 4 4 4 2 1 2 3 1 4 1 4 4 3 4 3 2 3 3 4 4 2 1 1 2 1 3 2 4 1 3 3 1 2 3 2 3 4 2 3 3 4 1 4 4 4 3 4 2 4 2 4 1 1 4 1 4 2 4 3 2 4 1 1 1 2 3 4 4 2 3 4 3 2 1 1 1 1 2 1 2 1 1 1 4 
4 3 4 3 1 2 3 1 4 1 2 3 2 1 3 2 2 4 2 2 1 4 3 2 1 1 4 4 2 1 3 2 4 3 4 4 4 1 4 1 1 3 1 2 2 4 3 3 2 1 2 1 4 3 3 1 2 4 2 1 2 4 2 3 1 2 2 4 1 2 2 1 3 3 3 2 2 3 4 4 1 1 1 3 2 4 1 3 4 1 1 2 3 4 3 3 2 4 2 4 4 4 1 1 1 2 2 3 3 1 3 3 3 2 4 3 2 2 4 1 1 1 1 4 4 4 1 4 4 
4 4 1 4 3 1 2 1 3 1 3 3 4 3 2 2 2 2 1 1 3 4 2 1 3 2 1 4 4 4 4 3 2 2 3 3 3 3 3 4 1 1 3 1 1 4 4 3 3 1 1 3 3 1 2 4 4 2 1 3 2 3 1 3 3 1 2 3 1 1 1 1 1 1 1 4 3 1 3 3 3 1 2 1 1 4 1 3 3 3 4 4 3 3 4 4 1 1 1 4 3 2 1 2 3 2 3 3 4 4 4 3 2 1 2 2 4 3 4 1 2 1 3 2 3 3 4 2 4 
4 4 2 3 2 4 2 2 1 4 3 4 4 4 3 3 1 1 1 1 3 3 4 2 3 1 1 2 4 2 1 2 3 1 3 1 1 4 2 4 1 1 2 1 1 2 2 4 3 3 3 1 3 1 1 4 4 4 3 4 1 4 3 1 1 2 4 1 2 1 3 2 3 1 4 1 4 3 2 3 4 1 3 2 2 3 3 3 4 3 2 2 1 3 1 1 4 4 4 2 1 3 2 2 4 3 2 2 3 2 1 1 1 1 2 1 3 3 2 1 3 3 1 2 1 4 3 4 4 
4 4 3 2 1 4 3 2 3 2 1 2 4 3 4 3 3 2 4 1 4 1 4 4 1 2 3 2 4 4 4 4 4 3 4 2 2 4 2 4 3 1 3 2 2 2 3 3 1 2 1 1 3 3 1 2 4 1 3 2 1 1 2 3 2 4 3 4 4 4 3 1 3 2 2 3 4 4 3 4 4 4 3 3 4 4 2 1 2 2 3 4 3 1 1 1 3 2 4 4 1 1 1 2 1 4 1 2 2 3 3 3 2 2 3 1 1 2 1 2 1 2 2 1 1 1 2 1 4 
4 2 1 3 2 4 1 4 2 2 4 1 2 4 4 3 1 3 3 3 1 3 2 1 3 1 4 1 3 1 3 3 1 4 1 2 1 2 3 4 1 4 1 2 3 1 2 3 1 3 1 2 4 2 2 2 2 3 2 2 2 2 4 4 3 2 2 2 4 1 4 4 1 1 1 4 4 3 4 3 4 3 1 3 2 4 1 3 3 1 4 3 4 2 1 1 3 1 2 2 2 1 3 4 3 2 2 2 4 2 1 2 4 1 2 4 2 3 1 1 1 1 1 1 1 1 3 3 4 
4 1 1 2 3 3 1 3 1 4 4 4 3 1 3 4 1 2 3 3 1 3 1 4 3 3 3 3 3 2 4 4 1 1 1 1 1 4 1 4 1 2 2 2 3 2 4 4 2 1 3 4 2 3 3 3 3 4 1 4 4 4 4 3 3 1 4 2 4 4 4 2 4 3 3 1 3 1 2 3 4 3 1 4 1 1 1 2 2 2 3 3 4 2 4 3 4 2 3 2 4 2 3 2 1 4 1 4 1 3 4 2 2 3 4 1 1 3 1 3 1 4 3 1 4 3 1 3 4 
4 3 4 2 1 3 1 1 4 1 3 1 1 3 2 4 4 4 4 2 4 3 1 3 3 3 2 4 4 2 1 1 4 4 2 1 1 4 1 2 1 3 3 3 1 3 2 3 3 3 2 1 2 3 4 2 2 1 4 4 3 1 2 1 2 2 2 2 2 1 2 2 4 4 1 2 3 1 2 3 4 3 1 4 4 2 3 2 4 2 4 3 2 4 2 3 2 3 2 2 2 3 2 4 2 3 2 3 1 2 2 1 1 2 2 2 1 1 2 1 4 2 3 3 2 2 3 1 4 
4 1 4 2 2 2 4 2 4 1 2 3 2 4 2 2 3 3 3 3 2 4 4 1 3 4 3 2 2 4 4 4 3 1 3 4 2 4 2 3 4 2 3 1 2 3 4 3 2 1 4 1 4 1 4 4 2 4 4 4 2 1 3 4 3 4 4 1 4 4 4 4 1 4 1 1 2 1 2 2 4 1 3 4 4 4 4 4 3 1 3 3 4 2 4 3 1 2 4 3 1 3 1 4 1 1 3 1 1 2 1 2 2 2 4 4 4 1 4 3 1 3 2 3 2 4 2 2 4 
4 3 3 1 3 3 2 2 2 3 4 3 4 2 2 4 2 2 3 3 2 1 1 2 4 1 4 3 4 2 2 2 2 1 1 4 4 2 1 1 1 2 4 2 2 4 2 4 2 1 4 4 4 3 3 4 4 1 2 3 4 2 1 3 1 2 1 4 3 4 2 1 3 2 3 4 4 4 3 3 4 3 3 2 1 1 2 1 4 2 3 2 1 4 3 4 1 2 2 4 4 3 2 3 3 2 2 1 4 2 1 2 2 3 3 2 4 3 3 3 1 1 3 1 2 1 2 4 4 
4 4 1 3 3 1 1 2 4 1 2 2 1 1 2 1 3 2 3 2 4 2 2 3 4 3 3 2 3 1 4 3 1 1 1 1 4 4 1 4 3 3 4 3 1 4 2 3 2 2 2 3 2 1 2 3 3 1 4 3 1 2 3 3 4 4 3 3 4 4 2 4 1 4 4 3 4 3 3 4 3 3 1 1 4 1 3 4 1 4 4 2 4 3 4 1 4 3 4 2 3 2 2 2 4 3 2 3 3 4 3 4 1 1 4 1 3 4 1 2 3 2 3 2 3 3 4 3 4 
4 3 2 1 3 3 2 2 2 2 1 4 3 3 3 2 2 1 1 1 1 1 1 2 1 1 4 4 4 1 4 3 4 4 1 3 3 1 1 3 4 4 3 2 2 2 4 2 3 1 2 4 1 1 4 2 1 4 1 3 2 3 2 4 2 3 3 4 2 4 4 1 3 1 2 2 4 4 4 1 3 1 4 4 1 1 4 1 3 3 1 2 1 1 1 3 3 2 4 1 1 2 4 1 4 4 4 2 2 4 4 3 4 3 3 1 2 2 2 2 2 3 3 2 3 2 4 4 4 
4 4 4 2 2 3 1 4 4 3 1 1 2 1 2 3 2 3 4 4 3 4 4 1 3 4 3 3 1 3 2 3 1 2 1 4 2 1 1 2 1 2 4 4 3 4 4 1 2 3 2 4 4 1 4 3 1 2 4 4 2 3 2 3 4 2 3 4 2 4 3 1 1 4 3 1 4 3 2 1 3 1 3 1 4 2 2 2 1 3 1 4 4 1 1 2 4 4 4 2 4 4 4 1 3 3 3 2 2 4 1 4 2 1 2 4 4 1 3 4 3 3 1 2 3 2 4 2 4 
4 3 2 1 4 3 2 2 3 1 2 4 2 3 1 2 3 3 4 4 1 4 4 1 4 4 3 3 4 4 1 4 3 2 1 3 2 4 1 2 1 1 4 1 4 3 4 3 3 1 3 4 2 2 4 4 4 3 2 2 4 2 4 1 3 4 2 3 1 2 3 1 1 2 2 3 3 2 1 2 3 2 4 2 1 2 2 2 2 3 1 4 1 2 3 1 3 1 3 3 4 1 4 1 2 4 1 1 3 2 3 1 4 3 3 3 1 4 4 2 1 1 2 4 3 1 4 1 4 
4 1 2 4 3 3 4 1 1 2 3 1 4 1 3 1 2 2 4 2 1 2 3 2 1 2 4 3 2 2 4 3 2 2 2 2 1 2 1 1 3 2 1 4 1 3 1 2 4 2 4 2 3 3 4 1 3 2 4 2 2 1 2 3 3 4 4 3 1 4 3 1 1 2 2 1 3 3 1 2 2 3 1 3 4 3 2 2 2 3 1 4 2 4 3 4 2 3 4 4 2 4 4 3 1 1 3 4 4 2 2 3 4 2 1 2 2 4 4 4 2 4 2 4 3 2 1 2 4 
4 3 1 3 4 1 3 4 3 4 2 2 3 1 2 2 4 3 4 4 2 1 1 1 2 4 1 3 3 1 2 4 1 3 1 4 1 3 4 2 4 4 1 2 1 1 4 3 4 4 3 2 1 2 2 3 1 3 2 3 2 4 1 3 1 1 4 3 4 1 1 3 4 4 3 2 4 4 3 3 3 3 3 1 3 3 4 1 3 4 2 2 4 4 4 4 4 4 4 1 4 2 3 2 3 4 4 3 4 2 1 4 1 1 2 4 3 4 2 4 4 4 3 4 3 4 3 1 4 
4 2 2 2 3 3 4 3 1 2 2 4 2 1 2 2 4 2 2 3 4 3 3 1 1 3 3 1 1 4 1 4 3 2 4 2 2 4 1 3 3 4 4 3 1 4 1 2 3 1 3 2 3 4 3 2 2 1 3 2 3 3 3 2 3 1 3 4 3 4 3 1 2 1 3 3 3 1 2 1 4 3 2 3 2 2 3 3 1 2 3 4 2 1 2 2 1 3 2 1 1 1 1 2 3 1 1 1 2 3 3 4 4 4 2 4 4 4 3 3 2 2 2 3 1 4 2 1 4 
4 4 2 2 2 2 3 3 2 1 3 3 1 3 2 1 4 2 1 1 2 3 2 2 1 1 4 3 4 1 3 4 1 1 1 2 4 3 4 2 1 4 2 1 2 1 1 2 1 4 4 2 1 4 3 3 4 1 1 1 2 1 2 3 4 1 4 1 1 2 4 2 3 1 2 2 1 3 2 3 2 1 3 1 4 1 3 2 3 3 2 3 1 1 2 3 4 4 2 1 4 3 4 3 1 3 2 1 3 2 1 1 2 3 1 4 3 3 1 1 4 4 4 4 1 4 3 2 4 
4 2 3 1 4 1 2 4 3 1 1 4 4 4 1 2 1 3 4 1 3 2 2 2 2 1 1 4 4 3 1 3 1 1 4 3 4 4 2 1 2 2 2 3 1 2 1 1 1 4 2 3 3 1 2 4 4 1 1 4 2 4 3 3 3 4 4 2 3 1 3 4 3 1 2 4 1 2 1 1 3 4 2 2 1 4 1 1 4 1 1 3 2 1 2 1 3 1 1 4 1 3 1 3 2 1 1 3 1 1 4 1 4 4 1 4 1 4 4 2 3 1 3 4 2 4 1 3 4 
4 3 1 4 1 4 2 2 1 1 4 1 1 4 3 4 2 1 3 2 1 2 2 2 4 4 3 4 2 2 2 3 2 2 4 4 4 3 4 4 2 2 1 2 1 2 4 3 2 3 1 4 2 1 1 1 2 1 2 2 1 4 2 3 1 2 3 2 3 1 4 2 1 2 1 3 2 1 1 4 1 1 4 3 3 2 3 1 3 4 1 1 1 2 2 3 1 4 1 1 2 3 3 2 2 4 1 2 4 1 1 4 4 1 3 3 2 3 1 1 3 2 2 3 2 1 2 2 4 
4 4 3 4 1 2 4 3 1 3 3 3 2 4 3 4 3 1 2 2 1 2 2 2 4 4 3 4 1 2 4 1 2 4 1 4 1 4 1 4 2 3 1 1 4 3 2 1 1 1 3 3 3 2 3 3 4 4 4 2 2 2 4 4 3 2 4 3 3 3 4 4 2 3 2 3 3 3 4 1 3 4 3 3 3 3 4 2 1 3 3 3 2 2 3 1 4 3 3 1 1 2 2 3 3 1 1 4 4 3 4 3 3 1 1 3 2 3 2 2 4 2 3 3 1 2 1 3 4 
4 3 4 4 3 4 1 1 4 1 3 3 3 3 2 3 4 4 3 1 2 2 3 1 3 4 2 3 1 2 3 1 1 3 1 2 3 3 4 1 1 4 4 1 1 1 4 4 2 4 4 1 1 2 1 4 4 1 4 2 4 4 3 2 2 3 1 2 1 2 1 2 3 2 3 4 3 3 2 3 4 4 1 4 2 1 4 4 4 4 3 1 3 1 2 4 2 2 3 2 4 3 2 2 2 2 3 2 4 4 4 3 1 2 4 3 4 2 3 1 3 2 2 4 2 2 3 4 4 
4 1 4 2 3 4 3 3 2 2 4 4 2 1 4 2 1 4 3 2 2 1 4 3 1 4 1 4 2 2 4 1 2 3 4 3 4 2 1 4 3 4 4 1 4 2 3 3 1 4 1 1 4 3 3 1 2 1 3 2 3 1 2 1 3 3 3 4 4 2 4 2 2 2 1 1 4 4 2 1 3 2 2 4 1 4 2 2 4 2 4 4 1 1 4 1 4 1 4 2 4 2 4 3 1 2 2 4 3 2 2 4 3 1 4 4 4 2 4 2 1 1 1 2 1 4 2 2 4 
4 2 1 1 1 1 3 1 4 4 1 3 4 4 2 3 1 4 4 3 2 2 2 4 1 4 3 4 4 1 3 1 2 1 1 3 4 2 1 4 1 3 2 1 1 3 3 3 1 1 3 3 4 3 2 3 3 1 4 3 1 3 4 2 3 2 3 2 3 3 4 1 4 2 2 3 1 2 2 3 4 4 1 2 2 1 4 1 2 3 3 2 2 3 2 4 1 1 2 1 1 2 2 3 4 1 2 2 1 4 1 3 3 2 3 3 2 1 4 2 1 4 4 3 1 1 3 3 4 
4 2 4 2 3 3 4 2 1 3 1 3 2 1 1 2 4 3 1 3 2 2 4 4 1 3 1 4 2 2 2 1 1 1 1 1 1 1 2 4 1 1 3 4 4 2 2 2 1 2 2 3 3 1 3 3 4 3 1 3 3 2 1 1 3 4 2 3 3 1 1 2 4 2 2 1 3 2 2 3 4 4 1 1 2 4 1 2 4 3 3 3 2 4 2 4 4 2 4 2 1 4 4 2 2 3 4 4 1 2 1 2 1 2 4 4 1 4 2 4 1 2 4 1 4 3 1 3 4 
4 1 1 1 2 1 3 4 2 4 1 3 2 3 1 3 4 2 2 3 4 4 4 3 4 4 3 1 4 4 4 4 1 4 3 4 4 3 2 1 3 3 4 1 1 4 2 2 2 2 1 2 1 1 1 1 1 1 3 2 2 2 4 4 3 1 4 3 4 2 1 1 2 2 4 4 4 2 2 2 2 4 1 3 2 1 2 3 3 3 2 3 4 3 2 1 4 3 4 4 4 3 4 4 1 3 1 2 3 1 3 1 4 3 3 1 4 2 1 1 4 1 2 3 4 3 2 1 4 
4 1 4 2 3 1 1 4 1 4 3 4 2 1 1 1 1 3 1 3 2 1 2 2 4 1 2 3 3 4 4 4 3 2 3 3 3 2 3 4 3 1 1 4 3 3 3 2 3 1 1 3 3 4 1 1 4 1 1 4 1 1 2 4 2 2 3 2 4 3 4 2 2 4 1 2 3 3 1 1 2 2 3 1 2 1 2 2 3 3 1 4 4 4 2 3 2 3 3 2 4 4 4 3 2 1 1 4 1 3 4 3 2 2 3 3 3 4 1 1 4 2 3 1 2 3 4 1 4 
4 1 1 4 2 2 3 3 3 1 2 4 4 3 1 4 4 1 4 4 2 2 2 2 2 1 4 1 4 1 4 2 3 1 2 2 1 2 1 2 3 3 2 1 3 1 1 4 2 2 2 3 1 3 1 1 1 4 1 1 3 2 1 4 1 4 2 3 4 4 3 3 4 2 1 2 2 1 4 3 1 1 1 3 2 2 3 2 2 3 4 1 3 2 2 1 1 2 4 3 2 4 3 4 3 3 4 1 1 2 1 2 3 2 3 3 4 4 3 2 3 4 1 2 4 3 1 1 4 
4 4 2 2 3 3 2 3 1 2 3 3 1 1 4 1 4 2 2 1 1 4 2 3 3 3 2 2 4 4 1 1 3 3 4 1 1 1 2 4 2 1 4 2 1 1 1 2 1 3 2 2 2 4 3 4 1 3 1 3 1 4 3 4 4 2 2 2 4 2 1 4 3 4 3 4 1 2 3 4 3 2 2 3 1 3 1 4 2 4 3 2 3 1 4 1 2 1 4 1 4 1 3 4 1 2 4 2 4 4 1 3 2 2 2 4 4 4 1 1 3 3 2 3 1 1 1 1 4 
4 2 3 2 2 1 2 1 2 2 4 2 3 3 3 4 1 3 3 1 3 2 3 4 1 2 2 2 4 1 4 3 3 2 2 3 4 4 1 3 4 2 4 3 4 2 1 2 2 3 4 4 2 3 2 2 1 4 4 2 2 4 3 4 4 4 1 1 4 1 4 4 3 4 4 4 2 2 2 1 3 1 2 2 2 4 3 1 2 4 1 3 4 3 4 4 3 2 2 4 2 2 2 3 1 1 1 3 1 2 2 4 1 4 1 1 4 4 3 4 3 4 1 4 4 4 3 4 4 
4 3 1 1 3 4 4 2 3 3 1 4 2 2 1 1 1 1 4 2 1 4 2 3 3 2 2 4 4 2 2 3 4 3 2 2 4 1 4 4 1 4 3 4 1 3 3 1 4 3 2 2 1 2 3 1 4 1 4 4 3 4 1 4 1 1 3 2 2 1 2 3 4 3 4 3 2 2 4 1 2 4 4 1 1 1 2 3 2 3 3 4 3 1 2 2 4 1 2 3 2 3 4 1 4 4 2 1 3 3 4 3 1 4 3 2 3 2 4 2 2 2 3 1 3 4 4 2 4 
4 2 4 1 2 3 1 3 3 4 4 4 4 3 2 3 2 1 3 4 2 1 3 2 3 2 2 4 4 1 4 3 4 2 1 1 1 4 1 1 4 3 4 3 2 3 1 2 3 1 3 4 4 1 3 2 3 4 4 3 2 3 1 4 4 4 4 2 4 1 4 3 2 1 4 2 2 3 3 2 2 4 2 1 1 2 1 3 4 4 2 3 3 2 1 1 3 2 3 2 4 2 4 3 1 2 4 2 2 4 1 4 1 4 2 3 2 1 1 1 1 3 1 4 4 2 4 2 4 
4 4 1 1 1 4 1 4 3 2 2 3 2 3 4 2 3 4 2 2 2 1 4 1 1 3 3 4 3 4 1 3 1 1 4 3 1 3 1 2 2 4 1 3 1 2 3 4 4 2 2 4 2 1 1 4 4 2 2 4 2 3 1 3 4 4 4 1 2 3 4 3 2 3 3 3 3 4 4 2 2 3 1 4 4 1 4 4 3 2 2 1 3 1 2 3 1 4 1 1 4 4 3 4 1 4 4 1 4 1 4 1 3 4 4 1 2 1 2 2 2 4 3 2 3 4 4 1 4 
4 3 1 2 2 1 4 4 2 2 3 4 2 2 3 2 3 2 4 3 1 1 3 3 4 2 4 4 1 4 2 1 2 2 4 3 3 4 2 1 4 2 1 3 3 2 4 1 3 3 1 1 4 1 2 1 4 3 3 4 2 2 1 2 1 2 1 1 2 3 3 1 4 4 2 2 1 3 3 2 3 3 4 3 2 2 4 4 4 1 3 2 3 4 3 4 1 2 4 4 2 4 1 1 3 4 2 1 2 3 1 1 2 1 1 3 2 3 3 4 1 3 3 4 4 4 3 1 4 
4 4 2 2 1 1 4 4 2 4 3 3 4 4 2 2 3 1 3 3 3 2 2 2 2 4 1 1 3 2 2 2 4 1 3 2 1 2 2 4 3 4 1 2 4 1 1 3 3 2 2 1 1 2 4 3 1 3 2 3 1 1 2 4 4 3 4 4 2 1 4 1 1 2 2 2 1 2 1 2 4 1 2 1 4 2 2 1 1 2 2 2 4 4 4 2 4 4 1 1 4 2 2 2 3 2 2 3 1 1 2 4 2 4 2 3 2 3 4 4 2 1 1 4 2 1 2 3 4 
4 2 3 3 3 4 1 2 2 4 2 2 2 2 3 3 4 1 3 1 1 1 3 4 2 4 3 4 1 1 4 3 1 3 3 1 4 1 3 3 2 2 4 1 3 2 4 4 3 4 1 1 2 1 4 1 3 4 3 2 4 3 4 1 4 1 4 1 1 3 4 3 1 1 2 1 4 1 1 3 3 3 1 3 4 4 1 2 2 2 1 4 4 4 2 1 3 1 3 3 4 1 2 2 1 2 4 4 4 3 1 3 3 1 2 3 1 3 4 2 2 2 3 4 4 4 3 3 4 
4 1 3 3 1 2 3 1 4 3 1 2 1 2 2 1 3 1 1 3 1 4 2 3 3 4 3 4 1 3 1 2 2 3 4 2 2 4 1 4 2 2 4 2 2 4 3 3 2 3 3 1 1 1 1 4 4 2 2 2 2 2 1 3 4 2 3 4 4 4 2 2 1 2 3 4 2 4 4 3 2 3 1 3 3 3 2 4 2 1 1 4 2 3 4 2 4 1 4 3 4 3 3 2 1 3 4 2 3 4 4 3 2 2 3 3 2 1 1 2 4 2 2 1 3 3 1 4 4 
4 4 1 1 1 2 4 1 2 1 4 1 1 4 3 3 2 3 4 2 2 1 3 4 4 4 3 3 1 3 4 2 2 2 2 4 2 3 1 4 2 3 2 4 4 2 2 4 4 1 4 1 1 3 1 2 1 1 1 2 3 2 2 1 3 4 4 2 2 3 4 3 3 3 2 4 1 1 2 4 4 3 2 2 1 1 3 1 1 3 2 2 1 4 1 1 2 4 1 1 2 1 3 4 1 4 1 1 2 2 3 1 2 3 4 4 3 4 4 4 3 4 1 2 4 3 2 3 4 
4 4 4 4 4 4 3 3 3 4 2 3 4 3 4 2 2 1 1 1 2 3 4 3 3 4 2 1 2 1 4 1 2 2 3 2 3 2 2 3 3 4 2 1 2 1 1 4 2 1 1 2 1 3 3 1 1 4 2 4 1 1 2 2 2 1 3 3 2 3 2 3 3 4 4 3 1 3 1 3 1 4 1 1 3 1 4 4 4 4 2 4 4 4 4 3 4 1 1 1 3 4 4 1 1 3 1 3 2 2 2 1 3 4 3 3 3 3 4 3 1 1 3 2 3 4 2 4 4 
4 4 1 4 2 3 2 4 2 2 1 1 3 2 2 2 3 1 2 2 3 4 3 4 2 4 4 3 2 1 3 2 4 4 4 2 3 1 1 1 2 4 2 4 3 4 2 1 2 3 1 3 1 4 3 4 1 2 3 4 1 4 4 1 2 1 4 3 4 2 3 1 1 2 4 1 3 2 1 3 4 1 4 2 4 4 4 3 1 1 1 1 4 2 3 1 4 4 4 4 3 3 1 3 1 1 1 1 2 4 4 1 1 4 3 2 1 3 1 4 2 3 4 2 4 2 2 4 4 
4 4 2 3 2 2 4 4 2 3 4 1 4 1 1 1 2 3 3 4 2 2 3 4 1 4 1 2 1 1 3 4 3 3 3 1 1 1 2 2 3 2 3 3 3 3 4 1 4 4 2 3 3 4 2 1 4 1 4 3 1 4 4 2 4 4 1 1 3 2 3 4 1 2 2 3 4 3 4 4 1 3 2 1 2 3 4 2 3 2 3 3 1 4 1 2 1 1 1 3 3 4 3 1 3 2 1 3 4 4 3 1 2 3 2 3 1 4 1 3 2 1 1 2 1 2 3 1 4 
4 3 1 1 2 3 3 1 3 4 1 3 1 4 4 1 3 2 2 1 2 4 3 3 4 2 4 3 4 2 1 1 2 1 2 4 3 4 3 2 4 3 1 4 4 1 1 3 1 3 2 1 3 3 3 2 1 4 4 2 2 2 1 2 4 1 1 3 1 4 4 4 3 1 4 1 1 3 3 4 3 3 2 3 3 2 4 2 2 3 4 1 2 3 3 3 3 3 1 3 1 4 3 1 3 3 4 4 3 2 3 4 3 4 4 3 1 3 3 3 3 2 4 1 2 1 2 4 4 
4 2 3 4 2 2 4 1 3 4 1 2 4 1 4 3 2 2 2 3 3 4 1 3 2 2 3 1 1 2 2 2 1 2 3 2 4 1 3 4 1 4 4 1 1 4 4 3 4 2 1 1 4 2 2 1 4 3 4 3 3 3 1 4 1 2 2 3 2 4 3 4 4 3 3 1 4 3 2 1 4 3 4 1 3 2 4 2 1 3 1 1 4 1 2 1 4 4 2 4 2 2 4 4 4 2 3 3 3 1 3 3 1 1 3 4 1 3 3 4 4 1 3 3 4 1 4 1 4 
4 1 3 2 4 2 1 2 3 2 1 1 3 1 1 1 2 4 3 1 1 3 4 4 1 2 4 2 3 3 2 3 4 1 4 3 3 4 4 4 2 2 3 2 2 4 3 3 1 2 3 3 3 2 2 2 2 4 2 3 1 1 1 1 1 2 2 1 4 3 3 2 4 3 2 3 2 4 4 1 1 1 2 3 3 3 4 3 2 3 3 1 2 1 4 1 1 4 2 4 4 4 1 4 3 2 1 2 1 4 1 2 4 2 1 1 2 1 2 1 2 1 3 1 2 1 2 4 4 
4 3 1 1 2 2 3 3 2 3 3 4 4 3 4 1 2 3 4 1 2 3 2 1 1 3 3 2 3 2 3 4 2 2 2 3 2 4 1 4 3 2 1 2 2 2 2 1 1 2 3 2 3 1 2 3 4 3 1 4 1 4 4 3 4 4 1 2 3 4 2 2 3 2 2 4 2 2 3 2 3 3 3 3 4 1 4 1 1 2 2 3 4 3 1 2 3 1 4 4 2 4 3 1 4 4 3 3 1 4 1 3 1 1 3 1 2 4 3 3 4 1 1 2 1 1 4 4 4 
4 3 1 4 1 1 4 2 2 2 1 2 1 4 3 2 4 4 1 4 4 4 1 2 1 4 4 4 2 1 2 4 1 4 1 1 2 3 1 3 2 3 2 3 4 1 4 4 2 4 4 1 4 2 2 4 4 1 2 3 1 1 2 2 3 3 1 2 3 2 2 2 1 3 4 1 1 2 3 3 3 1 2 3 1 1 2 1 3 2 2 3 4 3 3 3 3 3 1 3 4 1 3 4 2 2 3 2 2 3 4 4 2 4 3 4 2 2 4 2 1 2 4 1 4 4 3 4 4 
4 3 2 3 4 3 3 4 1 4 3 4 4 2 4 2 2 4 2 3 3 1 3 3 2 2 1 2 3 1 3 3 2 1 3 1 2 1 4 2 3 1 4 4 1 3 1 3 4 3 1 2 3 4 1 4 1 4 1 4 4 3 2 1 3 4 4 2 2 1 3 3 2 2 4 3 2 2 2 2 2 1 4 3 2 3 3 3 3 2 3 1 2 1 1 3 4 3 1 2 4 1 1 4 3 4 3 4 1 3 2 4 1 4 3 3 1 3 4 3 2 1 2 4 4 2 1 3 4 
4 1 2 2 4 2 3 4 1 2 4 4 1 2 3 3 3 4 2 1 4 2 2 1 4 2 3 4 3 1 4 1 3 2 3 4 3 2 1 4 2 1 3 4 3 2 2 2 1 3 1 1 1 3 4 2 1 1 2 4 1 3 3 1 1 3 3 2 2 3 4 4 4 4 4 4 1 2 3 4 2 3 1 1 4 3 2 4 3 3 4 4 4 2 4 3 3 4 4 1 4 1 2 4 1 3 1 3 1 1 4 4 4 4 2 2 2 4 4 2 1 3 2 3 1 3 1 3 4 
4 2 1 4 3 1 3 2 4 4 3 1 4 3 2 3 2 2 1 1 4 1 3 3 4 3 1 3 2 2 2 1 4 4 3 3 1 1 1 1 2 3 2 1 4 1 4 4 4 1 2 3 2 2 4 1 2 1 2 1 1 4 1 3 1 4 4 3 1 3 1 1 4 1 4 3 3 3 1 4 3 1 1 1 2 4 3 4 1 1 3 1 1 1 1 3 4 1 4 1 2 4 3 2 2 3 3 1 4 2 3 4 4 3 1 4 4 2 2 1 3 4 3 4 2 2 1 3 4 
4 3 2 3 1 1 1 4 2 1 1 2 2 2 3 3 1 3 4 1 2 3 2 3 1 1 3 1 1 2 3 1 3 3 2 1 4 4 3 4 4 2 1 1 3 1 4 1 4 2 4 1 4 1 4 3 2 3 2 3 3 2 3 3 1 3 1 3 1 4 3 3 2 3 3 3 1 1 1 4 1 3 1 3 2 4 2 4 3 4 3 3 1 4 3 2 2 2 4 2 4 1 3 1 1 2 3 2 2 4 2 4 3 1 1 4 2 1 2 4 4 2 4 2 1 2 1 3 4 
4 4 1 2 3 3 4 3 2 3 4 3 4 1 4 1 2 4 3 4 3 3 1 1 1 3 3 1 4 1 1 4 2 3 1 1 4 3 4 2 2 3 4 3 3 4 1 3 2 4 1 4 4 1 1 2 2 3 1 1 3 4 1 4 3 3 3 3 2 1 3 4 4 1 1 3 3 4 2 2 1 4 3 4 1 3 2 1 3 1 2 2 2 4 4 4 1 2 2 4 1 4 4 1 2 4 3 3 3 2 4 1 2 4 1 1 4 2 4 4 3 1 3 3 4 2 4 4 4 
4 1 1 1 2 3 4 2 3 3 2 1 4 4 2 2 2 1 2 3 4 1 4 4 4 3 4 3 1 4 1 4 4 4 1 4 1 4 2 3 3 3 2 1 1 1 2 3 3 2 4 3 1 4 1 2 4 3 4 2 2 3 4 4 4 4 1 2 2 2 2 2 4 4 3 1 4 2 4 4 2 2 4 2 4 1 1 4 1 2 1 3 4 2 4 2 1 1 3 1 3 3 1 4 4 1 1 3 4 1 2 4 3 3 1 3 3 4 2 1 3 3 3 1 1 1 1 1 4 
4 2 1 4 4 1 1 2 1 4 2 1 2 4 3 3 3 4 3 4 1 2 2 1 4 3 2 4 3 4 4 2 3 4 1 2 2 1 4 4 1 2 1 3 1 2 4 4 3 3 3 2 3 3 1 3 1 1 3 3 2 3 1 4 4 2 3 2 1 2 3 4 2 4 2 4 1 2 4 4 4 3 2 2 1 4 4 1 1 2 3 1 3 4 1 4 1 3 3 2 1 1 1 4 3 1 4 3 2 4 1 3 2 2 1 1 2 4 2 1 3 1 2 2 4 3 3 3 4 
4 1 3 4 4 3 4 3 2 3 1 3 4 1 3 2 2 2 1 1 1 2 1 1 3 4 2 2 3 4 4 3 1 3 1 1 1 2 3 2 2 1 2 4 4 2 4 2 1 2 1 4 1 3 2 3 1 4 1 2 3 2 3 4 3 4 2 1 3 3 3 4 3 3 2 3 1 3 3 1 2 3 1 3 4 1 3 3 1 2 2 4 2 3 2 2 3 2 1 4 4 3 3 3 3 3 2 1 4 1 1 1 2 4 1 4 2 2 1 1 3 2 4 2 4 3 4 2 4 
4 3 2 3 2 2 4 1 2 1 2 4 3 1 4 4 4 4 4 4 3 2 1 4 3 3 1 4 3 3 1 3 2 1 4 1 1 3 1 1 1 2 3 3 3 4 4 3 1 2 3 4 3 1 1 3 3 4 1 4 3 4 3 1 2 2 4 3 2 1 2 2 1 4 4 4 3 1 3 2 1 3 3 2 4 3 3 1 4 3 3 3 3 2 2 4 2 2 3 2 2 1 3 1 2 2 4 1 4 4 1 1 3 3 2 4 2 4 3 2 4 2 1 1 3 1 1 4 4 
4 4 2 4 4 1 2 1 1 4 3 2 4 2 4 1 1 3 2 4 2 1 2 4 2 3 3 1 2 4 3 4 1 3 1 4 4 1 2 4 3 1 1 2 4 3 1 2 4 3 3 4 4 1 2 3 2 3 1 1 4 2 2 4 4 2 4 4 3 4 4 2 3 4 4 1 3 4 2 1 3 3 3 1 4 3 4 1 3 2 2 2 4 2 4 4 3 3 3 2 1 1 3 4 4 1 2 3 4 3 2 1 2 1 2 4 4 2 1 2 3 2 4 2 3 4 2 2 4 
4 3 4 4 4 2 2 4 3 2 3 1 4 3 1 1 3 2 2 4 4 3 3 2 3 2 1 2 4 1 3 4 1 2 1 1 3 2 3 3 3 4 3 3 2 2 1 4 4 1 2 1 3 2 2 4 1 1 2 1 2 2 2 4 3 2 4 1 2 1 2 4 2 3 3 2 1 3 3 2 3 1 1 1 4 2 4 3 2 1 4 1 4 4 1 2 1 4 1 4 2 2 3 1 2 2 2 3 3 1 3 3 1 1 3 2 3 4 3 4 1 4 1 2 1 4 1 3 4 
4 3 1 4 4 3 1 3 4 3 1 4 3 2 1 3 4 2 2 4 1 1 4 4 3 4 1 1 3 4 3 4 2 4 3 2 2 4 3 2 1 4 2 4 4 4 3 1 1 1 4 4 4 3 4 2 3 4 3 4 3 2 1 2 2 4 3 4 1 2 4 2 4 1 1 2 4 1 2 2 2 3 3 3 3 2 1 1 2 4 3 4 1 2 2 2 2 3 2 2 2 1 1 1 2 3 3 1 2 3 1 1 3 2 3 4 2 1 2 3 4 3 1 1 4 3 4 3 4 
4 1 3 2 2 4 3 3 1 2 2 2 1 2 2 3 2 2 2 3 1 1 1 4 4 2 2 4 4 3 1 3 4 3 2 4 1 3 1 1 4 1 1 1 1 3 2 3 2 3 3 3 4 2 2 4 2 3 4 3 2 4 1 2 4 1 3 2 4 1 3 1 1 1 3 4 4 3 3 2 2 4 3 1 2 1 4 3 2 3 4 4 4 3 4 4 4 2 2 1 4 3 3 2 2 3 3 1 1 3 3 3 2 2 1 4 4 1 3 1 2 3 2 4 4 1 4 4 4 
4 2 2 1 3 2 4 3 3 3 1 1 1 3 2 1 3 3 1 4 3 1 3 4 3 2 4 1 3 2 2 3 2 4 2 3 1 4 3 1 1 2 4 1 2 3 2 2 4 1 3 2 3 3 1 4 1 3 1 3 4 1 4 3 4 3 4 3 1 3 2 2 2 1 3 2 3 3 1 4 4 3 2 3 4 1 4 4 4 4 2 3 2 2 1 2 1 1 2 2 2 3 2 2 3 3 3 2 3 2 4 1 3 3 3 3 1 2 3 3 2 3 4 3 4 1 2 1 4 
4 3 1 1 2 2 3 3 3 2 2 1 4 4 1 4 1 1 1 3 1 4 1 3 1 4 2 3 4 1 4 3 2 1 2 4 4 3 1 4 2 4 4 4 1 1 3 2 4 3 1 2 3 3 2 2 3 1 2 4 1 2 4 1 3 2 3 1 1 4 1 2 2 2 1 1 4 1 1 4 2 1 1 2 2 2 3 3 2 1 2 4 4 1 3 2 2 1 4 2 1 4 3 2 4 1 2 3 1 4 1 2 4 2 4 2 2 1 2 4 1 1 3 1 2 2 3 3 4 
4 4 3 2 1 1 3 1 2 4 1 3 4 4 1 1 2 4 2 3 1 3 4 3 2 3 4 3 4 1 3 1 1 4 2 4 4 1 1 2 2 1 4 4 4 2 3 1 4 4 2 2 4 2 2 2 3 3 2 2 3 3 4 3 2 1 4 2 3 2 4 3 4 2 3 1 4 3 2 3 4 2 3 3 3 1 4 2 3 3 4 4 2 4 3 3 3 1 4 4 3 4 1 2 3 2 3 3 1 3 4 4 3 2 4 4 4 1 4 1 3 3 1 1 4 4 2 4 4 
4 3 1 3 2 3 4 2 2 3 1 1 1 2 3 4 3 3 1 4 4 1 3 2 2 4 2 3 2 4 1 1 4 4 2 4 2 3 4 4 4 4 2 3 3 2 3 1 3 2 3 3 3 4 3 2 4 3 3 3 1 2 2 1 4 1 1 2 4 4 3 4 1 2 1 1 4 4 2 4 2 4 4 1 1 4 1 4 3 3 4 3 2 3 1 1 4 1 1 2 3 2 2 4 3 1 3 4 2 4 2 2 2 3 2 1 3 1 3 3 2 2 4 2 2 1 1 1 4 
4 1 2 1 1 2 3 4 3 4 2 1 3 1 4 2 2 2 3 4 1 1 3 4 1 2 2 1 3 1 3 4 1 3 2 1 1 2 1 3 3 3 1 2 4 2 1 2 3 4 3 1 2 2 4 4 4 3 4 3 3 4 2 4 1 1 4 2 2 3 4 4 3 3 1 3 4 4 1 1 1 4 2 1 3 2 1 2 2 1 3 4 1 1 2 3 3 2 3 4 1 1 1 3 3 3 1 4 2 2 3 3 3 1 3 2 3 1 1 1 4 1 4 3 3 3 4 1 4 
4 2 2 1 2 3 4 1 1 4 1 4 4 2 4 3 3 2 4 4 1 2 2 1 3 3 2 2 3 4 3 4 2 3 2 3 2 3 3 1 4 4 4 4 2 3 4 3 2 4 4 3 3 2 3 3 4 2 1 4 1 3 2 3 1 3 1 4 4 1 1 1 3 1 1 1 4 4 3 1 4 3 4 2 4 3 3 4 4 1 3 3 3 3 2 4 4 2 4 3 1 2 4 3 4 1 4 2 1 2 2 4 2 4 1 3 3 3 2 3 3 4 4 3 4 4 4 4 4 
4 3 4 1 3 1 1 1 4 4 4 3 4 2 2 1 3 2 2 1 3 3 1 3 3 3 4 3 1 4 1 1 2 1 4 3 3 2 1 2 2 4 1 4 4 4 1 1 1 4 2 3 3 2 4 2 3 1 4 4 2 4 3 1 3 4 4 2 4 1 4 1 1 1 1 2 3 4 3 2 1 3 3 2 2 3 4 3 4 2 4 4 1 2 1 1 1 2 4 4 3 2 2 2 3 4 1 1 4 1 2 4 4 1 2 3 2 1 2 1 1 1 1 1 4 3 1 4 4 
4 4 2 2 1 1 2 3 1 2 4 4 4 4 3 4 2 3 2 3 1 4 2 2 4 3 3 2 4 4 2 2 2 4 1 2 2 2 2 3 3 4 4 3 3 3 1 2 4 2 3 4 2 3 3 1 1 2 1 3 3 1 2 1 3 1 3 4 1 4 1 3 4 3 2 2 3 1 3 3 1 3 4 1 2 4 3 3 1 2 1 3 4 4 3 2 1 1 3 2 2 2 1 3 2 1 4 3 4 1 3 1 2 2 1 1 2 1 3 3 1 4 2 1 2 4 1 4 4 
4 2 1 3 4 1 2 1 1 4 3 4 2 3 2 3 1 2 1 2 3 1 2 3 2 2 1 1 4 4 4 1 2 4 1 4 1 1 1 2 4 2 1 3 1 1 2 1 1 4 4 2 4 2 3 1 2 3 4 2 1 1 4 2 1 3 3 3 4 2 1 4 2 4 2 2 3 2 1 3 2 1 2 4 4 2 1 4 4 2 1 1 2 4 2 1 2 3 4 3 3 1 3 3 2 2 1 1 4 4 3 4 4 1 3 2 3 3 2 2 2 4 4 3 2 2 3 2 4 
4 2 4 1 1 4 4 2 3 4 3 3 3 1 2 3 4 2 2 4 4 4 4 1 1 3 2 3 3 2 1 2 1 3 1 3 4 1 3 1 3 4 1 4 2 4 2 4 4 2 2 2 4 2 3 3 2 1 4 1 1 2 2 2 2 2 2 4 3 3 4 3 1 2 1 3 4 1 1 1 3 1 3 2 3 2 3 3 2 3 2 1 1 1 3 4 4 2 1 4 3 1 2 4 4 4 4 2 1 2 3 3 2 1 1 4 3 1 1 2 1 4 2 2 2 4 3 1 4 
4 1 2 2 1 4 3 3 4 1 2 3 1 3 1 4 3 2 1 2 2 2 2 3 2 4 4 2 3 2 3 2 2 1 2 4 3 4 3 2 4 1 1 1 4 1 4 1 2 3 1 4 3 2 3 3 3 1 2 1 3 3 3 4 2 3 3 4 2 1 3 4 4 4 3 4 4 4 2 4 2 3 1 3 2 1 1 2 2 2 2 4 1 3 3 3 2 1 2 4 3 1 4 4 4 3 4 2 1 3 2 1 3 2 3 2 2 2 2 2 2 4 3 1 4 3 4 3 4 
4 2 2 1 4 2 2 1 3 3 2 1 3 4 1 2 4 2 1 2 2 2 3 3 3 3 1 3 1 2 2 3 2 2 1 3 2 3 3 1 3 1 1 4 1 1 2 2 1 4 3 1 3 3 2 1 3 3 2 2 1 2 3 2 2 1 1 2 4 2 3 1 3 3 1 4 4 1 2 1 2 1 1 3 1 4 2 3 3 2 2 3 2 1 2 1 3 3 3 3 1 3 4 3 4 3 1 1 3 2 4 2 2 3 4 4 2 1 1 3 4 4 1 2 1 4 4 2 4 
4 3 2 1 1 4 3 2 2 4 1 2 4 2 4 1 2 3 2 1 1 1 2 3 2 2 2 1 1 4 4 3 2 1 4 2 1 2 2 3 3 1 3 2 1 2 2 4 2 4 3 2 2 3 2 1 1 2 2 2 1 4 4 1 4 1 1 4 2 1 3 3 4 2 2 1 3 4 2 2 4 4 1 2 2 4 3 2 4 1 2 1 1 3 2 4 4 4 1 4 4 4 2 3 1 3 3 3 1 2 2 2 1 3 2 1 3 4 2 4 1 2 2 1 4 4 2 2 4 
4 2 2 3 2 1 1 3 1 1 1 3 4 1 4 2 4 4 3 4 2 2 4 4 2 4 3 3 3 3 4 3 1 1 3 3 1 1 1 3 2 2 4 1 1 4 2 3 1 1 2 1 4 1 1 4 1 3 3 4 1 3 2 1 2 1 3 1 1 4 4 2 4 4 4 4 1 4 2 1 1 2 4 1 3 4 2 4 1 4 4 2 1 1 2 3 4 2 2 3 3 3 1 4 3 1 4 3 2 1 2 4 1 3 4 4 2 2 4 3 1 1 1 4 1 1 2 2 4 
4 3 2 1 1 2 1 2 4 1 3 2 4 2 2 1 1 1 1 4 4 1 4 1 4 1 3 2 1 4 1 4 4 4 1 3 2 1 3 2 2 4 4 3 2 2 1 2 2 1 4 1 4 2 3 2 2 3 3 2 1 3 1 4 1 2 2 1 2 4 3 4 1 4 4 1 2 3 4 4 2 3 3 3 3 3 3 2 3 4 2 1 3 2 1 4 3 4 4 1 1 4 2 2 3 1 2 4 3 3 1 2 4 1 3 2 4 4 2 3 1 1 3 2 1 2 2 4 4 
4 2 3 3 3 1 1 4 1 2 4 1 4 1 4 1 3 2 1 4 1 1 3 1 4 2 4 1 3 2 4 3 2 3 2 1 1 3 4 4 2 3 2 4 3 1 3 2 4 2 1 1 3 4 4 4 4 4 3 3 2 1 4 2 4 4 4 1 3 3 2 2 1 1 2 4 1 3 2 2 3 2 3 3 2 3 2 4 4 4 1 1 2 3 2 2 3 1 3 3 1 1 4 1 1 1 1 4 4 1 2 1 2 2 4 1 2 1 1 1 1 2 3 1 2 2 4 2 4 
4 2 3 2 4 4 4 3 3 4 2 1 2 3 2 4 3 4 3 1 2 4 3 3 1 1 2 4 2 2 3 3 3 4 4 4 1 2 1 3 2 2 4 3 4 1 3 4 2 4 2 2 4 2 1 2 2 1 2 1 2 3 1 4 2 3 4 4 1 3 3 2 3 3 3 4 3 4 4 1 3 1 3 2 2 2 3 3 3 1 4 2 2 1 1 2 1 3 1 4 2 1 2 4 1 1 3 1 1 3 4 1 3 1 3 1 2 4 4 1 3 4 1 2 1 3 4 1 4 
4 4 2 4 4 2 2 1 1 1 2 1 4 2 2 1 3 2 1 2 1 2 4 2 1 4 4 3 1 2 1 1 3 3 2 1 2 2 3 1 4 4 3 2 2 1 1 4 1 2 2 3 2 2 1 4 3 3 4 3 4 1 4 1 1 1 1 1 4 3 2 3 3 4 1 2 3 2 1 4 3 2 1 2 4 4 4 3 2 3 1 2 4 4 1 1 2 2 2 4 3 1 2 1 3 4 2 1 3 2 4 2 3 3 3 2 3 2 1 2 4 3 2 4 1 2 1 2 4 
4 4 2 4 3 2 1 4 3 1 1 1 1 2 4 3 2 3 3 3 4 4 1 2 3 2 1 1 1 3 2 1 4 1 4 3 1 2 1 1 1 3 4 4 3 1 2 2 3 2 3 4 2 4 1 1 4 1 2 1 4 4 4 4 3 2 1 4 3 4 2 1 1 4 3 4 2 4 4 4 1 4 3 4 1 4 3 1 3 2 3 4 3 3 1 1 2 2 3 4 3 3 2 1 4 4 1 2 2 3 4 2 2 1 4 3 4 4 2 2 4 2 1 2 3 4 3 1 4 
4 4 3 1 1 1 4 3 1 1 3 3 3 4 4 4 4 3 1 3 2 4 1 3 4 1 1 4 1 3 2 3 2 4 2 4 1 3 4 4 4 3 3 3 4 4 2 3 2 1 4 1 4 4 4 3 2 4 3 2 4 3 3 1 3 3 4 1 2 1 2 1 1 4 3 1 1 3 3 2 2 1 1 1 3 3 1 4 1 1 3 1 3 1 4 2 2 4 1 3 3 3 1 4 1 2 3 1 3 1 3 2 2 4 3 1 2 2 3 4 4 3 1 2 1 4 2 3 4 
4 4 3 2 2 1 4 4 1 4 4 4 3 2 1 1 2 2 3 2 3 1 3 3 4 1 4 1 4 2 2 4 2 2 2 2 1 1 3 2 3 4 4 4 4 1 2 4 3 1 3 3 3 1 3 2 1 1 2 1 4 4 3 3 1 1 1 1 4 2 1 4 1 3 3 4 2 1 3 3 4 1 1 3 3 1 1 1 3 1 4 3 1 3 1 2 2 2 4 3 4 3 2 4 2 2 4 1 3 4 1 1 1 3 1 1 3 3 2 3 4 4 1 2 3 1 3 4 4 
4 1 1 2 2 1 3 1 2 2 4 1 4 1 1 4 3 2 4 4 4 4 2 2 1 1 1 1 1 4 1 4 3 1 1 2 4 1 1 1 3 1 3 4 2 1 3 4 3 3 2 3 3 4 1 1 2 2 2 3 1 1 4 4 1 4 3 1 2 4 4 3 1 4 4 2 1 3 3 2 1 4 1 1 4 1 4 4 1 2 3 4 4 3 3 4 3 3 1 3 4 1 4 4 2 4 3 4 2 4 3 4 2 4 2 1 1 3 3 2 3 3 3 2 1 3 2 4 4 
4 1 4 1 4 4 4 4 3 2 2 3 1 2 2 2 2 2 2 4 4 3 2 4 4 3 2 2 3 2 2 3 1 3 3 2 4 4 4 3 4 3 3 4 4 3 4 2 3 4 4 4 4 1 3 2 3 2 2 1 1 2 1 3 4 3 1 2 1 3 3 1 1 4 2 2 4 4 4 4 4 4 1 1 1 1 3 4 3 2 1 1 2 1 2 4 2 4 1 1 2 4 1 1 1 1 3 1 1 4 4 3 2 2 4 3 1 1 3 1 3 1 4 3 3 2 2 4 4 
4 4 4 4 4 4 4 4 4 4 4 4 4 4 4 4 4 4 4 4 4 4 4 4 4 4 4 4 4 4 4 4 4 4 4 4 4 4 4 4 4 4 4 4 4 4 4 4 4 4 4 4 4 4 4 4 4 4 4 4 4 4 4 4 4 4 4 4 4 4 4 4 4 4 4 4 4 4 4 4 4 4 4 4 4 4 4 4 4 4 4 4 4 4 4 4 4 4 4 4 4 4 4 4 4 4 4 4 4 4 4 4 4 4 4 4 4 4 4 4 4 4 4 4 4 4 4 4 4 

