128
1000
1000

[Node]
0  0  0   0  0
129 0  0   0  0

[pickup]
1       504495199      12          7
2       505079993      12          14
3       503689218      13          19
4       505123006      16          8
5       505239866      23          16
6       504537707      24          20
7       504389727      25          12
8       502843210      25          15
9       505170366      27          13
10      502788559      38          17
11      505154688      41          11
12      505190963      47          12
13      502788388      49          13
14      505029423      49          11
15      504865786      50          13
16      504398964      50          15
17      503167459      51          13
18      503642641      54          6
19      504930826      55          11
20      503161393      59          12
21      503171563      60          16
22      504944047      61          12
23      502798845      61          7
24      504852746      62          8
25      502791054      62          19
26      504910673      64          9
27      505247342      64          6
28      504654384      66          12
29      503978903      66          13
30      504338451      67          8
31      504042384      69          5
32      503207090      71          17
33      505162674      75          10
34      502789230      75          10
35      504411672      80          18
36      502789170      82          9
37      504804143      82          13
38      502786483      83          8
39      502786834      87          9
40      503219384      89          20
41      505195369      91          13
42      504782558      94          18
43      504959617      98          16
44      504793290      102         19
45      504999730      105         20
46      502873629      105         20
47      504940723      108         8
48      503136759      112         13
49      504865782      115         20
50      504795387      120         8
51      502985617      126         13
52      504856540      126         6
53      502789900      127         7
54      505191730      130         10
55      504928743      132         13
56      505096954      139         16
57      505123014      143         11
58      502793194      143         8
59      505137588      146         8
60      503167442      152         18
61      502791365      156         6
62      505115866      157         10
63      502790450      157         11
64      504787660      159         10
65      503074303      159         12
66      502786917      162         15
67      502786899      163         14
68      505076939      166         19
69      502798247      166         17
70      504555619      167         19
71      504945646      168         15
72      502788888      169         13
73      502794929      173         18
74      502958598      173         5
75      505046733      179         14
76      503254635      192         9
77      505172794      197         17
78      502786707      198         18
79      505160758      200         13
80      502786498      209         16
81      503151774      210         14
82      502802061      218         9
83      503219373      220         11
84      505045729      221         9
85      504940829      223         10
86      503188362      230         17
87      504800636      232         7
88      502798846      250         15
89      504717668      251         16
90      504924574      253         5
91      503555070      263         20
92      503278639      284         14
93      502835894      308         18
94      502786480      309         5
95      502796219      309         14
96      505191728      315         9
97      505170466      332         11
98      502788402      346         17
99      504938844      355         11
100     502798415      386         15
101     502790595      405         8
102     505235087      418         11
103     504784699      422         10
104     502786974      453         13
105     502796218      456         9
106     504970852      468         5
107     502798824      481         7
108     502791061      494         7
109     504930822      494         18
110     504804145      527         9
111     503525248      555         9
112     504553396      576         9
113     505121631      606         10
114     504608410      611         8
115     503254639      690         6
116     505143425      704         17
117     504861698      722         15
118     503900603      753         13
119     502787101      766         10
120     504040924      786         9
121     504783205      791         19
122     504489902      825         8
123     502790596      953         18
124     505150249      1000        19
125     502800050      1000        15
126     504750395      1000        13
127     502790625      1000        7
128     502804546      1000        12

[Speed 0]
0.81
30.0   60.0 0.0 0.6
90.0   150 0.0 0.4
300.0  540.0 0.0 0.81
570.0 630.0 0.0 0.6
660.0 720.0 0.0 0.4
750.0 840.0 0.0 0.81

[Speed 1]
1.33
30.0   60.0 0.0 0.8
90.0   150 0.0 0.6
300.0  540.0 0.0 1.33
570.0 630.0 0.0 0.8
660.0 720.0 0.0 1.3
750.0 840.0 0.0 2

[Speed 2]
1.33
30.0   60.0 0.0 1.0
90.0   150 0.0 0.8
300.0  540.0 0.0 1.33
570.0 630.0 0.0 0.8
660.0 720.0 0.0 0.6
750.0 840.0 0.0 1.5

[Speed 3]
1.5
30.0   60.0 0.0 0.9
90.0   150 0.0 0.8
300.0  540.0 0.0 1.5
570.0 630.0 0.0 0.9
660.0 720.0 0.0 0.8
750.0 840.0 0.0 1.5

[Speed 4]
2
30.0   60.0 0.0 1.1
90.0   150 0.0 0.9
300.0  540.0 0.0 2
570.0 630.0 0.0 1.1
660.0 720.0 0.0 0.9
750.0 840.0 0.0 2

[speed choose matrix]
4 4 4 4 4 4 4 4 4 4 4 4 4 4 4 4 4 4 4 4 4 4 4 4 4 4 4 4 4 4 4 4 4 4 4 4 4 4 4 4 4 4 4 4 4 4 4 4 4 4 4 4 4 4 4 4 4 4 4 4 4 4 4 4 4 4 4 4 4 4 4 4 4 4 4 4 4 4 4 4 4 4 4 4 4 4 4 4 4 4 4 4 4 4 4 4 4 4 4 4 4 4 4 4 4 4 4 4 4 4 4 4 4 4 4 4 4 4 4 4 4 4 4 4 4 4 4 4 4 4 
4 3 1 2 4 3 2 2 1 1 3 1 3 2 4 2 3 1 3 3 4 1 2 4 1 3 2 2 3 3 1 2 3 4 4 2 3 2 1 2 1 3 1 2 1 3 2 1 3 3 4 4 2 1 1 4 3 4 3 4 1 3 1 4 2 3 2 1 4 1 3 2 1 1 3 2 1 4 1 3 3 3 4 2 1 1 1 3 1 2 3 1 3 1 2 2 4 2 2 1 4 3 2 2 1 1 3 2 1 2 4 2 4 3 2 1 1 2 3 2 3 1 3 4 2 4 2 1 1 4 
4 3 1 1 2 3 3 4 3 3 3 1 1 4 4 1 3 3 2 2 4 3 4 1 3 3 1 3 3 3 1 4 3 4 4 4 3 3 3 2 4 1 2 2 4 2 2 1 4 4 1 2 4 3 1 4 1 1 1 1 2 1 4 3 1 3 2 2 2 2 3 3 4 4 1 2 3 3 4 4 2 2 1 4 4 3 1 2 4 3 4 3 4 3 3 4 2 3 3 1 3 1 3 4 2 1 2 1 4 2 3 4 1 4 4 2 3 2 1 4 2 4 4 2 2 4 3 3 3 4 
4 2 4 1 3 3 2 4 1 3 2 4 1 1 3 4 2 3 3 1 2 2 3 4 1 4 4 4 4 1 4 2 1 1 3 4 3 4 3 1 2 2 3 2 1 1 4 2 3 3 3 1 2 1 1 3 2 2 3 2 3 1 1 4 1 1 4 1 4 3 4 2 1 2 2 2 4 2 1 1 1 3 3 4 1 4 4 1 1 1 4 4 1 3 1 1 2 1 3 1 3 2 1 2 3 1 4 1 2 1 4 2 3 4 4 4 3 1 1 2 4 1 4 4 1 1 4 4 1 4 
4 4 1 4 1 1 1 4 2 2 2 4 1 2 2 1 1 1 3 2 1 3 1 3 4 1 4 1 1 4 3 2 4 4 4 4 2 3 1 1 4 1 2 1 2 1 3 1 2 3 3 4 4 1 1 2 3 1 4 1 3 1 3 4 1 3 3 1 1 3 3 1 4 2 1 3 4 3 3 1 3 4 3 2 4 3 1 2 2 4 1 1 2 1 1 4 4 3 3 4 3 3 3 4 3 1 2 3 2 3 4 2 4 2 1 2 2 3 3 4 2 4 1 3 4 3 2 3 4 4 
4 1 1 3 2 4 3 2 1 3 1 2 2 2 1 2 2 1 3 3 4 1 1 1 1 4 1 1 2 3 1 2 3 4 2 3 1 3 3 3 3 1 2 4 1 4 3 4 1 1 3 3 1 4 3 1 4 1 4 4 1 3 2 4 2 4 3 2 3 2 1 2 3 2 1 4 2 3 4 3 3 2 3 1 4 2 2 4 2 1 1 2 3 3 1 4 1 2 2 4 1 4 2 2 4 2 1 3 2 2 4 4 3 3 3 2 3 2 1 3 4 2 2 2 3 4 3 1 3 4 
4 4 2 4 4 1 3 1 3 4 2 3 3 4 4 2 1 4 3 1 3 4 1 2 2 4 1 4 1 2 2 1 2 2 4 1 2 3 3 3 4 1 1 4 1 4 4 2 3 1 4 3 3 2 3 3 2 1 4 3 1 4 4 2 2 2 1 4 4 3 4 4 2 3 2 2 2 1 3 1 3 4 3 4 4 1 1 1 2 2 1 1 1 1 1 4 3 4 2 4 3 2 1 1 2 4 3 2 2 3 4 3 2 2 3 4 1 2 3 2 3 4 2 3 3 4 3 4 3 4 
4 4 4 1 2 4 4 1 3 1 1 4 2 4 2 3 4 4 1 4 3 1 4 4 2 3 1 3 3 2 3 4 4 2 2 4 3 1 4 3 2 3 1 3 2 4 2 3 4 4 3 3 3 4 1 4 1 2 4 4 4 2 4 4 2 4 3 3 1 1 3 4 1 1 4 4 4 3 1 2 1 1 3 3 4 2 3 2 3 1 2 1 4 3 3 1 4 2 1 4 4 4 1 2 2 1 2 2 3 2 4 3 2 4 2 3 1 1 1 2 2 4 2 4 4 1 1 2 4 4 
4 4 3 2 1 4 2 2 2 3 1 3 1 4 1 1 3 4 4 4 2 1 4 3 2 3 1 3 1 4 4 1 2 2 4 1 3 3 4 3 1 4 1 1 3 2 1 4 4 4 3 3 4 2 1 1 1 1 3 4 3 1 1 1 2 2 2 3 4 2 2 1 3 4 4 1 1 3 3 3 1 3 2 3 4 4 4 2 2 3 4 3 4 2 2 3 4 2 4 3 1 4 4 1 4 3 4 1 2 3 2 3 4 2 2 3 1 4 3 4 3 2 3 2 3 1 3 2 4 4 
4 2 2 4 1 1 4 3 3 4 1 4 2 2 2 1 2 3 3 4 3 2 1 3 1 4 1 2 1 1 3 2 1 1 4 3 4 4 1 3 3 3 4 1 2 4 4 2 4 4 4 2 3 1 1 2 2 2 4 1 1 1 1 1 1 3 1 2 2 4 2 4 1 3 3 4 1 1 3 1 2 2 2 2 4 3 2 2 1 2 4 2 2 1 1 1 3 2 4 1 2 4 3 3 2 4 4 1 4 3 1 4 4 1 1 3 1 3 4 3 1 4 1 2 1 2 4 4 1 4 
4 4 1 3 2 1 1 4 3 1 1 3 3 1 1 4 3 4 4 1 2 3 4 3 3 1 3 4 2 2 1 3 1 1 4 2 2 4 4 1 1 1 4 2 4 1 2 4 3 2 3 3 1 3 4 3 3 3 2 4 2 2 2 4 2 2 1 3 4 1 2 4 3 1 2 3 4 1 4 2 2 3 4 4 1 1 3 1 2 1 2 1 1 1 1 4 4 3 2 1 3 4 3 3 4 4 2 3 4 1 2 3 2 3 1 4 2 3 3 3 3 1 2 4 4 2 2 3 1 4 
4 2 2 1 2 3 4 1 1 4 4 2 2 1 4 4 3 4 4 4 1 1 2 1 2 3 2 1 1 2 3 2 2 4 1 2 3 2 3 2 1 4 4 3 2 3 1 3 4 4 3 4 3 1 2 4 3 4 3 1 3 1 1 3 2 3 1 2 1 1 3 3 4 3 4 4 3 2 1 3 4 2 3 1 1 4 4 3 2 1 2 4 4 3 1 4 1 2 3 3 4 1 3 3 3 1 2 1 4 3 1 1 2 1 4 2 1 1 1 2 3 3 2 3 3 2 1 4 2 4 
4 3 1 1 4 1 2 2 3 2 3 2 1 2 4 3 1 4 4 4 2 2 3 1 2 1 1 2 1 4 2 3 4 4 4 4 2 4 3 1 3 2 1 1 3 3 4 4 4 3 1 2 2 3 1 2 4 2 1 3 3 4 2 4 4 4 1 2 4 4 2 3 4 2 2 1 2 4 4 1 3 3 3 2 3 3 4 1 3 1 4 4 3 4 2 1 2 1 4 1 3 4 4 3 3 1 1 3 1 4 2 2 1 1 2 3 1 4 4 3 3 1 3 3 4 4 1 2 1 4 
4 3 2 2 1 2 4 1 3 4 1 2 3 3 3 2 2 4 1 4 3 1 3 4 3 1 1 1 2 2 2 1 3 2 1 4 4 1 4 3 3 4 1 4 1 1 3 2 3 1 3 4 2 2 2 1 1 3 3 4 4 4 4 3 3 4 1 4 4 4 1 3 2 3 3 1 1 1 1 4 2 2 3 1 1 1 3 3 3 2 1 4 1 2 1 1 3 4 4 2 2 3 4 2 3 1 2 1 2 3 3 3 2 2 3 3 4 3 1 3 1 2 4 2 3 3 3 3 4 4 
4 2 3 3 1 3 2 3 2 4 2 3 2 1 1 3 1 1 3 4 1 3 3 4 4 1 1 4 4 1 3 2 3 2 2 2 2 4 1 3 3 2 4 2 1 1 1 2 4 1 3 1 3 1 1 2 2 3 4 4 1 3 2 2 4 1 3 2 3 2 3 1 2 2 3 4 1 1 4 4 4 2 2 4 2 1 3 3 2 1 4 3 3 3 1 1 1 1 2 4 2 1 1 4 3 3 4 3 3 3 1 2 3 1 3 3 1 1 1 2 2 3 4 2 2 4 2 3 3 4 
4 2 2 3 4 3 2 2 4 4 1 1 4 4 4 3 3 3 3 1 4 2 2 3 1 1 1 4 4 2 3 4 1 4 3 4 3 2 1 3 1 3 4 1 3 2 1 1 3 3 4 1 1 3 1 3 3 1 1 1 1 4 1 1 1 4 1 4 4 1 2 3 1 4 4 3 2 4 4 2 1 1 1 3 4 4 2 2 1 3 1 3 4 3 1 1 1 2 2 1 3 4 1 3 3 3 2 3 4 4 3 1 1 1 2 1 1 1 3 2 3 3 4 3 2 2 1 2 4 4 
4 3 4 2 1 2 3 4 1 1 2 1 4 1 1 4 1 2 2 3 2 3 4 3 4 2 3 1 3 1 1 2 3 3 2 4 2 4 4 4 2 1 4 3 3 4 2 1 2 3 3 3 1 1 3 4 1 4 4 2 4 3 1 3 1 1 3 4 4 3 3 3 1 2 1 1 3 4 3 1 4 1 2 4 2 4 1 1 3 4 1 3 4 3 2 2 3 1 1 4 2 3 4 2 1 3 1 3 3 4 3 1 4 2 4 3 4 2 1 3 1 1 2 2 2 3 4 1 1 4 
4 4 3 1 2 3 3 4 1 4 2 4 3 2 2 4 2 3 4 3 1 4 3 1 1 4 4 1 4 3 4 2 3 4 4 1 1 2 1 3 2 1 4 4 2 4 4 1 4 2 1 1 1 1 1 3 4 1 3 4 4 1 1 4 3 3 3 2 4 3 1 4 1 3 4 4 1 1 1 2 3 1 2 1 1 4 3 1 4 3 4 3 1 3 1 2 1 4 3 2 2 3 2 4 4 1 1 1 1 4 2 4 4 3 2 3 2 2 4 3 1 3 3 1 1 4 4 2 2 4 
4 1 4 3 2 1 1 1 2 3 2 2 4 1 4 3 1 1 4 1 2 3 4 4 4 2 2 1 1 4 3 2 1 2 3 1 3 4 4 1 3 2 1 3 3 2 2 1 2 4 2 3 3 4 4 4 3 2 2 4 1 2 4 2 3 1 4 4 3 1 2 4 2 1 3 3 4 4 1 2 1 1 2 1 1 3 4 1 1 2 3 4 2 3 3 2 4 2 4 4 2 4 3 1 4 3 1 4 1 4 4 4 1 3 1 2 2 1 1 4 2 3 2 3 1 2 1 1 2 4 
4 3 1 1 3 1 3 2 1 1 1 1 2 3 4 4 2 3 4 3 1 1 2 3 2 1 1 1 1 4 1 1 3 4 3 3 2 1 2 4 1 2 1 3 3 2 2 4 4 3 2 2 1 4 4 4 2 2 2 2 1 3 4 4 3 2 1 4 3 2 3 1 1 4 2 4 4 1 4 3 2 3 4 1 2 3 2 2 2 3 2 3 4 1 3 3 4 4 4 2 3 3 2 3 3 4 4 1 4 3 1 4 1 2 3 1 2 4 4 3 3 1 3 2 3 2 2 1 4 4 
4 1 4 4 1 3 3 1 2 4 4 1 3 3 3 3 2 3 3 4 3 2 2 1 3 3 2 1 1 1 3 1 3 1 1 2 4 1 1 4 2 4 1 4 2 1 1 3 3 3 2 4 1 3 3 1 1 1 3 4 4 3 2 4 4 2 3 2 4 4 2 3 3 3 3 1 1 3 3 1 4 3 4 4 1 3 1 1 2 4 1 4 4 2 2 1 4 4 4 4 4 3 1 3 1 2 4 4 3 4 2 2 4 3 3 4 4 2 4 2 2 1 3 4 3 2 1 4 3 4 
4 4 3 4 4 1 1 3 1 2 2 1 1 3 1 4 3 3 4 2 4 3 4 3 1 2 4 2 4 3 3 1 3 2 3 2 2 2 4 3 2 1 3 1 3 1 3 2 3 4 3 3 4 1 4 3 3 4 4 4 1 3 4 2 1 3 4 1 4 4 2 2 3 3 4 4 2 4 4 3 1 1 4 1 1 3 3 3 2 2 3 2 3 3 4 4 2 1 3 4 3 1 2 4 1 3 1 1 4 3 1 2 1 3 2 3 2 2 3 1 2 4 3 2 1 2 2 3 4 4 
4 3 2 4 4 3 3 1 4 4 2 3 2 4 1 2 2 1 1 3 3 4 1 2 3 1 3 4 4 2 1 3 4 3 3 3 2 4 2 1 3 1 4 1 2 1 1 4 1 2 2 2 4 1 2 1 3 2 3 1 3 3 3 2 1 4 4 3 1 4 3 4 2 2 2 3 4 1 3 1 1 1 2 1 4 1 1 1 3 3 4 4 1 3 3 2 2 4 2 2 2 2 2 3 3 2 2 3 3 4 3 2 1 4 1 3 4 2 3 4 4 4 1 2 1 4 1 2 2 4 
4 1 1 2 4 4 1 1 4 3 1 4 1 1 3 3 1 4 2 2 1 2 3 1 1 1 1 1 3 3 4 1 1 2 3 2 2 4 2 4 3 2 4 3 3 2 3 4 3 3 2 4 1 3 4 3 3 4 4 2 3 3 3 4 1 3 4 4 4 2 1 4 4 1 1 2 4 3 4 2 4 3 4 2 2 2 2 1 1 4 3 2 1 4 2 4 2 1 4 1 2 3 1 3 3 3 1 1 2 2 3 1 3 4 2 3 4 4 2 2 2 2 2 2 3 2 1 2 3 4 
4 4 1 2 1 4 4 1 2 2 2 3 1 1 2 2 4 4 2 3 2 4 4 1 1 3 1 2 4 3 1 4 1 3 1 1 3 4 3 2 3 3 1 4 4 2 4 3 2 3 3 4 3 4 2 2 3 4 2 1 2 4 1 2 4 3 3 4 1 1 1 4 1 3 3 4 3 1 4 4 1 1 2 1 1 1 1 3 2 3 1 2 4 3 3 3 4 2 2 2 4 1 4 1 2 4 2 2 1 1 4 4 4 2 3 1 2 2 1 1 2 4 3 1 3 2 4 2 2 4 
4 1 2 3 1 3 1 3 4 4 1 4 4 1 3 3 3 2 1 4 3 3 2 1 2 3 3 3 1 4 3 3 4 1 2 2 1 4 4 2 3 3 1 1 1 3 2 2 1 2 1 4 2 1 1 1 1 1 3 3 3 2 3 4 4 1 3 2 2 1 3 1 4 2 2 2 1 2 2 2 2 1 1 1 4 4 3 1 1 4 1 2 1 1 4 1 3 3 3 2 3 2 2 3 4 3 3 2 2 3 4 3 1 4 4 2 4 3 1 2 1 2 3 1 3 2 3 1 4 4 
4 3 2 3 2 4 2 1 4 3 1 1 2 1 3 3 3 3 2 2 2 1 2 3 3 2 3 2 2 1 2 1 3 1 3 1 3 4 3 1 3 1 3 1 4 2 3 2 4 3 2 4 1 3 4 1 3 1 1 3 4 3 1 1 4 1 1 1 2 2 2 1 3 1 4 4 2 1 3 1 3 4 1 3 2 4 1 3 4 3 3 3 2 4 1 2 4 1 2 3 4 4 1 1 3 2 3 1 3 4 3 4 3 3 3 3 4 2 4 1 1 4 3 3 4 1 1 2 3 4 
4 3 3 2 1 2 3 2 1 2 2 3 1 2 1 3 4 4 2 1 4 1 4 2 4 4 1 1 1 4 2 1 1 3 4 2 4 1 4 2 1 2 3 3 2 4 3 1 2 2 3 4 1 3 2 4 3 1 2 1 2 4 3 2 2 1 4 2 1 3 4 4 3 1 4 4 3 2 1 3 3 2 1 4 1 2 1 2 4 2 2 2 1 1 2 4 3 3 4 1 2 3 3 2 4 2 1 2 1 1 4 2 2 1 1 3 1 4 2 3 4 3 3 4 1 2 4 2 3 4 
4 3 2 3 4 1 3 3 2 4 4 4 2 1 2 4 3 1 3 2 1 4 1 3 2 3 4 4 1 3 1 1 3 1 4 4 1 1 4 2 4 4 2 3 3 3 3 3 4 2 1 4 2 3 2 2 3 4 1 1 3 3 1 4 1 4 1 4 2 2 4 3 2 2 2 1 1 2 4 3 1 1 1 4 4 4 4 1 3 1 4 1 4 1 4 2 3 1 2 1 4 4 4 2 4 1 1 3 3 3 4 3 2 2 2 4 3 3 3 3 1 4 3 2 2 4 3 3 4 4 
4 2 1 4 1 2 3 1 1 4 3 1 2 4 1 3 1 3 4 4 1 4 4 2 1 4 2 1 3 3 4 2 3 1 4 3 4 2 4 3 4 1 2 1 3 1 4 4 3 4 2 1 2 4 4 2 1 3 3 3 1 1 2 3 2 4 4 3 3 1 1 2 3 2 4 2 2 3 2 3 3 4 1 2 1 2 1 4 2 1 3 3 4 4 3 2 2 4 1 4 4 1 2 2 2 2 1 2 3 1 1 3 1 3 2 1 3 1 4 4 4 1 1 3 3 2 1 3 1 4 
4 1 3 1 3 1 3 4 2 3 3 4 2 3 2 3 2 4 3 4 1 4 3 3 1 3 3 3 1 4 2 2 3 3 2 1 1 2 3 1 1 3 1 4 2 1 4 4 4 3 2 1 4 1 3 3 2 3 2 1 2 3 2 3 1 1 1 1 3 2 4 1 4 4 3 1 3 1 1 1 1 1 1 1 2 4 2 1 1 2 3 1 3 2 2 1 1 3 1 3 3 1 3 2 4 4 3 2 1 1 3 1 1 2 2 1 2 3 1 4 4 2 1 4 2 1 1 4 4 4 
4 4 4 4 2 4 1 3 4 4 2 1 2 2 2 4 4 4 2 1 1 4 1 2 4 2 4 4 3 3 2 2 3 1 4 1 3 2 2 2 2 4 2 1 3 1 3 1 4 2 3 4 2 2 1 1 2 2 2 4 3 3 3 1 1 2 2 2 3 1 4 3 2 3 2 4 3 3 3 3 3 1 2 2 2 1 4 1 4 2 2 3 4 2 4 1 2 1 3 3 4 1 4 4 1 1 4 4 1 1 3 2 3 2 4 2 3 2 4 1 3 3 1 4 3 3 2 4 4 4 
4 2 1 3 2 3 2 1 3 3 4 3 2 4 2 1 2 4 4 4 4 3 1 4 2 1 1 3 1 3 1 4 3 2 3 2 3 4 2 3 3 1 4 3 2 2 1 3 3 4 3 4 3 4 3 2 2 3 2 3 1 2 1 3 1 2 2 1 1 2 4 4 3 4 2 4 2 1 1 2 4 3 3 3 4 3 1 4 1 2 4 4 2 2 2 3 4 4 3 2 3 1 4 4 3 2 1 3 1 1 4 2 4 3 2 4 1 2 1 4 2 2 1 2 1 1 3 3 2 4 
4 3 2 1 3 3 4 3 2 1 1 1 4 4 4 4 3 1 1 2 4 1 1 2 3 1 2 4 4 4 2 2 4 4 3 3 4 3 3 2 2 3 2 1 4 3 2 2 3 3 3 3 4 4 2 2 4 1 3 2 4 3 1 4 1 2 4 3 3 1 2 4 4 2 2 2 2 3 4 3 3 2 4 4 1 1 3 3 2 4 4 2 2 4 3 2 1 1 3 2 2 3 3 3 4 4 1 1 4 4 2 3 4 1 3 1 1 1 2 4 1 2 4 4 1 3 2 4 4 4 
4 4 1 1 2 2 4 1 2 4 1 1 4 1 4 3 3 3 1 4 3 1 2 1 2 1 4 4 3 4 2 4 2 3 3 4 4 3 3 4 2 2 3 1 2 3 1 3 3 1 1 1 4 1 4 3 4 1 2 3 4 3 3 4 1 1 4 2 2 1 4 1 2 2 4 3 3 3 2 3 3 4 4 1 4 2 3 3 2 2 2 2 2 3 2 2 2 4 1 1 2 1 4 4 2 4 2 1 4 4 2 1 1 1 3 3 3 2 2 2 3 1 2 2 3 3 2 1 1 4 
4 2 1 3 1 2 1 2 4 1 2 1 2 4 4 1 3 2 2 3 2 3 4 1 3 4 1 4 1 4 1 4 1 3 1 3 2 4 3 2 2 4 2 4 4 2 1 4 2 4 3 2 2 2 4 2 3 3 2 1 1 4 3 1 2 1 3 3 4 2 2 1 2 2 2 1 2 3 3 3 1 3 1 3 3 1 1 1 4 4 1 1 3 4 3 1 4 1 3 2 4 4 1 2 3 2 1 4 1 4 2 2 2 3 2 1 2 4 2 1 1 1 1 4 4 2 3 3 4 4 
4 2 2 3 1 2 2 2 4 3 3 3 3 1 4 3 2 1 1 2 1 3 2 4 3 3 2 4 3 1 4 3 2 1 4 1 2 1 2 4 4 1 1 4 3 1 3 3 3 1 2 3 3 1 1 4 2 2 4 3 1 4 3 2 3 1 4 1 3 2 1 3 2 4 1 4 1 2 3 4 4 3 2 1 2 4 3 2 1 3 1 3 4 3 4 4 3 3 3 2 2 1 2 3 2 4 2 1 2 1 3 2 2 1 1 4 2 4 4 2 3 2 4 2 3 2 2 2 4 4 
4 4 2 3 3 1 2 1 4 3 3 2 2 3 2 2 2 1 4 4 3 4 2 2 3 1 2 1 4 1 4 3 2 3 1 1 3 2 2 2 4 3 2 4 1 3 2 3 3 2 3 1 4 2 4 3 1 3 2 2 2 3 4 3 1 3 2 2 4 4 2 1 3 3 1 1 3 3 1 4 2 2 4 4 4 4 1 2 2 2 1 1 4 1 2 4 2 3 1 4 2 1 3 2 2 3 2 4 4 1 3 1 3 2 1 4 2 2 3 4 3 1 1 2 3 2 1 4 3 4 
4 2 1 4 2 2 3 1 2 1 2 4 4 3 3 2 1 3 2 1 3 1 3 2 2 2 4 4 4 4 2 4 3 4 1 1 2 2 3 1 1 3 2 1 4 2 1 4 4 4 1 1 1 3 4 4 4 1 3 1 3 2 2 2 2 2 2 2 1 1 1 4 4 2 2 3 3 1 4 2 4 3 3 3 3 3 3 2 4 2 4 3 3 1 3 3 3 1 4 3 2 2 2 1 4 1 2 3 1 2 2 2 1 3 2 3 2 1 1 3 4 3 4 3 4 3 1 1 3 4 
4 2 4 4 4 2 1 1 3 1 4 1 4 3 1 1 2 2 3 3 3 1 3 4 3 3 2 2 3 3 3 1 3 2 3 4 1 2 4 4 3 3 4 1 4 2 3 4 3 1 2 1 3 4 4 3 4 4 2 4 1 2 2 4 3 2 4 4 1 1 2 4 3 4 1 3 3 3 1 4 1 4 4 1 2 2 3 1 4 4 2 1 1 2 1 3 2 1 4 3 1 1 4 1 4 1 3 1 3 2 1 1 2 2 2 1 1 1 4 4 1 3 3 4 2 1 2 1 2 4 
4 3 2 3 4 1 3 3 2 3 4 4 4 1 3 4 2 2 3 3 2 2 4 3 2 1 3 2 4 1 3 4 2 4 1 3 2 4 1 1 4 2 1 3 1 3 4 1 1 1 4 4 2 1 3 3 2 1 3 2 1 1 1 4 1 3 3 3 2 4 4 4 2 2 3 3 3 1 4 2 3 4 4 1 4 2 4 2 1 4 1 2 4 4 1 4 3 2 2 1 3 2 3 3 4 4 3 3 4 2 4 3 1 1 2 1 1 2 1 2 1 1 3 2 4 1 1 1 2 4 
4 4 1 2 3 4 2 2 1 4 4 4 3 2 1 4 2 4 3 2 3 4 2 2 1 2 2 1 4 3 2 1 2 3 3 1 3 2 3 1 4 1 1 3 4 2 1 1 3 2 1 2 4 1 1 4 4 3 2 2 4 1 3 3 3 2 1 2 2 1 3 1 2 4 4 2 3 4 2 4 2 1 2 1 1 2 4 2 2 3 4 2 4 1 1 1 1 3 1 1 3 4 2 1 1 3 2 4 4 2 3 3 1 1 2 3 2 2 3 3 4 2 2 4 2 1 1 4 4 4 
4 4 2 4 1 3 2 3 2 2 1 3 2 1 3 2 4 1 4 3 4 4 3 2 1 2 3 2 2 2 3 3 4 1 1 2 1 4 3 2 1 2 1 2 2 4 1 3 2 3 2 3 1 2 4 3 1 2 4 1 4 1 2 2 3 2 4 2 1 3 1 1 2 3 4 1 1 3 3 3 1 2 3 4 2 1 4 3 3 1 4 1 4 1 2 3 3 4 2 3 4 1 4 2 2 2 1 3 4 4 3 2 4 2 4 1 3 1 2 4 3 2 3 3 4 2 4 4 3 4 
4 3 1 2 4 4 4 2 3 1 3 2 3 3 3 4 2 1 4 4 4 2 2 2 1 4 3 3 3 3 4 2 3 2 1 3 4 3 2 1 4 4 4 4 3 1 4 3 4 3 2 3 1 1 1 3 3 4 1 2 2 4 2 1 2 1 1 1 2 4 1 3 2 3 2 1 3 4 4 2 4 4 1 2 4 3 1 4 4 4 3 3 3 4 1 2 3 3 1 4 4 2 3 4 1 2 3 3 1 4 2 1 3 4 1 1 3 3 2 2 3 2 4 3 1 1 3 2 3 4 
4 2 3 1 3 2 4 3 1 2 1 1 3 1 2 4 3 1 3 4 1 2 2 1 4 2 1 2 1 2 4 1 4 1 4 2 4 1 4 1 3 4 3 3 4 4 2 4 2 1 4 3 4 4 4 3 3 4 3 1 1 3 3 1 4 1 3 4 2 3 3 4 3 4 4 2 3 3 2 3 3 1 2 4 2 2 1 4 2 2 3 4 4 3 3 4 1 3 2 3 1 2 3 1 4 2 3 2 1 3 4 3 3 3 2 3 2 2 3 4 4 1 3 2 1 3 1 4 3 4 
4 3 2 1 4 1 4 1 3 2 3 4 1 4 4 4 4 1 2 3 1 2 1 1 2 2 1 1 2 3 4 2 3 4 1 1 2 2 1 4 3 1 4 1 2 1 1 1 4 1 3 4 2 4 2 3 3 1 1 2 4 3 1 4 4 1 3 2 1 3 3 1 4 2 1 4 2 1 3 2 1 1 4 3 1 1 1 4 4 2 4 4 2 3 4 4 4 4 4 4 1 4 3 2 4 4 1 2 2 4 1 3 3 4 3 1 3 1 4 4 2 3 4 2 4 2 2 3 3 4 
4 3 4 3 3 2 2 3 2 2 1 4 2 4 1 3 4 4 3 3 4 1 4 4 3 4 2 4 4 1 2 4 4 3 4 3 1 3 2 2 4 1 4 3 2 2 2 2 2 3 1 3 4 1 3 4 3 2 4 4 2 4 3 3 3 2 1 4 3 4 4 3 4 3 3 4 3 1 2 3 4 3 4 4 3 4 2 3 3 4 2 2 4 3 3 3 2 2 2 3 1 1 4 1 2 1 1 4 3 1 1 2 2 1 3 2 1 2 2 1 4 2 4 2 3 1 3 2 4 4 
4 3 3 2 3 1 1 1 2 1 3 3 4 1 4 4 2 3 2 2 4 4 2 4 1 1 1 3 2 2 2 4 1 2 2 4 4 3 1 4 4 1 3 3 2 2 1 3 1 2 4 1 2 3 1 2 4 3 3 3 1 2 3 2 3 4 4 3 1 1 3 2 4 3 2 4 4 1 3 3 2 3 1 4 2 2 3 2 2 4 3 3 4 1 2 4 4 3 3 2 2 3 2 3 4 2 1 1 3 1 1 3 4 3 2 1 4 4 2 3 1 3 3 4 2 3 1 2 3 4 
4 1 3 1 3 2 1 3 4 4 3 2 2 3 1 4 3 3 4 4 2 2 3 4 4 2 3 3 2 2 4 4 1 3 3 1 3 4 2 3 1 4 4 2 1 3 4 2 3 4 2 3 1 1 2 4 3 3 1 2 1 2 2 4 4 1 4 2 1 4 1 1 1 1 2 4 4 2 2 1 2 2 1 3 2 3 3 2 3 4 3 2 3 4 4 3 3 2 1 4 4 3 4 2 4 3 1 3 4 1 1 1 1 3 1 1 3 3 3 1 4 1 2 4 1 2 2 3 1 4 
4 1 4 2 4 2 2 4 1 4 3 3 3 3 4 2 3 4 3 1 3 1 1 3 4 1 2 4 4 2 3 2 3 3 4 2 2 1 4 4 3 1 2 1 3 1 4 2 1 1 4 1 1 2 3 3 1 2 1 4 4 1 4 2 2 3 2 3 4 2 1 3 4 1 1 4 2 3 1 1 1 3 4 1 4 1 3 4 1 3 4 4 4 2 3 4 3 2 2 4 1 3 4 4 3 1 1 2 2 4 1 2 4 1 3 1 1 4 1 4 4 3 4 1 1 4 2 1 4 4 
4 2 3 3 2 2 2 4 3 1 2 1 2 3 4 3 3 4 1 1 2 2 4 1 2 2 3 3 2 3 2 4 2 4 1 3 4 2 3 3 1 1 3 3 1 3 1 1 1 3 4 2 2 3 2 3 3 2 2 1 1 4 2 1 1 4 4 3 3 2 2 2 4 2 2 1 1 2 3 4 2 1 3 3 3 4 2 4 4 4 1 3 3 2 3 2 4 1 3 2 2 4 4 1 4 3 1 3 1 3 2 1 3 4 2 1 4 4 1 3 4 1 1 1 3 2 1 3 4 4 
4 2 3 1 1 3 3 2 2 3 2 3 4 3 4 4 3 3 2 1 1 3 4 1 2 1 2 1 2 2 4 4 3 2 1 3 1 3 1 1 1 1 2 1 4 2 1 4 2 1 4 2 2 4 3 4 4 4 4 2 4 3 3 4 3 2 2 2 3 1 3 3 2 2 2 2 1 4 2 2 1 3 2 1 1 1 4 4 1 4 4 1 1 2 3 4 3 2 3 3 1 4 1 3 4 4 2 2 4 1 1 1 2 4 2 3 1 3 1 4 1 2 3 4 3 3 1 1 2 4 
4 3 1 1 4 3 4 3 2 3 4 3 4 3 4 2 3 2 4 1 1 4 4 2 3 2 2 1 1 1 3 3 1 4 1 4 2 1 1 4 1 3 2 3 2 3 2 4 3 4 3 3 3 4 4 4 2 4 4 2 2 3 1 4 2 4 2 1 3 1 3 1 3 4 3 3 4 3 1 4 3 1 3 3 3 2 2 4 2 4 2 4 3 1 3 4 2 4 2 3 2 3 1 4 3 1 3 1 4 1 1 1 3 1 2 4 2 3 4 1 3 2 2 1 4 1 3 2 3 4 
4 1 4 2 2 2 2 3 3 1 4 1 2 3 2 3 1 4 1 1 4 3 4 3 2 1 4 3 2 4 1 1 2 4 4 1 2 1 4 4 3 3 1 4 1 1 4 4 4 2 1 4 2 4 4 2 2 3 4 1 4 2 2 3 3 4 1 3 2 3 2 3 1 3 2 1 3 2 1 4 1 4 4 2 2 1 4 1 2 3 2 3 4 2 2 1 2 2 4 1 1 2 2 4 2 1 4 2 2 4 1 4 2 2 1 2 3 1 1 1 3 4 2 3 1 3 2 1 3 4 
4 4 3 2 3 3 2 1 2 1 3 1 4 4 3 4 2 1 1 3 1 4 2 2 1 3 3 3 3 1 3 1 2 2 3 2 2 4 1 1 3 1 1 2 1 1 2 2 3 2 2 4 1 1 2 1 4 3 4 1 1 3 4 3 2 4 1 1 4 3 4 3 1 4 3 2 1 1 4 2 1 1 1 4 3 2 1 4 2 2 4 1 3 2 3 1 1 1 4 2 1 1 2 3 2 4 1 1 2 4 4 1 2 3 4 1 3 4 1 2 2 1 1 2 4 1 2 4 1 4 
4 2 3 3 3 2 1 3 3 4 4 1 2 1 1 1 3 4 1 4 4 1 3 3 2 2 2 4 3 1 3 4 4 1 1 4 2 1 2 2 1 1 1 1 3 4 4 2 4 4 2 1 3 2 3 2 4 1 3 1 3 1 3 3 4 3 1 3 2 2 2 1 2 2 4 2 3 3 3 2 3 3 4 3 3 4 2 1 1 1 4 3 3 3 3 4 3 3 3 2 1 4 1 2 2 1 2 2 3 1 1 3 4 1 3 2 1 4 3 3 4 2 3 1 4 4 2 2 1 4 
4 1 4 4 4 4 1 2 2 1 2 2 4 4 1 2 3 1 4 4 3 2 3 1 3 4 3 2 1 2 4 4 1 3 4 2 2 1 3 1 1 2 2 1 2 3 2 4 2 4 1 4 3 2 1 3 4 3 3 2 4 1 1 3 4 4 1 1 4 4 1 3 2 3 3 3 1 1 3 2 2 4 3 2 4 1 1 3 1 2 2 1 3 3 3 1 3 2 3 3 4 3 2 3 1 1 3 3 4 4 2 3 4 4 2 3 4 4 3 3 1 3 2 4 1 4 4 4 2 4 
4 3 1 4 3 4 4 1 3 2 1 1 3 1 2 1 2 2 3 3 2 4 2 3 3 3 4 2 2 4 3 3 4 4 1 4 1 1 4 1 3 3 2 4 1 2 3 2 3 2 3 1 1 4 1 1 2 1 4 2 2 4 4 1 1 4 1 2 3 1 1 4 4 4 1 4 4 4 2 4 1 1 2 1 3 4 1 2 3 2 3 2 4 1 2 3 3 1 1 2 1 3 1 2 4 1 3 1 3 4 3 3 4 1 2 4 4 2 4 1 4 1 3 2 2 1 4 2 3 4 
4 4 1 2 1 4 1 4 4 2 3 2 2 2 4 4 2 1 2 4 3 4 4 1 3 4 3 3 3 4 3 1 2 2 2 2 2 1 2 3 3 1 3 3 1 3 3 1 4 2 1 3 3 3 4 2 4 2 2 4 2 2 3 1 4 4 2 3 1 4 1 4 2 4 4 1 4 1 2 2 1 4 3 2 3 4 3 2 2 4 4 3 3 4 3 4 3 3 3 1 2 2 2 4 3 3 3 4 3 4 3 1 2 2 3 1 2 3 3 1 2 4 4 3 4 1 2 2 4 4 
4 1 3 4 1 3 3 1 3 1 1 3 3 1 4 3 1 4 1 2 4 4 3 2 1 1 2 1 4 2 3 3 4 4 2 4 2 1 3 3 4 1 1 3 1 3 1 4 2 1 3 1 4 4 1 4 3 2 4 1 1 1 4 1 1 2 3 1 2 4 1 1 2 2 4 3 1 1 1 4 4 4 3 4 1 3 1 2 3 4 1 3 3 1 1 1 4 3 2 4 1 2 4 4 3 2 4 4 4 4 1 2 1 1 1 4 2 2 4 3 1 3 2 4 3 2 2 3 2 4 
4 1 1 2 3 2 3 2 4 4 4 2 4 1 2 1 2 2 1 1 1 4 3 4 1 1 3 1 3 2 1 3 4 2 4 2 2 3 3 3 1 2 4 4 1 3 4 3 1 4 1 2 2 1 4 1 4 2 2 2 1 2 3 3 1 3 3 1 4 2 3 2 2 2 2 4 2 2 1 3 4 1 4 1 1 4 2 4 3 2 3 2 1 1 3 2 3 3 1 1 2 1 4 1 4 3 3 2 1 3 2 3 3 4 1 3 2 3 2 3 2 2 1 3 4 1 1 1 4 4 
4 2 2 3 1 3 1 1 3 2 1 1 4 4 4 2 3 3 4 4 2 2 2 4 2 1 1 1 1 1 3 2 2 1 4 3 3 1 2 1 3 4 4 2 4 2 2 3 3 4 1 1 3 1 4 1 2 4 2 1 4 1 1 1 2 2 3 1 1 4 3 2 3 3 3 1 3 3 1 2 1 1 2 1 4 2 1 2 3 2 1 3 1 3 3 4 1 3 2 3 4 2 4 4 3 2 3 3 1 2 1 2 4 1 1 3 1 2 1 4 3 1 4 1 2 4 3 2 1 4 
4 3 1 1 4 2 2 2 4 2 2 1 1 1 1 2 2 3 3 2 4 2 4 3 1 3 3 1 4 3 4 2 2 4 4 2 4 2 4 3 2 2 3 3 2 2 4 2 3 1 3 3 4 2 2 2 1 1 1 1 2 2 3 2 1 4 1 4 2 3 3 3 3 4 2 1 4 2 3 1 2 3 1 3 2 2 2 3 2 3 2 4 1 4 1 4 2 2 4 4 4 3 4 4 4 3 3 4 2 4 1 4 3 2 3 4 3 2 2 3 4 1 4 3 2 3 3 3 4 4 
4 3 2 1 2 4 3 1 4 3 4 3 2 2 2 4 3 4 2 2 4 1 2 4 3 1 1 1 2 1 3 2 1 1 1 1 3 3 2 3 1 3 3 4 4 4 2 1 1 4 3 2 4 3 2 1 4 4 3 4 3 1 1 4 4 3 3 4 1 1 2 1 3 2 3 1 2 3 1 2 1 3 4 3 2 4 2 4 2 4 3 2 3 4 4 1 3 3 4 4 4 4 2 1 3 3 1 3 4 4 4 3 2 4 3 2 2 4 3 2 2 2 1 4 3 1 4 2 3 4 
4 1 2 1 1 2 4 3 3 2 1 4 3 1 3 2 4 3 1 4 1 4 1 3 3 3 3 1 4 2 2 2 4 3 3 1 3 2 1 2 1 2 1 1 2 3 4 2 2 1 4 1 3 3 2 2 2 1 3 1 4 4 4 1 3 3 3 1 3 1 2 4 4 1 2 2 2 3 4 2 2 4 2 3 1 1 3 4 4 3 2 3 4 4 2 1 3 1 3 3 3 2 3 3 2 1 1 2 1 4 2 4 1 4 2 2 2 3 3 2 4 1 2 2 3 1 4 3 4 4 
4 1 4 3 2 3 3 2 1 3 2 1 3 1 1 1 2 3 1 4 4 2 1 1 4 2 2 3 2 2 3 3 1 1 3 2 3 2 2 2 1 2 2 3 1 4 1 1 3 4 2 4 1 3 1 3 3 2 4 2 1 2 1 3 2 3 4 2 2 4 2 3 4 3 2 2 2 2 2 2 2 4 3 4 4 4 3 3 3 4 2 1 4 4 1 2 4 3 3 4 1 2 2 3 1 3 1 1 3 3 1 4 4 3 1 4 4 4 3 3 4 2 1 4 1 3 2 3 3 4 
4 4 1 2 3 1 3 1 1 1 3 1 3 4 2 1 2 2 3 1 3 2 2 1 3 3 2 1 1 3 2 4 4 2 3 3 1 2 4 4 4 4 3 2 4 2 3 2 1 3 2 1 3 3 2 1 3 3 1 4 4 4 3 4 4 2 1 2 1 1 4 2 4 3 4 2 2 2 3 2 2 1 2 3 2 2 4 4 4 3 4 3 3 4 4 4 3 1 2 3 2 2 3 2 1 2 2 2 3 1 2 3 2 2 3 3 4 2 4 1 3 1 2 1 4 2 3 2 2 4 
4 2 1 2 2 2 1 2 1 2 2 1 4 2 1 1 1 1 2 2 1 3 2 2 3 4 3 2 4 1 3 3 4 2 1 2 3 2 4 4 4 2 1 4 2 2 4 1 1 4 1 3 1 2 4 2 3 2 4 1 3 4 4 4 2 1 1 4 4 4 2 4 2 4 4 3 1 4 2 2 2 1 4 1 1 4 4 4 3 3 3 3 3 3 1 1 1 2 3 3 3 4 1 4 2 4 1 4 1 4 1 2 4 4 2 4 1 4 4 1 1 3 4 3 1 2 2 4 1 4 
4 3 4 2 1 3 1 2 2 3 1 1 1 1 4 2 4 2 3 2 3 3 3 4 4 1 1 4 2 1 3 3 2 3 2 4 1 3 4 4 1 1 1 2 1 2 2 2 1 3 3 3 3 2 3 3 4 2 1 2 1 2 4 1 4 4 1 4 4 4 1 4 3 4 1 3 3 3 2 4 3 3 2 3 4 2 1 1 4 1 4 2 3 1 1 1 4 3 1 4 3 3 4 2 4 4 2 4 4 4 4 3 3 1 1 3 1 4 3 4 1 1 4 3 1 4 4 2 3 4 
4 2 3 2 2 1 2 3 4 4 1 4 4 3 2 3 3 3 4 2 2 3 3 4 2 1 2 1 3 2 1 4 1 2 4 1 2 3 2 3 1 4 2 2 3 4 2 4 2 4 3 2 4 4 2 4 2 4 3 2 3 4 4 1 3 4 1 3 4 1 3 1 1 2 2 3 3 3 4 4 2 1 2 2 3 3 2 3 1 3 1 3 4 4 1 3 1 2 3 2 2 3 3 4 4 2 2 2 4 2 4 1 4 4 3 2 3 2 2 1 1 1 3 3 2 2 3 2 2 4 
4 2 1 1 4 4 2 3 2 4 3 4 4 4 4 3 3 4 4 2 4 2 2 1 1 2 3 1 2 1 2 3 1 2 4 4 4 3 2 1 3 1 1 3 4 3 1 4 1 3 2 2 3 3 4 4 2 1 2 4 4 1 4 1 4 3 4 4 3 4 3 2 4 3 2 4 3 2 3 1 4 4 1 2 4 1 4 4 1 2 2 2 1 1 2 1 4 3 1 2 2 2 4 3 4 3 2 3 1 2 1 1 3 3 3 4 2 2 4 2 2 3 3 3 3 3 2 4 2 4 
4 4 1 3 3 2 4 2 2 4 1 4 2 4 4 1 1 4 2 1 2 1 2 4 3 1 3 4 2 4 2 3 3 4 4 2 4 4 4 3 2 4 1 2 2 4 2 4 1 2 2 3 2 1 2 1 4 1 1 2 2 4 1 1 4 4 2 1 3 2 2 4 1 1 4 1 1 2 3 1 3 4 2 3 3 2 2 3 4 2 2 1 3 2 1 1 3 1 3 1 1 2 4 1 4 4 3 1 3 3 2 3 3 3 2 1 4 3 2 3 1 1 2 4 2 3 2 4 3 4 
4 1 4 1 1 1 1 1 3 3 2 2 1 4 2 1 4 2 3 1 3 2 3 4 1 2 4 1 2 4 4 1 1 2 1 3 2 1 1 1 4 1 4 3 4 4 3 3 1 4 3 2 3 3 1 2 3 3 3 1 3 1 2 2 1 3 3 4 3 1 3 4 4 4 3 2 2 2 1 2 1 2 3 1 3 2 1 1 2 4 4 2 1 4 1 4 3 2 2 2 2 3 4 2 2 2 3 2 4 4 2 3 1 4 3 4 2 2 3 2 2 2 4 4 3 4 3 4 4 4 
4 4 3 3 4 3 1 1 4 4 4 2 2 1 2 2 4 4 4 3 4 3 1 1 2 3 1 2 3 1 4 1 3 1 3 2 2 4 3 3 2 2 2 1 3 2 1 4 2 3 2 2 2 2 2 4 4 4 3 3 3 3 1 3 4 4 4 2 4 1 4 4 3 1 3 1 2 3 4 1 1 3 2 3 1 3 4 2 3 4 4 3 2 3 3 4 3 3 1 4 2 2 2 3 1 3 1 4 4 2 2 1 4 3 3 4 1 2 2 2 3 3 2 1 4 4 1 3 2 4 
4 4 3 2 3 3 4 3 4 3 2 4 2 1 1 1 2 2 3 4 2 1 3 4 1 4 1 1 2 4 3 1 2 3 3 3 2 4 1 4 4 4 3 3 2 4 1 3 4 4 1 1 3 3 3 4 2 3 4 1 1 4 3 1 2 3 4 2 4 2 1 2 1 3 4 1 1 4 2 3 2 1 3 4 2 4 2 2 1 2 1 4 3 1 4 1 4 4 2 1 4 2 3 3 3 3 1 2 4 4 2 4 1 4 2 3 2 3 4 3 3 4 4 2 4 1 4 1 1 4 
4 2 3 2 3 2 4 2 3 4 3 4 3 2 3 1 2 1 2 4 2 3 2 2 4 3 1 1 2 4 4 4 1 1 2 3 3 4 1 1 4 4 2 1 1 1 3 1 3 4 1 2 2 3 3 3 4 4 4 3 4 3 1 4 4 1 2 1 3 4 4 4 3 1 3 1 4 3 1 2 4 1 1 2 3 3 3 2 1 1 3 1 2 1 2 4 2 4 2 3 4 3 4 3 2 1 2 2 4 3 1 3 3 4 4 2 4 4 4 1 4 4 2 2 2 1 3 1 1 4 
4 3 4 3 2 1 4 1 1 4 4 4 4 2 4 2 2 1 4 4 1 1 1 1 4 2 2 1 2 2 1 2 2 3 1 4 1 1 2 1 3 2 2 1 1 4 4 3 3 4 4 3 1 2 2 3 3 3 2 3 4 1 3 1 4 3 2 4 1 2 4 1 2 2 3 3 1 3 4 4 1 3 4 2 1 4 2 2 2 2 2 1 1 3 1 3 1 1 4 4 4 4 1 2 2 3 3 4 2 3 1 1 2 4 3 2 1 3 1 2 3 4 2 4 2 1 1 3 4 4 
4 1 3 2 4 3 4 2 4 1 3 1 1 1 3 1 2 2 4 3 4 4 3 2 4 4 2 1 1 4 4 2 3 3 2 4 1 1 4 1 4 4 3 1 3 3 2 2 3 2 4 3 4 3 2 4 3 4 3 3 4 1 1 3 2 1 4 3 2 3 4 3 3 3 4 1 4 1 1 3 4 4 3 3 3 1 1 3 4 1 2 3 3 3 4 2 1 3 3 4 3 3 1 1 4 1 4 2 3 1 2 1 2 4 2 4 2 3 1 1 4 4 4 1 4 4 1 1 3 4 
4 4 2 1 4 4 1 3 2 2 1 3 2 2 1 2 4 1 4 1 2 2 2 3 1 4 2 2 2 3 2 4 1 1 1 3 4 2 2 4 2 3 4 3 2 2 4 2 2 3 2 2 1 2 2 4 1 2 2 3 4 3 4 4 1 3 1 4 2 3 1 4 1 3 4 1 4 3 3 1 2 2 3 3 1 2 2 4 2 2 3 2 3 3 2 4 1 2 1 4 2 4 2 2 2 2 2 2 3 3 4 2 2 2 3 2 1 3 4 3 3 4 4 4 3 4 4 4 3 4 
4 4 3 1 2 1 4 2 1 1 2 1 2 3 3 3 2 4 4 2 2 2 2 3 2 4 2 1 3 4 1 3 1 2 2 1 3 3 1 2 3 2 4 1 4 3 2 2 4 3 1 3 2 1 2 2 2 4 1 3 2 2 4 3 3 1 2 2 2 1 4 1 1 1 1 3 1 2 3 4 2 2 2 2 4 1 2 2 2 2 1 4 2 4 1 1 2 3 4 3 4 1 4 1 4 1 1 1 4 4 1 4 4 3 3 4 4 2 1 1 4 1 4 3 4 4 1 3 4 4 
4 4 1 4 1 1 3 1 4 3 1 1 2 1 3 3 3 4 2 1 4 2 2 1 4 3 1 1 3 1 1 2 3 4 2 1 3 1 1 2 2 2 4 2 4 4 3 4 4 2 3 2 3 2 4 3 4 4 2 2 4 3 3 2 3 2 4 2 4 4 4 4 2 1 4 4 2 1 1 1 4 1 1 3 4 2 2 3 4 1 2 2 3 2 3 2 2 4 4 2 4 2 2 3 2 4 4 3 3 4 3 4 1 3 1 3 4 4 4 4 2 2 1 3 4 1 2 2 1 4 
4 1 1 2 4 4 2 2 1 4 2 3 4 1 3 4 1 4 3 3 3 2 1 1 3 4 3 4 1 1 4 1 4 4 3 3 3 4 2 3 3 2 3 3 2 2 1 2 4 4 3 1 1 4 3 4 4 1 3 4 3 1 2 4 2 1 1 3 4 1 1 2 3 4 3 3 1 2 1 1 2 1 2 4 4 4 4 3 4 1 1 1 3 1 2 4 1 3 2 1 4 3 3 2 4 1 1 2 1 1 1 3 4 3 2 2 4 3 2 3 4 2 4 1 4 3 3 3 4 4 
4 2 3 4 2 2 2 4 1 3 3 4 3 3 2 4 2 1 2 1 3 1 4 1 4 4 2 1 1 2 4 1 2 2 3 2 1 2 3 4 3 3 2 4 4 4 2 2 4 1 1 4 1 2 3 3 4 3 3 3 3 4 3 4 4 1 4 2 3 3 4 2 4 4 2 3 3 4 1 3 2 2 4 1 1 4 3 1 4 3 3 4 1 4 3 2 3 2 3 4 4 1 4 2 3 4 4 3 3 1 2 2 2 3 4 1 4 1 3 2 4 3 4 2 4 2 1 3 3 4 
4 1 1 3 3 3 2 3 1 1 2 3 3 3 4 1 2 3 4 4 3 3 3 4 2 4 3 3 1 4 3 1 3 4 2 4 2 4 3 2 3 1 3 2 4 2 2 1 4 2 4 1 4 3 2 4 3 4 4 4 3 1 3 2 3 4 3 4 2 3 4 1 2 3 2 3 3 3 4 3 4 2 2 3 2 2 1 1 4 1 3 1 3 1 4 1 2 3 3 3 4 4 4 2 2 2 2 4 1 4 2 2 2 4 3 3 2 4 3 4 3 1 2 1 2 4 1 1 3 4 
4 2 3 2 1 4 4 4 2 2 1 2 2 2 3 1 3 4 1 2 3 3 4 1 3 1 1 4 3 1 3 1 4 4 3 4 2 1 4 1 1 4 4 3 2 3 2 2 2 1 4 1 4 4 4 4 4 3 3 4 4 4 1 4 3 1 3 2 1 3 2 1 4 3 4 4 1 1 4 2 1 2 2 2 4 4 2 4 3 3 1 2 4 4 3 2 4 4 2 1 2 2 4 1 3 4 3 3 4 1 1 1 1 4 1 4 4 2 2 2 2 3 1 3 3 2 1 4 3 4 
4 1 3 4 1 2 1 4 4 3 4 1 3 1 2 4 2 4 4 4 4 3 3 4 1 4 1 2 2 4 2 3 1 3 4 2 4 3 1 1 3 3 1 2 3 1 4 2 2 4 3 1 2 4 1 1 3 2 3 1 3 4 1 4 2 4 4 3 2 3 3 1 3 3 4 3 2 2 1 2 2 3 3 3 2 3 2 1 3 4 2 2 3 4 1 4 3 4 3 2 2 3 3 4 3 2 3 4 1 2 4 4 2 3 1 1 2 4 2 2 1 3 3 2 3 4 1 3 2 4 
4 3 1 4 3 4 4 2 4 4 1 4 2 1 4 2 1 2 4 4 4 3 2 3 4 3 2 1 3 1 3 3 3 1 2 2 3 3 2 2 4 4 2 3 1 1 4 3 1 4 1 3 2 3 4 3 2 2 3 2 4 2 4 4 3 3 3 2 1 4 3 4 2 2 2 2 1 1 1 4 4 4 4 3 4 1 4 3 3 2 3 2 4 2 2 4 3 1 3 1 4 2 2 1 1 2 2 4 4 3 1 2 4 4 4 4 4 4 2 2 2 4 4 3 3 4 1 1 4 4 
4 4 4 2 4 4 1 1 1 1 4 4 4 4 1 3 1 3 2 2 3 4 3 3 4 2 3 1 1 4 3 1 1 2 2 3 1 1 4 4 1 4 4 1 3 3 4 1 2 3 3 4 2 2 1 3 2 1 4 4 3 2 1 3 2 2 2 3 4 1 4 2 2 4 3 1 1 4 2 3 4 3 4 4 3 4 2 2 2 3 3 3 2 1 2 4 1 4 3 1 2 3 1 1 1 1 4 1 3 2 2 3 4 1 2 1 2 4 1 2 4 4 3 2 4 1 1 2 2 4 
4 2 4 2 2 1 1 2 2 3 2 3 1 3 3 1 3 1 2 3 4 3 4 1 1 2 1 2 3 2 2 2 2 1 1 3 4 2 1 3 1 1 4 4 1 3 1 2 2 3 4 2 3 4 4 1 2 3 4 3 2 3 3 1 4 3 1 4 2 4 4 3 4 1 2 4 2 1 4 1 2 2 2 1 3 4 1 4 1 1 1 1 3 1 1 4 3 4 2 2 4 2 1 1 1 1 3 4 1 4 2 3 4 3 1 4 3 1 4 3 1 4 3 1 2 1 2 4 1 4 
4 2 4 1 2 2 2 3 2 1 3 4 4 2 1 3 2 2 2 2 3 4 1 1 3 4 4 4 3 4 3 2 2 4 4 3 1 3 3 3 3 2 2 1 4 4 3 2 3 2 1 4 2 2 3 2 4 3 1 2 3 1 4 1 4 4 4 1 1 2 1 1 1 3 2 1 4 3 4 2 3 1 3 4 1 2 4 4 4 1 4 1 3 4 1 3 2 2 4 3 3 3 2 2 3 2 4 3 1 2 3 4 3 4 1 3 3 2 1 2 2 3 3 2 3 1 3 1 3 4 
4 1 3 4 4 3 4 1 3 2 4 1 2 3 4 3 1 3 1 4 1 1 3 4 2 1 1 2 4 1 1 1 2 3 1 4 2 1 3 4 4 1 2 3 2 3 2 1 2 1 3 2 1 3 2 2 4 3 2 4 4 1 3 3 2 3 4 3 1 4 1 1 1 1 3 3 3 4 1 1 3 1 1 4 3 3 2 1 4 4 2 2 3 1 1 4 4 4 4 3 3 2 2 1 1 4 4 3 2 4 4 4 2 4 2 4 4 1 4 1 2 1 1 4 2 4 4 2 3 4 
4 3 1 1 3 4 1 2 4 4 1 3 2 2 3 1 2 1 3 1 2 1 4 2 4 3 4 2 1 2 4 2 4 3 4 3 3 2 2 1 1 2 1 1 4 2 1 2 2 3 1 4 3 3 4 1 2 1 3 2 1 1 2 2 2 2 3 3 3 1 4 1 3 1 4 3 4 4 2 2 4 3 4 4 2 1 2 2 2 2 3 4 1 4 1 2 4 3 4 4 2 1 2 4 3 4 3 1 4 4 2 2 2 1 4 2 4 4 2 2 4 3 2 3 4 3 2 1 4 4 
4 4 3 1 3 1 1 3 3 1 4 1 4 1 2 3 2 2 4 3 4 1 3 2 3 2 1 3 3 1 1 2 2 4 1 2 4 3 1 2 3 4 4 2 4 3 1 2 2 2 4 2 1 2 2 3 3 4 4 4 1 3 3 1 4 1 2 1 2 4 2 2 2 2 3 4 4 3 2 1 2 2 1 4 3 4 1 3 3 2 2 1 4 4 1 4 4 1 1 2 2 1 2 2 3 4 2 2 3 1 1 2 4 2 3 3 1 2 2 1 3 2 3 2 1 3 3 2 1 4 
4 2 1 2 2 4 3 3 4 3 2 2 3 2 2 2 2 2 1 1 3 3 2 3 2 4 4 3 2 1 3 1 1 1 1 3 2 4 4 3 2 2 1 2 2 2 4 1 3 4 1 4 3 2 2 3 1 4 1 3 4 4 1 3 4 3 3 3 2 3 2 3 2 4 2 3 2 3 2 3 3 2 1 4 3 2 1 1 3 2 1 1 1 2 1 4 2 4 3 3 3 3 2 3 4 4 4 1 3 3 3 2 4 2 3 1 2 4 4 1 3 1 1 3 4 2 3 1 2 4 
4 2 1 4 1 4 1 2 3 4 4 4 2 4 1 3 4 4 3 1 4 1 2 4 2 2 2 2 4 1 1 1 4 1 1 3 3 4 2 2 2 1 4 1 4 3 3 3 4 3 4 2 2 4 1 3 4 4 4 4 1 2 1 2 4 3 4 1 3 3 2 4 1 4 2 2 3 3 3 4 3 4 1 3 2 3 4 2 2 4 3 2 1 3 2 4 2 3 3 4 3 1 4 4 4 4 1 3 1 2 2 1 3 4 1 3 4 1 2 3 2 2 2 1 4 1 3 1 2 4 
4 1 3 4 3 4 3 1 2 3 2 3 4 1 3 1 1 1 1 2 4 2 2 1 2 1 2 4 2 2 1 2 1 3 4 3 3 1 3 1 3 3 2 1 2 1 3 1 3 2 2 4 4 3 2 1 2 3 2 4 2 1 3 3 4 4 4 2 1 1 4 3 4 4 3 1 4 3 4 2 3 1 2 2 2 2 2 4 3 4 2 1 4 2 4 4 1 1 2 2 4 3 1 1 4 2 2 3 1 3 3 2 2 3 3 2 4 3 2 3 3 4 1 1 1 4 4 1 4 4 
4 4 1 1 1 4 2 4 2 2 2 2 1 2 2 1 1 3 1 2 1 1 4 1 1 3 4 1 2 3 3 2 3 3 1 4 3 2 1 3 3 2 2 2 3 3 2 2 1 3 1 2 2 3 1 1 1 1 2 2 3 2 3 3 4 1 1 2 1 2 4 2 3 4 3 3 2 2 4 1 3 4 3 4 4 4 1 3 4 4 4 3 3 2 2 3 1 4 2 1 1 1 3 2 1 2 2 3 4 4 4 4 3 2 3 3 1 4 4 3 2 2 3 1 3 3 1 2 3 4 
4 2 1 2 1 4 2 2 3 4 4 3 4 4 4 1 4 4 2 4 2 3 3 2 3 3 2 2 4 4 1 4 4 3 4 1 2 4 4 2 1 1 4 1 4 1 4 2 4 2 2 2 3 4 1 2 2 1 3 1 3 4 2 4 2 4 3 3 2 1 4 1 4 4 4 1 2 3 4 2 2 2 4 4 2 1 1 1 3 1 2 1 3 2 4 3 2 2 4 3 2 2 2 2 1 1 1 1 3 3 2 1 3 4 1 3 4 2 1 2 1 2 2 1 2 3 1 2 1 4 
4 4 4 3 3 2 2 3 3 4 4 4 3 3 4 2 3 3 3 1 1 1 2 3 1 1 4 4 2 3 2 1 4 4 1 3 2 1 3 1 1 2 1 2 3 4 4 1 4 1 1 3 4 2 2 2 3 4 1 1 2 3 3 1 2 2 1 3 4 3 1 3 1 2 1 1 3 3 1 3 2 3 2 1 2 4 1 3 4 3 4 4 2 4 1 1 1 1 1 2 1 3 1 3 4 2 1 2 1 3 4 4 1 3 2 2 3 3 1 3 4 2 2 4 1 4 3 2 4 4 
4 2 1 2 4 1 1 1 4 2 4 4 4 4 1 2 2 1 3 1 1 1 2 1 3 4 2 3 4 1 3 1 3 1 3 4 4 4 1 3 2 3 1 4 1 3 3 4 1 4 2 3 4 3 1 1 3 3 4 1 3 2 2 1 3 4 3 1 2 2 2 1 4 3 4 1 1 3 1 2 4 4 4 4 1 2 2 3 2 2 4 4 1 1 4 4 4 3 3 1 1 1 4 2 2 1 4 4 1 2 3 1 2 2 2 4 1 4 3 2 2 3 4 3 2 2 2 1 3 4 
4 1 3 4 1 4 3 3 2 4 2 4 4 2 4 3 2 4 4 1 2 2 1 3 4 3 2 2 4 2 1 4 3 4 1 4 2 2 1 1 1 4 1 4 4 3 4 4 4 4 2 3 1 2 1 3 1 3 3 2 1 4 1 2 3 2 1 4 4 3 2 3 1 4 2 4 1 2 1 1 2 3 2 3 2 2 1 1 1 2 2 4 1 1 4 2 3 2 3 2 4 2 4 3 4 2 3 2 3 2 3 1 4 2 3 4 1 3 4 1 4 2 1 1 1 4 4 4 4 4 
4 3 2 2 1 2 3 2 4 4 4 3 1 4 1 4 4 2 3 1 3 2 2 4 4 3 1 3 2 2 2 2 1 4 2 2 3 4 1 1 3 4 2 2 3 1 2 3 2 3 3 2 1 4 4 1 2 1 2 4 3 2 2 2 4 3 4 1 1 1 2 1 3 4 4 3 2 2 2 4 3 2 1 4 2 4 4 2 3 4 2 1 1 4 4 2 2 3 1 2 1 4 3 3 3 4 4 4 3 3 3 3 3 3 2 1 3 2 4 3 1 1 4 2 3 3 3 4 3 4 
4 2 4 3 3 4 3 4 2 4 4 1 2 2 4 4 3 2 4 4 4 3 1 4 1 2 2 3 4 2 3 4 4 2 4 2 2 4 1 1 4 2 3 2 3 2 4 3 4 3 4 3 2 2 1 1 2 2 3 4 3 4 2 2 3 3 2 2 2 4 1 1 2 4 3 3 3 2 2 3 2 1 2 3 1 1 2 2 2 3 4 3 4 2 1 4 1 1 2 3 1 2 3 3 3 3 3 2 2 1 1 4 2 2 3 4 1 2 1 4 4 3 1 1 4 3 4 4 3 4 
4 2 1 4 3 2 3 3 1 4 4 4 4 3 1 2 1 2 4 2 1 3 2 2 2 4 2 3 3 3 3 1 1 3 1 4 3 1 3 2 2 2 3 2 1 3 1 4 1 1 4 4 4 4 4 4 2 2 4 4 1 1 1 4 2 3 2 4 2 1 4 3 3 1 1 1 1 4 3 1 1 1 3 3 3 3 3 2 4 3 3 1 2 2 3 4 1 4 4 3 3 4 3 1 1 2 4 3 3 4 3 3 4 3 1 3 2 3 3 3 2 1 1 4 4 3 4 3 1 4 
4 1 1 3 2 3 3 2 1 2 4 2 3 3 2 3 2 2 2 1 3 4 1 2 2 1 2 4 4 1 3 4 2 4 1 1 2 3 1 3 3 2 4 4 3 3 4 1 2 4 1 4 4 2 1 4 3 4 3 1 3 4 2 2 4 2 2 2 2 4 3 3 4 3 4 4 4 3 1 3 4 1 1 2 3 3 2 2 1 3 3 3 2 4 4 2 2 2 1 3 4 4 4 2 3 2 3 3 3 1 2 3 2 1 1 1 1 3 1 4 4 1 2 4 2 4 4 3 3 4 
4 2 1 4 2 4 1 2 2 4 1 1 3 4 3 3 4 3 1 4 4 2 1 3 1 4 2 4 2 4 4 4 4 4 2 2 2 1 2 4 4 1 4 1 2 4 2 3 1 2 2 4 3 2 4 1 4 2 3 1 3 4 3 1 3 4 2 1 1 1 4 3 2 2 4 3 1 1 2 2 2 3 3 4 4 2 2 3 4 3 2 3 4 4 1 3 4 4 3 1 4 2 2 2 2 3 2 2 1 4 2 4 1 1 3 4 4 2 1 4 4 2 4 4 2 3 3 4 4 4 
4 3 3 4 3 4 4 2 4 2 4 3 2 4 2 2 3 3 2 2 1 2 2 3 4 1 1 1 4 1 3 1 2 4 3 3 3 3 2 1 1 2 3 2 1 3 4 1 2 2 1 2 1 3 2 1 3 1 2 3 2 3 3 4 2 2 1 3 1 3 2 1 3 2 1 2 1 2 1 1 4 4 3 4 3 2 3 4 2 1 3 3 4 1 1 3 1 3 4 2 2 1 3 4 2 3 4 1 1 2 1 4 2 4 4 1 3 3 3 2 1 4 3 1 2 1 2 1 4 4 
4 2 4 3 4 2 4 3 2 1 2 2 1 2 2 1 1 4 3 1 4 4 2 2 3 2 4 4 3 3 2 2 4 2 1 1 2 1 3 4 4 1 1 4 4 3 1 2 2 1 3 3 4 3 3 1 1 1 4 4 3 4 3 4 1 2 4 2 1 2 2 3 4 3 1 2 2 4 4 2 4 2 3 1 3 3 4 1 2 4 1 4 2 2 2 2 1 2 2 2 3 3 2 3 1 2 4 2 3 2 2 1 4 1 1 4 2 1 2 4 4 1 3 2 4 2 1 2 2 4 
4 3 2 1 1 1 2 3 1 4 4 3 3 3 2 4 2 1 4 2 1 1 4 1 3 4 3 4 2 4 4 2 3 4 1 4 2 4 2 2 1 4 4 2 1 2 4 1 2 3 2 1 2 4 4 3 2 2 4 3 1 2 1 4 1 1 1 4 2 3 4 3 4 2 1 4 3 1 3 1 1 3 4 1 2 3 3 4 2 1 4 2 2 1 1 3 3 3 3 4 2 4 2 3 4 3 3 1 1 1 3 2 2 4 2 2 4 1 4 3 2 2 4 4 2 3 1 1 2 4 
4 2 3 4 3 2 1 4 4 4 2 3 1 1 4 2 1 2 4 1 2 4 4 1 1 1 4 1 1 4 3 3 2 1 3 4 1 2 2 4 4 4 1 1 3 3 2 2 4 1 2 3 2 1 2 3 2 1 1 1 2 4 2 3 3 2 4 3 1 1 2 1 2 4 1 1 1 4 3 3 3 4 3 4 3 4 4 2 3 3 1 4 2 4 4 2 4 1 1 4 1 2 3 3 2 3 2 1 3 4 4 4 1 4 1 3 2 1 2 1 4 2 1 1 2 2 4 3 4 4 
4 1 3 1 3 4 4 3 2 1 1 1 2 2 3 3 2 1 1 1 3 1 1 4 2 2 1 3 2 3 1 3 2 1 4 3 3 4 2 3 3 3 4 2 1 3 4 1 4 3 2 2 1 3 4 2 2 3 2 4 1 2 4 1 1 1 1 4 3 4 4 4 3 2 1 2 3 1 1 1 1 2 1 3 3 4 3 1 3 3 1 2 2 1 2 2 4 1 3 4 1 4 2 3 1 4 1 4 4 3 1 1 2 4 2 2 1 1 3 1 1 3 2 1 1 3 1 2 1 4 
4 2 4 4 1 4 1 1 1 4 3 3 1 2 4 2 4 2 1 2 3 3 2 4 2 1 1 3 4 2 2 2 4 3 3 4 1 1 3 2 4 1 4 3 2 4 2 2 3 1 4 3 3 1 2 4 4 3 3 3 2 2 1 2 4 4 1 1 2 4 1 4 3 2 3 2 3 1 4 1 1 4 2 4 4 4 1 4 3 3 4 2 2 4 3 2 2 4 2 3 3 2 1 4 2 4 1 3 3 2 3 3 1 2 4 3 2 2 4 2 3 2 4 1 2 4 3 3 3 4 
4 2 3 2 2 1 3 4 3 2 4 3 1 4 2 2 4 2 2 1 2 4 1 4 4 4 4 4 4 1 3 3 3 4 3 2 4 4 1 1 3 3 4 1 4 2 1 4 4 3 3 2 1 2 1 2 4 2 1 2 3 3 4 1 1 1 1 4 3 1 3 4 2 4 2 2 3 4 4 1 1 4 2 4 2 2 2 1 4 2 3 2 2 2 2 2 2 2 4 3 4 2 3 1 3 3 3 1 4 3 4 3 4 3 4 4 4 2 1 4 2 1 1 1 4 3 3 2 1 4 
4 4 2 1 2 4 3 4 4 4 4 3 1 1 4 4 2 1 4 4 1 2 3 3 3 3 1 3 1 1 4 1 1 4 3 2 4 4 4 3 3 2 1 1 3 3 3 1 1 1 1 4 2 2 2 1 3 1 1 2 1 1 4 4 3 4 1 4 4 4 4 4 1 2 4 2 2 4 1 3 3 1 2 1 3 2 4 3 4 2 3 2 3 4 4 2 4 2 2 2 2 2 3 3 1 3 2 3 1 3 4 1 2 3 3 1 2 3 4 3 3 2 2 4 4 4 3 3 4 4 
4 3 1 4 1 4 3 1 1 3 4 2 4 2 2 3 3 4 4 4 3 4 1 1 1 1 2 3 3 4 1 2 2 3 4 4 4 1 1 4 2 1 3 3 1 1 1 4 3 1 4 4 1 3 3 1 1 2 1 4 4 2 3 3 2 1 2 3 3 2 1 2 4 1 2 4 4 4 3 3 1 1 1 3 4 3 4 4 1 3 2 2 4 3 2 1 3 4 4 4 2 4 3 1 3 2 4 3 4 1 1 3 2 2 3 4 3 2 4 4 3 3 3 4 3 3 1 3 2 4 
4 1 1 3 1 4 3 4 4 3 4 1 1 1 3 1 4 4 2 2 3 2 3 1 2 3 4 1 2 3 3 3 4 2 2 3 1 3 2 4 2 1 4 1 3 2 2 3 2 4 4 1 1 3 2 3 1 4 2 3 1 3 2 4 2 1 4 2 3 2 3 3 2 3 1 1 3 3 2 4 1 3 1 3 2 1 4 2 4 2 3 4 1 2 4 4 1 2 4 3 2 1 3 1 3 3 2 2 1 3 4 1 4 2 4 1 3 2 4 3 3 3 4 1 3 2 4 3 2 4 
4 1 4 3 1 2 1 1 1 3 4 3 2 3 4 1 2 4 4 2 3 1 2 3 2 1 4 2 3 4 1 1 2 3 2 1 2 4 4 3 3 3 3 4 1 2 1 2 4 4 2 2 2 4 3 3 4 1 3 1 2 3 1 1 4 1 4 2 2 3 2 1 2 4 4 1 3 1 2 4 1 4 4 2 3 2 3 4 4 3 2 1 2 4 4 1 1 1 2 4 1 1 3 3 1 2 4 3 3 3 3 4 4 4 3 3 2 1 3 4 2 2 4 4 4 2 4 1 2 4 
4 1 1 3 3 2 2 2 1 4 4 3 3 4 1 4 3 2 3 1 3 3 3 4 4 2 4 1 4 3 3 1 2 2 1 1 2 1 1 2 3 1 2 1 1 2 4 3 2 4 1 3 1 3 4 4 2 2 1 2 3 3 4 1 2 3 3 4 4 2 3 2 3 3 2 2 1 3 1 1 3 3 1 3 1 1 1 4 2 1 2 2 2 1 4 1 1 1 1 4 2 3 1 2 2 1 4 1 2 2 3 1 3 4 3 1 1 2 2 4 4 2 2 1 1 2 2 3 3 4 
4 2 1 2 4 3 2 1 2 2 1 4 3 4 1 2 1 1 3 3 3 2 3 3 3 3 1 3 3 2 3 1 2 3 2 2 1 4 2 4 2 2 1 1 1 3 1 2 2 3 3 2 3 4 4 4 4 2 4 4 2 3 3 1 1 4 2 4 2 3 4 2 2 4 2 1 1 1 4 2 3 1 3 2 2 2 4 2 3 4 3 3 4 4 1 4 1 1 2 1 1 3 4 1 4 3 3 2 2 4 2 2 3 3 4 3 4 2 2 4 3 4 4 4 3 2 4 2 1 4 
4 1 3 2 4 4 2 1 3 3 2 3 1 2 3 2 4 1 1 2 2 2 1 3 1 1 2 2 4 2 2 1 1 1 3 4 2 2 1 3 2 1 3 3 4 4 3 4 4 1 1 1 2 2 1 1 2 4 1 2 4 3 2 1 4 3 4 4 4 3 1 2 1 3 4 3 4 2 1 1 3 3 1 3 3 1 3 3 3 4 3 4 3 1 1 2 1 4 3 3 4 4 2 4 4 3 2 4 4 3 4 2 4 3 3 2 1 4 1 1 1 2 3 3 1 1 3 1 2 4 
4 4 4 1 2 1 1 2 3 4 1 3 2 2 1 2 1 1 1 4 4 2 3 3 4 4 1 1 2 3 4 3 1 4 3 1 2 2 2 1 4 1 3 2 3 4 1 1 4 4 1 1 2 1 3 1 4 1 1 1 2 4 4 2 4 4 1 2 2 2 4 4 2 4 4 4 1 2 4 1 2 2 1 1 4 4 4 4 2 2 1 2 4 1 2 1 1 3 1 1 3 3 2 4 4 4 1 1 3 2 2 3 4 3 2 3 2 3 4 2 3 3 4 1 2 4 2 4 1 4 
4 3 3 1 3 4 3 3 1 2 2 1 3 4 3 3 3 3 4 4 2 2 2 4 1 1 1 2 2 1 2 4 3 2 2 4 3 1 4 3 3 4 3 4 4 3 1 2 2 1 2 3 1 2 1 3 3 2 1 1 2 2 3 3 4 1 3 2 2 3 3 1 1 2 4 1 3 3 1 4 1 2 4 4 1 4 1 4 1 3 3 2 3 2 3 4 3 3 4 2 2 1 1 3 4 4 2 1 3 1 3 3 4 2 3 1 2 4 4 4 3 4 2 4 1 3 2 1 2 4 
4 4 4 4 4 2 1 3 3 3 1 2 3 1 2 4 4 3 4 1 3 3 4 1 4 1 2 4 2 4 2 3 2 1 1 2 4 2 4 3 1 2 1 1 1 3 4 3 1 1 3 3 1 3 1 2 4 4 3 4 3 4 3 3 3 3 1 4 1 1 2 1 3 1 4 3 1 2 1 3 1 1 3 4 2 1 2 2 2 2 1 3 1 3 3 2 4 3 3 1 4 4 4 3 3 4 4 1 3 2 2 3 2 1 2 1 1 4 3 1 4 2 2 4 4 4 2 1 3 4 
4 4 1 3 4 2 4 1 3 1 3 4 3 2 1 1 2 2 2 2 3 4 4 3 4 4 3 2 3 1 3 4 1 2 1 2 4 1 3 2 1 1 4 2 3 2 2 1 1 2 3 4 1 3 1 4 1 2 4 2 3 2 3 1 3 1 1 3 2 4 3 1 3 3 1 1 4 2 4 3 4 2 4 3 4 4 3 4 1 1 4 2 2 1 1 3 1 2 2 4 1 3 2 1 1 2 4 3 2 2 4 1 2 2 2 4 1 1 4 3 3 1 1 4 1 1 4 4 3 4 
4 2 3 3 3 2 4 3 1 4 3 2 1 3 3 4 1 1 2 3 3 1 3 2 2 1 1 2 2 2 3 3 3 1 1 2 3 4 2 4 2 1 3 1 3 3 3 3 3 1 1 3 3 4 1 3 3 3 3 1 3 4 3 3 1 1 2 2 1 3 2 1 1 4 1 3 4 2 1 3 2 2 4 4 2 4 4 4 3 1 2 4 4 2 3 3 1 1 2 2 3 1 1 1 2 1 4 2 1 3 1 1 4 1 1 4 1 1 3 4 4 2 3 2 2 2 4 3 3 4 
4 4 2 1 4 2 4 3 2 4 4 2 1 3 1 1 4 4 3 4 2 1 4 2 2 1 4 4 2 4 4 4 2 1 1 4 3 4 2 3 2 3 2 1 1 3 4 4 4 2 4 4 2 2 1 1 1 2 4 1 4 1 4 4 1 2 2 2 3 4 4 2 3 2 2 1 4 2 1 2 1 4 3 1 4 4 4 4 1 4 1 1 4 1 4 3 1 3 4 1 3 2 2 1 4 1 4 2 4 4 4 1 1 1 3 2 1 4 1 4 4 3 4 4 3 2 2 1 3 4 
4 3 3 4 4 3 3 2 2 1 3 1 2 4 2 1 4 1 3 1 2 2 1 3 1 3 1 1 2 2 2 2 3 2 2 1 1 2 2 2 4 2 2 3 1 3 2 3 2 3 2 3 3 2 1 4 1 2 4 1 1 4 2 1 4 4 1 2 2 4 1 3 2 1 4 2 2 2 4 3 1 3 2 2 1 4 3 2 2 2 2 2 2 1 4 1 1 4 3 4 4 1 3 3 1 1 2 1 2 2 4 4 2 4 2 3 3 1 2 2 3 3 4 4 3 4 1 2 3 4 
4 4 1 1 1 2 3 4 2 3 3 1 1 1 3 3 2 3 2 3 2 2 3 3 2 4 4 1 3 2 3 4 2 4 2 4 2 1 2 2 4 4 1 1 3 1 4 4 1 4 4 4 1 3 4 4 2 2 1 3 2 4 3 1 4 2 4 1 1 2 1 1 3 4 4 3 4 1 2 3 4 1 3 2 4 3 1 1 4 1 4 3 4 3 1 1 4 1 1 2 2 2 3 3 1 1 4 4 3 3 1 4 2 4 4 3 4 2 2 4 3 2 2 1 3 1 3 1 2 4 
4 4 2 4 4 2 3 2 3 4 2 2 1 2 4 3 2 2 3 1 2 1 3 3 3 3 1 1 1 3 2 3 4 2 1 4 2 3 4 4 3 4 1 1 1 4 2 3 1 2 4 2 3 2 3 1 1 1 1 1 3 2 2 2 4 1 2 3 1 1 4 1 3 4 1 1 4 1 4 4 3 3 3 1 3 1 3 2 2 2 4 2 3 1 3 2 2 3 4 2 2 3 1 3 2 2 2 4 1 1 2 3 4 2 2 2 1 4 4 2 2 2 4 4 3 4 3 2 2 4 
4 4 4 4 4 4 4 4 4 4 4 4 4 4 4 4 4 4 4 4 4 4 4 4 4 4 4 4 4 4 4 4 4 4 4 4 4 4 4 4 4 4 4 4 4 4 4 4 4 4 4 4 4 4 4 4 4 4 4 4 4 4 4 4 4 4 4 4 4 4 4 4 4 4 4 4 4 4 4 4 4 4 4 4 4 4 4 4 4 4 4 4 4 4 4 4 4 4 4 4 4 4 4 4 4 4 4 4 4 4 4 4 4 4 4 4 4 4 4 4 4 4 4 4 4 4 4 4 4 4 

