129
1000
1000

[Node]
0  0  0   0  0
130 0  0   0  0

[pickup]
1       504989744      12          8
2       503853490      12          15
3       505031054      31          15
4       505193084      33          12
5       502795047      33          8
6       504433520      39          8
7       502788559      39          12
8       504852746      40          13
9       503589812      40          5
10      503641850      46          19
11      505125143      47          19
12      504483241      54          15
13      502791296      55          14
14      502785863      55          19
15      502789180      55          13
16      504609080      57          19
17      502785848      60          10
18      502794188      62          19
19      502795303      64          10
20      502795975      65          18
21      502795372      66          10
22      502795434      66          11
23      502970886      66          12
24      503254635      71          13
25      502795408      73          20
26      504654398      74          16
27      502795302      77          18
28      502795373      78          13
29      503587915      79          5
30      502985617      84          19
31      502794343      85          5
32      502801750      88          11
33      502787651      90          14
34      502794583      92          15
35      502785856      96          9
36      504632585      100         17
37      502851705      100         8
38      504330874      107         11
39      503657465      109         6
40      503136759      113         13
41      503108157      115         12
42      502787835      116         8
43      504608410      116         7
44      502795314      117         12
45      505012229      117         8
46      503299570      117         6
47      503221322      125         16
48      504813165      128         9
49      505121657      129         5
50      503592373      133         9
51      502833962      134         17
52      504633794      134         7
53      504467528      136         12
54      502785928      137         15
55      504940819      141         20
56      504697856      143         9
57      503824141      147         18
58      502798846      147         13
59      502785846      147         14
60      503099590      153         9
61      502792419      158         19
62      505164779      168         19
63      503074303      168         14
64      502786493      169         19
65      504558135      171         7
66      502791109      181         5
67      503123568      181         8
68      503202377      195         6
69      504589401      205         12
70      502787619      207         10
71      502785872      209         10
72      503251699      211         9
73      502787519      213         17
74      504945646      216         11
75      505082920      222         9
76      505188477      228         5
77      502788438      231         13
78      502789990      231         7
79      504591167      233         17
80      505008224      235         10
81      505102079      243         15
82      502947479      243         9
83      504491355      246         8
84      504940726      250         14
85      503229542      251         11
86      504539377      253         6
87      504814520      255         10
88      502786541      257         14
89      504489902      264         17
90      505046733      290         19
91      502791365      290         18
92      502789312      294         13
93      505163840      297         7
94      502798415      300         9
95      502990031      307         9
96      502789207      335         17
97      502785770      339         16
98      505129431      340         15
99      502787162      363         17
100     505190963      363         13
101     503297612      365         8
102     505164780      368         5
103     505094999      372         10
104     503192571      373         15
105     504873847      381         16
106     502976944      384         10
107     504783121      392         17
108     502786969      400         14
109     503157758      413         18
110     502798842      430         9
111     502785857      435         14
112     502786534      468         5
113     502794668      484         10
114     504461228      495         13
115     504804145      501         7
116     503184278      524         9
117     504777883      533         10
118     504766184      535         18
119     502785849      573         5
120     503838473      597         18
121     503254639      608         13
122     502786503      635         6
123     502804546      659         6
124     505080279      698         18
125     502794642      751         5
126     503220254      1000        13
127     504459915      1000        8
128     504411671      1000        14
129     504940835      1000        20

[Speed 0]
0.81
30.0   60.0 0.0 0.6
90.0   150 0.0 0.4
300.0  540.0 0.0 0.81
570.0 630.0 0.0 0.6
660.0 720.0 0.0 0.4
750.0 840.0 0.0 0.81

[Speed 1]
1.33
30.0   60.0 0.0 0.8
90.0   150 0.0 0.6
300.0  540.0 0.0 1.33
570.0 630.0 0.0 0.8
660.0 720.0 0.0 1.3
750.0 840.0 0.0 2

[Speed 2]
1.33
30.0   60.0 0.0 1.0
90.0   150 0.0 0.8
300.0  540.0 0.0 1.33
570.0 630.0 0.0 0.8
660.0 720.0 0.0 0.6
750.0 840.0 0.0 1.5

[Speed 3]
1.5
30.0   60.0 0.0 0.9
90.0   150 0.0 0.8
300.0  540.0 0.0 1.5
570.0 630.0 0.0 0.9
660.0 720.0 0.0 0.8
750.0 840.0 0.0 1.5

[Speed 4]
2
30.0   60.0 0.0 1.1
90.0   150 0.0 0.9
300.0  540.0 0.0 2
570.0 630.0 0.0 1.1
660.0 720.0 0.0 0.9
750.0 840.0 0.0 2

[speed choose matrix]
4 4 4 4 4 4 4 4 4 4 4 4 4 4 4 4 4 4 4 4 4 4 4 4 4 4 4 4 4 4 4 4 4 4 4 4 4 4 4 4 4 4 4 4 4 4 4 4 4 4 4 4 4 4 4 4 4 4 4 4 4 4 4 4 4 4 4 4 4 4 4 4 4 4 4 4 4 4 4 4 4 4 4 4 4 4 4 4 4 4 4 4 4 4 4 4 4 4 4 4 4 4 4 4 4 4 4 4 4 4 4 4 4 4 4 4 4 4 4 4 4 4 4 4 4 4 4 4 4 4 4 
4 4 2 3 2 3 2 4 4 3 4 2 4 3 2 3 2 4 2 4 3 4 4 2 3 4 3 2 3 3 1 4 1 4 1 1 3 3 2 2 3 1 1 3 4 4 4 1 2 2 4 4 4 4 3 3 1 2 4 1 4 3 4 4 1 3 1 3 2 2 1 1 1 2 2 2 4 3 1 2 1 3 2 2 2 2 3 1 2 1 2 1 4 3 2 3 2 4 3 2 4 1 2 1 1 1 2 3 4 2 4 2 1 4 1 1 4 4 1 4 4 4 2 3 1 4 1 3 2 2 4 
4 3 2 1 2 2 4 4 1 3 3 1 2 3 3 4 4 1 3 2 4 2 4 3 4 4 2 3 4 1 4 2 1 1 4 4 2 2 4 2 2 4 3 1 4 3 2 4 2 3 4 3 3 3 1 4 3 2 2 1 1 4 1 4 1 1 3 2 3 1 1 4 2 4 3 2 2 1 1 4 2 4 4 4 3 2 4 3 2 4 2 4 4 2 4 1 4 3 3 3 4 3 3 3 2 1 4 3 4 2 3 2 4 3 3 4 2 3 1 1 1 4 4 3 3 3 4 2 3 4 4 
4 2 2 1 4 4 2 2 3 2 3 4 4 3 2 1 1 3 3 3 3 2 1 2 1 3 2 3 2 2 2 4 2 2 4 3 1 4 4 1 1 3 2 3 4 1 2 4 4 1 3 2 3 1 2 3 1 4 2 4 3 4 2 4 3 1 1 3 1 1 2 4 1 4 4 1 4 4 4 3 3 1 1 4 1 2 2 3 3 4 3 3 2 4 3 4 2 4 4 4 2 2 4 4 2 2 2 1 4 3 4 4 3 4 2 1 4 1 2 4 2 3 1 1 1 3 2 1 3 1 4 
4 1 2 1 1 2 2 1 2 1 2 2 1 4 1 3 2 1 4 4 1 2 4 3 2 1 1 2 4 4 4 4 3 1 4 3 3 4 1 4 3 3 2 2 2 2 4 4 1 4 4 4 2 4 2 2 2 1 4 4 3 2 4 1 4 3 2 4 3 1 1 4 3 2 1 3 4 4 4 4 3 1 4 1 4 3 4 2 4 2 4 1 4 2 3 3 4 4 4 4 4 4 3 3 3 3 2 3 4 4 4 4 3 2 1 2 2 2 1 1 1 2 1 3 2 1 2 4 2 4 4 
4 2 3 1 4 1 1 1 4 1 1 3 1 2 2 4 4 4 1 1 1 1 3 3 2 1 1 1 1 4 1 2 3 1 1 3 3 4 1 3 2 3 4 3 4 2 4 4 3 3 3 3 2 3 4 2 3 4 4 3 2 3 2 1 1 2 1 1 3 1 2 1 1 3 1 2 2 2 4 3 3 4 3 1 1 1 2 1 2 4 4 1 3 4 4 4 1 1 2 2 2 2 2 2 1 4 4 1 1 1 3 4 2 1 1 3 1 3 4 3 1 4 4 4 4 1 2 3 4 2 4 
4 2 3 2 2 4 3 1 4 4 2 1 2 3 4 2 4 3 1 4 3 4 2 2 4 2 2 4 4 4 4 3 2 2 1 4 2 3 1 4 3 4 3 1 3 3 4 4 1 3 3 1 3 3 3 1 1 2 4 1 2 1 1 3 3 3 1 3 2 4 1 1 2 4 4 2 4 3 3 2 3 3 3 2 4 1 2 2 2 2 1 2 2 3 4 4 1 4 2 2 2 2 1 1 3 4 3 3 2 2 3 4 1 3 2 2 4 2 4 4 2 3 1 3 1 1 3 4 2 3 4 
4 2 2 4 4 3 2 1 1 2 1 4 3 2 2 3 4 1 4 4 1 3 1 1 3 1 3 3 1 4 4 4 3 2 4 4 4 4 3 4 1 2 3 1 1 4 3 4 3 3 2 4 1 4 3 1 2 1 4 1 3 4 1 1 1 1 4 3 4 2 3 1 2 3 3 2 1 2 4 3 1 2 4 4 1 2 3 3 4 2 3 1 3 3 4 1 2 1 2 2 4 2 3 3 4 3 1 4 4 4 2 3 2 2 2 3 2 1 4 4 3 1 1 4 3 2 2 4 4 1 4 
4 4 4 4 3 3 1 3 1 3 2 2 1 2 1 4 3 3 2 3 4 3 2 4 3 1 1 4 4 4 2 3 2 2 4 1 4 4 3 4 1 2 4 2 4 4 4 4 3 3 4 4 3 4 4 2 1 4 2 2 3 1 1 2 1 1 2 1 2 4 1 2 2 3 4 3 3 3 3 3 4 1 2 4 2 4 3 3 2 3 1 1 4 4 3 1 1 4 1 3 3 4 2 1 1 2 2 2 1 1 4 4 3 1 4 3 1 4 4 4 4 2 4 1 4 2 4 3 4 1 4 
4 2 1 1 1 4 1 4 1 2 3 2 4 2 2 3 1 4 3 3 1 3 3 4 3 1 3 4 1 1 1 4 2 2 3 1 1 3 3 2 4 4 3 2 3 2 4 2 4 4 2 4 4 1 2 4 2 1 1 3 3 2 2 4 1 4 4 1 1 4 2 3 4 2 3 3 1 4 3 2 3 2 3 2 3 4 3 1 3 4 4 2 4 3 2 4 1 1 3 4 3 3 2 4 1 4 1 1 3 2 2 3 4 2 3 1 4 1 1 4 4 1 1 1 2 1 2 2 2 3 4 
4 4 4 2 1 2 3 2 1 4 1 3 2 4 2 4 2 3 2 2 4 4 1 4 1 4 2 1 2 1 1 1 4 4 4 2 4 4 3 3 3 2 1 3 2 3 1 2 3 4 1 3 4 2 2 2 2 3 4 4 3 1 2 3 1 3 2 2 3 2 3 3 4 4 3 2 4 2 1 4 3 4 1 2 1 3 4 3 4 4 3 2 3 2 3 3 1 1 1 1 4 4 4 2 1 2 4 3 4 2 4 4 4 1 3 4 4 1 1 4 4 1 4 3 1 2 3 1 2 4 4 
4 1 4 3 1 3 1 4 3 4 3 1 4 2 3 3 1 2 3 2 1 4 4 1 2 4 2 1 1 1 3 2 4 1 4 1 4 2 1 2 4 4 2 3 1 3 4 4 4 2 2 4 4 3 4 1 3 2 3 2 1 3 1 3 2 2 3 1 2 4 4 4 2 4 3 4 1 1 1 3 2 2 1 2 2 1 3 4 4 4 2 3 2 2 2 1 3 3 2 3 1 4 3 1 1 2 1 3 3 4 1 3 2 3 4 1 4 4 2 1 4 4 3 4 1 4 2 3 3 4 4 
4 3 2 3 3 4 2 2 1 3 1 4 2 1 2 4 1 1 1 2 1 4 4 2 2 3 3 2 4 3 3 1 3 2 1 1 3 2 2 1 1 1 3 2 2 1 1 2 1 3 1 4 2 2 4 4 2 2 2 1 3 2 4 1 1 4 3 3 4 4 1 2 3 4 3 2 1 1 3 3 4 1 3 1 3 4 4 4 4 3 3 2 2 2 3 2 4 4 3 1 4 4 1 2 3 4 3 2 4 2 3 4 2 3 2 2 1 4 3 3 3 3 4 1 1 4 1 2 4 2 4 
4 1 1 3 3 1 1 2 2 1 3 1 1 1 1 2 2 1 1 3 1 3 2 2 1 3 4 1 2 4 3 4 4 1 1 3 4 2 2 2 1 4 4 1 4 2 1 1 1 3 3 1 2 4 2 4 3 3 4 1 4 1 2 2 4 2 4 4 1 4 1 2 3 1 1 2 3 1 4 4 2 1 3 3 2 4 2 1 2 2 3 4 1 2 1 3 3 1 1 2 4 2 3 3 1 4 2 2 4 1 4 3 4 4 1 2 1 2 3 3 1 1 4 3 4 4 3 1 2 2 4 
4 4 2 1 1 4 1 1 3 2 4 1 2 4 2 1 1 2 3 1 3 1 3 4 2 1 1 1 4 1 4 4 1 1 2 1 3 4 2 3 1 1 1 1 4 2 3 4 3 3 1 2 1 1 4 2 1 1 3 1 1 1 3 4 2 4 1 4 2 1 1 2 3 2 4 2 3 3 1 1 1 2 1 4 3 3 3 2 1 1 4 2 4 2 1 3 2 2 4 3 1 3 3 1 2 4 3 3 4 1 3 4 1 4 3 1 3 1 3 2 4 3 4 1 1 3 4 4 4 2 4 
4 2 2 3 1 1 4 4 1 3 2 4 4 2 4 2 2 2 1 4 3 1 4 1 1 1 2 1 4 1 2 3 1 3 2 3 4 3 2 3 3 1 1 2 1 2 3 1 1 1 2 4 1 1 3 3 2 1 2 4 1 2 4 2 3 4 4 2 1 2 1 4 4 4 3 1 2 1 2 2 1 4 3 4 3 3 3 3 1 3 4 2 4 2 1 4 2 2 2 2 3 1 2 1 2 4 3 4 3 4 1 4 3 2 4 4 4 1 4 2 4 3 4 4 3 1 2 3 2 1 4 
4 4 4 1 3 3 2 4 4 3 1 4 1 2 3 3 1 2 1 3 2 4 1 2 1 1 1 3 4 3 1 4 4 4 1 3 2 4 1 2 3 4 4 3 4 4 1 2 4 4 2 1 4 1 4 3 3 3 4 3 2 2 3 1 1 4 2 3 2 4 1 3 4 2 4 1 3 2 2 4 1 2 3 4 4 2 3 3 3 2 2 3 1 1 4 3 4 2 4 4 4 1 1 3 1 1 4 4 3 2 3 2 4 3 3 2 2 4 2 3 1 1 2 2 2 3 3 1 4 2 4 
4 4 3 4 1 2 3 2 2 2 4 1 4 1 4 2 3 1 2 4 1 2 1 4 1 1 2 1 2 2 1 2 2 4 1 2 1 2 3 3 1 2 1 3 3 3 1 3 3 4 4 4 4 2 2 4 1 1 1 2 3 4 2 1 4 1 2 1 4 4 4 2 1 1 4 1 2 4 2 3 4 3 2 4 4 2 4 2 3 4 2 2 1 3 4 1 1 1 4 4 4 4 1 3 4 3 3 1 2 1 2 4 1 3 1 4 1 2 3 1 4 1 2 1 2 1 3 2 3 3 4 
4 1 1 2 3 1 3 1 3 1 2 1 3 4 2 2 1 4 2 1 4 2 2 3 3 1 3 1 1 2 4 4 3 2 3 1 3 4 2 4 4 2 3 1 4 4 1 2 3 1 2 2 4 4 2 1 3 1 1 2 3 3 2 4 2 3 4 1 4 2 2 2 2 2 2 2 1 2 3 1 1 3 3 2 1 2 2 1 4 4 3 2 4 3 1 1 1 3 1 4 3 4 4 1 1 2 4 3 3 2 3 4 4 4 2 2 1 4 2 2 2 3 4 4 2 1 3 1 2 1 4 
4 1 4 3 3 1 1 2 4 4 4 4 4 3 4 4 4 1 2 1 3 4 2 2 1 3 1 3 2 2 2 2 2 1 1 1 3 2 2 3 1 2 1 1 1 2 3 3 1 1 1 1 2 3 4 1 4 2 4 3 4 2 4 4 1 4 2 1 1 4 3 3 2 2 2 2 4 1 3 2 4 3 2 2 2 2 1 3 3 3 2 4 4 2 3 2 4 2 4 4 4 4 1 4 4 4 4 4 4 4 1 4 3 3 4 2 1 2 2 2 4 1 4 1 2 1 2 3 1 3 4 
4 1 3 4 3 1 2 3 3 2 1 3 3 2 3 3 2 3 3 2 1 1 1 1 2 4 4 1 1 2 4 1 1 3 3 3 4 1 4 3 2 4 1 1 4 3 2 1 2 3 1 2 2 4 1 4 2 3 3 1 2 4 1 3 4 4 3 2 1 4 2 2 4 1 4 2 3 1 3 3 2 4 2 4 4 1 1 2 2 3 2 1 3 2 1 2 4 2 4 2 3 2 2 4 2 2 3 3 4 1 1 1 2 4 2 3 1 4 1 2 2 1 1 1 4 2 3 2 1 2 4 
4 3 2 3 3 1 4 4 4 1 2 4 2 3 1 2 1 2 2 1 2 4 3 1 1 4 1 1 2 2 2 4 4 3 4 2 4 2 3 2 1 2 4 1 3 1 2 1 1 2 3 4 3 4 3 2 1 4 3 3 4 3 4 3 2 2 1 4 2 2 4 4 3 1 4 4 2 4 4 2 2 2 1 1 2 1 2 3 3 2 2 3 1 4 3 1 3 2 3 1 1 1 3 3 4 3 1 2 2 3 2 2 1 2 3 2 2 1 4 2 1 4 1 3 2 3 4 2 4 3 4 
4 1 3 3 1 4 2 3 1 1 3 2 4 2 2 4 4 2 3 1 1 3 2 4 2 1 4 3 1 3 4 4 3 2 2 4 3 2 3 3 4 3 1 1 4 1 3 2 3 1 3 2 4 2 3 1 1 4 3 2 2 1 3 4 1 3 4 3 1 4 3 2 3 2 3 1 3 2 1 1 3 1 4 3 4 2 3 1 3 2 2 1 1 4 1 2 3 3 4 2 1 3 1 1 1 3 4 1 2 1 1 4 4 1 3 3 1 1 2 1 3 1 3 3 3 2 1 3 4 4 4 
4 1 4 1 2 3 4 4 1 4 4 1 3 3 1 3 4 1 4 4 4 1 3 4 4 3 1 4 4 4 3 1 1 4 1 4 1 1 3 1 3 2 4 4 3 3 4 2 4 3 3 1 1 1 1 3 2 4 3 4 4 2 1 2 1 2 4 3 4 2 2 2 1 3 4 3 2 4 2 2 1 2 2 4 1 4 1 4 1 4 2 3 2 1 3 4 1 3 1 3 3 2 2 1 3 4 4 3 2 3 2 3 3 1 1 2 4 1 2 2 2 3 1 4 4 2 1 3 3 2 4 
4 2 3 2 2 4 1 3 1 2 3 3 3 4 3 1 1 3 3 2 4 1 1 4 1 3 3 1 4 1 3 1 2 1 3 2 2 4 1 1 4 1 1 4 2 1 2 1 2 4 1 4 3 3 4 3 2 1 2 4 1 4 2 2 3 4 4 2 2 3 3 3 3 4 2 1 2 2 1 1 2 2 2 1 4 3 3 3 3 1 4 2 2 2 2 1 2 1 4 2 4 3 3 4 3 1 4 4 3 3 3 3 2 2 2 2 2 2 2 1 4 3 4 1 3 4 3 2 1 4 4 
4 3 4 1 2 4 1 2 3 4 2 1 2 2 2 4 1 4 1 1 3 4 1 4 4 4 3 2 3 1 3 4 2 3 3 3 2 4 3 2 1 3 4 1 4 1 3 2 1 3 3 3 2 3 1 1 4 2 1 1 2 4 3 1 3 2 4 3 4 2 4 1 2 4 1 2 2 1 2 4 4 4 3 4 1 2 4 2 1 4 2 1 4 3 4 2 3 3 1 2 4 3 1 3 2 4 1 3 1 3 2 1 4 3 3 2 3 2 1 3 1 1 1 1 2 1 2 1 2 3 4 
4 3 1 4 3 1 4 1 2 4 3 1 3 2 3 3 2 3 4 3 2 1 1 4 2 2 4 3 1 1 1 2 2 2 4 1 4 2 4 3 4 2 1 2 1 3 3 3 2 3 4 2 1 4 2 2 2 3 1 4 2 3 3 3 4 2 4 1 1 3 3 3 4 4 4 1 4 2 2 4 4 1 1 3 1 3 1 3 3 3 3 2 2 3 4 1 1 4 4 2 3 3 3 2 4 1 4 2 3 2 2 4 1 1 1 4 2 1 1 1 2 1 4 2 2 3 2 2 3 2 4 
4 2 2 4 1 1 3 3 1 1 1 3 3 1 3 1 2 1 1 4 1 3 3 4 2 2 1 3 4 3 3 3 3 4 1 2 1 2 2 3 1 3 1 2 2 1 3 2 2 2 3 1 4 4 3 3 4 1 4 3 3 1 1 3 4 1 2 1 3 4 1 1 2 1 3 1 3 2 4 2 1 3 4 3 2 4 3 3 3 2 2 1 4 2 4 1 1 2 4 4 1 2 4 3 4 4 1 4 2 1 2 3 3 2 3 3 2 2 4 2 4 1 1 2 4 2 4 4 4 2 4 
4 4 1 3 3 3 3 2 4 4 4 4 4 3 2 4 4 1 2 3 2 3 3 4 3 4 1 2 2 3 4 4 1 3 4 4 3 2 1 2 1 3 1 2 2 4 3 3 3 1 3 3 1 2 2 2 1 3 1 1 1 2 2 3 1 3 4 1 3 4 2 2 4 3 2 4 2 3 2 4 1 3 4 3 2 4 1 1 1 4 2 2 2 4 2 2 4 2 3 4 2 3 3 4 2 4 1 4 1 2 2 3 2 4 4 3 3 1 2 1 1 3 1 2 3 1 4 4 1 4 4 
4 4 3 4 2 3 4 4 2 1 2 4 2 2 4 2 3 3 1 2 1 1 2 2 2 2 3 2 4 4 1 4 1 2 2 4 3 2 2 4 4 2 4 4 4 3 4 1 3 1 3 2 1 3 3 2 3 3 1 4 1 3 2 3 2 3 3 4 2 1 1 1 3 3 3 1 4 1 1 4 2 2 2 1 4 3 2 2 4 3 2 2 2 4 1 2 2 2 2 4 2 4 4 2 3 4 4 1 1 3 4 1 3 1 2 1 3 2 3 1 2 4 3 1 2 2 3 2 4 3 4 
4 3 3 4 4 3 2 4 4 4 4 3 1 2 1 4 4 4 1 1 2 2 2 2 3 2 2 2 2 2 1 3 2 2 1 4 2 1 2 2 2 4 3 4 3 4 1 1 2 2 4 4 1 2 2 2 3 2 4 2 3 3 3 3 2 1 3 4 2 1 1 1 2 1 1 3 4 3 1 4 1 4 3 2 3 4 2 4 3 1 2 3 1 3 3 4 4 4 3 1 2 1 3 1 4 2 1 2 2 2 3 4 3 3 1 1 4 1 2 2 3 2 1 2 4 3 1 3 4 3 4 
4 2 3 2 2 1 1 3 4 2 1 2 2 4 1 4 4 3 2 3 3 3 3 4 2 1 1 4 2 3 1 2 4 2 1 1 1 1 1 4 2 1 2 4 2 3 4 1 2 2 3 2 2 1 4 3 3 4 2 2 4 2 3 2 2 1 3 3 2 2 1 4 1 2 3 3 4 3 4 2 3 3 1 4 1 1 2 3 3 1 3 4 3 3 2 1 4 2 3 3 3 2 2 2 3 1 4 2 3 1 1 3 3 1 3 3 2 3 3 3 4 4 1 3 4 3 1 3 3 4 4 
4 1 3 4 3 3 4 4 1 1 1 3 4 4 1 2 1 1 3 2 2 1 2 2 4 3 1 1 2 4 4 4 2 3 4 1 3 2 3 4 2 2 1 2 4 3 4 4 1 2 2 4 1 2 4 1 1 4 1 2 2 2 2 2 3 3 2 2 1 2 2 3 4 2 1 2 4 1 3 1 3 2 2 4 2 2 1 1 1 1 2 4 2 1 4 1 2 3 2 4 4 1 1 1 2 3 4 2 2 4 3 2 3 1 4 2 3 3 3 1 2 3 4 1 1 1 3 1 3 4 4 
4 4 4 2 1 4 1 2 1 4 4 1 3 4 1 3 2 3 3 4 2 3 4 1 1 2 2 2 3 3 2 3 2 3 3 2 4 2 2 3 2 1 1 4 1 4 1 2 2 2 1 3 3 1 3 2 4 3 2 4 2 2 4 3 1 2 2 1 4 3 2 1 4 1 3 1 1 2 4 4 3 2 1 2 1 2 4 2 4 1 3 1 3 2 2 3 1 4 1 4 1 1 2 4 2 2 2 3 4 1 4 2 4 1 2 3 1 4 1 2 1 3 2 1 2 3 4 1 1 4 4 
4 3 1 4 4 1 4 2 2 4 4 3 4 4 4 3 1 3 4 3 1 2 4 1 4 4 1 3 3 4 1 2 2 2 4 3 2 1 2 3 1 1 3 3 2 2 3 1 4 1 3 3 2 4 4 1 4 2 4 4 1 3 1 1 3 4 2 4 1 4 3 4 1 1 3 3 2 2 3 1 3 4 2 3 2 2 1 4 1 1 4 3 3 1 4 2 4 2 4 1 4 1 1 3 1 3 4 3 4 3 4 3 2 1 2 1 2 4 2 4 4 4 1 4 2 3 4 2 1 2 4 
4 3 4 3 3 1 2 4 4 3 3 2 3 1 4 3 2 3 2 1 1 2 4 1 2 4 3 3 4 1 2 2 4 1 2 2 3 4 2 2 1 1 4 2 4 2 4 4 1 4 2 1 2 2 1 1 3 1 3 3 2 3 4 2 4 1 3 3 1 2 1 1 4 3 1 3 2 1 3 2 1 1 1 4 1 3 3 2 4 2 4 2 3 1 1 2 2 1 4 1 1 1 1 3 1 4 4 2 3 3 1 1 1 3 1 2 4 4 4 4 2 3 3 2 4 3 2 4 2 3 4 
4 4 1 4 2 2 2 2 3 4 2 3 2 3 1 1 2 1 3 3 3 1 1 2 4 4 1 2 3 1 3 4 2 3 3 3 3 1 4 3 2 3 2 2 2 3 3 3 2 1 1 1 1 1 1 4 1 1 4 2 4 4 3 1 1 2 4 1 3 3 4 4 1 4 3 2 1 3 4 1 1 2 1 1 3 4 3 1 4 3 4 4 3 3 3 1 1 3 2 2 4 2 4 3 2 1 2 3 3 1 3 1 3 3 4 4 3 4 2 3 1 1 3 4 4 2 1 3 4 2 4 
4 4 2 3 4 3 1 2 1 1 2 1 4 1 2 1 3 4 4 1 1 2 4 3 2 1 4 3 4 4 3 1 3 3 4 1 4 3 2 2 3 3 3 4 1 2 1 2 4 3 1 4 4 2 2 3 1 2 4 4 4 2 4 4 1 2 3 1 2 3 2 3 2 4 3 3 4 2 1 1 2 4 3 2 2 4 3 3 1 2 2 4 3 4 2 4 1 3 4 2 2 4 3 3 3 3 4 3 3 2 2 1 3 3 1 3 1 2 3 4 3 1 2 3 3 1 3 2 3 2 4 
4 1 1 4 4 2 3 3 4 4 4 3 3 3 1 2 4 1 3 4 3 2 4 3 1 1 2 3 4 2 4 2 2 3 2 1 4 1 3 3 4 3 2 1 1 4 1 2 2 2 2 4 1 4 1 2 2 2 2 3 2 4 4 3 4 3 4 2 4 2 1 3 3 1 2 1 3 4 3 4 2 1 2 1 3 4 3 1 3 1 3 1 3 3 3 1 3 1 2 1 4 2 3 3 2 1 2 2 4 2 3 2 3 4 2 2 3 3 3 2 3 3 2 1 1 2 4 1 2 4 4 
4 3 2 1 4 1 2 1 1 4 2 1 4 2 4 3 1 3 3 2 3 1 3 4 3 2 3 4 1 1 3 3 3 1 2 1 4 4 3 3 4 2 4 2 1 1 2 3 4 4 4 2 1 1 3 1 1 4 3 1 4 4 1 4 3 1 2 2 4 2 2 1 3 2 4 2 4 1 3 4 4 1 4 1 2 4 1 1 2 4 2 4 1 3 3 1 3 3 2 3 2 3 4 3 4 2 3 3 2 1 4 3 3 1 4 4 2 1 4 1 1 2 3 3 3 2 3 1 4 1 4 
4 2 2 1 2 2 2 4 3 3 4 3 2 3 3 3 3 2 4 4 3 1 1 4 1 1 2 4 4 4 4 1 2 3 1 3 2 1 4 1 4 1 1 4 4 1 2 2 3 4 4 1 1 1 4 2 4 4 3 3 1 3 3 3 4 1 4 3 4 2 2 2 3 2 3 1 4 1 4 3 1 1 4 2 4 2 2 1 4 4 1 4 1 3 3 1 2 1 1 4 3 2 1 4 4 3 2 2 2 2 3 4 4 1 1 3 1 2 4 1 1 2 4 4 3 3 3 1 1 1 4 
4 3 4 2 2 1 4 1 3 4 3 3 4 1 1 1 3 3 3 2 1 3 1 4 4 2 1 1 1 1 2 3 4 3 4 1 1 4 3 3 4 3 2 4 1 3 3 1 3 2 1 4 1 3 2 3 3 4 1 1 1 3 3 4 3 4 1 2 1 2 1 1 4 1 4 4 1 2 4 1 1 4 2 3 3 4 3 2 3 4 3 4 1 4 3 2 3 3 2 3 3 2 4 2 4 1 4 2 2 1 3 2 2 4 4 2 4 4 2 2 3 3 1 4 2 2 4 1 4 3 4 
4 2 4 1 1 3 1 2 2 4 2 4 1 2 1 2 2 3 4 4 3 4 4 1 1 2 2 3 2 3 2 1 4 2 1 4 2 3 1 1 3 4 4 3 1 3 2 2 4 3 1 1 2 2 2 4 4 3 1 4 3 4 1 3 3 1 4 3 4 1 2 4 4 3 3 4 1 4 1 2 1 4 1 2 2 3 2 1 1 2 3 1 4 3 4 1 1 3 1 4 1 1 2 4 3 1 1 2 3 4 1 1 3 3 2 1 4 2 2 3 4 3 3 3 4 2 3 4 1 2 4 
4 1 4 3 4 3 3 2 1 2 2 3 3 2 1 1 2 2 1 1 4 2 1 3 1 3 3 2 2 1 2 2 3 1 2 1 3 1 1 1 2 4 1 4 3 2 4 4 1 2 3 2 1 1 3 2 2 2 2 4 3 1 2 3 1 2 4 4 2 4 3 1 1 3 3 4 4 1 4 2 1 2 1 2 3 3 3 1 2 2 4 1 4 2 3 4 3 4 3 4 2 1 1 3 4 4 2 1 1 3 3 2 3 3 4 2 1 2 1 3 2 3 2 3 4 2 2 3 4 1 4 
4 1 3 2 4 3 1 4 4 2 2 4 1 2 3 1 2 3 4 2 1 2 3 1 4 3 2 1 2 3 3 2 1 4 4 4 4 4 4 2 4 3 4 4 1 2 1 1 4 1 3 2 2 2 3 2 4 2 3 2 4 2 1 3 2 2 4 3 4 2 2 1 1 1 2 1 4 1 4 1 3 1 2 4 2 1 1 3 2 1 4 4 4 3 4 3 1 1 4 4 4 3 2 3 4 1 1 1 4 2 3 1 3 1 4 2 2 4 2 1 3 2 1 4 2 4 3 1 2 1 4 
4 3 2 2 3 1 4 1 3 1 1 3 1 3 4 4 2 3 4 4 1 3 4 2 4 3 4 4 1 3 4 2 3 3 4 2 4 3 3 1 4 4 4 3 3 2 1 2 1 4 4 1 2 2 4 2 2 3 3 4 2 2 3 2 1 3 2 2 4 1 1 1 2 3 1 3 1 1 3 1 2 4 4 2 4 4 2 4 4 2 4 2 2 3 4 1 3 4 1 4 1 1 1 1 2 2 1 3 2 3 2 2 3 1 2 4 3 3 4 2 3 3 1 3 4 1 4 3 1 2 4 
4 1 1 4 1 3 2 3 2 1 4 4 2 4 3 3 2 4 4 2 4 2 2 4 4 1 2 1 3 2 1 4 3 1 1 1 1 2 2 2 4 3 4 3 2 4 1 4 3 4 1 4 3 3 1 2 3 2 3 3 4 1 1 2 1 1 1 4 1 3 4 2 4 4 1 2 3 4 2 4 4 4 2 2 1 1 2 3 1 2 4 2 3 2 3 2 1 2 1 2 1 3 4 2 1 1 4 4 1 3 2 1 2 1 2 4 4 4 2 1 2 3 3 3 3 2 3 2 2 2 4 
4 1 3 2 2 1 3 3 1 2 3 2 1 4 4 1 1 2 4 1 4 1 4 4 3 2 4 3 3 1 2 3 4 4 4 1 4 4 1 3 2 1 2 1 1 4 4 1 2 1 3 3 2 4 3 2 4 2 4 3 3 4 1 2 2 3 4 4 2 3 2 4 1 1 4 1 2 3 3 2 3 3 3 1 4 1 4 3 2 3 3 2 2 2 1 1 1 3 3 4 3 4 1 3 4 4 4 3 1 2 2 4 3 1 3 3 3 4 3 4 1 2 1 1 3 2 3 4 3 3 4 
4 1 3 1 3 3 4 2 3 1 3 1 3 2 1 2 3 4 2 3 3 3 1 1 3 1 4 2 3 4 4 3 4 2 1 2 1 1 4 4 1 4 3 2 4 1 3 4 3 1 3 2 3 1 4 4 2 1 2 4 3 1 2 2 3 2 4 2 1 1 3 4 1 2 2 2 3 3 1 1 4 3 4 3 3 3 4 1 2 1 4 3 2 2 1 4 4 3 3 3 2 4 3 4 1 4 1 1 4 3 4 2 4 4 1 1 2 4 1 1 4 3 1 3 1 3 2 3 4 4 4 
4 4 2 1 4 1 1 2 2 2 2 1 3 1 4 2 2 4 1 2 2 1 3 1 3 3 2 3 3 1 4 2 4 2 3 3 3 3 4 4 4 2 4 1 3 2 4 3 2 3 1 3 4 1 2 4 4 2 2 3 3 4 3 1 3 4 2 1 4 2 4 1 4 3 4 2 4 3 3 2 1 2 2 1 2 4 2 3 4 1 2 2 1 3 1 4 2 2 2 3 3 2 3 4 1 3 2 4 2 1 1 1 3 3 1 4 4 1 2 1 1 1 1 2 2 4 3 3 4 3 4 
4 4 2 1 4 3 4 1 1 4 3 4 1 4 3 3 1 2 4 3 4 2 3 4 4 3 4 3 3 4 4 4 2 2 1 2 3 4 1 4 4 4 3 2 2 3 3 1 4 3 3 4 3 1 4 4 2 4 1 2 3 1 4 1 4 2 4 3 3 2 4 1 4 2 4 3 2 1 2 4 2 1 4 3 3 2 2 1 2 1 3 3 3 2 3 2 3 4 3 3 2 2 3 4 4 3 4 4 2 4 3 4 1 2 3 1 1 3 2 1 2 4 2 1 4 3 2 1 3 1 4 
4 4 2 3 3 3 1 2 2 3 2 3 1 2 2 2 2 1 4 3 2 1 2 2 2 1 1 1 2 2 2 3 2 1 4 3 2 4 3 2 2 1 2 1 2 4 4 3 4 4 1 1 3 4 4 4 4 1 3 1 2 2 2 1 4 3 2 4 3 3 3 4 2 1 2 3 1 1 3 1 4 1 2 2 2 2 1 3 1 3 4 1 4 4 2 2 2 2 4 4 4 3 3 1 4 4 2 4 3 1 2 2 1 2 3 3 4 4 4 3 4 4 4 3 2 3 3 4 2 1 4 
4 4 3 4 4 2 4 2 1 2 1 1 4 1 2 3 1 2 3 3 1 1 1 1 3 2 1 4 4 1 2 3 4 2 3 1 3 1 2 3 4 1 1 4 4 1 4 3 2 2 2 3 2 1 4 1 3 1 4 4 1 4 4 1 3 3 2 1 3 2 2 2 3 4 3 4 1 2 4 1 1 4 3 3 1 4 2 1 1 4 1 4 4 2 2 1 3 3 4 4 3 4 3 4 4 3 4 2 4 3 3 4 2 3 2 1 3 1 3 4 2 2 2 1 4 1 3 3 4 2 4 
4 4 4 4 4 3 3 4 4 1 1 2 4 3 3 3 3 1 4 3 4 1 1 1 4 3 1 3 4 3 4 4 2 1 4 2 4 4 1 4 2 1 4 1 1 2 1 1 3 2 4 2 3 1 2 3 4 1 4 3 1 3 3 2 2 1 3 2 3 3 1 2 3 3 4 1 2 4 3 1 3 3 4 4 3 4 3 1 2 3 2 4 3 3 2 1 1 4 1 1 3 3 3 2 1 4 4 2 2 2 2 3 2 4 4 1 3 2 2 2 1 1 1 1 2 1 1 3 1 2 4 
4 1 3 3 4 4 2 2 1 4 2 4 3 3 3 3 2 4 1 3 1 3 3 3 1 2 3 1 2 4 3 4 3 3 4 4 1 1 2 1 1 2 3 2 3 2 1 3 3 4 3 1 1 1 1 2 4 3 1 1 1 3 4 3 3 2 2 2 4 2 1 2 1 2 2 1 2 2 2 3 1 2 4 2 1 1 1 4 1 3 4 1 4 2 3 4 3 2 3 1 4 4 1 3 1 4 1 4 4 3 3 4 3 2 1 2 3 2 4 3 3 3 4 3 4 1 1 4 1 2 4 
4 3 1 1 1 3 4 4 2 3 4 2 3 2 4 4 1 2 3 3 3 3 2 2 1 1 3 4 3 1 4 2 1 4 2 1 2 1 4 4 4 3 2 4 3 1 1 3 3 4 2 2 2 2 3 2 1 4 3 1 3 1 1 4 1 2 2 3 2 4 1 3 1 2 4 2 3 3 2 1 3 3 3 4 1 2 2 4 2 1 4 3 4 2 3 3 2 2 1 4 3 3 4 2 3 1 4 4 3 4 3 2 2 1 1 2 1 1 4 2 4 4 3 4 3 3 2 2 1 2 4 
4 1 1 3 2 2 4 3 2 1 1 1 4 1 2 2 2 4 3 3 3 1 4 4 2 4 1 1 1 3 2 2 4 4 4 4 4 3 2 3 4 4 2 4 1 3 4 4 4 4 3 3 4 3 1 1 2 1 1 3 2 3 4 4 4 2 3 3 4 1 3 3 1 1 4 2 1 1 4 3 2 2 3 1 4 2 4 1 2 1 2 1 1 1 1 2 4 1 1 1 4 4 2 4 1 1 4 3 4 1 1 2 3 4 4 1 4 4 2 3 1 4 2 2 3 3 3 4 1 4 4 
4 2 3 2 1 1 2 1 3 1 1 3 1 4 1 3 3 4 3 2 2 2 4 2 1 4 4 4 4 1 3 2 2 1 3 4 2 3 2 4 3 4 3 1 4 2 4 1 2 4 3 4 1 4 2 2 1 4 3 3 4 3 3 2 1 1 3 2 3 1 1 1 3 1 3 3 2 2 4 4 2 2 1 2 3 2 3 3 1 1 3 2 2 1 2 2 1 3 1 2 2 4 3 1 3 3 4 4 3 2 2 4 2 2 4 4 2 2 1 3 2 2 2 1 3 1 2 4 3 2 4 
4 1 1 2 2 2 1 2 2 1 1 2 1 2 1 1 2 2 4 3 2 1 2 1 1 1 2 1 4 4 4 2 1 2 1 3 3 1 1 1 4 1 3 4 2 2 1 3 3 3 2 2 2 2 2 1 4 2 1 1 2 1 1 3 3 3 4 4 3 1 1 1 2 4 1 2 2 1 2 1 3 4 2 3 4 1 1 2 2 2 3 3 4 2 3 2 2 2 3 4 2 2 2 4 3 2 4 2 2 4 2 3 2 1 1 4 2 1 2 1 1 1 4 4 1 1 1 2 3 1 4 
4 2 3 4 2 2 1 2 4 4 3 1 4 1 3 2 3 1 2 3 1 1 1 2 2 2 4 2 3 2 4 4 3 4 4 4 2 4 1 3 3 1 2 2 4 1 2 4 1 1 4 2 1 4 3 4 4 4 4 4 4 4 2 3 2 1 3 3 3 4 2 3 4 4 3 2 3 2 3 4 3 4 3 3 2 4 2 2 2 3 1 1 3 3 3 2 2 2 2 3 1 4 2 2 1 3 3 3 3 2 4 4 3 1 3 3 4 4 3 1 3 4 4 4 4 1 3 4 2 4 4 
4 2 3 4 2 1 1 3 2 1 1 4 3 2 1 3 3 3 1 1 2 1 1 3 2 2 4 3 3 4 2 3 3 2 3 3 1 1 1 2 3 4 3 4 2 4 2 3 1 2 1 3 2 2 4 3 4 2 2 3 2 3 3 1 1 1 2 3 4 1 1 1 2 3 2 3 1 1 3 1 3 3 4 1 1 2 4 4 1 2 3 1 3 2 2 3 2 4 4 4 2 1 3 4 3 3 3 2 3 4 4 3 3 1 2 2 4 3 4 3 3 4 2 2 1 2 1 3 3 1 4 
4 4 3 4 1 3 3 1 4 2 1 3 3 1 3 4 3 1 2 2 3 4 4 1 2 3 4 3 2 2 3 4 4 3 3 3 2 1 4 2 3 4 3 3 3 4 3 4 4 2 4 3 1 4 2 2 4 3 3 4 4 1 3 1 1 4 2 1 3 2 4 2 2 3 3 1 3 2 3 1 4 4 3 1 4 2 3 3 4 1 4 4 1 2 4 1 4 3 3 4 3 4 2 1 3 4 2 2 4 1 2 4 4 2 4 3 4 2 3 3 2 3 1 3 1 4 3 2 3 2 4 
4 1 4 1 2 3 4 2 3 4 3 4 1 2 3 2 2 4 2 2 1 2 1 4 3 1 2 4 1 3 2 3 1 4 2 3 1 3 4 3 1 3 1 3 1 1 1 1 1 3 2 3 4 4 1 4 4 4 1 1 1 2 2 1 1 1 2 3 2 3 4 2 2 3 4 1 2 3 3 2 2 2 1 3 1 2 3 4 3 2 3 3 2 4 2 4 3 1 1 1 3 3 3 1 3 3 2 1 2 4 2 2 1 4 3 3 3 3 1 4 1 4 3 4 4 4 3 2 3 3 4 
4 2 1 4 2 2 4 2 4 2 2 4 4 4 4 4 1 3 3 1 3 2 1 1 2 2 2 4 2 4 2 4 4 1 4 2 2 3 3 3 1 1 3 3 2 2 1 4 1 3 1 1 2 1 1 3 1 3 4 3 2 1 1 4 2 1 1 2 4 1 3 1 1 3 1 3 1 3 3 2 1 1 3 3 2 2 2 4 2 1 2 3 4 2 3 2 4 4 2 2 2 2 1 4 2 3 1 2 2 2 4 2 4 1 2 4 1 3 1 3 2 4 1 2 1 4 3 1 4 2 4 
4 4 3 4 2 1 3 3 2 2 1 2 2 2 2 4 2 4 2 1 3 4 3 4 3 1 1 4 3 3 3 2 2 4 2 2 3 2 1 3 2 4 1 1 1 2 1 3 4 4 1 3 4 2 1 4 4 1 4 4 2 4 1 2 2 1 1 2 4 3 1 3 3 3 4 3 4 3 2 4 2 3 1 3 4 3 3 1 2 2 3 2 1 3 2 3 4 2 1 2 2 3 3 4 1 3 3 4 3 3 2 4 2 2 3 2 1 1 3 3 4 1 2 2 4 1 2 2 4 2 4 
4 3 4 4 4 3 4 3 3 2 2 2 1 2 2 3 3 4 3 4 3 4 1 2 1 4 3 2 2 2 2 1 4 1 4 2 4 1 3 3 4 2 3 1 1 3 4 3 1 3 2 2 2 3 3 1 3 4 1 4 1 3 3 4 2 4 1 2 3 4 3 1 4 4 2 3 2 1 1 2 2 3 2 3 3 1 2 1 1 3 1 2 1 3 1 1 4 4 4 2 1 3 1 2 4 1 1 2 4 2 2 2 3 2 2 3 3 1 1 2 2 1 1 4 4 4 3 3 1 1 4 
4 1 1 1 4 4 1 4 3 2 4 4 2 3 1 2 1 4 1 2 1 4 2 2 1 2 3 1 4 4 4 2 3 3 4 4 4 3 2 3 3 2 2 1 2 3 3 4 2 3 1 2 1 2 3 2 3 1 2 1 4 4 3 4 3 1 1 2 2 1 3 1 1 4 2 2 1 3 3 3 1 2 2 2 1 1 4 1 1 1 4 2 4 4 2 4 4 2 1 2 1 3 3 1 4 2 2 1 2 3 3 3 4 4 3 1 1 4 1 2 1 2 1 3 2 2 2 1 3 3 4 
4 1 3 4 4 3 1 2 3 2 2 2 3 4 3 1 1 3 3 4 3 1 2 1 3 4 4 3 4 3 1 2 4 1 1 3 2 4 3 1 4 2 4 3 4 2 4 3 4 1 3 4 2 2 1 4 2 1 1 1 2 2 3 4 2 1 4 1 3 1 4 4 2 1 3 3 4 3 2 1 4 2 1 1 3 4 1 2 3 1 4 4 4 1 2 1 3 1 2 1 2 1 3 4 3 3 4 2 3 1 4 3 1 2 3 4 3 3 4 3 2 1 1 1 4 4 3 4 3 2 4 
4 2 3 1 2 3 1 3 1 3 2 4 1 3 3 3 4 2 2 4 2 1 4 3 1 2 4 1 3 2 2 3 4 2 3 2 4 2 3 4 1 3 4 4 3 4 2 2 4 1 2 2 4 3 3 3 3 2 3 4 2 2 1 1 3 3 2 4 2 4 2 4 4 3 4 3 1 4 2 1 2 2 2 1 1 2 1 4 4 2 3 1 3 2 4 2 4 4 2 2 4 3 3 1 2 1 1 3 2 2 1 4 1 1 2 2 3 1 4 4 3 4 4 1 2 3 3 4 3 4 4 
4 1 4 2 2 4 3 1 2 3 2 3 2 1 2 4 4 1 2 4 1 3 4 1 1 1 2 2 4 2 4 3 1 1 1 3 3 1 2 3 3 1 2 2 2 1 3 3 1 3 2 1 1 2 3 3 1 1 3 2 3 2 2 4 3 2 3 3 3 3 4 1 3 1 2 1 1 2 1 3 4 1 4 2 3 1 1 1 3 4 3 4 2 1 2 4 3 4 3 4 3 2 1 2 2 1 2 3 3 3 3 3 2 1 4 1 2 4 1 2 3 1 3 2 2 4 4 1 1 2 4 
4 2 1 1 3 3 3 4 1 4 4 2 3 4 4 1 3 4 4 3 2 1 1 4 3 4 1 1 2 4 4 4 1 4 3 3 1 3 2 2 4 1 3 4 3 4 1 3 2 4 3 1 3 3 3 4 2 4 4 3 2 3 3 1 1 4 1 4 3 1 1 4 2 3 1 4 1 2 3 3 4 2 2 4 1 2 3 4 2 3 3 3 1 4 2 4 3 1 3 1 1 3 4 1 4 1 3 1 3 4 2 1 4 3 2 3 4 4 3 1 2 3 4 2 2 2 3 2 1 1 4 
4 4 3 3 1 4 2 3 2 4 4 3 4 1 1 3 2 4 3 2 2 3 4 4 4 4 3 2 3 1 4 1 1 4 4 3 4 4 1 3 1 4 2 2 3 3 3 4 4 1 3 4 2 3 2 2 3 2 1 2 4 2 3 4 4 2 1 3 2 2 2 4 4 2 3 2 1 4 4 3 4 2 3 1 3 1 4 1 3 2 1 3 2 2 1 2 4 3 1 1 2 4 2 4 3 3 3 1 2 2 2 4 2 2 4 4 3 1 1 1 2 2 2 2 4 3 3 4 3 2 4 
4 4 1 2 1 2 3 1 3 1 1 4 2 3 3 4 2 3 1 2 4 1 3 2 4 4 3 1 4 2 4 1 1 3 1 2 1 3 4 4 4 1 4 2 2 4 4 1 3 2 2 1 3 4 2 3 3 3 2 3 1 4 4 4 1 3 1 1 2 3 1 4 1 4 2 3 3 2 4 2 2 2 2 2 4 3 2 4 4 4 3 2 4 1 2 1 1 4 2 1 4 2 4 1 1 4 2 1 1 2 4 1 4 4 3 4 3 2 2 2 1 3 2 2 1 3 2 3 3 2 4 
4 2 4 4 3 3 2 3 4 1 1 4 3 4 4 2 4 2 2 3 4 2 2 1 3 2 3 1 1 4 1 3 4 2 4 2 2 1 1 3 4 3 3 3 3 2 3 1 1 2 2 2 2 1 3 1 3 2 4 4 1 1 4 1 3 2 1 4 1 1 4 1 1 2 3 4 2 4 3 3 4 1 3 3 1 1 1 3 3 3 2 2 4 3 1 1 1 1 3 3 4 1 3 1 3 3 1 4 4 1 3 4 2 1 4 1 2 4 1 2 1 1 4 3 3 3 4 1 3 4 4 
4 2 1 3 1 1 4 1 3 4 2 4 2 1 4 4 2 4 2 2 4 2 4 4 4 2 1 4 1 2 1 4 2 1 4 2 4 3 3 1 4 3 1 4 2 1 1 2 2 1 1 3 1 3 4 2 2 3 4 1 2 4 3 1 3 2 4 3 4 4 1 1 2 1 3 2 3 2 4 2 1 2 1 3 2 3 3 2 2 4 2 1 3 2 4 2 3 2 2 2 2 4 2 4 4 2 1 3 2 3 4 4 2 1 2 3 1 2 4 4 3 3 4 1 3 3 2 4 3 4 4 
4 2 1 4 3 4 1 3 4 4 4 1 1 4 2 1 3 2 4 3 2 2 4 4 3 3 1 1 2 4 3 1 2 2 2 4 3 4 2 3 4 1 1 4 3 3 3 4 2 2 4 4 1 4 3 3 1 3 3 3 3 3 3 3 4 3 2 1 4 4 4 2 2 2 2 2 2 1 4 1 2 1 2 4 3 1 4 4 2 3 1 4 2 2 3 4 3 4 3 3 4 4 2 3 2 3 3 1 1 3 1 4 2 3 3 1 2 3 3 2 1 4 4 4 1 1 3 4 3 4 4 
4 2 1 3 3 1 1 4 2 2 1 3 3 3 1 3 2 1 4 2 2 4 3 2 3 3 2 1 2 1 1 4 3 2 2 3 3 2 4 3 3 2 3 2 3 4 4 4 3 1 2 4 4 3 4 1 4 4 2 2 2 1 1 4 3 3 1 2 4 3 2 1 1 1 2 2 1 1 2 2 2 2 3 4 1 2 2 4 1 4 2 1 4 2 4 1 3 2 2 2 3 1 2 2 4 4 3 2 3 1 2 2 1 4 1 3 2 1 2 3 1 4 3 4 3 2 3 3 1 4 4 
4 4 4 1 4 3 3 1 2 4 4 2 2 4 2 3 1 3 2 4 4 4 4 4 4 4 4 3 2 2 2 2 2 3 2 1 1 3 3 1 2 1 4 4 4 3 4 1 2 3 2 1 3 1 2 2 2 1 1 4 3 1 3 3 4 2 1 3 4 3 4 3 1 4 2 2 4 4 1 2 2 3 3 2 1 4 4 4 2 3 4 4 2 2 1 1 4 3 4 3 2 2 3 2 2 1 2 4 4 2 3 1 3 1 4 1 1 4 1 4 2 3 2 4 2 3 1 2 3 1 4 
4 2 1 1 2 1 1 1 1 3 3 1 3 4 4 2 2 3 1 3 3 3 4 2 4 2 2 1 2 1 4 4 3 1 2 3 2 1 3 2 4 4 2 2 1 2 1 1 1 2 3 2 4 2 4 2 2 4 1 4 4 1 4 4 2 3 1 3 1 2 2 4 3 2 1 2 1 1 4 1 2 3 4 3 1 4 2 4 3 3 2 4 3 3 4 1 4 1 1 2 2 1 3 3 1 1 4 3 4 3 3 4 1 3 3 2 3 4 2 1 1 4 3 3 2 2 4 4 2 2 4 
4 3 2 2 3 4 3 2 3 4 1 3 3 4 3 1 3 2 2 1 4 2 3 2 1 2 4 1 3 4 4 4 1 4 2 4 1 4 4 2 3 4 3 4 4 4 3 1 2 1 2 3 3 4 4 1 3 1 1 1 3 2 3 4 2 4 2 3 2 4 3 4 4 3 4 1 1 3 3 4 4 1 3 3 4 4 4 4 1 3 3 1 1 1 3 3 1 2 2 4 1 4 3 1 4 2 3 3 4 2 3 4 1 4 2 3 1 3 3 2 4 3 4 3 4 1 4 2 3 4 4 
4 2 1 1 3 4 1 3 1 1 4 2 4 1 4 3 4 2 3 2 2 1 2 1 4 4 1 4 1 3 4 2 1 2 2 4 2 1 2 3 1 1 2 1 1 3 4 1 2 2 1 1 1 1 4 4 3 4 4 4 1 1 2 1 1 3 1 2 3 1 3 3 2 1 3 3 4 1 1 1 1 2 2 4 4 4 2 4 1 3 2 1 3 1 3 1 3 1 1 1 1 3 2 3 2 3 3 2 1 2 1 2 4 4 3 1 3 2 3 3 4 2 4 3 2 2 4 3 3 2 4 
4 3 3 1 2 3 2 3 2 2 4 2 3 4 3 1 3 2 2 2 2 4 3 3 4 4 3 1 1 3 4 4 3 2 4 4 1 1 4 3 1 1 1 1 2 4 4 2 1 2 4 3 4 1 3 4 2 4 4 3 3 2 3 2 4 3 3 4 1 1 4 1 2 3 4 4 2 1 3 1 3 2 4 3 1 3 2 3 2 1 1 3 4 3 3 1 2 3 4 2 2 4 1 4 1 4 2 4 3 3 1 3 3 2 1 3 2 4 2 3 3 3 1 3 4 3 4 2 2 4 4 
4 3 2 4 2 1 1 3 2 3 3 1 2 4 3 3 3 3 1 2 4 1 1 3 1 1 1 1 2 2 4 3 1 1 4 3 4 2 2 2 1 1 1 2 2 1 2 3 3 1 3 1 3 4 3 1 1 3 4 2 1 1 1 1 2 3 2 2 2 4 2 4 4 4 4 3 3 4 3 3 2 4 1 4 2 1 1 4 1 3 4 2 2 2 3 2 3 2 1 4 1 2 3 4 1 2 1 3 4 4 4 3 1 1 4 4 1 2 2 4 4 3 1 3 1 1 4 1 4 1 4 
4 2 4 3 2 1 3 3 1 2 1 2 1 3 2 4 4 3 1 1 4 3 2 4 3 4 2 3 4 4 4 4 2 4 1 1 3 1 2 1 3 4 2 4 3 2 1 1 2 1 3 2 4 1 2 3 3 3 3 4 3 4 1 1 3 1 4 2 4 1 1 3 1 4 3 1 1 3 3 4 3 1 3 2 3 1 2 3 1 4 2 2 3 1 1 1 2 3 1 2 1 4 4 4 3 3 2 2 1 1 3 1 3 4 3 1 3 1 4 1 4 4 1 4 2 2 2 4 1 1 4 
4 3 2 2 4 4 2 4 4 4 3 4 2 4 4 3 2 1 4 4 1 2 2 2 2 3 1 1 4 2 1 4 1 1 3 3 3 1 4 2 3 1 1 2 1 2 1 4 4 4 1 2 4 1 1 4 4 3 1 1 1 3 3 3 3 4 2 1 2 3 2 1 3 4 3 4 4 2 2 2 2 4 1 4 3 4 1 4 4 3 3 1 1 3 4 2 3 4 3 2 1 3 1 1 2 3 2 1 4 3 1 1 1 3 3 2 2 4 2 1 3 4 4 2 3 1 3 4 4 4 4 
4 4 1 4 2 4 3 2 2 1 3 3 2 3 2 2 3 2 2 4 2 4 2 2 2 2 4 2 2 2 1 2 3 4 3 3 4 2 2 3 3 4 4 4 4 3 3 3 3 3 4 4 3 2 4 4 3 3 2 4 2 2 4 2 2 2 2 1 4 1 3 4 4 2 3 1 3 4 4 2 1 1 3 1 3 1 1 4 1 4 1 3 4 1 3 3 2 2 1 3 1 1 2 3 1 1 4 2 2 2 3 1 1 1 3 4 2 1 2 1 2 3 3 1 1 3 4 4 4 3 4 
4 2 3 4 2 2 2 3 1 3 4 4 4 1 4 1 3 1 2 2 2 2 4 4 2 1 1 2 1 2 4 4 2 4 4 3 1 3 4 3 1 4 2 2 2 3 2 4 1 1 4 3 2 1 2 4 1 3 2 3 1 2 4 3 1 2 3 2 1 3 1 3 3 4 2 1 2 2 3 3 2 4 3 3 2 3 3 2 4 3 1 3 4 4 3 4 1 3 4 3 3 3 4 4 2 2 4 4 1 3 1 4 4 1 4 4 1 3 4 4 1 1 2 4 3 4 4 2 2 3 4 
4 2 2 4 3 3 1 2 4 3 1 1 1 3 1 3 3 3 1 1 3 3 2 2 2 2 4 1 2 3 4 2 1 3 3 3 4 4 2 3 3 3 4 2 4 4 4 3 4 1 2 4 2 2 1 3 1 1 3 2 1 1 2 3 3 4 2 3 3 4 4 2 2 2 4 4 3 2 2 4 3 4 1 2 3 1 4 4 4 2 1 1 4 3 4 4 1 2 1 2 3 2 4 1 3 1 1 2 1 4 2 1 1 3 1 1 1 2 4 2 4 3 2 1 1 2 4 3 4 1 4 
4 2 3 1 3 1 4 3 2 2 2 4 1 1 4 4 1 1 1 4 1 4 1 1 1 4 1 4 3 1 2 4 4 1 2 3 3 4 1 2 3 4 2 2 2 4 4 3 2 1 2 3 1 4 4 3 2 4 4 3 1 4 3 4 2 3 2 4 2 2 3 2 3 1 4 4 3 1 1 1 2 1 4 4 2 4 1 3 1 3 4 2 3 3 2 3 4 2 4 3 3 4 2 2 1 3 1 4 4 1 4 3 1 2 1 1 2 1 2 2 2 4 3 3 2 1 2 4 4 3 4 
4 3 1 1 2 2 1 2 4 3 4 3 2 2 3 4 1 3 4 2 2 4 3 1 4 4 4 2 3 3 4 1 1 1 1 2 2 2 4 4 4 1 1 3 1 1 4 4 3 4 2 2 3 1 3 1 3 1 3 4 4 2 4 3 2 2 1 4 2 1 3 2 1 1 3 4 4 2 4 1 3 2 1 3 2 1 1 2 2 4 1 3 1 1 1 2 1 1 3 2 2 4 1 4 4 2 1 3 3 3 3 4 1 3 4 1 4 1 1 3 2 4 1 2 1 2 1 4 4 4 4 
4 4 3 3 1 4 3 1 4 4 4 4 3 1 4 3 1 1 2 1 3 2 2 3 4 2 4 1 3 2 3 1 4 2 4 1 2 3 2 2 2 3 4 1 4 4 2 4 4 1 4 2 1 3 4 4 4 4 3 1 4 2 2 2 1 4 2 4 2 4 3 4 3 2 3 4 3 1 4 4 4 3 2 2 2 2 2 1 1 3 4 3 3 1 4 4 1 1 4 1 3 1 4 4 2 2 4 4 1 4 2 2 3 4 3 4 4 4 3 4 1 3 2 2 4 1 1 1 2 1 4 
4 4 2 4 2 3 3 3 4 2 1 4 2 3 4 1 3 4 4 4 2 1 4 2 3 3 4 4 1 1 2 4 2 3 4 4 3 1 2 4 4 1 1 2 1 2 3 1 4 3 2 2 1 4 2 2 3 4 2 1 4 3 4 3 1 1 3 2 3 4 3 4 4 4 1 3 3 3 1 3 4 3 4 4 2 2 4 1 3 4 1 2 1 3 1 4 1 1 3 4 4 1 4 1 2 2 4 1 2 4 3 2 4 2 2 1 1 1 4 2 2 2 2 1 2 1 3 3 1 1 4 
4 4 3 1 3 3 4 3 2 4 3 1 2 2 2 2 4 4 3 3 3 4 3 3 4 2 2 3 3 3 2 1 4 3 2 4 4 3 4 2 2 2 1 3 1 2 2 3 1 3 4 1 2 1 3 2 2 2 1 3 3 1 1 2 4 3 1 2 4 2 4 2 3 2 3 3 3 3 1 1 3 1 3 1 3 2 3 2 1 1 1 4 2 4 4 3 3 2 2 3 4 3 4 3 3 1 2 2 1 3 3 4 3 1 4 4 4 3 1 3 4 3 2 3 2 3 4 2 2 1 4 
4 1 4 3 4 4 4 4 4 2 4 1 4 2 2 3 2 3 3 2 4 2 3 3 1 1 4 4 1 2 2 3 3 1 3 1 2 4 3 1 2 3 1 2 3 1 2 2 4 4 4 1 1 1 1 3 3 4 2 4 4 4 3 1 2 3 1 1 2 4 2 1 3 1 1 2 1 4 2 3 3 2 2 4 1 1 4 1 2 4 2 1 4 3 2 4 3 1 1 1 2 1 2 3 3 4 3 3 4 1 1 3 4 3 4 4 3 4 1 4 3 1 1 4 3 1 3 3 4 3 4 
4 3 4 4 3 1 2 3 3 1 1 1 2 3 1 1 3 4 1 3 2 1 4 3 2 1 2 3 2 4 2 4 1 3 4 1 2 2 1 1 1 3 4 4 1 1 4 4 3 2 3 2 4 2 2 4 2 1 1 3 2 1 4 1 4 2 2 1 1 4 3 1 3 3 3 2 1 2 3 1 4 1 1 3 3 4 1 2 4 2 1 4 2 1 2 1 3 4 2 3 3 1 2 1 3 4 3 2 1 3 3 1 2 1 4 1 3 2 1 4 3 3 3 4 1 1 2 4 4 1 4 
4 1 1 2 4 4 1 2 3 4 4 2 1 4 1 3 1 3 1 3 3 2 1 1 4 4 4 4 4 3 3 1 4 4 4 1 1 1 1 4 2 4 3 1 2 2 1 1 4 1 1 1 3 4 3 4 3 2 3 2 4 2 3 1 2 4 1 4 1 1 4 3 4 3 2 4 1 2 3 3 2 2 1 3 3 2 1 2 3 2 1 4 1 4 2 1 2 3 1 4 1 3 3 4 3 3 2 3 3 3 4 1 1 1 2 2 1 3 4 4 4 3 3 3 4 2 2 1 2 1 4 
4 2 3 4 2 3 2 3 4 3 1 2 3 2 3 3 1 2 1 3 3 2 2 2 2 1 4 4 2 2 4 4 2 2 1 3 3 4 4 4 1 1 2 2 2 1 2 3 2 3 3 2 2 2 3 3 4 1 1 3 2 4 2 4 1 1 3 2 1 3 3 3 1 1 3 3 2 2 3 3 2 4 4 2 2 1 2 3 3 1 3 1 3 4 3 3 1 1 4 3 3 2 2 4 3 1 4 3 4 4 3 1 3 1 1 2 1 1 4 3 2 2 4 4 1 1 3 4 4 3 4 
4 4 4 4 4 3 1 1 3 2 3 3 2 4 2 3 3 2 3 1 2 1 1 2 4 4 3 4 4 1 2 3 2 4 2 2 3 3 3 4 2 3 2 2 3 1 1 1 4 2 1 3 2 4 3 4 1 4 4 1 3 2 4 1 2 1 3 2 3 2 2 1 1 3 3 1 2 1 4 3 2 2 4 3 4 3 3 4 1 3 3 3 1 3 1 2 2 1 2 4 1 1 4 1 1 1 3 3 3 2 3 2 2 2 4 4 3 1 3 1 3 2 1 2 4 2 3 3 4 4 4 
4 4 2 4 4 2 2 4 4 4 4 1 4 2 4 2 1 4 1 4 4 3 1 1 1 3 4 4 3 4 4 4 2 4 4 1 4 4 4 3 3 3 4 1 3 2 1 2 3 2 1 3 1 1 1 2 2 2 3 4 3 4 1 1 3 3 2 2 2 2 2 1 1 1 1 1 1 1 4 2 3 3 1 1 1 3 2 4 1 1 1 4 2 1 1 3 4 1 4 3 4 4 2 3 1 2 2 3 4 4 2 4 4 2 2 1 4 3 3 1 4 1 4 2 1 3 4 1 1 2 4 
4 1 2 1 3 2 1 1 3 2 4 3 4 3 4 2 4 1 3 4 3 3 4 3 1 3 4 2 1 4 1 4 1 4 2 1 2 1 4 3 1 4 1 2 4 1 1 2 2 4 3 2 3 2 3 3 3 2 1 2 2 4 2 2 4 4 1 2 4 2 4 3 2 2 2 3 2 4 4 2 2 1 4 2 2 2 2 1 3 2 2 2 1 4 3 4 2 1 2 4 1 2 3 1 4 3 2 2 4 2 1 4 1 1 4 4 2 1 2 4 3 4 2 4 4 2 4 4 3 4 4 
4 2 2 3 4 4 1 1 2 1 1 4 1 4 4 1 3 3 3 3 3 4 2 3 3 2 4 3 3 2 1 1 4 4 1 3 2 1 1 1 1 2 4 3 2 3 4 2 1 2 3 4 3 4 4 2 2 3 1 4 3 3 2 4 1 1 2 2 3 3 2 2 2 2 3 3 1 3 1 2 3 2 4 1 4 3 1 1 1 4 3 3 1 1 2 4 4 1 3 2 2 2 1 3 3 3 2 2 2 3 4 3 3 4 3 2 1 4 2 3 3 4 2 4 2 3 3 3 3 1 4 
4 1 2 2 2 4 3 4 3 3 3 1 4 4 1 1 2 1 1 2 4 4 4 2 2 4 4 4 1 3 2 2 4 1 3 2 1 3 1 4 4 4 4 1 1 4 3 1 4 1 4 4 3 4 4 3 2 1 3 3 3 1 4 4 1 1 2 1 2 4 2 1 2 2 2 3 1 3 4 1 1 3 2 1 4 1 4 2 4 2 2 3 3 2 4 3 4 4 1 1 4 4 3 1 1 1 3 1 2 4 2 2 1 4 2 1 1 4 3 4 2 1 4 1 2 1 3 4 2 1 4 
4 3 1 4 2 2 4 2 1 3 4 2 1 4 1 1 3 1 4 1 1 4 3 2 3 4 2 1 4 3 1 3 2 2 1 1 4 4 1 3 2 3 3 2 3 4 4 2 1 2 3 4 4 2 2 4 4 2 3 3 2 3 3 2 1 2 4 1 3 1 3 4 3 2 4 4 3 1 3 3 1 4 2 2 2 1 4 2 2 3 1 4 4 2 4 3 1 2 2 4 3 4 1 3 4 1 4 1 2 3 4 2 3 1 1 4 2 1 4 3 1 1 4 3 3 2 4 3 1 1 4 
4 4 2 1 3 4 2 1 3 2 3 4 1 3 1 1 2 2 2 1 4 3 1 4 2 1 4 2 1 4 3 3 4 1 3 3 4 2 1 4 1 1 3 1 1 4 1 3 2 4 1 2 2 1 2 1 3 1 1 3 1 3 2 4 4 2 2 1 4 1 4 2 4 4 2 2 1 4 1 3 1 4 1 3 1 4 4 3 1 3 3 4 1 4 3 2 1 4 2 1 4 3 3 4 4 1 3 4 3 3 4 4 4 1 4 1 4 1 4 2 2 3 2 3 2 1 4 4 4 3 4 
4 1 3 2 4 2 3 1 1 1 2 1 2 4 3 4 1 3 4 1 2 1 2 2 1 1 2 2 3 2 2 2 2 2 2 3 4 1 2 2 4 2 1 4 4 1 3 2 2 2 2 2 2 3 4 2 4 4 2 3 4 2 4 4 1 2 3 1 3 2 2 1 3 1 1 4 3 1 4 2 1 2 4 1 4 1 1 2 1 3 1 3 3 3 4 1 4 2 2 1 4 3 3 1 3 2 2 1 2 1 4 3 3 1 2 2 1 1 3 3 3 4 4 2 1 1 4 2 1 3 4 
4 1 2 4 1 3 3 3 1 3 4 4 4 2 4 4 2 4 3 1 4 3 4 3 1 1 4 1 1 4 3 2 1 3 3 2 4 3 4 4 2 2 2 2 1 2 3 4 2 4 4 1 4 3 4 1 3 3 2 3 4 3 1 1 1 2 4 2 3 4 3 4 1 3 2 2 1 1 4 3 2 3 3 4 3 1 4 3 3 2 2 2 4 3 1 1 2 2 1 2 4 3 2 3 4 3 4 3 4 3 1 3 3 2 3 3 4 1 4 3 1 2 2 2 1 3 3 3 2 3 4 
4 4 2 3 3 1 4 1 3 3 2 3 2 1 2 3 2 2 2 2 2 1 4 4 4 4 1 3 4 3 4 4 2 4 4 3 4 1 1 1 4 2 1 3 2 1 4 2 3 2 3 3 3 2 3 2 4 2 3 4 2 4 3 1 3 3 1 1 3 4 3 4 2 4 1 4 3 2 2 4 1 2 4 4 3 1 3 2 3 4 1 1 4 2 1 1 2 1 1 4 4 3 1 3 3 1 1 2 2 1 2 1 2 1 2 4 2 4 3 1 2 4 3 2 1 3 4 3 1 2 4 
4 1 4 1 2 3 2 1 2 1 2 1 1 4 1 4 4 3 3 2 1 4 3 1 2 4 3 1 3 3 2 4 1 1 4 4 4 4 4 4 2 1 1 4 2 4 3 2 4 4 3 2 2 3 1 2 1 2 1 1 3 1 3 3 4 4 2 2 1 1 3 1 3 2 3 3 1 2 1 4 2 3 4 2 4 4 1 2 4 3 3 3 4 2 4 4 1 1 2 1 1 1 3 3 1 3 3 2 2 2 2 1 2 4 3 3 3 1 2 4 1 3 4 2 2 2 1 1 3 2 4 
4 1 4 3 1 3 1 4 2 4 3 1 4 3 4 3 2 4 1 4 3 3 1 2 3 3 3 4 3 3 1 4 2 3 2 3 2 2 3 1 1 2 2 3 2 4 3 3 2 1 3 4 2 4 3 1 2 3 3 1 1 3 2 2 2 3 3 3 1 3 1 4 2 4 2 3 4 3 1 4 4 4 4 1 4 4 4 2 1 3 3 2 2 4 1 2 4 1 3 4 2 2 3 1 1 3 3 4 3 3 2 4 2 1 3 1 2 3 2 4 4 3 1 1 1 3 1 2 4 1 4 
4 4 4 3 3 2 4 3 2 4 1 3 1 4 1 2 2 4 2 1 2 3 2 1 1 4 1 3 1 2 3 2 4 1 4 3 3 1 4 4 2 2 2 4 1 2 4 1 3 2 2 4 3 4 3 3 2 2 1 3 1 1 3 1 2 3 2 2 4 4 3 1 3 4 2 4 2 2 2 3 2 4 3 3 2 3 2 2 1 1 3 3 2 1 2 4 1 1 2 4 1 3 3 3 4 2 3 3 1 1 4 2 1 3 2 2 2 1 2 2 3 2 2 2 4 3 4 3 2 3 4 
4 4 2 2 3 1 3 4 1 3 4 3 4 4 4 3 3 2 1 1 1 3 2 4 1 3 4 1 3 2 4 1 1 1 2 1 4 1 3 1 3 3 3 4 2 1 4 3 3 4 1 1 2 1 1 4 4 1 2 3 2 1 1 2 4 1 4 2 4 1 1 1 4 4 4 4 2 3 4 2 1 1 3 2 1 2 4 4 4 2 1 1 2 1 2 3 3 3 1 1 4 2 2 1 4 4 2 2 2 3 1 1 2 1 1 4 2 3 1 4 4 1 4 3 3 2 4 4 2 1 4 
4 3 2 1 1 2 4 1 2 4 3 1 2 1 4 1 4 1 3 3 1 1 3 3 3 2 3 3 4 1 3 4 2 4 3 1 4 2 4 3 2 2 2 2 2 1 4 2 4 4 3 2 1 1 3 3 4 2 2 2 3 3 1 4 1 3 3 3 3 2 3 4 1 1 1 1 2 2 1 4 1 1 2 3 3 4 3 2 3 1 4 2 4 4 3 2 4 4 1 1 2 3 2 3 1 3 2 1 4 3 4 1 4 4 4 1 2 1 1 1 3 3 2 3 3 4 4 2 3 3 4 
4 4 3 1 4 4 4 4 1 1 3 2 1 2 4 2 4 4 1 4 4 1 1 1 2 3 2 1 2 4 3 3 1 3 1 4 4 4 2 2 3 3 3 1 2 3 4 1 3 1 1 4 3 3 1 1 2 1 1 1 2 4 2 4 3 4 3 4 4 1 4 1 4 4 3 4 3 3 4 3 3 1 1 4 4 4 1 3 2 4 2 2 2 2 3 1 2 4 4 1 4 1 3 4 3 3 1 4 3 4 1 3 4 4 4 3 1 4 1 2 3 2 4 2 2 2 4 3 3 1 4 
4 1 2 2 1 2 4 1 1 2 1 4 3 2 3 2 4 3 2 2 4 4 4 2 3 2 2 3 4 1 1 4 3 2 3 1 4 2 3 3 1 3 4 3 1 3 2 2 2 4 1 4 4 1 4 1 1 2 2 1 3 2 2 3 2 2 1 4 2 4 2 1 1 4 3 4 3 4 3 1 2 4 3 2 4 2 1 2 3 2 2 2 3 2 4 3 2 1 2 2 4 2 4 4 2 4 4 1 1 4 3 1 2 4 4 4 2 3 1 2 1 2 4 3 3 1 3 2 2 2 4 
4 2 1 3 2 1 2 1 4 1 4 2 1 3 1 4 3 1 4 3 4 3 4 3 3 3 4 4 4 3 4 1 2 4 1 3 1 3 1 2 2 1 2 2 3 4 2 2 3 4 3 3 2 1 4 3 4 4 1 1 3 4 1 4 4 4 4 3 1 3 2 3 1 1 2 1 2 4 3 1 4 4 4 3 3 4 1 3 3 3 3 3 4 1 1 4 4 1 1 2 1 1 3 4 1 1 4 1 4 4 3 1 3 4 1 1 1 1 2 1 4 4 3 2 2 1 2 1 2 1 4 
4 1 3 2 3 3 1 3 1 4 1 2 4 3 1 3 3 4 2 3 3 3 4 3 3 2 2 4 3 1 4 1 1 1 1 2 2 4 1 1 1 1 3 2 4 3 3 2 4 2 1 4 2 4 3 4 3 3 1 2 1 4 1 1 3 4 4 4 3 4 3 1 3 1 1 4 3 2 3 3 1 2 4 3 2 3 4 4 3 3 3 4 3 4 3 4 3 3 2 1 4 3 2 1 3 3 2 3 4 1 1 3 2 2 2 2 4 3 2 4 3 3 2 1 2 1 2 2 2 4 4 
4 4 1 2 4 1 4 4 1 1 4 2 1 2 2 3 1 1 4 4 1 2 1 1 4 2 3 1 4 2 3 2 4 1 3 1 2 4 4 4 4 4 4 2 3 3 3 3 2 4 2 2 3 3 2 2 4 2 3 3 2 2 1 2 4 4 1 3 1 4 4 3 2 2 1 3 1 2 3 3 3 2 2 2 2 2 3 4 4 2 3 2 2 1 1 3 1 1 1 3 4 2 1 4 2 1 1 1 4 1 4 1 1 4 2 2 3 3 4 2 2 1 3 2 2 2 1 4 3 4 4 
4 1 4 3 4 3 4 4 4 4 2 4 3 4 4 4 3 3 1 3 3 2 4 3 4 1 1 4 2 4 1 1 3 1 2 2 3 4 3 1 1 3 3 4 2 3 2 3 4 4 2 4 2 4 2 3 3 4 4 2 2 2 1 3 2 4 3 3 2 1 3 2 1 1 2 4 3 3 2 3 1 1 1 3 2 2 2 2 3 3 2 1 2 3 1 3 4 1 2 4 4 1 2 3 1 4 2 3 4 2 4 3 2 2 1 2 4 2 1 3 3 2 4 4 4 1 4 1 2 1 4 
4 2 4 1 1 2 4 1 4 2 4 4 4 2 4 4 2 3 1 4 3 3 4 1 2 4 3 3 1 1 2 2 3 1 1 4 3 1 3 2 1 3 3 3 3 1 1 2 1 2 1 1 4 1 3 4 3 3 4 1 2 4 2 2 2 3 1 1 1 2 3 2 4 2 3 1 3 3 2 1 2 2 4 2 3 4 2 2 1 3 1 3 4 4 2 1 2 2 3 4 3 3 4 4 4 1 1 4 4 3 2 4 3 1 4 2 4 4 1 2 4 4 1 2 2 2 1 2 4 2 4 
4 3 3 2 1 1 2 4 1 3 2 2 2 3 1 4 3 1 1 2 4 2 4 3 3 1 1 3 3 2 1 3 2 4 1 2 2 2 3 2 3 3 4 3 2 1 2 2 4 4 1 3 2 3 1 3 4 2 2 2 4 3 4 1 3 1 3 4 1 3 4 3 3 2 3 3 1 3 1 3 2 4 2 2 2 2 3 3 3 2 2 3 2 4 1 3 2 2 3 4 2 2 3 4 1 4 2 4 2 2 4 1 4 2 4 4 4 1 1 3 3 4 4 2 2 4 4 2 2 3 4 
4 4 2 3 2 2 4 4 3 3 4 1 2 3 4 4 2 1 3 3 2 3 3 1 2 2 1 2 2 1 2 2 4 4 3 2 4 3 1 3 3 3 2 3 4 4 1 4 4 3 4 4 4 4 3 4 2 1 2 4 3 4 3 3 4 4 3 3 2 2 4 4 4 2 2 3 4 1 3 1 2 2 2 1 4 1 4 4 2 3 2 3 4 4 3 1 4 1 3 2 2 1 2 1 2 1 3 3 4 4 3 4 3 1 1 1 1 4 2 1 1 2 4 2 2 1 3 4 3 2 4 
4 3 1 3 4 4 1 3 3 4 3 3 3 4 4 1 3 3 4 4 1 1 3 1 4 3 3 1 1 3 1 2 2 3 2 3 2 2 1 3 3 1 4 2 3 4 3 1 1 4 1 1 1 1 3 2 1 4 1 1 2 2 4 3 2 1 4 1 4 4 4 4 2 2 3 3 4 3 4 4 1 3 3 3 2 1 2 1 2 3 1 2 1 2 2 4 4 2 1 4 4 4 4 1 4 4 3 1 1 1 4 4 2 2 2 4 1 2 4 2 1 4 2 1 3 4 3 2 2 3 4 
4 1 2 2 1 3 1 2 3 2 3 2 4 3 3 1 3 4 3 4 3 4 2 4 3 1 2 1 3 3 3 2 1 4 4 4 2 2 4 3 1 4 3 3 3 4 1 3 1 2 2 4 3 3 1 1 3 2 4 2 3 2 3 3 3 2 4 2 3 4 2 4 2 1 3 3 2 2 3 3 2 1 1 3 1 1 3 4 3 1 1 2 2 3 3 2 4 2 3 4 2 4 2 1 3 3 4 4 2 3 2 3 4 1 4 4 2 3 4 4 3 3 2 1 1 1 4 2 3 2 4 
4 4 1 3 2 2 1 4 3 4 3 3 3 4 3 3 2 1 2 3 4 2 3 4 3 4 2 3 1 4 1 3 4 4 3 4 3 2 1 2 3 2 1 1 1 2 4 4 1 1 2 2 1 1 3 3 2 4 2 2 1 1 2 1 3 3 3 3 3 1 1 4 1 3 1 1 4 3 2 2 3 1 2 2 3 1 4 3 1 4 3 2 4 1 3 4 3 2 2 3 2 2 2 3 3 4 2 4 4 4 2 3 3 4 1 3 2 1 1 3 4 3 4 1 3 4 3 1 4 2 4 
4 2 1 4 4 3 3 2 1 3 3 2 3 1 4 1 4 1 1 3 1 3 4 3 3 3 2 3 3 4 1 4 2 3 3 4 4 2 4 1 3 4 2 1 1 4 4 2 1 4 4 1 3 1 1 4 4 2 1 1 4 2 4 1 4 3 3 1 2 3 2 1 4 2 2 3 2 2 2 2 4 1 2 4 3 1 1 3 4 4 4 3 4 4 2 4 1 4 3 4 4 4 4 3 2 4 4 2 4 1 4 3 2 3 3 1 1 4 1 2 4 2 3 2 4 2 3 1 4 1 4 
4 4 3 3 1 1 2 1 3 2 4 3 4 3 2 1 1 1 1 1 3 2 2 3 1 2 4 1 4 4 2 2 4 1 2 1 2 2 2 2 1 3 3 1 3 2 3 2 2 4 4 4 4 2 2 2 4 3 2 3 3 3 1 2 3 4 4 1 1 1 1 2 2 3 2 1 4 3 3 3 2 4 1 4 3 4 2 2 2 1 3 3 3 1 2 4 2 4 2 2 3 1 4 4 4 3 1 4 2 4 4 1 4 2 3 4 2 1 1 2 1 2 1 1 1 2 2 3 4 1 4 
4 4 1 2 2 2 1 4 4 4 1 3 1 4 2 3 3 3 1 2 2 3 2 4 4 1 3 2 4 1 4 4 4 4 3 2 1 3 2 2 2 1 1 3 2 2 2 4 4 3 1 4 3 3 1 1 3 4 2 3 1 4 4 2 3 2 1 4 4 3 3 3 1 3 3 2 4 1 1 2 1 1 4 1 4 3 4 3 4 4 1 3 2 1 4 4 2 1 4 3 3 3 1 2 1 4 4 1 3 2 4 3 2 3 1 2 4 2 4 4 3 1 4 1 1 3 3 2 3 1 4 
4 2 4 4 3 1 3 2 2 1 2 4 2 3 3 2 1 3 1 1 4 4 4 3 4 4 1 4 1 1 2 4 2 2 2 1 4 4 2 4 3 4 4 1 3 1 2 2 1 1 2 3 2 1 3 3 2 3 1 4 3 1 1 2 3 4 3 4 4 4 1 2 3 1 1 3 4 2 1 1 1 3 1 4 1 4 1 1 4 2 1 4 4 3 2 4 3 1 2 4 2 4 2 4 2 1 4 4 2 1 3 1 4 3 2 2 3 2 4 2 2 2 1 1 2 2 3 4 4 3 4 
4 3 1 2 1 4 3 4 1 2 4 3 2 2 3 3 1 3 1 3 2 4 1 1 2 3 2 4 1 2 3 1 3 2 1 2 1 1 3 1 1 1 3 4 1 2 1 4 1 4 2 4 4 4 4 2 4 3 3 2 2 4 1 2 2 3 3 3 1 2 4 2 4 1 1 2 2 2 4 4 2 4 2 3 2 3 2 2 3 3 2 2 1 2 4 2 4 4 1 2 3 2 3 1 3 3 2 1 2 4 3 4 2 4 3 1 4 2 4 1 2 3 2 2 1 4 1 1 1 2 4 
4 3 3 4 3 4 1 3 4 1 1 3 2 2 1 4 3 4 3 2 3 2 4 2 4 1 4 2 2 1 3 3 1 3 1 1 3 3 1 4 3 4 3 3 1 3 3 4 2 3 1 3 2 4 2 4 4 1 1 3 3 2 3 4 1 4 2 1 2 2 3 4 1 3 3 1 1 2 2 1 2 2 4 4 4 4 2 3 1 4 4 2 1 4 4 1 2 4 2 1 3 2 3 3 1 3 4 1 3 3 2 3 4 2 1 3 1 3 1 1 3 1 3 3 1 1 3 1 1 1 4 
4 4 4 4 4 4 4 4 4 4 4 4 4 4 4 4 4 4 4 4 4 4 4 4 4 4 4 4 4 4 4 4 4 4 4 4 4 4 4 4 4 4 4 4 4 4 4 4 4 4 4 4 4 4 4 4 4 4 4 4 4 4 4 4 4 4 4 4 4 4 4 4 4 4 4 4 4 4 4 4 4 4 4 4 4 4 4 4 4 4 4 4 4 4 4 4 4 4 4 4 4 4 4 4 4 4 4 4 4 4 4 4 4 4 4 4 4 4 4 4 4 4 4 4 4 4 4 4 4 4 4 

