135
1000
1000

[Node]
0  0  0   0  0
136 0  0   0  0

[pickup]
1       502802054      11          9
2       503617238      17          11
3       502787864      17          17
4       504632589      18          5
5       503589812      23          6
6       502794879      24          17
7       505193084      25          5
8       502787809      26          11
9       504930826      33          11
10      505112394      33          7
11      504549590      34          5
12      502788388      34          14
13      504579938      38          9
14      504433520      39          8
15      504999730      40          5
16      505123014      40          14
17      505185201      40          15
18      503615814      40          14
19      504489908      41          11
20      505131975      42          11
21      504944047      43          8
22      504558137      45          7
23      505154688      50          6
24      504878152      50          6
25      505190348      52          19
26      503657465      53          8
27      502800271      54          19
28      505160192      56          6
29      505128819      56          8
30      502794547      57          11
31      504725765      57          6
32      504486727      57          14
33      503853490      62          16
34      505125143      62          14
35      505096954      64          11
36      503629917      65          15
37      502851705      66          11
38      503240801      71          12
39      502787519      74          8
40      505123006      79          8
41      505233265      79          17
42      502791163      80          17
43      504726270      81          5
44      505150270      81          19
45      505036392      82          16
46      502792441      88          17
47      505170069      90          15
48      504959617      92          17
49      502786496      95          17
50      502796205      97          14
51      504989072      98          18
52      504354545      99          9
53      504940824      106         18
54      505057713      107         10
55      505026956      108         14
56      503900603      112         9
57      502792112      114         11
58      502792437      115         5
59      505084618      120         8
60      502789708      121         12
61      504959841      121         19
62      504591167      125         18
63      502958598      131         7
64      504548682      132         18
65      503592373      132         16
66      503284249      134         5
67      504851317      135         20
68      504777883      135         6
69      502798247      136         17
70      502786483      137         9
71      504940723      141         10
72      503900481      148         19
73      502875595      152         18
74      505170924      156         16
75      503202377      163         20
76      505229193      163         5
77      505158222      165         20
78      503746302      169         20
79      502786834      169         12
80      505170366      173         5
81      504940738      173         14
82      504940829      173         14
83      503192571      176         20
84      504406686      176         17
85      502795290      181         8
86      503249203      187         12
87      505186923      190         9
88      505076939      193         11
89      504692561      196         5
90      504945646      208         15
91      505082920      219         20
92      504539377      221         12
93      502947275      221         20
94      502786497      221         17
95      502788061      221         9
96      502789180      222         18
97      503278639      227         5
98      504783211      233         11
99      502787414      236         19
100     504904607      239         15
101     502798241      245         12
102     503537615      255         8
103     502800753      258         16
104     503251698      264         20
105     503168027      265         17
106     502787162      265         6
107     502786480      267         20
108     503134808      268         8
109     504783205      275         8
110     503557118      290         9
111     503242004      300         20
112     503297612      307         16
113     504012514      316         16
114     503151774      338         20
115     505234068      347         18
116     504804145      402         9
117     503184278      438         8
118     504663156      438         19
119     504491355      456         19
120     504040924      466         9
121     503254639      468         15
122     502787525      470         10
123     504930829      477         6
124     503157758      537         9
125     502786974      557         6
126     502798842      572         11
127     504608410      581         15
128     502785862      608         10
129     505037661      768         8
130     504970852      780         7
131     502786969      782         8
132     504930822      928         8
133     502790625      973         16
134     502804546      1000        17
135     503220254      1000        14

[Speed 0]
0.81
30.0   60.0 0.0 0.6
90.0   150 0.0 0.4
300.0  540.0 0.0 0.81
570.0 630.0 0.0 0.6
660.0 720.0 0.0 0.4
750.0 840.0 0.0 0.81

[Speed 1]
1.33
30.0   60.0 0.0 0.8
90.0   150 0.0 0.6
300.0  540.0 0.0 1.33
570.0 630.0 0.0 0.8
660.0 720.0 0.0 1.3
750.0 840.0 0.0 2

[Speed 2]
1.33
30.0   60.0 0.0 1.0
90.0   150 0.0 0.8
300.0  540.0 0.0 1.33
570.0 630.0 0.0 0.8
660.0 720.0 0.0 0.6
750.0 840.0 0.0 1.5

[Speed 3]
1.5
30.0   60.0 0.0 0.9
90.0   150 0.0 0.8
300.0  540.0 0.0 1.5
570.0 630.0 0.0 0.9
660.0 720.0 0.0 0.8
750.0 840.0 0.0 1.5

[Speed 4]
2
30.0   60.0 0.0 1.1
90.0   150 0.0 0.9
300.0  540.0 0.0 2
570.0 630.0 0.0 1.1
660.0 720.0 0.0 0.9
750.0 840.0 0.0 2

[speed choose matrix]
4 4 4 4 4 4 4 4 4 4 4 4 4 4 4 4 4 4 4 4 4 4 4 4 4 4 4 4 4 4 4 4 4 4 4 4 4 4 4 4 4 4 4 4 4 4 4 4 4 4 4 4 4 4 4 4 4 4 4 4 4 4 4 4 4 4 4 4 4 4 4 4 4 4 4 4 4 4 4 4 4 4 4 4 4 4 4 4 4 4 4 4 4 4 4 4 4 4 4 4 4 4 4 4 4 4 4 4 4 4 4 4 4 4 4 4 4 4 4 4 4 4 4 4 4 4 4 4 4 4 4 4 4 4 4 4 4 
4 2 2 2 2 3 4 2 3 4 2 4 2 4 1 1 3 4 1 4 1 2 3 1 2 1 3 4 4 4 1 4 4 3 3 4 4 3 4 1 2 2 4 4 4 1 4 4 1 1 3 1 4 3 2 2 4 1 2 3 3 1 3 4 3 1 2 2 3 3 2 3 4 1 3 2 2 3 2 3 4 4 2 4 3 3 4 1 3 3 4 2 3 2 4 1 3 3 1 4 2 2 4 3 2 4 3 2 2 2 1 2 4 4 4 1 4 2 3 4 3 2 2 4 3 4 1 3 3 4 1 1 3 1 2 4 4 
4 2 4 4 1 3 2 2 4 4 2 2 3 1 2 2 4 1 1 2 2 4 3 1 3 2 4 2 4 1 2 2 2 4 1 1 1 1 1 3 3 4 1 3 1 2 3 1 1 2 1 2 1 3 1 3 3 4 4 3 4 3 3 3 1 2 2 4 4 4 4 1 1 4 2 3 2 3 3 1 4 3 4 4 4 3 1 3 3 2 3 4 3 3 2 4 3 2 1 1 3 3 3 2 4 2 4 4 1 4 1 3 4 3 1 3 2 1 1 4 2 4 3 4 4 2 1 2 1 2 1 4 3 3 2 3 4 
4 3 2 4 3 4 1 2 2 1 1 2 1 2 2 1 4 1 3 1 2 1 3 2 3 4 3 2 2 4 2 4 1 4 1 4 3 3 1 2 2 1 4 2 2 2 3 2 4 4 4 4 2 4 4 1 4 1 2 4 2 3 4 3 1 3 3 3 2 4 3 4 1 1 2 3 4 1 4 3 2 4 1 1 4 1 4 4 3 4 3 3 4 3 3 3 3 2 4 1 1 1 3 1 4 3 2 3 2 4 3 2 4 4 1 4 3 2 4 1 3 2 1 4 2 4 3 4 2 2 3 4 4 4 3 1 4 
4 3 4 1 4 3 4 1 4 4 1 1 3 2 3 1 3 4 2 2 3 3 4 1 1 3 1 2 4 3 1 1 2 2 1 3 1 2 2 3 3 2 1 2 2 4 3 1 4 3 1 1 3 4 1 3 4 4 3 3 1 2 3 3 1 4 2 1 2 4 2 4 3 3 4 3 1 3 1 3 3 1 4 2 3 4 3 4 1 4 2 1 1 1 2 4 4 2 4 4 4 4 1 1 2 3 4 3 4 2 3 3 1 4 3 3 1 2 2 4 2 1 2 1 2 4 2 2 3 1 3 4 4 3 4 2 4 
4 1 3 4 4 1 1 3 2 4 1 1 4 3 2 3 4 1 2 2 4 2 2 2 3 2 3 1 1 3 4 3 1 4 1 1 2 2 4 1 4 4 2 3 3 3 3 1 3 4 4 2 3 3 3 1 3 3 1 4 4 4 4 2 2 4 4 2 1 4 4 4 1 3 3 4 1 3 2 2 4 1 4 2 2 1 4 1 4 4 1 1 3 4 4 4 4 3 3 4 3 3 2 2 3 1 1 3 2 4 2 4 1 3 3 3 4 1 4 1 2 3 1 4 2 1 3 3 4 2 2 3 1 2 3 3 4 
4 3 2 1 3 3 2 3 3 3 2 3 3 1 3 3 1 3 2 2 3 1 1 1 2 1 4 3 1 2 2 1 1 4 2 2 3 4 4 3 4 2 2 1 2 2 1 4 1 4 2 2 2 4 3 2 4 2 4 3 3 1 2 4 4 3 4 3 1 3 2 3 2 2 1 2 1 1 1 1 2 1 1 4 2 2 4 2 3 4 4 2 3 2 4 3 3 4 3 1 4 2 2 2 3 1 1 3 1 3 4 1 3 1 4 2 1 4 3 1 2 4 1 1 3 2 4 3 1 4 4 4 4 2 3 3 4 
4 1 1 4 3 4 4 3 2 1 3 3 2 4 2 1 4 1 2 3 1 3 2 1 4 4 1 1 4 2 4 2 3 4 2 4 4 3 1 2 4 4 4 1 2 3 1 4 2 3 1 2 1 1 2 1 3 4 3 4 1 2 4 1 2 1 2 1 1 3 2 4 2 4 3 1 4 2 3 2 1 1 1 4 4 1 2 2 3 3 3 1 3 4 3 4 2 1 3 2 4 4 4 1 4 4 1 2 3 1 2 1 2 2 1 1 3 2 1 4 2 2 1 2 2 1 3 4 3 2 2 1 3 2 4 3 4 
4 2 2 3 3 3 1 3 3 1 4 2 4 1 1 2 2 3 2 1 4 2 4 1 3 3 4 2 4 3 2 2 3 2 3 3 2 2 3 4 1 3 3 4 2 2 3 4 1 4 2 2 3 2 1 3 2 3 1 3 4 3 4 2 2 4 1 4 1 4 4 1 1 1 3 1 3 2 4 2 2 2 1 3 1 3 2 1 4 4 4 4 1 3 2 3 3 3 3 1 3 3 4 1 4 1 3 4 3 4 4 2 1 2 4 2 2 1 3 2 3 3 1 4 1 1 3 4 3 2 1 1 1 4 1 4 4 
4 2 3 3 4 4 2 2 4 3 1 1 4 3 1 4 3 3 2 4 2 3 3 2 3 2 1 1 2 1 1 1 1 3 2 4 4 2 4 1 2 2 3 4 4 1 3 4 2 3 1 3 4 4 2 2 2 3 1 2 3 4 2 3 4 4 4 4 1 4 4 1 3 4 1 4 2 4 1 3 4 1 1 1 4 3 1 2 3 4 2 3 3 3 2 2 1 3 3 2 4 1 1 4 1 1 1 2 3 2 1 3 2 2 3 1 2 3 2 4 4 1 1 1 1 1 1 3 3 3 3 1 3 1 3 3 4 
4 3 3 3 2 2 1 4 4 3 1 3 4 1 4 3 2 1 3 2 1 4 3 4 3 3 3 2 2 2 4 1 4 1 2 1 1 4 3 3 1 1 4 4 4 1 2 2 4 1 2 1 1 4 3 3 3 1 4 4 3 2 1 2 4 1 1 1 1 3 4 1 3 1 4 3 1 3 2 4 3 2 4 4 1 4 4 1 1 4 2 3 2 1 3 4 4 2 4 4 1 4 2 3 1 1 4 2 3 2 4 1 4 4 2 1 1 3 3 4 2 4 2 1 2 3 4 3 1 3 3 3 3 2 1 2 4 
4 2 3 1 4 2 1 1 1 3 1 2 4 4 3 4 2 3 1 1 1 4 4 2 3 4 1 4 4 1 4 1 2 1 1 4 4 2 3 1 3 1 2 3 1 4 4 4 1 3 1 2 2 1 4 2 4 1 4 3 3 1 2 2 4 1 4 2 3 4 1 4 3 4 2 2 1 1 4 3 2 2 2 1 4 2 4 4 2 4 1 4 4 2 2 2 1 3 2 3 2 1 2 1 4 3 3 4 3 4 2 3 2 4 3 1 2 1 3 1 2 4 3 2 1 2 2 1 2 1 4 1 2 2 4 3 4 
4 3 3 2 1 4 4 4 1 4 1 3 1 4 1 4 3 1 2 2 1 3 3 4 1 3 2 2 2 3 3 2 1 1 3 1 3 4 4 2 1 4 2 4 2 2 1 3 1 2 2 2 2 2 2 2 4 1 1 1 1 1 2 3 2 4 1 2 3 3 1 1 1 4 3 4 1 4 3 1 3 2 1 2 2 1 3 1 4 3 4 3 2 3 1 4 1 1 4 2 4 4 3 1 1 2 3 2 2 4 1 3 4 2 1 3 3 2 1 1 3 3 3 4 3 2 3 1 3 4 4 3 3 4 3 2 4 
4 2 1 2 2 3 2 1 2 2 1 4 1 2 1 3 4 1 3 3 1 3 4 2 1 1 3 4 2 2 2 3 1 4 3 1 4 1 4 4 1 3 1 1 1 4 4 4 3 2 3 1 1 4 3 4 3 1 3 2 1 3 3 4 2 2 1 4 3 2 1 2 4 4 3 4 1 3 2 3 4 4 1 2 3 3 3 3 3 4 3 2 3 4 1 4 2 4 3 4 4 3 3 2 2 1 1 2 2 3 2 2 2 2 3 1 4 1 1 1 1 1 1 3 3 3 3 2 1 4 3 1 4 4 3 2 4 
4 2 3 4 1 3 1 2 1 3 3 1 4 1 1 2 1 4 2 1 2 2 2 3 2 1 2 3 2 4 1 3 2 4 1 4 4 4 2 4 2 1 4 1 4 1 2 3 2 4 1 3 3 3 1 3 3 2 3 4 2 4 3 1 1 1 1 3 1 3 3 2 2 2 4 1 1 2 3 3 2 1 2 2 3 1 3 2 3 4 4 1 4 3 3 2 2 2 1 2 3 4 1 2 3 2 1 2 2 3 2 2 3 2 1 1 4 2 4 4 1 3 3 2 4 2 2 4 3 1 4 1 1 3 1 3 4 
4 1 2 4 3 3 2 1 1 3 2 3 4 3 1 1 4 1 3 2 2 2 4 3 2 4 1 2 4 2 2 2 1 2 2 4 3 1 4 4 3 4 3 4 4 4 1 4 3 3 3 1 3 1 3 3 3 3 1 1 2 3 3 1 3 1 2 4 3 1 1 3 4 1 3 3 2 3 2 4 2 1 1 3 1 2 2 1 1 1 2 2 2 2 2 4 1 2 1 2 3 4 4 3 4 4 1 1 2 2 4 1 4 3 3 2 4 3 4 2 1 4 4 2 4 4 1 2 4 3 3 4 2 2 4 2 4 
4 4 2 3 3 3 3 3 2 4 3 3 2 1 4 4 2 3 4 3 4 4 3 3 2 1 4 4 4 3 3 3 3 3 2 3 2 3 2 2 1 4 4 1 1 3 3 2 3 1 1 4 2 1 1 1 4 2 4 2 2 3 1 4 1 3 3 2 1 4 1 3 4 4 3 3 1 3 4 3 2 4 3 2 3 4 2 3 1 4 3 1 1 3 1 4 3 3 3 1 4 3 1 3 4 3 3 2 1 2 1 1 1 1 2 2 4 2 2 1 1 1 1 3 1 1 2 2 3 1 4 2 3 2 3 3 4 
4 1 1 4 4 4 4 4 2 1 2 1 4 3 2 3 1 4 4 2 2 4 4 4 3 1 2 1 4 2 3 1 2 2 1 1 4 4 1 3 3 2 3 4 3 4 3 3 3 4 2 4 2 2 3 3 2 2 4 2 2 3 4 3 3 2 2 1 3 3 3 2 2 2 4 2 1 2 1 1 1 3 3 4 3 2 2 3 4 3 4 3 3 2 3 3 2 4 3 4 2 4 3 1 2 1 4 2 3 3 4 1 4 4 3 1 3 1 1 1 2 3 4 2 4 4 3 2 4 3 4 4 2 2 4 3 4 
4 2 1 1 4 3 2 1 1 4 2 1 1 4 3 1 4 1 2 1 1 2 2 2 4 3 2 2 4 3 1 4 3 2 2 2 3 2 3 4 3 1 1 2 4 1 1 3 2 2 3 2 2 1 2 1 1 3 3 2 2 1 2 4 1 2 4 1 2 4 3 4 4 4 2 4 1 1 1 3 4 4 3 4 1 2 1 2 4 1 3 3 2 1 4 2 1 3 2 4 1 2 3 3 2 3 1 4 3 4 4 2 3 1 2 1 4 3 4 1 2 3 4 1 3 3 3 1 4 1 3 2 1 2 3 3 4 
4 4 3 4 2 4 4 1 4 2 3 3 4 2 3 3 2 1 4 3 4 4 1 3 1 4 2 3 1 4 1 2 3 2 1 1 2 1 1 1 2 2 3 3 4 1 3 2 1 1 2 1 1 3 1 1 4 1 4 1 4 2 4 4 3 1 1 1 4 4 4 4 2 2 4 3 4 1 4 1 2 1 2 2 2 4 1 3 1 4 2 3 1 3 2 2 1 1 2 2 4 4 4 2 4 1 3 3 4 2 3 2 1 2 2 2 4 1 1 1 3 2 3 3 2 3 3 2 1 1 2 2 1 1 4 4 4 
4 1 3 4 2 1 2 2 1 3 2 3 2 3 4 1 4 4 3 4 1 1 2 4 3 3 1 1 2 1 1 1 3 3 3 3 1 1 1 4 4 4 1 2 2 4 2 3 1 1 2 4 4 3 1 2 1 3 4 4 1 2 1 4 2 2 3 4 1 2 2 2 2 2 3 3 3 1 4 1 4 1 1 1 3 3 3 2 3 1 2 2 4 3 1 1 1 1 2 4 3 2 1 1 1 4 3 3 2 2 1 3 4 1 4 2 3 4 1 4 1 4 3 4 3 4 1 1 3 3 1 1 1 2 3 2 4 
4 1 2 4 4 1 2 4 2 4 1 3 2 4 1 2 3 2 1 1 1 3 3 3 4 3 1 1 3 4 4 2 1 3 3 3 1 2 3 1 2 2 3 4 3 1 2 4 2 4 4 2 3 3 2 2 4 1 4 4 1 3 2 4 1 1 3 1 3 4 3 2 1 1 2 3 2 4 4 2 2 3 4 2 2 3 1 1 3 3 1 3 2 4 2 1 2 3 2 2 1 2 2 1 3 3 1 4 1 3 2 4 2 2 3 4 4 2 2 3 4 2 1 3 1 1 1 1 4 2 3 1 1 1 2 3 4 
4 4 2 2 3 3 2 4 4 2 1 2 3 4 1 4 2 3 4 3 3 2 4 4 4 3 2 4 1 2 2 4 1 2 1 1 2 3 2 1 2 2 3 2 1 1 2 3 3 4 2 1 3 2 2 3 1 3 4 4 4 3 1 1 1 4 3 2 2 4 1 1 4 1 1 1 2 1 4 3 2 3 3 3 4 3 1 4 2 3 3 3 1 3 3 2 3 1 4 1 1 3 3 3 1 1 4 3 1 1 2 4 2 1 2 2 2 2 1 3 1 1 4 2 1 1 1 2 4 3 3 1 2 3 2 4 4 
4 1 1 2 2 4 4 3 3 3 2 3 3 1 1 1 3 3 2 2 2 1 4 1 1 2 1 2 1 2 4 1 2 4 2 2 2 1 2 4 4 4 1 3 1 3 4 3 1 1 2 3 1 2 1 2 2 3 3 2 3 3 2 1 3 3 2 2 3 3 4 4 4 4 4 4 2 3 3 3 2 1 1 2 2 3 2 2 4 2 1 1 1 3 3 2 3 2 3 2 1 4 3 2 1 3 2 4 4 2 1 1 2 2 2 3 1 1 4 3 1 4 1 2 4 3 2 3 2 2 2 1 2 4 3 4 4 
4 1 3 1 1 3 3 4 1 2 1 4 1 4 1 4 1 4 3 2 2 4 2 3 4 1 4 4 3 4 1 3 1 2 1 2 1 1 3 3 4 4 2 1 1 4 1 3 2 4 4 3 1 1 1 4 2 1 1 1 4 3 1 4 1 3 2 2 2 4 4 1 1 2 3 2 2 3 4 3 1 3 2 2 3 3 4 4 1 4 3 1 1 4 2 1 4 2 4 4 3 2 2 4 1 2 4 4 4 4 3 2 2 3 2 4 4 3 2 3 3 1 4 2 4 3 2 3 4 3 2 1 2 2 4 3 4 
4 4 3 4 3 4 2 3 1 3 4 3 2 1 4 4 4 3 1 4 1 2 3 4 3 1 4 3 2 2 1 3 2 3 3 2 4 3 2 4 3 3 1 1 1 1 2 3 3 1 1 1 3 4 4 3 2 4 3 3 2 4 1 4 3 4 4 3 1 4 1 2 2 2 4 4 1 3 4 4 2 3 4 3 1 2 2 2 2 2 1 3 1 1 1 1 4 2 4 1 1 4 4 4 1 2 1 2 4 3 1 2 1 4 1 4 2 1 1 4 1 3 3 2 4 4 2 3 3 4 4 2 2 3 2 3 4 
4 4 4 3 4 3 3 4 1 3 4 1 2 2 3 4 3 4 1 1 1 3 3 4 1 1 3 1 4 1 2 4 1 3 2 4 4 4 1 4 1 1 3 3 4 1 4 2 3 1 1 1 4 2 3 2 3 3 2 3 2 3 4 3 2 4 2 3 2 3 2 1 1 2 3 1 1 3 1 1 3 2 3 2 3 1 2 1 1 2 4 1 3 3 1 1 4 1 1 4 2 1 4 2 1 1 4 2 2 2 4 3 4 3 4 2 4 4 1 3 2 1 1 2 2 2 3 1 2 2 1 2 4 2 4 1 4 
4 3 2 1 2 1 3 1 4 3 1 4 2 3 1 2 2 3 2 2 4 2 1 4 4 1 1 3 3 3 3 1 2 3 4 2 2 3 1 2 3 4 1 4 2 4 2 4 4 2 1 4 1 1 3 4 3 2 2 2 1 1 2 1 1 1 1 2 2 2 2 4 4 4 3 2 4 1 4 4 4 4 3 2 4 1 4 1 3 4 1 3 3 2 2 1 2 1 4 4 4 3 3 4 4 1 3 3 4 2 3 1 2 1 4 1 4 4 4 4 3 4 1 1 1 4 3 4 3 2 1 3 3 1 1 4 4 
4 2 1 3 4 4 1 2 2 4 1 4 3 4 3 2 4 3 2 3 1 3 4 2 4 1 2 3 3 3 3 2 3 3 2 4 1 3 4 3 3 4 2 2 4 3 3 2 2 2 2 3 1 1 4 1 2 3 1 1 3 1 1 2 2 4 3 4 1 4 4 2 4 2 4 1 3 1 4 3 4 1 2 1 2 4 4 2 2 4 4 1 3 3 3 1 4 4 1 4 2 3 3 4 4 4 1 2 2 3 3 2 2 2 2 1 3 4 3 4 4 4 2 4 3 3 2 1 4 2 4 3 4 2 2 4 4 
4 4 4 4 2 3 4 2 3 4 4 4 1 4 4 1 3 1 1 1 1 4 3 1 4 3 3 1 2 4 3 4 1 3 4 4 4 3 4 3 1 2 1 4 3 2 3 3 3 3 1 1 3 4 4 3 3 1 3 3 3 3 2 2 4 4 1 4 4 1 4 1 1 3 1 2 4 1 4 4 3 1 4 4 1 3 4 3 3 4 3 3 1 4 3 2 4 4 2 2 1 4 2 3 2 2 1 4 3 1 4 2 4 2 2 1 4 2 4 4 3 4 2 4 2 3 2 4 2 4 2 4 1 1 1 1 4 
4 2 2 1 4 3 1 4 1 2 4 1 1 4 2 3 2 2 2 1 1 4 2 3 1 1 1 1 3 3 4 1 3 1 3 2 2 3 3 4 3 1 4 3 3 3 1 2 1 3 4 4 4 2 2 2 2 4 4 1 1 3 4 2 2 3 3 1 1 2 4 4 1 3 4 3 1 4 3 1 2 3 4 3 4 3 1 1 1 2 3 3 4 1 1 3 2 3 3 4 4 4 1 4 3 1 1 2 2 3 2 4 3 2 2 3 2 3 2 2 2 3 3 1 2 3 2 4 1 1 1 3 3 4 2 3 4 
4 4 1 2 3 3 1 2 2 4 4 3 2 1 1 1 1 2 1 4 2 4 3 3 4 2 3 3 2 3 4 3 1 4 3 3 1 4 3 3 1 4 1 4 1 2 2 1 2 2 2 4 4 3 3 4 4 3 3 4 1 2 4 2 3 1 2 3 4 3 2 2 3 2 4 2 3 2 2 3 1 2 1 4 2 4 2 3 3 1 4 2 3 4 2 2 1 4 4 4 2 3 4 4 4 2 2 2 4 4 3 3 1 3 3 4 3 2 2 4 3 4 3 3 4 2 4 3 4 2 4 2 2 1 1 2 4 
4 1 2 4 1 3 1 3 4 3 1 3 4 2 1 4 4 3 3 3 1 4 4 4 1 1 2 3 1 3 4 2 1 2 2 4 2 1 3 3 3 4 1 3 2 3 1 2 2 3 2 2 4 4 1 1 3 3 2 2 4 2 3 2 3 1 4 2 1 3 3 4 1 2 1 1 3 2 2 3 2 2 4 1 1 1 4 2 1 3 2 3 4 4 1 1 3 2 4 2 4 4 4 1 4 3 2 3 4 2 3 2 2 1 2 1 2 3 4 3 4 2 4 1 2 4 2 4 3 1 2 4 2 1 4 3 4 
4 3 3 2 3 4 1 3 1 1 4 2 3 3 4 4 4 3 4 4 1 2 1 2 3 1 4 3 3 3 3 3 1 3 3 4 2 2 2 3 3 2 3 3 3 1 2 2 1 4 1 2 3 3 4 3 4 1 4 1 2 2 4 3 2 3 3 2 1 2 3 3 4 2 3 3 2 3 2 1 2 1 4 3 2 1 4 4 3 2 2 4 2 1 4 4 4 3 2 4 2 1 4 2 2 1 1 1 2 4 2 3 4 4 2 3 3 4 4 4 2 4 1 3 3 2 2 1 4 3 4 3 1 2 4 4 4 
4 1 2 3 4 3 1 1 2 4 2 3 1 2 1 1 1 3 2 2 2 4 4 2 2 2 2 1 1 2 3 4 4 2 1 2 2 2 4 1 2 3 1 3 2 1 2 4 1 3 3 4 1 3 2 4 4 4 2 4 3 2 2 4 3 3 3 1 3 2 1 1 2 1 1 1 1 4 2 4 2 3 2 3 2 1 2 4 4 1 1 4 3 2 2 1 1 2 3 4 4 4 3 2 4 2 2 1 3 2 1 4 1 4 2 3 1 4 1 4 3 2 2 2 3 3 1 4 2 3 3 3 2 3 1 3 4 
4 1 2 2 1 4 4 2 4 1 4 1 1 4 4 1 3 4 4 3 1 2 3 3 4 4 2 4 2 2 2 1 3 2 1 1 4 4 2 3 3 1 1 1 4 2 4 4 4 4 3 3 3 3 4 4 3 1 3 3 3 3 4 4 4 2 2 1 2 2 2 4 3 4 3 3 1 1 2 3 1 3 3 2 4 3 4 4 3 4 2 3 2 4 3 4 2 3 3 2 1 4 3 2 1 2 4 4 1 1 1 2 2 4 1 3 2 4 4 4 3 1 1 2 3 4 3 1 3 3 1 4 4 1 3 4 4 
4 4 2 4 3 4 1 3 1 2 3 2 4 3 4 3 1 1 1 2 3 3 3 1 1 1 4 3 2 4 4 2 2 2 3 3 1 1 4 1 1 1 2 3 1 1 1 1 1 3 4 4 3 4 4 1 1 1 4 1 1 3 2 4 3 4 4 2 2 4 4 3 3 2 3 4 1 3 4 4 3 3 3 2 2 2 4 3 1 4 4 4 2 3 4 3 2 2 3 1 3 3 3 2 1 1 4 1 4 3 3 2 1 4 1 4 3 3 3 4 4 2 4 1 1 4 3 4 3 1 3 1 4 1 2 4 4 
4 4 2 3 4 3 2 1 4 4 3 4 1 2 4 3 3 4 3 1 1 1 1 2 3 1 4 3 3 4 1 3 2 4 3 2 3 3 4 2 1 2 3 1 3 4 4 2 1 3 1 1 4 4 3 3 2 1 2 4 1 1 3 2 3 2 2 3 3 3 4 1 4 2 4 2 2 3 4 2 3 4 2 2 3 4 1 3 4 2 4 4 3 4 2 1 4 1 4 3 4 4 2 2 3 3 3 1 2 2 1 2 3 4 2 1 3 2 1 1 2 2 2 3 4 1 1 4 4 3 1 2 1 1 1 3 4 
4 2 1 3 1 1 3 4 3 3 3 4 1 2 2 4 4 4 2 3 1 1 3 3 1 3 1 2 4 4 3 3 1 4 2 4 1 4 2 2 3 3 2 3 2 1 2 4 3 1 2 3 4 4 3 4 4 4 1 1 3 3 1 3 1 4 1 1 4 3 1 3 4 4 4 4 4 4 3 3 3 4 1 1 4 2 3 1 3 2 3 1 1 3 2 4 4 4 3 1 2 1 2 1 3 4 3 3 4 1 2 3 4 3 3 3 2 1 1 4 1 2 2 2 4 4 1 1 4 2 3 4 3 2 3 2 4 
4 2 1 4 4 4 2 1 1 4 4 4 4 4 1 4 2 1 3 2 2 1 3 2 1 3 4 4 3 3 3 4 3 4 2 3 3 2 4 3 4 1 3 4 2 3 3 2 2 1 3 3 4 1 4 1 2 2 4 3 2 4 4 1 1 2 3 1 2 4 4 4 2 1 1 3 1 4 1 2 2 2 4 3 4 2 1 3 1 3 2 1 2 1 2 1 3 1 3 4 1 2 3 1 4 4 3 2 3 1 4 2 3 4 1 1 3 2 4 4 1 2 1 3 3 2 3 4 3 3 2 3 1 4 1 2 4 
4 4 1 2 4 2 3 1 2 3 2 3 3 2 2 2 4 1 4 4 3 1 1 4 4 3 1 3 1 1 4 3 4 3 3 1 3 1 2 3 2 2 2 2 1 1 4 3 1 2 3 1 1 4 4 2 3 1 2 2 3 2 2 4 3 1 3 3 2 3 3 2 2 3 2 1 1 1 3 4 3 4 3 3 2 2 1 3 1 4 2 2 1 2 3 3 1 1 2 4 3 4 1 1 3 3 3 2 1 1 2 2 2 4 3 1 4 3 4 4 3 3 3 3 2 1 4 2 4 4 4 4 1 2 3 1 4 
4 1 3 2 2 3 4 2 1 2 4 1 3 1 1 1 2 4 1 4 2 3 3 3 4 3 1 3 4 2 1 4 3 1 3 2 4 3 3 2 4 1 2 2 2 1 2 4 2 3 1 3 3 4 3 1 2 4 1 4 4 3 2 4 3 4 3 4 2 2 3 4 2 2 3 1 1 4 2 2 1 3 3 4 3 1 4 1 1 4 2 3 4 1 1 4 4 3 1 4 4 2 2 1 3 4 3 2 2 1 4 4 3 4 4 4 3 3 2 3 4 2 2 2 1 1 3 3 3 2 2 2 4 3 1 3 4 
4 2 2 3 4 3 1 2 1 3 4 4 2 4 1 2 4 4 3 3 3 1 3 3 4 1 1 4 2 4 3 2 4 3 2 2 3 3 3 3 1 4 1 2 2 4 3 1 1 1 1 4 2 3 4 3 4 2 2 1 1 4 1 3 1 4 2 3 1 2 3 2 2 1 1 4 3 3 4 3 2 1 1 2 2 3 1 1 4 3 3 3 3 2 1 3 1 1 2 4 1 1 1 2 2 4 2 1 2 1 3 1 2 1 1 1 1 3 1 3 1 2 1 2 3 4 3 2 4 1 3 3 3 1 3 2 4 
4 4 3 4 2 1 2 4 1 4 3 3 3 4 3 4 1 4 1 4 3 1 2 3 3 2 2 1 4 3 2 3 1 4 1 2 4 3 2 4 2 2 4 2 1 3 2 1 2 4 4 4 2 1 2 2 3 4 1 2 1 4 1 4 4 2 2 4 1 3 3 4 3 2 4 2 3 1 2 3 1 3 3 1 2 3 3 1 3 3 1 2 3 3 3 3 3 2 3 4 3 2 4 1 4 2 4 2 2 1 1 3 2 1 1 4 4 1 3 4 1 2 3 1 3 2 1 2 1 2 3 3 4 4 4 4 4 
4 1 1 1 3 3 2 4 2 3 3 4 2 2 3 3 2 1 2 3 1 3 3 2 3 2 4 1 2 1 1 3 1 4 3 3 1 4 4 2 1 1 1 3 2 2 4 1 1 3 4 2 2 2 3 4 4 2 2 2 4 3 2 1 2 1 4 4 4 1 4 4 3 2 2 1 1 1 1 1 1 2 2 2 4 3 3 4 1 4 4 2 3 4 2 2 3 2 3 3 1 4 1 3 2 4 2 2 4 2 3 4 4 3 2 1 3 3 3 1 4 3 2 2 2 4 3 4 2 4 3 1 4 3 3 4 4 
4 4 4 1 1 3 3 4 4 3 3 4 2 4 1 1 2 2 1 4 3 3 4 1 4 2 3 2 1 4 2 1 3 1 3 4 3 3 1 3 4 2 4 2 3 2 1 3 1 1 2 3 1 1 2 4 2 4 3 3 4 4 1 3 2 4 4 3 4 2 2 1 3 3 3 1 1 2 4 4 1 2 4 2 2 2 1 4 3 2 4 1 4 3 4 3 3 4 2 1 3 1 2 3 2 2 2 1 3 4 3 2 4 2 1 3 1 3 4 3 2 1 3 2 2 1 1 3 4 2 4 3 3 3 3 3 4 
4 4 1 3 2 3 1 2 2 3 2 4 3 1 4 4 4 4 2 1 1 1 3 3 4 1 3 4 4 4 2 3 4 1 3 2 1 1 2 1 1 2 2 3 2 4 1 4 2 3 3 1 4 1 1 2 1 4 2 4 1 3 4 3 1 2 3 4 1 2 3 2 2 3 3 4 3 2 2 4 3 2 2 4 4 3 1 1 1 4 1 1 2 3 4 4 2 4 2 3 4 3 4 4 4 1 4 2 1 2 4 2 4 3 4 2 2 3 4 2 1 4 4 4 2 1 1 1 1 3 2 3 4 2 4 4 4 
4 3 3 3 2 1 1 2 1 2 2 4 2 2 2 3 2 3 2 2 4 3 2 2 1 4 4 3 2 1 4 1 3 2 2 4 2 3 4 2 3 4 2 2 1 1 3 2 1 3 4 1 4 3 3 4 1 3 4 4 2 3 4 2 4 4 2 1 1 1 4 3 2 2 1 4 3 4 4 1 2 2 3 1 2 2 1 2 4 1 2 2 2 3 1 1 4 2 2 2 1 1 4 4 4 3 4 3 3 3 4 1 4 2 4 4 2 4 2 1 3 1 3 3 3 4 1 1 4 1 1 3 1 1 2 3 4 
4 4 2 1 2 2 3 4 1 3 1 3 2 2 3 4 1 3 2 1 3 2 4 3 2 2 3 1 2 4 1 2 2 1 1 3 1 3 3 2 1 4 1 2 4 4 3 3 4 1 2 1 1 3 2 2 1 1 2 4 1 2 4 3 1 2 2 2 4 4 4 3 2 4 4 4 3 3 2 1 1 2 3 4 2 3 4 4 2 2 4 1 1 1 2 1 1 3 4 1 2 1 4 2 4 1 1 2 1 4 4 3 1 2 4 4 3 1 1 2 2 1 4 2 1 3 2 4 1 2 2 1 4 2 3 1 4 
4 3 4 3 2 2 4 3 1 2 4 4 3 1 4 3 4 4 2 1 4 1 1 2 4 1 4 1 1 4 3 4 3 3 2 2 4 2 2 2 2 1 3 2 3 2 2 3 1 4 3 4 1 1 3 3 4 1 1 2 1 4 3 4 3 1 4 2 1 4 2 2 2 2 1 3 2 1 2 3 3 4 1 4 1 3 3 2 1 2 3 3 2 2 4 4 4 4 3 3 2 1 2 4 3 1 1 3 3 2 2 3 4 3 1 1 3 3 4 3 2 4 4 1 4 2 1 3 1 2 4 4 2 2 2 3 4 
4 3 3 1 4 1 1 3 4 2 3 4 2 4 3 4 4 3 1 4 4 3 4 2 3 2 1 3 1 3 3 1 1 4 2 3 4 4 2 2 2 1 1 4 1 3 2 4 1 3 4 3 3 1 3 1 2 2 3 3 2 2 1 2 2 4 1 2 1 3 2 2 3 3 1 2 4 2 2 4 2 3 1 4 2 4 4 2 2 2 1 1 1 3 1 3 2 1 2 2 1 3 4 4 1 4 4 3 4 4 2 1 1 2 2 4 1 1 1 4 1 4 3 2 3 2 1 3 1 2 3 4 2 1 2 4 4 
4 3 1 4 3 3 4 4 1 1 4 2 2 4 1 2 4 2 3 2 2 4 4 3 2 4 1 4 2 2 1 1 3 4 4 3 1 3 1 1 4 3 4 2 3 1 1 2 1 3 4 1 2 1 4 3 3 4 3 2 2 3 2 4 1 2 4 4 2 2 2 4 2 2 4 2 3 4 2 1 4 3 3 3 3 3 4 2 1 2 3 1 2 1 3 1 1 1 4 4 3 3 4 3 4 4 4 3 3 1 4 1 1 2 2 1 4 1 1 3 1 1 1 1 3 4 2 4 1 1 1 2 3 1 2 4 4 
4 2 4 2 2 4 3 2 2 1 3 2 1 2 2 4 3 1 1 3 1 3 3 2 1 2 3 2 4 3 2 1 1 1 3 4 2 2 1 1 2 4 2 1 2 2 1 3 3 4 1 2 4 2 1 4 4 3 4 1 3 2 1 3 3 3 4 2 4 3 2 4 3 2 2 1 4 2 3 1 2 4 4 2 1 1 3 2 3 4 2 1 3 4 2 4 2 1 3 1 3 2 3 1 1 3 2 4 1 1 3 3 3 1 2 4 1 3 3 2 4 3 3 4 2 4 1 4 3 2 2 1 1 1 4 2 4 
4 2 4 2 1 3 3 3 3 3 2 3 4 3 2 2 2 3 3 2 2 4 3 3 4 1 3 3 4 1 3 4 1 2 2 1 4 3 2 2 3 3 4 1 2 3 3 3 2 2 2 4 1 3 2 1 4 4 4 3 3 1 2 1 3 3 4 3 1 3 3 3 3 3 4 1 4 4 1 2 3 1 2 4 4 4 1 3 2 2 3 1 3 4 4 4 1 2 4 4 3 4 3 3 2 2 3 3 2 4 4 1 2 3 2 4 3 4 2 3 3 4 4 4 2 2 3 1 2 4 2 4 4 1 3 3 4 
4 3 4 4 2 3 3 2 3 3 1 1 2 2 2 3 4 2 4 3 4 1 1 1 3 4 2 4 1 3 4 1 1 3 4 1 1 2 3 3 4 3 4 2 4 2 4 4 4 2 3 4 4 2 3 2 3 2 2 2 4 2 2 1 3 1 4 1 2 2 2 3 3 3 1 3 2 4 3 4 4 1 3 1 4 4 4 4 4 2 4 3 1 4 1 3 4 1 3 3 4 2 2 3 4 2 3 3 2 3 2 2 2 4 4 1 2 4 3 1 4 1 3 3 1 4 3 1 1 1 4 4 2 1 4 4 4 
4 4 2 3 3 2 4 1 1 2 2 4 4 1 1 4 3 3 4 2 3 1 1 3 2 3 2 3 3 1 3 2 4 2 3 2 3 2 3 4 2 1 3 2 2 2 4 1 3 4 1 3 3 3 2 4 4 4 4 4 4 3 3 3 2 2 4 4 2 1 2 3 3 2 1 3 2 1 1 2 3 1 4 4 3 4 3 4 3 2 2 2 1 3 2 4 4 1 3 2 4 2 4 4 1 2 2 4 2 2 3 4 2 3 3 1 3 3 3 1 4 1 2 1 2 3 4 1 2 1 4 2 4 4 2 3 4 
4 2 2 3 1 1 4 2 3 4 4 4 4 2 2 1 3 2 4 3 4 4 1 1 4 2 3 3 1 3 1 4 2 4 4 3 3 1 2 2 3 4 3 4 1 4 3 2 4 3 4 3 2 1 1 2 4 3 4 4 4 3 2 1 3 2 1 3 3 3 1 3 3 1 1 4 3 2 4 4 4 1 3 3 1 2 4 1 1 3 2 3 3 3 1 4 3 3 3 4 2 1 3 3 1 3 4 3 1 2 1 2 1 1 4 3 2 2 2 3 4 4 3 2 1 4 4 1 4 2 4 1 2 3 4 3 4 
4 2 1 2 1 2 2 4 2 1 4 2 2 2 4 3 1 3 2 1 3 4 1 2 1 2 2 3 1 2 1 3 2 4 1 1 4 1 1 4 3 2 1 1 4 2 4 2 3 4 3 4 3 2 1 2 4 4 3 3 2 3 4 4 4 1 1 3 1 3 2 2 4 4 4 3 2 4 3 2 1 2 3 2 1 3 2 3 1 2 1 2 1 2 3 4 3 2 2 2 3 4 1 4 1 3 2 3 2 3 1 4 2 1 2 3 1 3 3 4 4 3 3 3 4 4 2 1 4 3 3 1 1 4 1 4 4 
4 4 1 1 1 1 2 3 2 2 1 1 1 1 2 1 4 3 4 3 4 3 3 2 2 1 4 4 1 2 1 3 4 1 2 3 4 4 3 4 1 2 1 3 4 4 2 1 4 4 2 2 1 4 4 1 2 2 4 3 2 3 3 3 2 1 4 3 1 2 2 1 1 4 4 3 2 4 4 1 2 3 1 4 4 1 1 1 1 1 1 2 4 4 1 2 3 4 1 1 4 1 3 1 4 3 4 2 2 2 3 1 4 1 1 1 3 3 1 4 1 4 4 1 4 4 1 4 1 3 2 4 1 2 4 2 4 
4 1 1 4 3 2 2 3 4 3 3 2 3 1 2 2 3 2 3 3 1 3 4 4 3 1 4 4 3 1 4 4 3 1 1 2 4 3 2 1 2 3 3 4 4 2 1 1 1 4 4 2 1 1 3 3 3 3 3 2 4 1 4 3 3 1 1 3 1 1 2 2 4 4 4 2 3 2 1 4 3 4 4 1 4 2 2 2 4 2 4 4 1 3 4 4 2 3 2 4 1 2 4 1 4 3 1 2 1 1 4 1 3 3 3 3 3 1 2 1 2 3 3 1 4 1 3 4 2 1 2 3 2 3 2 1 4 
4 1 3 1 2 4 4 3 1 2 2 1 4 2 4 3 3 2 2 3 1 1 3 2 1 4 3 3 2 2 1 2 1 3 3 2 3 1 2 2 2 3 3 2 2 2 2 4 2 4 4 1 3 4 2 2 2 3 4 1 2 1 3 3 3 4 4 1 2 1 1 4 1 4 2 1 1 3 1 4 1 4 3 1 1 4 4 4 1 3 3 3 1 1 2 1 2 1 3 2 4 4 2 3 2 2 4 2 3 3 4 3 4 3 2 3 1 1 3 3 3 3 2 3 3 1 3 1 2 4 4 3 4 4 2 3 4 
4 2 2 2 2 1 1 2 1 4 3 1 1 1 4 2 4 3 1 2 4 1 2 2 4 2 4 2 4 3 3 4 3 1 4 3 2 1 2 1 3 4 3 1 4 4 2 3 2 1 2 2 3 2 1 4 4 1 1 3 2 2 3 1 4 1 4 3 4 2 2 4 2 3 1 2 4 2 4 3 4 4 4 4 1 1 2 4 1 3 2 4 3 4 3 3 2 1 3 1 1 1 4 2 2 2 2 2 4 4 4 4 4 3 3 4 2 3 3 2 2 1 4 1 1 4 3 1 3 3 1 3 1 4 1 4 4 
4 4 3 1 3 3 4 4 2 3 4 4 3 1 2 1 4 4 1 2 2 2 1 3 1 3 4 3 4 2 1 2 3 1 3 3 1 4 1 2 2 3 1 3 3 1 3 3 3 1 3 4 4 4 3 3 3 2 3 4 1 2 3 4 2 4 2 2 1 4 1 4 1 3 3 1 1 3 4 3 3 3 1 3 3 2 4 2 1 1 1 2 2 4 3 4 2 4 1 4 4 3 3 4 2 2 3 1 1 1 3 4 2 3 3 4 1 3 2 4 2 3 2 1 2 3 2 4 2 2 2 2 2 3 3 2 4 
4 4 2 1 4 1 3 3 3 3 2 2 1 2 2 1 3 2 1 3 3 1 3 3 4 1 1 2 2 4 3 4 4 1 4 1 3 4 3 3 4 3 1 3 1 1 1 4 3 4 2 3 1 1 3 3 4 2 4 3 1 1 3 3 3 3 1 3 4 4 1 1 2 3 2 4 4 2 4 2 2 2 4 3 3 2 2 4 3 3 2 2 3 4 1 2 1 1 3 3 1 2 2 1 4 1 1 2 1 4 4 1 2 1 4 2 1 1 1 2 1 2 4 1 3 1 3 1 2 1 1 2 1 1 4 3 4 
4 2 4 1 2 3 3 1 3 1 3 3 3 1 1 4 2 2 2 3 2 3 2 4 4 4 1 1 3 2 4 1 1 2 2 1 3 1 1 2 4 2 2 3 2 3 4 2 2 4 2 4 2 2 2 3 4 1 4 4 4 1 2 4 1 1 2 1 2 2 2 4 4 2 4 2 4 2 1 4 4 3 2 3 3 3 2 2 3 1 1 3 3 4 2 2 4 1 4 3 1 3 4 4 4 3 3 4 1 3 4 2 3 2 1 2 3 1 1 3 4 3 1 1 3 3 2 2 1 4 4 1 2 2 3 1 4 
4 3 1 4 1 2 2 1 2 1 1 3 1 4 1 1 3 1 1 3 3 3 4 4 1 2 4 4 3 2 4 2 2 1 2 3 1 4 1 3 4 3 1 2 2 1 4 4 2 4 1 3 3 2 4 4 2 2 3 2 3 4 1 2 3 4 4 2 1 3 1 3 3 3 4 1 2 1 1 2 1 2 1 3 4 4 2 1 1 3 3 2 1 3 4 3 3 3 4 4 4 4 4 1 2 3 3 2 3 2 1 1 2 1 1 1 4 2 4 1 4 3 1 4 3 3 2 4 4 3 1 2 4 3 4 4 4 
4 4 4 2 2 4 4 4 2 4 4 1 3 1 4 4 2 4 4 4 1 3 1 3 4 3 3 4 2 4 4 1 1 1 4 2 1 3 3 4 2 3 4 3 2 2 2 4 3 4 2 1 3 4 4 4 3 2 3 1 4 3 4 3 3 2 1 4 2 4 2 1 2 2 4 2 1 3 4 4 4 4 3 4 3 2 4 4 3 1 3 2 1 4 4 4 4 1 3 3 2 2 4 3 1 1 1 3 2 3 2 4 3 2 2 3 3 3 4 4 2 2 4 4 1 3 1 1 1 4 3 3 3 2 4 2 4 
4 1 1 3 3 4 1 3 3 4 3 4 1 4 1 4 2 3 2 2 4 2 4 1 4 1 3 3 1 3 4 1 2 2 3 4 3 3 4 3 4 2 4 1 4 1 4 4 2 2 3 1 2 2 4 3 3 1 4 4 4 1 1 4 3 2 4 1 1 1 1 1 4 1 3 3 2 1 3 3 2 2 3 1 3 4 3 4 3 3 4 2 4 2 1 2 3 1 4 1 2 3 3 4 1 3 4 4 1 1 4 4 1 4 1 3 2 3 3 1 1 2 1 4 3 2 3 4 1 1 2 3 2 3 2 1 4 
4 3 4 4 4 2 4 1 3 3 4 1 2 4 2 4 3 4 1 2 4 2 2 3 4 2 1 2 4 3 3 1 2 3 4 2 1 4 4 2 2 1 1 1 1 1 4 2 2 2 1 2 4 4 4 1 3 3 3 1 1 4 2 3 3 4 2 4 2 4 4 1 4 3 4 2 3 3 3 2 3 4 4 3 4 2 2 3 4 2 3 4 3 2 4 4 2 4 4 4 2 2 3 1 3 2 2 2 2 4 1 1 2 4 4 1 2 1 2 3 2 1 1 2 1 3 3 4 1 2 4 1 3 1 4 3 4 
4 1 3 2 2 3 4 4 3 4 3 3 3 3 4 2 1 2 3 4 1 1 1 2 3 2 3 2 2 1 2 3 2 4 3 3 3 3 4 1 2 4 1 4 2 1 1 4 1 2 1 3 4 1 4 1 4 4 2 4 4 4 3 2 2 3 3 4 3 4 1 2 2 2 2 3 1 2 4 3 1 3 4 1 2 2 4 2 4 1 1 1 1 2 1 4 2 1 4 2 1 3 4 4 3 1 4 2 3 2 2 3 3 1 3 3 2 4 3 1 3 2 1 3 2 1 2 3 3 3 4 4 1 2 4 1 4 
4 4 3 1 1 4 3 1 4 1 2 3 2 3 1 1 3 1 2 4 3 2 4 3 2 1 4 3 2 2 1 1 1 1 1 1 1 1 4 3 2 2 4 2 2 1 1 3 3 4 2 2 2 1 1 3 2 1 4 2 3 3 3 4 1 2 2 4 3 1 2 2 4 4 1 2 3 1 4 4 4 3 4 3 1 3 4 3 1 1 2 1 4 2 1 3 1 3 1 2 3 4 3 2 1 1 4 3 3 4 3 3 3 3 3 4 1 3 4 1 4 2 4 2 2 2 2 3 4 2 1 3 2 1 2 4 4 
4 1 1 3 2 2 3 2 4 3 1 1 3 2 4 3 1 1 3 4 1 4 4 4 4 2 3 3 1 1 3 1 3 2 1 2 3 1 2 1 2 4 1 1 3 4 1 3 2 4 2 4 4 4 2 2 4 1 3 3 4 4 3 3 2 1 1 1 2 4 3 1 4 2 3 2 3 1 2 1 3 4 2 4 1 3 3 4 3 3 1 2 1 1 1 2 2 3 2 4 3 3 2 2 3 4 2 4 1 1 3 3 3 4 1 2 4 3 4 3 4 3 1 4 4 2 1 3 1 2 4 1 4 3 2 2 4 
4 4 2 3 3 3 1 2 3 4 2 1 1 2 2 3 3 3 3 4 3 2 2 3 3 2 4 3 2 2 2 4 2 2 3 3 4 1 1 3 3 3 2 3 1 4 1 3 1 4 3 2 3 2 2 4 4 4 3 3 4 4 1 3 2 2 2 3 1 2 4 4 3 1 4 4 2 4 4 2 4 4 4 4 1 2 3 2 2 1 1 4 2 4 3 1 2 2 1 2 3 1 1 3 2 4 1 1 1 3 2 4 4 1 3 3 2 4 1 2 4 3 3 2 2 4 1 4 1 1 2 3 1 3 2 1 4 
4 3 4 4 4 4 4 2 3 3 3 2 2 3 1 2 4 3 1 3 4 4 1 4 4 1 3 4 3 3 1 4 2 2 3 1 4 3 4 4 1 4 2 4 1 4 4 2 2 2 4 2 1 1 1 3 3 1 2 3 1 4 2 4 2 3 4 2 3 3 4 2 1 4 4 3 4 4 3 2 3 3 2 2 2 2 2 2 2 1 3 3 3 1 4 4 3 1 3 1 1 2 2 4 1 1 2 2 3 2 1 2 1 1 1 3 2 1 4 3 4 1 2 1 4 1 4 3 4 1 2 1 3 4 1 1 4 
4 1 4 2 3 3 3 1 1 1 1 3 2 1 1 3 2 3 2 3 4 1 4 4 2 2 1 2 4 3 1 2 2 4 1 4 4 4 3 2 1 4 2 1 1 3 1 2 4 2 3 1 2 2 1 2 3 4 3 3 4 4 3 3 1 4 1 2 3 2 3 2 2 4 2 1 1 4 4 2 1 1 1 2 4 3 3 1 3 3 3 1 4 4 3 3 3 3 3 2 1 4 4 3 3 2 1 1 1 1 3 2 2 2 1 1 2 2 3 1 2 2 1 4 4 2 2 1 2 2 3 1 4 3 3 4 4 
4 3 4 2 4 2 4 3 4 4 3 2 2 1 4 4 1 3 2 2 2 1 1 2 4 4 1 4 1 4 3 2 4 2 2 3 3 3 3 2 1 2 4 4 4 4 4 1 3 2 1 4 1 1 3 2 2 3 4 4 1 4 2 2 3 2 4 4 4 1 2 3 1 1 3 4 3 3 4 4 2 1 4 3 1 2 3 4 1 4 4 2 3 1 3 4 4 4 2 3 2 2 2 4 2 1 4 2 4 1 1 3 1 2 1 4 3 4 3 3 3 2 3 1 4 4 2 3 3 1 1 2 4 4 4 1 4 
4 3 1 1 4 4 2 2 1 4 3 3 2 2 3 2 1 4 2 2 2 3 1 4 2 3 3 2 1 3 3 1 3 1 1 1 2 1 4 1 1 2 1 3 4 4 2 4 2 3 3 2 1 1 1 1 3 4 4 1 1 2 1 1 3 4 2 1 3 4 2 2 3 1 1 2 3 2 1 3 3 4 2 3 2 4 2 1 4 3 2 3 1 3 4 2 4 3 3 1 4 4 4 1 4 4 3 2 3 4 2 4 1 1 3 4 2 4 4 1 4 2 3 1 2 2 4 2 4 4 4 4 1 1 3 2 4 
4 3 3 1 1 4 1 1 1 3 4 2 1 2 2 4 1 1 3 1 2 2 3 3 2 2 3 1 4 4 2 1 1 4 1 3 4 3 3 4 2 4 3 1 2 4 1 2 4 2 2 1 4 3 3 2 2 3 3 2 2 1 2 2 1 4 1 1 3 4 2 1 4 3 4 2 3 2 4 2 1 2 1 2 3 4 2 2 1 3 1 1 3 4 2 4 2 1 1 3 3 2 4 3 2 1 4 1 1 3 3 1 2 1 1 3 1 4 4 1 3 4 3 3 4 1 4 3 1 1 4 4 3 2 3 2 4 
4 2 3 3 2 4 4 4 2 4 2 4 4 3 4 1 3 3 1 2 3 3 3 2 2 4 2 2 2 3 4 1 1 2 4 1 4 3 1 1 4 2 4 4 3 4 3 4 1 4 3 1 2 4 1 1 1 1 3 4 1 2 2 4 4 2 4 4 1 4 3 4 1 1 3 2 4 1 4 4 4 3 3 1 4 2 2 2 1 4 1 1 4 2 3 2 4 4 2 1 1 3 3 2 4 1 4 4 1 4 1 1 4 1 2 1 3 3 2 3 4 4 1 4 1 2 2 3 2 2 2 2 3 3 1 2 4 
4 1 2 3 4 2 1 2 1 2 4 2 2 3 2 3 4 3 1 1 2 1 2 4 2 4 2 4 3 3 1 2 2 2 3 2 3 3 4 3 2 4 4 3 3 2 4 1 4 2 2 4 2 3 3 4 3 2 2 2 4 3 2 4 3 4 2 4 4 1 4 4 1 2 3 4 3 3 3 2 4 4 2 2 1 2 3 3 4 1 1 2 3 4 1 4 1 2 3 1 4 4 4 1 1 1 1 2 4 4 1 1 3 4 2 2 3 2 2 4 4 4 3 1 3 3 1 1 3 1 1 3 1 1 4 3 4 
4 1 1 3 2 1 1 3 4 2 4 4 2 2 4 4 1 2 2 2 3 2 3 3 2 4 4 4 4 4 2 1 2 3 1 3 2 1 1 2 4 4 2 4 3 2 1 4 1 4 2 1 3 3 3 4 3 1 1 1 3 2 4 1 2 1 3 3 1 3 4 1 3 2 4 4 2 4 3 1 1 4 4 3 2 3 1 3 1 1 1 3 3 2 1 2 1 4 4 4 4 3 1 3 4 4 4 2 2 1 3 3 3 4 2 1 4 4 2 1 3 1 3 3 1 4 2 1 4 4 3 1 2 3 1 3 4 
4 2 1 4 3 3 4 3 2 1 1 2 2 1 4 2 1 1 4 1 1 3 3 4 1 2 2 3 3 1 2 1 2 2 2 4 4 2 1 3 1 4 1 2 1 4 4 3 1 1 2 4 4 3 3 2 4 2 3 1 1 2 4 2 4 2 4 1 3 4 1 1 4 1 2 4 3 1 1 3 1 3 4 4 2 4 4 3 2 4 3 2 4 3 3 2 1 3 1 2 2 3 3 2 4 4 3 2 2 2 2 2 4 3 4 1 2 2 2 4 3 3 3 4 1 3 4 3 2 2 3 1 1 1 1 1 4 
4 1 3 2 1 2 4 4 3 3 1 2 1 1 2 2 2 2 1 2 4 3 3 3 1 1 4 1 2 4 3 1 1 3 2 2 4 1 3 2 2 1 2 4 2 2 3 2 2 4 1 3 3 3 4 4 2 1 1 2 1 2 4 1 4 4 3 1 1 4 4 2 3 2 1 2 4 1 2 1 1 2 4 1 3 2 1 2 3 2 2 1 1 1 2 1 2 1 2 2 4 3 1 4 4 2 3 2 3 2 1 3 3 3 4 1 4 4 2 4 4 4 1 3 1 4 4 2 3 4 1 3 3 1 1 1 4 
4 3 3 2 4 2 2 4 4 2 4 1 4 1 1 2 4 4 1 3 3 2 3 2 4 4 2 1 1 2 3 1 4 3 4 4 2 4 2 3 3 1 4 2 4 3 3 1 1 2 2 4 4 1 1 1 2 3 4 1 4 4 1 4 1 4 1 2 1 2 1 4 1 4 4 3 4 3 3 4 1 1 1 1 3 2 1 4 4 2 3 1 2 4 3 2 2 2 4 1 2 4 1 2 4 1 2 1 4 4 2 4 2 4 2 1 3 4 4 3 3 2 2 2 3 2 4 4 3 2 4 3 4 1 4 4 4 
4 2 1 2 3 3 1 4 1 2 1 4 1 3 1 3 2 3 1 4 3 3 4 3 2 3 2 3 2 1 3 1 1 1 1 2 1 1 2 1 1 4 1 2 1 4 3 1 1 1 4 1 2 1 1 2 2 4 1 2 3 4 1 2 4 1 2 3 2 3 1 4 1 3 3 4 1 2 4 3 1 1 1 2 2 3 3 4 2 1 4 2 3 3 2 2 4 3 3 2 4 2 4 2 1 1 3 1 3 1 1 3 2 1 1 1 1 4 4 4 4 3 3 1 4 4 4 4 4 1 2 1 2 4 3 1 4 
4 4 4 3 3 4 4 1 1 3 3 1 4 4 2 1 1 4 1 2 2 1 2 2 1 3 1 3 1 3 1 3 2 3 1 3 2 2 2 4 3 4 4 2 2 3 1 3 4 1 4 3 4 1 2 1 2 3 4 4 1 2 2 2 1 1 3 1 1 1 4 4 3 1 2 3 2 3 2 1 2 2 4 2 4 3 1 2 1 2 3 3 1 1 4 3 3 4 1 2 2 4 2 2 4 3 1 2 2 4 4 4 4 2 3 2 4 2 4 4 4 3 3 3 3 1 1 4 1 1 2 2 1 1 1 4 4 
4 4 3 3 3 4 4 2 2 4 4 4 4 2 3 3 1 2 3 3 1 2 2 1 2 2 1 3 2 2 1 4 2 3 3 2 1 2 3 1 2 4 1 3 2 2 3 4 3 3 2 4 4 2 2 4 4 4 4 4 3 4 1 4 4 4 2 3 4 4 1 2 1 3 4 1 1 4 1 3 4 2 3 1 2 3 2 4 2 4 1 4 2 4 2 3 4 4 4 4 2 3 3 2 1 1 4 4 3 2 1 3 4 4 1 4 2 2 1 2 2 4 4 1 3 2 4 4 1 1 1 4 1 1 3 1 4 
4 1 4 4 3 3 1 1 1 4 4 1 2 3 3 3 3 3 4 3 1 2 4 1 2 1 1 1 4 1 1 4 4 3 1 2 4 4 2 3 3 4 2 4 2 3 3 4 2 4 1 1 2 2 2 3 4 4 2 2 3 2 4 1 2 4 3 3 2 1 3 2 3 1 1 1 1 4 3 1 1 3 4 1 1 3 4 1 2 1 1 3 3 2 2 1 4 2 1 4 1 2 2 3 4 3 1 2 2 4 1 2 2 3 4 3 2 1 1 4 1 2 3 3 4 2 4 4 4 2 4 4 4 3 1 3 4 
4 4 2 1 3 3 3 2 1 2 4 2 3 4 3 4 2 4 2 3 1 4 1 2 3 4 4 4 4 1 2 2 3 1 4 2 1 3 3 1 1 1 3 3 4 4 4 4 2 1 4 1 4 4 2 2 2 2 3 4 4 1 3 1 4 1 3 1 3 1 3 4 3 2 4 4 1 1 1 1 2 3 4 1 4 1 3 3 3 1 3 1 2 4 2 1 1 3 1 3 4 2 2 2 3 4 3 4 3 1 3 4 2 2 4 4 2 3 4 4 3 4 2 1 4 4 3 2 3 1 2 4 1 1 4 3 4 
4 2 4 2 1 1 1 3 3 4 3 4 2 2 2 4 2 3 3 2 1 3 2 1 3 4 1 1 2 3 2 2 3 3 4 4 1 3 1 3 1 1 1 3 1 1 1 2 2 4 1 4 4 1 1 4 1 2 2 4 4 1 2 3 2 4 1 2 4 2 2 1 4 4 2 3 2 1 2 3 3 3 3 2 2 2 3 2 3 4 1 4 1 1 3 2 4 2 4 3 3 3 2 3 4 3 2 3 2 3 3 1 1 4 4 4 4 2 2 3 2 4 1 1 4 4 2 3 1 2 2 4 3 1 4 3 4 
4 2 4 4 2 4 2 3 4 3 4 2 1 1 2 3 4 2 1 4 1 2 1 3 3 4 3 4 3 4 4 3 1 2 2 3 3 2 2 3 1 4 2 2 3 2 3 3 1 4 4 2 3 2 1 1 3 4 3 4 3 3 1 4 3 3 3 4 3 1 4 3 4 4 1 2 2 3 1 1 3 3 2 4 3 3 3 2 2 1 4 3 2 1 2 2 1 3 3 4 1 4 1 4 4 4 2 2 4 2 4 1 1 4 2 4 3 2 4 4 2 4 1 4 4 2 4 2 2 3 3 1 3 4 3 3 4 
4 1 4 2 4 2 3 1 1 3 2 4 4 2 4 3 2 1 2 1 2 3 2 3 3 3 1 4 4 1 3 4 4 1 3 2 2 2 2 1 3 2 2 3 2 1 1 2 4 4 3 4 3 4 2 4 1 3 4 1 1 3 1 1 3 1 2 1 3 2 2 2 1 4 2 4 4 1 4 4 4 4 4 1 2 1 4 1 2 4 3 2 4 2 4 4 1 1 1 3 4 1 3 3 2 3 2 2 1 2 1 2 3 3 3 3 2 3 3 1 4 1 2 2 4 3 4 1 4 2 2 4 2 1 1 4 4 
4 1 2 3 2 1 3 2 3 1 2 3 3 4 2 4 3 1 1 1 3 1 4 4 1 2 2 2 3 4 4 4 2 3 4 4 3 2 1 3 2 1 3 4 2 4 4 1 2 4 3 4 4 3 3 2 4 2 4 1 3 2 4 3 2 2 1 1 4 3 3 2 4 2 2 1 4 1 3 2 4 3 4 3 3 2 2 2 3 4 3 2 1 3 3 3 2 3 1 1 3 2 4 2 3 3 3 2 2 2 1 4 3 1 4 1 3 3 1 4 3 1 2 3 2 1 3 4 2 2 3 4 4 3 2 4 4 
4 3 3 3 3 1 2 1 2 1 3 2 4 1 4 3 3 1 1 4 4 1 2 2 4 4 3 3 2 2 2 3 1 2 2 3 3 3 1 4 3 1 3 3 2 1 1 1 4 1 1 3 3 1 2 4 2 3 3 3 2 1 3 1 4 1 1 2 3 4 3 1 4 4 1 2 3 2 2 1 3 4 3 2 3 4 2 3 3 4 4 3 4 3 4 2 2 2 2 4 3 3 3 3 2 1 2 4 1 4 2 2 4 4 2 1 3 4 1 4 3 4 2 3 3 1 2 1 3 3 3 4 4 2 4 1 4 
4 2 3 2 4 2 4 2 3 1 1 2 2 1 2 3 3 1 3 2 1 4 2 2 3 1 3 1 2 2 3 3 2 1 4 4 2 3 2 1 1 2 1 2 4 4 3 2 1 4 2 2 3 4 3 3 4 2 2 4 2 4 4 4 3 1 1 1 4 1 2 2 1 1 1 4 4 4 1 3 4 1 4 1 1 4 2 4 2 2 2 3 3 2 2 1 3 2 1 1 3 2 4 4 4 4 3 3 4 1 3 4 4 2 3 1 2 1 2 1 3 2 1 1 3 4 4 4 4 2 2 4 2 1 3 1 4 
4 3 1 4 1 2 4 3 1 1 3 4 1 1 4 1 1 3 3 3 4 1 1 3 4 2 1 4 2 2 2 4 4 2 4 1 3 1 4 3 2 2 1 4 1 2 4 3 3 1 1 1 3 1 4 1 1 3 4 4 3 2 4 3 4 1 1 2 1 4 2 3 1 4 4 3 4 4 3 1 3 4 3 4 3 1 4 1 3 2 1 4 2 4 3 3 2 3 1 3 4 1 3 2 3 4 1 4 2 4 4 1 2 3 2 1 1 3 1 4 1 2 4 4 3 3 4 4 2 4 3 1 3 4 1 1 4 
4 2 3 2 3 2 1 4 1 2 4 1 3 1 3 2 4 3 2 1 3 2 4 1 1 1 2 3 4 4 4 2 4 3 2 3 4 4 2 3 2 1 3 2 4 2 2 2 3 1 2 1 2 4 4 1 2 4 4 2 4 2 3 2 3 4 3 2 4 3 1 2 3 2 4 4 2 1 2 4 4 1 1 2 2 3 3 4 3 2 1 2 3 2 2 4 4 4 3 3 2 2 2 4 1 4 3 3 1 2 4 1 2 1 3 2 2 2 1 2 2 3 4 2 1 3 3 4 4 2 4 3 1 4 4 2 4 
4 1 4 4 3 1 3 2 4 3 2 3 4 3 1 2 3 2 2 2 1 2 2 2 1 4 4 1 3 3 1 4 1 1 1 4 2 2 1 1 3 4 1 2 1 2 2 1 2 1 3 2 2 1 1 4 3 2 3 3 1 3 3 3 4 1 1 2 1 3 4 4 1 2 4 1 4 1 4 4 3 3 2 2 4 4 1 3 4 1 4 4 1 2 3 2 3 1 1 4 3 4 1 2 4 2 2 4 4 2 3 4 1 4 2 4 2 4 3 4 3 3 3 2 3 1 2 4 4 4 3 1 2 4 1 4 4 
4 1 4 3 3 1 1 4 2 1 4 4 3 1 4 3 3 2 3 3 2 1 3 2 3 1 3 4 4 1 3 2 2 3 4 3 2 2 3 4 1 2 4 2 4 4 4 4 1 4 1 4 3 4 3 1 2 3 2 2 2 4 4 2 1 2 3 1 3 3 4 3 4 1 2 3 3 4 2 1 4 2 1 3 3 4 2 4 4 4 4 4 2 3 2 1 3 1 4 3 4 3 3 4 4 3 1 2 2 4 2 1 4 3 3 1 1 3 1 3 4 1 2 2 3 4 1 4 2 3 4 3 3 2 3 2 4 
4 2 2 2 2 1 2 2 4 2 2 1 1 3 3 3 2 2 2 3 1 4 1 1 4 1 4 1 2 1 1 3 4 4 4 3 4 3 3 4 3 1 4 1 2 2 4 3 1 4 2 2 4 1 3 3 1 3 3 2 1 1 2 3 3 2 3 4 1 3 1 2 1 2 1 2 3 1 1 1 2 1 4 2 4 1 4 1 1 3 2 4 3 4 2 4 1 3 4 2 3 3 4 3 1 1 3 4 4 2 2 4 3 3 1 1 3 1 1 3 4 1 4 4 4 2 3 4 2 1 1 4 4 1 4 1 4 
4 1 4 1 3 1 4 1 4 3 2 3 2 4 3 4 1 3 3 4 4 3 3 1 1 2 3 1 2 4 1 3 3 2 3 4 4 2 1 2 2 1 2 4 1 4 2 2 4 2 2 2 3 3 3 2 3 2 3 3 1 3 1 3 2 1 4 1 4 3 1 4 2 2 2 2 2 2 4 4 2 3 4 3 2 3 2 2 1 2 4 3 4 4 3 4 3 2 3 3 2 2 2 4 4 2 3 3 3 1 1 2 4 1 4 1 2 2 4 3 3 3 3 3 2 4 1 1 3 4 1 1 4 2 1 3 4 
4 2 4 2 4 4 3 1 4 4 1 2 1 4 1 4 2 3 1 3 4 4 2 2 1 2 3 2 2 4 1 3 4 2 2 3 4 4 4 2 4 4 3 4 4 3 1 2 2 4 2 1 1 4 1 4 1 3 3 1 3 1 1 1 3 2 2 4 3 3 1 4 4 1 1 2 4 2 2 2 1 1 1 2 4 2 4 2 3 3 3 1 3 3 2 1 4 1 2 4 4 3 4 4 4 1 3 2 3 3 4 3 1 3 3 2 2 4 2 2 3 4 4 3 1 1 1 3 4 1 3 3 3 3 4 2 4 
4 2 2 3 3 1 3 1 1 3 4 1 3 1 4 4 4 4 3 2 1 4 1 2 4 2 3 1 1 1 2 2 2 2 1 4 4 4 2 1 1 4 4 2 1 3 4 3 4 4 1 1 2 2 4 2 3 2 3 1 1 1 1 1 1 2 4 2 2 2 4 3 4 4 1 3 3 2 2 1 3 3 1 2 1 2 4 1 4 2 3 3 3 3 1 2 1 1 2 1 3 2 2 2 2 1 2 3 4 1 2 3 1 2 4 1 2 4 2 1 4 3 2 4 1 4 3 3 4 4 2 4 2 1 1 3 4 
4 3 3 4 3 3 2 1 3 4 1 2 2 4 2 4 4 2 4 1 4 1 4 4 4 3 1 1 4 1 2 2 2 1 4 1 1 2 3 4 1 1 4 1 3 4 4 4 1 1 1 4 1 1 1 2 4 2 1 2 4 1 1 1 3 2 1 4 3 3 3 3 1 2 3 3 2 4 3 3 2 4 4 4 4 4 3 1 4 3 2 4 2 3 1 3 3 4 4 3 2 3 4 2 3 2 4 1 3 1 3 1 1 2 3 1 2 2 3 4 1 4 4 3 1 4 4 4 3 1 1 2 2 3 2 4 4 
4 1 3 2 3 4 1 3 2 2 3 3 2 4 1 3 2 1 2 2 4 4 4 2 1 2 1 4 4 2 1 1 4 4 4 2 4 3 2 2 1 2 2 3 1 4 3 3 2 3 1 1 1 4 4 4 2 4 3 4 1 3 1 4 1 2 4 4 4 2 3 2 3 4 3 4 3 3 2 1 3 1 2 1 3 3 4 3 4 2 3 2 1 2 3 4 4 4 2 3 2 1 1 3 3 1 1 1 3 3 2 1 2 3 1 4 3 1 2 2 1 3 1 1 2 1 2 4 3 2 4 4 4 3 3 4 4 
4 1 2 3 2 4 3 1 3 3 2 4 1 3 1 4 3 1 2 2 2 4 1 1 3 1 1 2 3 3 2 4 4 3 2 4 4 3 2 1 1 4 3 2 1 3 4 1 2 4 2 3 3 4 2 2 2 3 1 4 1 2 1 3 4 4 1 1 1 3 3 3 3 3 1 2 2 4 2 3 1 4 3 2 2 1 1 2 3 2 1 4 4 3 1 3 2 3 2 1 1 4 4 1 1 4 1 3 4 3 1 2 3 4 1 2 3 1 2 4 1 1 1 3 4 4 1 1 1 2 1 3 3 1 2 3 4 
4 4 1 1 4 3 2 3 1 3 2 1 1 3 3 2 4 1 3 4 2 3 1 3 2 3 3 4 4 4 4 4 3 4 4 1 3 3 4 2 4 2 3 2 3 3 1 4 1 1 4 3 1 4 2 4 2 1 3 1 3 3 4 4 4 2 4 3 3 3 1 2 3 1 1 2 3 1 2 2 4 1 3 3 2 1 2 1 2 1 2 4 2 4 3 1 2 1 4 3 3 1 4 2 3 1 1 3 2 4 2 1 2 4 2 1 3 1 3 1 3 2 4 2 4 4 3 4 1 4 1 1 3 2 2 2 4 
4 1 1 2 3 2 3 4 1 3 3 1 1 4 3 4 2 3 2 4 1 3 1 4 3 4 1 3 4 3 2 2 2 4 4 2 3 3 2 2 1 4 2 3 1 4 2 2 2 2 1 3 1 2 4 1 4 4 3 1 3 2 2 4 1 3 4 4 3 4 2 3 4 1 3 3 3 2 2 3 2 1 2 4 3 2 3 2 1 4 2 3 1 3 4 2 4 3 1 4 1 2 2 1 4 1 2 3 2 3 1 4 1 4 4 2 1 1 4 1 1 1 3 1 3 1 1 1 2 2 1 4 4 2 1 3 4 
4 2 4 4 3 1 1 4 2 4 3 4 4 4 3 4 1 3 4 1 2 3 1 2 3 4 3 3 4 2 1 4 1 2 2 2 2 2 1 2 1 3 3 3 1 3 3 1 1 1 1 3 1 2 3 1 3 1 4 3 2 1 3 2 4 2 2 3 1 3 3 4 1 3 3 4 3 1 2 2 4 1 3 3 3 3 2 2 3 3 2 2 2 4 2 1 3 2 4 1 3 3 1 4 4 2 1 1 2 2 3 1 2 1 3 3 1 2 3 4 4 2 3 4 3 4 2 4 2 1 1 3 1 1 3 1 4 
4 1 1 4 4 2 1 4 2 2 3 1 1 4 3 1 3 2 1 2 1 3 2 1 4 4 3 1 1 4 3 3 3 2 2 1 2 3 1 1 3 4 3 1 1 1 4 4 3 3 3 2 4 2 1 2 1 1 4 3 1 1 4 3 4 2 1 1 4 1 1 3 1 3 2 3 3 3 1 1 4 3 4 1 4 2 4 3 3 3 4 1 1 4 2 1 1 2 1 1 3 2 2 3 4 2 2 1 4 2 1 3 4 2 3 3 1 3 3 1 3 3 3 3 1 2 1 3 3 1 4 4 4 1 1 2 4 
4 2 2 1 4 3 3 1 3 3 2 4 3 3 1 4 1 3 1 2 2 4 4 1 3 4 1 3 3 2 4 2 3 1 2 2 4 1 4 2 1 1 1 2 1 1 4 1 3 3 1 4 2 1 2 4 2 4 4 4 1 3 2 1 1 2 4 2 1 1 2 1 4 1 2 1 2 1 4 3 4 1 2 4 1 2 1 1 1 3 1 3 1 2 4 2 3 1 4 4 4 3 3 1 3 3 2 2 4 2 2 1 3 3 2 1 4 3 3 1 3 3 4 1 1 4 3 3 2 1 1 3 1 1 3 2 4 
4 1 2 4 2 4 3 3 3 1 1 4 1 4 3 1 2 2 2 3 2 4 4 3 2 2 4 2 4 1 2 3 4 1 3 1 2 1 4 1 2 2 4 1 3 1 1 4 3 4 2 1 2 4 3 1 3 3 2 3 1 3 1 4 4 1 3 2 2 1 4 1 2 3 4 2 3 3 2 1 4 2 2 3 3 2 3 2 4 2 4 2 1 2 1 3 3 2 2 2 2 4 2 2 4 1 3 2 2 3 4 1 1 3 2 2 4 2 4 3 3 3 3 3 2 3 1 3 4 4 4 3 2 3 4 1 4 
4 4 4 1 2 4 3 1 3 1 1 2 2 1 2 2 4 3 1 1 4 2 4 3 4 2 2 2 2 3 3 2 4 2 4 4 1 2 2 1 4 2 2 2 3 4 4 4 2 1 2 4 1 4 3 2 3 3 3 4 1 2 4 2 1 3 1 2 1 2 4 1 3 4 2 2 4 2 2 1 2 3 1 2 4 1 4 3 4 2 4 2 4 1 3 2 1 3 1 2 3 2 1 2 3 1 2 4 4 2 4 2 2 3 1 4 1 4 1 1 4 2 4 2 2 3 2 4 4 2 4 3 2 4 2 2 4 
4 1 3 2 3 3 1 4 4 1 4 2 4 3 3 4 1 3 2 2 3 1 3 3 2 2 3 1 3 2 3 1 4 3 4 3 4 1 3 1 3 3 2 2 3 3 4 2 2 3 1 4 4 4 3 4 2 3 2 2 1 4 3 3 4 3 3 4 1 1 2 1 3 4 3 1 4 4 4 3 3 1 2 1 3 2 3 1 2 3 2 2 1 1 1 3 2 4 2 2 3 1 4 4 3 1 3 1 2 1 2 1 4 2 3 4 3 3 3 3 3 3 3 1 1 3 4 4 4 2 1 4 3 2 1 1 4 
4 1 1 2 3 1 2 1 1 4 1 1 1 4 1 2 3 2 4 1 2 3 2 4 2 4 4 2 4 2 3 1 4 3 3 2 1 2 3 4 2 1 1 3 2 3 3 1 1 2 3 2 3 4 1 1 1 2 4 3 4 1 4 1 3 2 3 3 4 4 1 1 2 3 2 3 2 4 4 4 3 4 4 1 3 3 1 2 2 2 2 1 1 2 3 4 1 1 1 2 2 3 3 3 2 3 1 4 3 1 2 1 1 3 1 4 1 1 2 3 1 1 1 2 2 4 3 2 1 4 3 1 2 1 1 4 4 
4 2 2 1 2 4 3 4 2 2 2 1 4 1 3 2 1 1 4 2 1 1 4 1 4 2 3 2 2 2 2 2 4 1 4 4 2 1 4 1 2 2 4 1 1 3 2 2 1 1 4 1 2 3 2 4 1 4 1 4 1 3 1 2 3 3 2 3 4 3 1 4 2 2 2 3 3 2 4 3 2 4 1 3 2 1 2 1 2 3 3 1 1 2 1 4 2 1 3 4 3 3 1 2 2 4 2 3 3 1 2 4 4 4 2 1 3 2 1 2 2 1 3 1 4 1 4 4 4 4 4 3 4 3 4 3 4 
4 3 3 2 4 4 3 3 3 3 3 3 4 2 2 4 4 2 3 1 4 3 3 1 2 3 1 3 4 2 1 4 4 3 2 1 4 2 1 2 4 1 4 4 3 2 3 1 4 2 3 2 1 2 3 3 2 1 4 3 2 4 4 4 3 3 4 2 4 1 4 1 1 3 1 3 1 1 3 3 1 4 4 4 3 3 4 2 1 1 2 1 2 3 1 2 3 4 2 3 3 1 3 4 3 2 4 3 1 3 2 1 1 3 3 4 2 4 4 2 1 4 3 2 1 4 3 2 2 3 1 3 3 3 4 2 4 
4 1 2 3 4 1 1 1 2 3 1 3 4 1 1 2 1 2 4 1 3 3 4 1 1 2 3 2 4 2 4 4 3 3 2 4 3 3 1 1 2 3 3 4 3 3 2 1 4 1 1 3 3 3 4 2 2 2 3 2 3 4 3 2 3 4 4 2 3 4 2 4 3 1 1 3 3 2 1 3 2 4 4 4 3 4 2 2 3 3 3 4 2 1 2 2 1 1 2 3 3 2 2 4 3 1 1 4 2 3 3 3 4 4 4 3 4 4 3 4 2 2 3 3 4 3 1 3 1 1 3 4 3 4 2 2 4 
4 1 1 2 4 4 2 1 2 1 4 2 4 2 1 2 4 1 3 3 4 2 3 2 4 2 1 3 4 3 2 1 3 1 3 1 2 2 2 1 1 3 4 4 1 1 2 4 4 4 1 2 2 2 2 4 2 2 4 3 2 2 3 1 2 3 4 3 3 1 3 2 1 2 1 3 1 2 3 2 3 1 1 3 2 3 3 2 3 3 2 4 3 4 3 2 3 4 3 4 4 1 1 1 1 2 3 4 1 4 2 2 3 1 2 1 2 2 4 3 2 4 2 3 3 1 4 2 3 2 4 2 1 4 4 4 4 
4 2 2 2 3 2 2 4 1 3 3 2 3 1 1 3 2 4 2 3 4 4 3 1 1 1 1 2 3 2 2 3 3 3 3 4 2 3 2 4 3 2 1 4 1 3 4 3 3 4 1 3 4 1 2 4 3 1 4 4 2 3 2 3 1 4 2 2 2 2 4 3 4 3 2 4 3 2 2 1 3 2 2 3 4 3 1 4 3 2 3 4 4 2 2 3 3 2 4 3 3 2 4 1 1 1 2 1 1 1 1 3 3 3 3 3 1 4 2 4 1 2 3 3 4 1 4 1 2 2 3 1 1 3 1 1 4 
4 4 1 1 3 3 1 3 2 1 4 4 1 1 1 4 3 2 1 2 3 1 2 3 1 1 2 3 2 2 4 3 2 1 3 2 2 4 3 2 4 3 3 2 1 4 3 4 2 1 1 4 3 2 1 1 4 3 4 1 2 3 4 3 1 1 3 3 3 4 3 1 2 2 3 2 4 4 2 4 3 1 4 3 2 1 2 3 1 2 3 4 4 3 3 1 3 3 4 4 2 2 3 3 4 4 3 1 3 1 2 2 3 3 1 2 1 1 1 4 2 1 4 2 2 3 4 1 4 1 1 3 4 2 4 4 4 
4 2 1 1 2 1 2 1 2 3 4 3 2 3 3 3 3 2 1 1 3 1 3 1 1 2 3 1 4 2 4 4 1 4 2 2 2 4 2 2 1 2 1 1 4 1 2 1 1 1 3 3 3 3 1 3 4 4 4 1 2 3 2 1 4 3 3 1 4 1 1 3 1 1 1 3 4 4 3 1 3 4 2 3 2 2 1 4 4 4 3 4 2 4 3 3 1 3 2 2 2 1 3 2 3 3 4 2 3 1 3 1 3 4 3 1 1 4 3 2 2 3 1 1 3 2 2 4 3 3 3 2 2 3 4 4 4 
4 3 1 2 1 1 4 3 2 4 3 4 4 1 1 4 3 1 2 3 2 1 4 4 1 3 1 2 4 4 3 2 1 3 3 4 1 4 1 2 1 3 2 1 4 4 3 2 1 1 1 3 4 4 1 3 1 1 4 4 2 4 2 1 2 3 3 1 2 4 1 4 3 2 1 4 4 1 4 2 1 3 3 3 4 1 2 4 2 4 3 2 2 2 1 4 3 2 3 4 2 2 3 3 2 3 4 4 4 2 4 4 1 1 2 3 2 2 4 3 2 1 2 4 2 4 2 4 3 1 4 4 4 3 2 2 4 
4 3 3 2 1 2 4 4 1 2 3 2 2 2 3 1 3 4 2 2 4 2 3 1 2 4 1 1 3 1 2 4 4 1 1 2 4 1 3 2 3 3 3 1 4 4 2 4 3 4 2 2 3 3 1 4 3 3 3 4 1 3 4 4 4 3 1 1 3 4 3 4 4 3 2 4 2 4 2 3 1 4 3 2 4 3 4 4 2 2 2 3 2 1 4 4 1 2 3 2 3 1 4 1 3 4 4 3 2 4 4 3 1 4 2 4 3 4 3 2 4 4 4 2 1 4 4 4 4 2 1 2 2 3 4 2 4 
4 4 1 3 4 4 1 3 2 2 4 2 3 1 4 2 1 3 4 3 3 3 2 2 2 2 3 2 1 4 1 2 1 1 4 1 4 4 2 3 4 1 2 2 4 4 1 1 2 1 3 4 4 1 2 3 1 4 4 4 4 1 2 3 4 2 1 3 1 1 3 2 2 1 1 2 3 1 1 2 4 3 1 4 4 3 2 1 1 3 3 4 1 4 2 1 4 2 2 4 4 2 4 3 3 3 2 1 2 3 2 3 1 4 2 1 2 1 4 2 3 4 4 3 1 4 3 2 4 3 1 3 4 2 1 3 4 
4 1 4 4 3 4 3 1 4 2 3 3 4 1 3 3 3 3 3 1 3 2 3 2 1 4 1 4 1 2 1 3 1 1 4 3 3 2 4 1 1 1 2 4 2 2 2 2 1 1 1 1 3 3 4 4 1 4 3 4 3 2 3 4 2 2 2 4 3 1 1 1 2 4 3 4 2 4 2 4 1 4 3 2 4 3 1 2 2 2 3 1 3 3 1 3 2 2 1 3 4 2 3 2 4 4 2 1 4 4 3 2 2 1 4 2 4 4 3 3 4 4 4 4 1 1 4 1 4 3 3 1 3 2 4 1 4 
4 2 4 2 1 3 4 1 3 1 1 2 1 2 1 3 2 1 3 4 1 4 4 1 4 4 4 3 3 2 1 3 4 4 4 3 2 1 3 3 3 3 3 4 2 2 4 4 3 2 2 1 3 2 4 1 3 2 2 2 2 1 1 1 4 4 1 4 1 3 3 2 1 4 3 1 1 4 1 4 4 2 3 4 4 1 4 3 4 3 4 1 1 4 1 4 4 3 2 4 3 1 1 2 4 2 3 2 1 3 4 4 2 2 1 3 2 4 3 3 2 4 4 3 4 3 4 4 4 1 2 1 1 4 4 4 4 
4 2 2 2 4 3 4 3 4 3 2 1 2 3 1 4 4 1 4 4 4 1 4 4 4 1 4 2 3 1 2 3 2 4 4 2 1 4 3 4 3 2 2 4 2 3 1 2 4 1 4 2 1 4 2 2 2 4 3 3 4 1 3 3 4 1 3 1 3 3 2 1 1 3 3 3 3 4 3 1 2 1 3 3 4 1 1 2 1 4 1 4 1 4 1 1 1 2 4 2 4 4 3 2 3 3 2 1 3 4 4 4 1 1 2 3 4 4 2 1 4 1 3 3 4 1 2 1 4 4 3 3 3 4 4 1 4 
4 3 2 1 4 3 2 4 3 2 1 4 1 1 4 2 4 4 2 3 3 3 1 1 3 3 1 3 4 4 4 4 4 3 4 4 2 3 2 4 4 4 2 4 1 3 3 2 2 3 3 4 3 2 3 2 4 2 3 2 3 1 4 4 1 1 1 3 2 2 1 2 3 2 4 2 4 2 3 2 3 4 3 2 3 1 3 3 1 2 1 4 3 2 3 4 4 3 3 4 3 3 2 3 2 3 3 4 4 3 1 4 1 2 1 3 2 4 1 3 1 1 1 3 3 1 4 3 3 4 2 4 1 3 4 1 4 
4 2 3 2 1 2 1 4 4 1 1 1 1 2 4 4 2 4 3 2 4 2 3 4 2 2 1 2 1 3 1 1 1 2 2 1 3 2 3 4 1 3 1 2 2 3 2 3 3 4 2 3 3 2 2 1 2 4 2 2 1 3 3 4 4 3 2 1 4 4 1 4 1 2 2 3 1 3 1 4 1 1 1 2 3 1 1 2 3 3 3 3 4 3 4 3 2 4 1 2 4 2 2 3 2 1 4 2 2 3 1 4 1 4 2 4 1 1 4 3 2 1 1 2 1 3 2 3 4 2 3 2 1 2 3 1 4 
4 2 2 2 2 2 1 3 2 2 4 4 4 2 4 4 4 3 4 3 3 1 4 3 1 1 3 4 4 3 4 4 3 1 3 2 3 3 3 3 4 2 3 3 4 4 2 4 4 3 4 2 4 3 2 1 1 2 3 2 4 3 4 2 3 4 3 4 4 1 2 2 1 2 4 4 4 2 2 4 2 1 4 3 2 2 3 1 1 1 2 4 4 1 4 4 1 3 1 2 3 3 4 1 1 1 2 2 3 2 1 3 1 1 4 1 2 4 4 1 1 1 4 3 3 1 1 1 2 2 3 4 1 2 1 1 4 
4 2 2 1 1 3 4 1 4 3 4 1 4 2 2 2 3 4 2 1 4 3 3 1 4 3 2 2 3 4 4 4 2 2 3 3 2 3 3 4 2 3 3 1 2 1 3 3 4 1 4 4 4 2 2 2 2 3 4 3 4 3 2 3 3 2 3 3 2 1 3 2 1 2 3 3 2 4 3 1 3 1 2 3 4 3 1 4 3 3 4 3 1 4 3 3 2 4 1 3 3 4 2 3 3 2 4 2 3 4 1 3 4 3 3 3 1 1 4 4 1 3 4 4 1 3 3 2 3 3 2 2 3 4 3 1 4 
4 3 1 4 3 3 4 2 3 3 4 4 1 2 4 1 3 2 4 4 4 1 2 2 4 1 4 4 4 2 2 1 1 4 1 1 3 2 1 4 1 2 3 3 4 3 1 1 1 4 4 1 3 3 1 4 2 2 2 4 2 3 4 3 4 1 1 1 1 3 4 2 2 4 2 1 2 2 4 4 1 3 3 1 4 4 3 3 4 4 3 2 2 3 3 4 3 1 1 1 4 2 2 2 3 4 2 2 4 1 1 1 4 2 1 4 3 1 4 3 3 4 1 2 1 4 4 1 1 1 4 2 1 1 1 3 4 
4 3 4 2 4 3 3 2 1 4 3 2 2 2 2 1 3 3 4 2 1 1 4 3 2 3 2 1 4 4 4 3 1 4 3 2 4 1 4 3 3 1 3 4 1 1 2 4 3 3 1 2 4 4 4 3 4 2 1 3 3 1 4 3 2 4 3 4 4 3 1 2 2 4 2 1 4 1 3 1 2 3 3 3 3 2 4 4 1 1 4 3 2 2 3 4 2 3 3 3 1 2 1 2 3 2 1 1 3 1 1 1 4 4 1 2 3 4 4 1 3 4 3 3 1 4 2 4 3 3 3 4 1 2 4 2 4 
4 1 1 4 1 2 1 2 4 3 1 1 4 4 2 1 4 1 3 2 3 2 1 1 3 1 4 4 3 2 3 3 1 4 4 3 4 2 4 4 3 4 2 1 4 3 3 1 3 1 3 1 2 3 3 4 2 4 1 4 1 4 4 2 1 4 4 3 2 1 2 3 3 2 3 4 1 4 3 3 2 2 1 1 3 1 3 1 2 1 3 3 2 4 1 2 2 2 2 2 2 1 2 2 2 1 1 2 2 4 1 2 2 2 2 3 4 3 4 4 4 1 3 3 4 1 4 1 1 1 2 1 4 1 3 2 4 
4 4 3 4 2 1 3 1 2 2 1 2 1 2 2 4 4 2 1 2 1 2 1 1 1 4 3 4 3 2 3 4 2 1 3 1 1 1 1 1 2 4 4 4 1 3 4 2 3 4 3 2 2 2 3 4 2 1 4 2 3 3 4 1 2 4 3 2 3 4 4 4 4 3 3 1 3 1 2 1 3 2 4 4 1 3 2 2 2 1 1 3 4 1 1 2 2 4 4 1 2 1 3 1 1 2 3 2 4 2 4 1 1 3 4 4 1 3 1 2 2 3 1 3 2 4 1 1 3 2 4 4 2 1 4 2 4 
4 4 4 4 4 4 4 4 4 4 4 4 4 4 4 4 4 4 4 4 4 4 4 4 4 4 4 4 4 4 4 4 4 4 4 4 4 4 4 4 4 4 4 4 4 4 4 4 4 4 4 4 4 4 4 4 4 4 4 4 4 4 4 4 4 4 4 4 4 4 4 4 4 4 4 4 4 4 4 4 4 4 4 4 4 4 4 4 4 4 4 4 4 4 4 4 4 4 4 4 4 4 4 4 4 4 4 4 4 4 4 4 4 4 4 4 4 4 4 4 4 4 4 4 4 4 4 4 4 4 4 4 4 4 4 4 4 

