136
1000
1000

[Node]
0  0  0   0  0
137 0  0   0  0

[pickup]
1       504398964      16          10
2       504417081      19          17
3       504960919      19          5
4       505083274      28          13
5       502873629      34          20
6       504930826      35          16
7       505123014      37          6
8       503282693      38          10
9       505036392      41          9
10      504360638      44          7
11      504910673      45          11
12      504433520      47          15
13      505023534      47          11
14      504042384      49          17
15      504398101      49          6
16      505115867      51          15
17      503282703      53          10
18      502798324      53          9
19      504654384      53          8
20      504591167      54          15
21      502970822      54          16
22      504807788      57          14
23      502786869      60          5
24      502800258      63          18
25      503589812      64          11
26      505037653      66          11
27      505162674      66          17
28      503058102      66          5
29      505170366      66          5
30      504995292      67          14
31      502786496      71          11
32      503228783      73          5
33      503615814      74          17
34      502791054      79          19
35      505186923      80          14
36      504795387      80          20
37      503167459      81          12
38      504726267      81          17
39      502787525      81          10
40      504701928      84          13
41      502786619      84          19
42      502789900      84          9
43      502790955      85          9
44      502793597      85          7
45      503613062      87          19
46      505154681      90          9
47      504959617      95          13
48      502799470      95          11
49      504362567      95          6
50      503284249      96          6
51      504793290      102         10
52      503301564      108         13
53      503657465      109         11
54      504782558      109         12
55      503642641      112         8
56      505117949      115         7
57      504940824      117         19
58      504802242      117         15
59      503242004      118         14
60      502786917      119         16
61      502798686      120         11
62      503167442      125         19
63      504856540      125         19
64      503171563      128         7
65      503689218      130         17
66      503291816      142         15
67      504608410      147         7
68      502789230      149         13
69      503008636      153         8
70      504959841      156         18
71      504940738      157         11
72      502790450      157         6
73      502794247      157         6
74      502892641      158         9
75      505088149      159         10
76      504427291      165         12
77      504945646      167         8
78      502787809      169         19
79      502787056      170         5
80      503202377      175         17
81      504904607      185         14
82      504941658      185         19
83      505143425      186         16
84      504928743      187         8
85      504930829      190         16
86      503229542      196         20
87      502794531      197         6
88      504475038      200         15
89      504814981      202         17
90      502793979      203         15
91      504040924      204         20
92      503284101      206         12
93      502789199      217         7
94      505191728      219         20
95      502787619      227         10
96      504633802      230         5
97      505076939      233         10
98      503592373      234         9
99      503168027      245         14
100     502793660      250         15
101     505137588      253         12
102     503278639      257         14
103     502800753      265         20
104     502794929      265         14
105     503184278      273         7
106     503107234      286         14
107     504303490      288         6
108     505084995      293         18
109     504717668      303         6
110     504800636      317         20
111     504639383      318         6
112     502787162      349         7
113     502801240      349         6
114     504800637      350         18
115     505190963      362         12
116     503240587      387         6
117     502790178      407         14
118     503635633      416         14
119     503192571      418         12
120     505195369      433         9
121     505235087      436         18
122     502796219      441         7
123     503297612      444         20
124     504861698      452         9
125     502790595      484         18
126     503058114      506         15
127     502835894      531         11
128     503525248      534         5
129     503257871      544         14
130     505164780      587         10
131     502796218      608         20
132     503825659      610         10
133     502789170      752         13
134     502791061      845         16
135     504076079      1000        18
136     504783210      1000        11

[Speed 0]
0.81
30.0   60.0 0.0 0.6
90.0   150 0.0 0.4
300.0  540.0 0.0 0.81
570.0 630.0 0.0 0.6
660.0 720.0 0.0 0.4
750.0 840.0 0.0 0.81

[Speed 1]
1.33
30.0   60.0 0.0 0.8
90.0   150 0.0 0.6
300.0  540.0 0.0 1.33
570.0 630.0 0.0 0.8
660.0 720.0 0.0 1.3
750.0 840.0 0.0 2

[Speed 2]
1.33
30.0   60.0 0.0 1.0
90.0   150 0.0 0.8
300.0  540.0 0.0 1.33
570.0 630.0 0.0 0.8
660.0 720.0 0.0 0.6
750.0 840.0 0.0 1.5

[Speed 3]
1.5
30.0   60.0 0.0 0.9
90.0   150 0.0 0.8
300.0  540.0 0.0 1.5
570.0 630.0 0.0 0.9
660.0 720.0 0.0 0.8
750.0 840.0 0.0 1.5

[Speed 4]
2
30.0   60.0 0.0 1.1
90.0   150 0.0 0.9
300.0  540.0 0.0 2
570.0 630.0 0.0 1.1
660.0 720.0 0.0 0.9
750.0 840.0 0.0 2

[speed choose matrix]
4 4 4 4 4 4 4 4 4 4 4 4 4 4 4 4 4 4 4 4 4 4 4 4 4 4 4 4 4 4 4 4 4 4 4 4 4 4 4 4 4 4 4 4 4 4 4 4 4 4 4 4 4 4 4 4 4 4 4 4 4 4 4 4 4 4 4 4 4 4 4 4 4 4 4 4 4 4 4 4 4 4 4 4 4 4 4 4 4 4 4 4 4 4 4 4 4 4 4 4 4 4 4 4 4 4 4 4 4 4 4 4 4 4 4 4 4 4 4 4 4 4 4 4 4 4 4 4 4 4 4 4 4 4 4 4 4 4 
4 3 3 4 2 1 4 2 3 1 2 3 1 4 4 4 2 3 1 1 3 4 2 4 3 2 3 1 4 3 3 3 4 2 3 2 3 3 3 1 1 4 4 3 1 3 4 1 2 3 3 2 2 1 3 4 3 2 2 4 1 1 3 4 3 2 3 3 1 4 2 1 1 2 2 4 2 3 3 4 2 2 4 1 3 2 1 2 4 1 4 1 1 3 1 2 3 1 3 3 1 3 2 1 1 2 1 4 4 3 4 1 1 4 2 2 2 1 4 4 3 3 4 3 3 1 1 3 1 3 2 4 2 3 4 1 4 4 
4 2 1 4 1 1 4 2 1 3 1 2 3 4 2 2 2 3 3 1 3 1 2 3 4 1 4 1 2 4 1 4 2 4 3 1 2 3 2 3 1 3 4 1 2 1 4 1 1 4 1 2 2 1 4 4 2 2 1 1 3 3 1 2 2 2 4 2 3 4 3 1 4 1 1 2 1 1 1 4 1 2 3 3 3 3 1 3 1 4 2 4 1 1 2 2 3 4 1 1 2 2 2 4 1 2 2 2 1 2 3 1 2 3 4 3 3 2 3 1 4 2 2 1 1 1 2 4 4 3 4 3 1 4 3 4 1 4 
4 2 3 4 2 3 3 3 3 4 1 2 3 2 1 2 2 2 4 2 2 3 3 4 1 1 3 1 2 1 1 2 3 1 1 3 2 4 1 2 1 4 1 4 4 1 4 4 4 4 4 4 1 4 2 3 2 4 3 4 4 4 3 1 2 3 2 4 4 3 2 2 1 3 4 1 3 2 1 3 1 2 2 2 1 2 4 1 4 1 1 1 2 2 3 4 1 3 4 4 1 3 1 3 2 2 1 4 3 3 3 3 2 3 2 3 4 1 4 3 2 4 1 1 2 2 4 3 2 1 3 1 3 3 3 2 2 4 
4 3 4 4 3 1 3 2 3 1 4 4 1 1 2 2 4 4 2 3 4 3 2 2 1 3 4 4 3 3 1 4 4 4 3 4 1 3 1 2 4 3 1 2 1 4 1 1 1 4 1 3 2 2 3 1 2 2 3 1 1 3 3 4 2 2 4 1 3 2 3 2 2 1 3 1 4 2 1 3 3 4 4 4 1 1 2 4 2 4 1 4 3 4 3 4 4 2 4 2 4 3 1 3 3 3 1 4 2 4 2 3 1 3 1 1 4 1 3 1 4 2 4 2 3 3 4 2 2 4 2 2 3 2 4 1 3 4 
4 2 2 2 2 4 2 1 1 2 3 1 2 3 3 3 3 4 1 1 1 3 4 1 1 3 3 1 2 2 1 4 2 3 2 3 4 2 3 2 3 2 1 4 1 3 3 2 1 3 1 1 2 2 1 4 3 4 2 2 1 1 3 3 4 2 1 4 1 2 1 3 1 1 2 2 2 4 2 3 1 4 4 2 1 3 3 4 4 2 4 1 1 4 2 2 4 1 1 4 3 3 1 2 2 1 2 2 4 2 4 1 2 4 2 2 4 4 2 3 1 4 2 2 2 1 4 2 2 4 1 2 2 4 2 1 4 4 
4 1 3 2 2 4 4 3 2 3 2 3 2 4 1 1 4 3 2 4 2 2 4 3 1 3 1 4 3 3 3 1 3 3 4 4 1 1 1 3 3 2 3 4 4 4 1 1 4 1 4 3 4 2 1 4 3 4 2 1 2 2 3 1 4 3 1 1 4 1 4 3 3 1 2 4 1 1 3 3 3 1 2 1 2 4 4 1 2 2 2 2 1 4 4 1 4 1 1 1 3 1 2 2 4 1 1 1 1 1 1 3 1 2 1 1 2 3 3 1 2 4 4 3 4 3 1 3 2 2 3 2 3 4 1 1 1 4 
4 4 2 4 3 2 2 3 4 2 3 2 3 3 2 3 2 3 1 1 2 4 2 1 3 2 2 4 1 2 2 1 1 1 3 4 3 3 3 1 2 4 3 1 3 3 3 3 3 3 3 2 3 1 3 2 2 3 2 2 1 3 1 4 3 2 2 2 3 3 2 3 2 2 2 2 2 1 4 3 2 4 4 1 4 1 4 3 3 3 1 3 1 4 1 4 4 3 2 4 3 2 2 3 2 4 2 2 3 1 1 3 3 1 4 3 1 3 3 1 2 4 1 4 2 1 4 1 4 3 4 2 1 4 2 1 4 4 
4 3 1 4 1 3 3 1 2 3 2 4 3 3 2 1 1 3 4 1 3 4 2 3 1 4 2 4 1 1 4 2 3 4 2 1 2 3 3 2 1 3 3 1 3 4 4 1 2 1 1 4 4 4 2 4 3 4 2 1 4 3 4 1 1 4 1 3 3 3 4 1 3 4 4 3 1 2 2 1 2 2 2 3 2 1 1 3 3 4 1 2 2 3 1 4 3 3 2 2 2 3 2 2 1 2 2 4 1 2 2 3 2 2 1 4 3 4 4 4 2 1 2 2 1 1 2 3 4 3 4 4 4 2 1 1 3 4 
4 1 3 1 4 2 1 1 1 1 4 4 3 4 2 3 1 2 3 1 2 2 2 4 1 4 2 1 1 3 3 3 3 2 1 1 2 3 2 4 3 2 1 4 1 3 1 4 3 4 3 1 3 1 1 4 4 3 4 2 4 3 3 3 1 1 1 2 3 3 2 2 1 3 4 3 1 4 3 3 1 1 2 2 1 2 1 1 2 1 1 4 4 2 1 4 2 4 4 1 3 2 4 4 4 1 1 4 1 3 4 2 4 1 4 1 1 2 4 2 1 3 3 1 1 2 4 4 3 1 4 1 1 4 1 1 2 4 
4 4 3 4 1 3 3 4 3 2 1 4 3 3 3 2 1 4 2 2 3 2 4 2 3 2 1 3 1 1 1 2 3 4 2 4 3 2 3 2 3 1 1 2 3 1 3 2 4 3 4 3 2 1 4 2 2 2 2 2 2 1 3 4 2 4 3 1 3 2 1 2 2 3 2 2 4 4 1 4 1 4 1 1 3 1 2 3 4 1 1 4 4 1 1 2 4 2 2 4 1 2 2 3 2 3 1 3 1 3 4 4 3 1 1 2 1 3 1 3 3 2 2 3 4 1 3 1 1 4 4 3 1 4 1 4 3 4 
4 3 1 1 3 4 4 4 3 2 1 3 4 2 3 2 3 1 4 2 3 1 2 4 1 1 3 2 1 3 2 3 2 2 1 2 4 4 3 3 4 3 2 3 3 2 4 1 2 1 4 2 2 2 3 1 2 1 1 2 2 1 4 3 2 3 3 1 1 2 4 4 1 3 1 2 4 2 3 4 3 2 3 2 1 1 2 3 4 2 1 2 4 2 1 3 1 1 1 1 1 1 4 2 4 4 3 1 2 2 1 1 4 3 2 1 3 4 1 3 3 3 3 2 1 3 4 4 3 2 3 2 1 4 4 2 2 4 
4 2 4 1 4 4 1 1 2 1 3 2 1 1 1 4 1 3 2 2 3 1 3 2 3 2 3 3 3 3 1 1 2 2 1 1 4 2 1 1 2 4 1 1 2 1 2 4 2 3 3 1 3 2 1 3 1 4 4 4 3 2 4 4 2 2 1 2 1 3 2 4 1 3 4 4 4 2 2 2 4 4 4 1 4 2 3 3 4 2 1 4 4 4 4 2 3 2 4 2 1 2 2 3 4 1 3 3 1 4 1 3 3 1 4 1 1 3 3 3 1 1 1 2 1 2 1 3 1 4 4 1 4 3 1 2 1 4 
4 2 4 2 4 3 3 3 2 3 4 2 4 3 4 4 3 4 2 4 1 4 1 2 1 4 3 4 1 3 4 3 3 3 2 3 4 1 1 2 4 2 3 4 2 4 2 3 4 1 2 1 3 1 2 3 3 3 4 4 4 2 2 3 2 1 2 2 2 4 2 1 2 4 1 1 2 3 2 3 2 2 4 3 1 1 2 1 4 2 3 1 2 1 3 3 1 2 4 2 3 2 1 4 4 4 2 2 3 4 3 4 4 4 3 1 2 2 2 2 1 4 2 4 3 2 2 3 4 4 4 1 1 4 4 3 4 4 
4 2 3 4 1 3 1 2 3 4 3 1 4 1 4 3 1 1 2 3 3 4 2 4 4 1 4 3 3 3 2 1 2 2 1 3 1 3 2 4 3 3 1 2 1 3 4 3 2 4 2 4 4 1 4 4 3 3 2 3 1 4 2 4 2 3 2 3 2 1 3 1 3 2 3 1 1 3 1 2 2 3 2 4 2 2 1 1 4 2 4 1 1 1 3 1 3 4 1 2 3 1 2 2 1 4 2 1 2 3 2 1 1 4 3 3 4 1 1 3 2 2 2 2 4 2 4 2 4 4 4 1 4 1 3 2 1 4 
4 2 1 4 2 3 2 3 2 1 1 1 3 4 4 2 3 1 1 2 1 3 2 2 1 4 1 3 2 4 2 2 1 1 4 1 3 4 1 2 4 4 2 4 2 4 1 1 4 4 1 4 1 1 3 3 2 4 3 2 1 3 2 2 2 2 1 1 2 2 4 3 1 1 2 4 3 3 2 3 1 3 3 3 2 4 4 2 2 2 1 2 4 2 1 2 3 2 2 4 2 2 4 1 1 3 3 4 1 4 1 4 4 4 1 2 4 4 3 2 2 3 1 3 1 2 4 4 2 2 3 4 2 1 2 2 3 4 
4 2 1 3 2 1 1 2 1 4 2 3 2 1 4 2 4 2 3 2 1 4 3 1 4 4 3 2 4 2 3 1 1 4 2 1 1 3 4 4 4 3 4 4 3 2 3 3 4 1 1 2 2 2 2 2 1 1 4 3 2 1 4 3 1 2 2 1 2 1 3 3 1 4 3 3 4 3 3 3 3 2 1 3 4 4 3 2 3 4 4 3 2 4 3 1 3 1 3 2 4 3 1 1 1 1 3 2 3 4 3 3 4 2 1 3 4 3 1 2 2 2 1 2 3 1 1 1 1 1 1 1 3 3 4 2 1 4 
4 2 2 4 4 4 3 1 1 3 2 4 2 4 1 2 2 1 4 3 3 2 4 2 2 4 1 2 3 2 2 1 2 3 2 2 1 2 4 1 2 1 3 4 4 1 3 2 1 2 1 1 4 2 2 2 2 1 4 3 1 3 4 4 3 3 3 2 1 3 2 4 4 3 1 3 2 2 2 1 3 1 1 2 3 3 2 1 2 4 4 3 2 2 3 2 2 3 3 2 2 2 1 3 4 2 3 1 1 3 3 3 4 1 1 3 1 3 2 2 2 4 3 3 3 4 3 4 3 3 2 3 3 1 3 2 4 4 
4 2 4 1 3 3 3 1 2 4 3 4 3 4 1 4 2 2 4 2 2 2 3 2 1 1 2 1 2 3 4 3 3 3 2 4 2 3 1 3 4 2 4 1 1 3 3 1 4 2 3 1 1 2 4 4 4 3 3 2 2 3 1 1 3 4 2 1 3 3 4 3 4 2 3 2 1 4 2 4 4 2 4 2 4 1 2 1 4 1 2 1 4 4 4 3 2 1 3 3 2 1 4 3 1 3 1 1 3 3 2 4 3 3 1 4 2 3 1 4 1 3 1 1 1 2 1 2 3 4 3 1 2 4 1 3 1 4 
4 2 2 4 1 4 3 3 3 4 1 1 3 1 3 3 3 3 3 3 1 1 2 1 4 3 2 3 2 1 4 3 4 2 4 4 2 3 4 3 3 2 2 1 3 1 2 3 1 4 1 1 1 3 2 1 3 2 4 1 1 3 4 2 4 2 2 2 4 3 2 4 3 1 3 2 2 3 3 1 2 4 3 4 3 3 3 3 2 4 1 1 4 1 4 4 3 4 1 2 3 2 1 3 2 3 1 3 1 4 3 1 3 2 3 1 3 1 4 2 2 1 4 1 1 4 1 4 4 1 4 1 2 3 1 2 2 4 
4 4 1 2 3 2 1 1 2 1 1 3 1 1 2 4 2 2 2 1 1 3 2 4 2 2 3 1 2 2 3 3 2 4 3 3 2 1 1 4 1 4 2 4 2 4 4 1 2 3 1 2 3 1 3 3 4 4 1 3 1 4 3 4 3 3 4 4 4 3 2 3 1 2 1 4 2 4 3 3 1 1 2 2 2 1 4 2 2 4 2 4 3 4 3 3 3 1 2 3 2 3 2 2 4 3 1 2 2 1 4 2 3 2 1 1 2 3 2 4 1 3 2 2 3 2 3 4 2 4 2 3 1 4 4 3 4 4 
4 4 3 2 2 4 3 1 1 3 2 1 3 2 4 4 1 3 4 2 2 3 3 4 4 3 1 3 4 1 1 1 3 1 4 2 2 3 2 4 4 2 3 2 2 3 3 4 4 3 1 2 3 4 4 3 4 4 1 3 4 1 2 4 4 2 3 3 3 3 3 1 1 1 2 2 1 1 2 3 2 2 1 1 4 4 3 3 1 2 1 2 4 4 3 4 4 3 1 4 3 1 4 3 2 4 2 1 1 1 4 2 3 3 4 3 2 1 1 2 1 1 4 3 4 3 3 1 1 2 4 1 3 3 1 1 1 4 
4 4 1 4 3 1 4 1 1 2 3 2 2 3 3 3 3 3 1 2 1 2 4 1 3 1 3 3 4 3 4 3 1 2 2 3 3 2 1 1 3 2 3 4 1 3 4 1 2 2 1 2 1 2 4 4 2 2 2 2 2 3 3 3 2 2 2 3 3 4 4 3 2 2 3 3 3 1 1 4 3 2 1 1 3 4 2 2 1 3 3 1 3 3 2 3 1 1 3 3 4 2 2 1 3 2 3 2 3 4 4 1 1 1 4 2 2 3 4 2 3 4 3 4 1 2 4 2 3 4 2 1 3 1 3 1 2 4 
4 4 1 3 3 3 3 2 2 2 3 1 1 4 4 2 1 1 1 4 1 2 1 2 1 3 2 2 4 2 2 3 2 4 1 2 3 4 2 3 2 2 4 2 2 3 2 3 2 2 1 2 2 2 4 1 3 3 3 1 3 4 1 4 2 1 3 4 4 2 4 3 3 2 2 3 1 2 1 4 1 4 4 2 1 3 1 3 4 3 1 3 3 3 2 4 2 4 1 4 2 2 4 3 4 1 4 2 1 1 1 4 1 1 4 3 3 2 4 1 2 3 1 1 3 4 2 2 4 1 4 2 4 3 1 1 2 4 
4 1 1 3 1 3 2 1 1 4 4 3 4 4 3 2 4 4 3 2 3 3 1 2 3 3 2 1 4 1 4 1 4 2 2 2 1 1 1 4 1 1 2 3 1 3 1 1 4 4 3 1 3 4 4 4 1 1 3 4 2 2 1 3 2 3 3 4 3 4 3 3 2 4 3 4 1 3 4 1 3 1 1 4 3 3 2 3 3 1 2 4 1 3 3 2 2 3 1 1 3 3 4 3 3 3 3 1 4 4 4 1 2 3 1 2 4 4 3 3 3 3 1 2 4 4 1 2 2 3 2 4 3 4 1 2 3 4 
4 2 3 1 3 1 4 1 4 4 2 4 3 4 3 2 3 2 1 2 2 1 2 4 3 4 3 2 3 1 4 4 1 3 3 2 2 3 1 1 1 3 2 2 2 4 3 3 2 3 4 4 3 4 4 3 4 1 3 2 1 2 3 2 2 1 1 3 3 1 4 1 2 3 2 2 4 3 1 3 4 3 4 4 2 1 3 2 3 3 2 4 1 4 3 2 2 2 2 1 4 2 2 3 2 2 2 1 1 1 1 3 1 2 3 1 1 4 2 1 2 3 2 4 1 2 2 1 4 3 4 3 3 2 1 2 2 4 
4 2 3 3 4 4 1 2 4 3 3 1 1 2 1 3 2 4 2 2 3 3 1 4 1 4 3 4 2 4 4 2 1 1 3 1 4 1 2 1 2 1 2 2 4 1 1 4 4 1 3 4 2 3 1 4 1 3 1 3 1 3 1 3 3 2 4 1 3 1 3 4 4 4 1 3 3 4 2 3 4 3 1 3 3 4 2 4 2 1 2 4 3 3 2 2 2 3 3 4 3 1 3 2 3 3 1 3 4 2 3 3 3 2 3 3 4 3 3 3 3 3 4 3 1 2 1 2 1 1 1 1 3 3 1 1 3 4 
4 4 2 2 1 3 1 4 2 4 3 3 2 4 3 3 1 4 3 2 3 3 3 2 3 2 3 2 2 4 4 2 2 2 1 2 3 3 1 1 3 1 3 1 3 4 1 3 2 2 4 2 2 1 2 3 4 2 4 4 4 4 1 2 4 3 2 4 2 4 1 4 2 2 3 3 1 2 1 2 3 2 1 4 2 1 2 1 4 3 3 2 4 2 3 3 1 3 2 1 4 4 1 3 1 2 4 2 4 4 2 4 4 4 1 3 2 1 2 1 3 3 1 1 3 1 1 4 4 1 4 3 4 4 4 4 1 4 
4 4 1 1 1 4 3 2 3 4 3 2 3 1 2 3 2 3 4 1 4 4 1 3 4 4 4 4 2 1 1 1 2 1 2 2 1 4 3 1 4 4 4 1 4 2 3 1 1 1 1 2 1 4 2 2 4 3 3 4 1 2 2 4 2 4 1 3 1 3 1 1 1 3 4 3 3 2 4 1 4 1 4 3 4 1 2 1 2 4 4 1 3 3 2 4 1 1 2 4 3 1 3 4 1 1 2 3 1 3 3 3 3 2 1 1 2 1 2 1 4 1 2 2 4 1 3 2 4 4 4 2 2 4 3 1 2 4 
4 4 2 1 2 3 2 4 1 3 2 2 3 1 2 1 2 4 1 3 1 3 4 4 2 2 1 4 3 2 4 1 4 2 2 1 2 1 3 2 2 1 1 3 3 1 4 4 3 4 3 2 4 4 1 4 2 3 4 1 2 3 3 1 2 3 1 2 2 3 1 1 4 2 1 3 3 3 3 3 1 2 1 4 3 2 1 1 1 3 4 3 2 1 4 1 3 2 3 1 1 2 1 3 4 4 1 2 3 3 4 3 3 2 4 1 2 3 1 2 2 4 1 2 4 3 2 1 1 1 1 3 3 3 3 4 1 4 
4 4 4 1 4 4 2 1 4 2 2 2 2 2 4 1 4 4 1 2 3 1 1 2 4 3 1 4 2 3 1 3 2 3 2 1 3 1 3 1 3 1 4 2 2 1 4 3 2 3 3 4 3 2 1 1 1 4 2 1 3 1 3 4 3 2 4 2 2 4 3 2 2 4 4 4 4 1 3 3 4 2 4 4 1 3 1 2 4 4 3 3 4 3 3 2 4 2 3 4 3 1 1 4 3 1 2 2 1 4 4 1 1 3 4 2 1 4 3 2 4 2 3 4 3 1 3 4 3 3 1 2 4 3 2 1 4 4 
4 1 4 2 3 1 1 2 2 3 2 1 1 3 4 3 1 1 4 2 3 4 1 4 4 1 4 2 1 4 1 4 4 3 4 1 3 1 2 3 1 2 2 4 1 3 4 3 4 2 3 2 4 3 3 1 3 2 2 1 1 4 4 2 3 3 2 4 2 1 4 2 3 3 4 2 2 3 4 1 4 4 1 1 1 3 2 3 3 2 4 1 4 1 3 2 3 1 2 4 2 2 1 2 1 4 4 4 2 2 1 2 2 3 3 2 4 3 3 1 1 2 1 1 3 3 3 2 4 3 3 1 1 4 2 2 4 4 
4 2 4 3 4 2 4 1 1 4 3 2 2 3 3 1 3 4 3 1 3 4 1 2 1 2 1 2 1 4 4 3 2 3 3 2 3 3 4 1 3 4 2 3 3 2 2 2 3 2 2 3 4 1 2 3 2 2 1 2 4 4 4 3 1 4 3 4 4 2 4 1 4 1 4 3 2 2 3 3 2 1 4 3 2 2 1 2 3 3 2 4 3 1 1 1 1 4 4 1 4 1 3 1 2 1 2 3 2 4 1 2 2 2 3 4 1 4 2 3 1 2 4 1 3 4 1 2 3 1 3 1 3 4 3 2 3 4 
4 1 1 1 4 2 4 4 2 4 4 2 1 3 1 3 1 3 4 1 3 4 1 4 2 2 2 1 4 1 2 4 4 3 4 1 4 3 2 4 2 4 3 2 1 3 4 3 4 1 1 2 2 2 3 2 4 3 3 2 1 1 2 1 3 3 1 1 2 2 1 4 2 2 1 3 4 4 1 1 1 4 4 4 2 1 3 2 3 3 2 2 2 3 4 2 2 3 2 4 2 2 3 3 3 2 4 4 4 1 1 4 4 1 1 2 4 4 1 1 1 2 4 3 4 2 2 3 1 2 4 4 4 1 1 1 2 4 
4 3 3 1 4 3 2 3 3 1 1 4 4 3 1 4 1 4 4 4 3 2 3 3 3 2 2 3 3 4 3 4 1 4 1 4 3 3 1 2 2 2 4 2 1 4 2 3 1 2 4 4 2 3 3 1 1 1 3 2 3 1 2 1 1 2 4 4 2 3 1 2 4 1 3 3 1 2 4 3 4 4 4 3 3 4 2 2 3 1 4 3 1 4 3 4 3 2 3 1 3 2 1 1 1 1 1 3 2 4 4 2 3 1 2 2 1 1 1 2 2 4 3 2 1 3 3 1 3 2 2 4 3 4 2 4 3 4 
4 1 4 4 3 1 4 1 1 1 1 2 2 4 1 4 1 4 4 1 3 3 3 2 1 2 4 2 4 2 3 1 3 1 2 1 3 4 3 3 2 3 3 1 1 2 4 3 2 4 1 1 3 2 2 1 2 4 3 3 1 2 2 4 4 1 4 1 2 4 1 2 4 3 1 1 1 4 3 3 3 2 3 3 1 2 1 4 3 1 3 3 3 3 2 3 2 1 3 1 3 4 1 4 1 4 2 4 1 1 1 2 1 3 3 3 1 1 4 2 3 3 1 4 4 4 2 4 1 2 1 3 4 1 1 3 2 4 
4 3 1 2 4 4 2 2 1 2 2 2 1 4 1 4 2 4 1 2 3 3 4 2 3 4 3 4 1 1 3 1 2 3 1 1 4 4 2 1 2 1 1 2 3 4 2 2 2 4 2 3 1 3 4 2 4 2 3 4 4 1 1 4 2 4 3 1 2 2 4 4 4 2 1 2 4 2 3 2 2 1 3 4 3 4 3 3 2 3 1 1 2 1 2 4 2 2 1 3 4 3 4 4 3 1 3 4 3 1 3 2 3 3 3 4 3 1 4 3 2 3 3 2 2 2 2 2 2 2 1 2 2 3 4 2 2 4 
4 3 1 4 3 2 4 2 2 1 3 2 3 2 1 2 2 4 3 2 3 4 2 4 2 1 1 3 3 1 4 4 1 3 4 3 1 4 2 4 4 4 3 1 2 3 3 1 3 1 3 2 4 1 3 2 3 4 2 1 3 4 2 3 4 3 4 3 4 2 3 3 2 4 3 2 2 3 3 2 2 1 2 4 3 4 2 1 4 2 2 4 3 4 2 2 1 1 2 4 4 2 2 4 1 4 1 1 3 2 1 4 4 1 3 2 4 1 3 1 4 3 1 4 1 4 3 1 4 3 3 4 2 3 4 2 3 4 
4 4 2 4 1 2 1 3 1 3 1 3 3 4 3 1 1 3 1 1 1 1 4 1 1 4 2 1 2 1 1 3 3 1 2 4 4 4 1 4 2 2 2 1 4 4 1 4 2 3 1 4 2 4 3 3 2 4 4 4 1 2 1 4 1 1 3 1 4 4 4 4 2 1 1 1 3 1 1 4 1 1 2 2 2 1 2 3 2 1 4 4 3 2 1 4 3 3 3 3 1 2 3 4 3 4 1 3 1 2 3 1 2 3 3 1 4 2 2 2 3 4 2 3 3 3 3 4 1 3 1 2 1 3 2 2 4 4 
4 3 3 3 1 2 2 2 4 1 3 1 2 2 4 2 4 4 3 2 4 2 3 4 3 1 4 4 2 3 4 1 1 1 1 3 2 1 2 3 2 1 3 1 2 1 3 3 3 4 4 1 2 3 1 2 1 4 2 2 3 1 2 2 4 2 1 3 2 4 2 3 1 4 1 2 2 1 1 1 1 4 2 4 4 1 3 3 4 1 4 3 4 2 4 3 1 1 4 3 1 2 2 3 2 3 2 1 3 3 4 4 2 1 1 4 3 4 4 3 3 3 2 3 2 1 1 4 3 2 1 3 2 2 2 2 3 4 
4 4 2 1 2 4 3 4 4 4 1 3 4 1 4 2 4 1 1 3 4 3 3 1 1 2 2 3 2 3 2 2 1 3 2 2 4 2 2 3 2 1 1 1 2 3 3 4 3 2 4 4 2 1 1 2 2 4 3 4 4 2 3 1 4 3 1 1 1 2 1 1 2 2 4 1 1 2 3 2 3 1 2 1 2 4 2 3 3 1 2 3 2 2 3 3 3 1 3 1 1 3 2 2 2 3 4 3 4 1 3 2 1 4 2 2 3 4 1 4 2 2 2 3 2 4 4 4 2 1 2 4 1 1 1 3 1 4 
4 2 4 4 1 3 3 2 3 4 3 2 3 3 4 3 4 1 4 3 2 4 2 3 2 3 3 3 2 1 1 1 4 2 4 1 2 2 4 2 3 3 1 1 2 2 3 1 3 1 1 4 2 4 1 3 3 4 2 3 4 4 2 1 3 2 1 2 4 4 3 3 3 1 3 2 2 4 3 2 2 4 3 3 2 1 4 1 1 2 1 1 3 1 4 4 4 4 1 3 1 3 3 4 1 2 4 2 3 2 4 1 3 3 2 1 3 4 3 3 2 1 1 2 4 2 4 2 4 3 2 4 3 1 4 3 1 4 
4 2 4 4 4 3 3 1 2 3 2 2 2 3 1 3 4 1 1 4 3 2 2 3 1 4 3 4 2 4 4 2 4 4 2 3 4 2 1 2 2 3 1 2 1 4 1 2 3 2 3 2 4 2 3 4 4 1 4 3 1 4 4 4 1 4 1 2 3 4 3 4 1 4 1 3 2 3 3 2 1 1 3 3 2 1 3 3 4 2 1 3 2 4 3 4 4 2 1 2 1 2 4 2 1 2 4 1 3 4 2 3 3 4 3 1 2 2 1 3 2 4 1 3 2 2 2 4 4 1 1 2 1 3 1 3 1 4 
4 4 2 4 2 3 1 2 3 4 3 4 3 4 4 3 4 1 4 4 3 1 1 2 1 4 1 1 1 4 1 1 3 4 1 1 2 4 2 1 4 3 3 4 2 1 1 4 3 2 1 4 1 2 3 1 2 4 4 1 4 2 1 4 2 4 1 4 4 1 2 3 1 2 2 2 4 2 2 3 4 1 2 2 1 4 4 3 4 3 4 1 4 1 2 2 2 3 1 1 2 2 1 3 2 3 3 4 1 4 3 2 2 2 2 2 4 2 2 3 3 3 3 1 2 1 1 2 4 3 4 1 2 1 4 4 4 4 
4 4 4 3 2 2 3 2 1 4 3 1 1 4 1 1 1 2 4 3 3 1 4 4 4 4 3 1 1 3 1 4 2 3 2 3 4 2 1 3 3 1 3 3 1 1 1 1 3 1 3 4 2 3 3 3 4 1 2 3 4 1 1 2 4 4 3 2 2 1 1 1 4 3 3 3 3 2 1 1 4 2 4 2 4 2 2 1 3 4 1 1 4 3 1 4 3 1 2 2 1 3 3 4 2 2 2 1 4 1 4 1 3 2 1 1 2 1 1 3 4 1 4 3 1 4 2 1 1 4 3 1 1 2 4 4 4 4 
4 1 2 4 4 2 1 1 4 2 4 3 1 3 3 3 1 2 2 3 2 3 3 1 2 4 4 1 4 2 2 4 2 4 4 4 2 1 4 4 1 4 2 3 1 3 2 1 3 1 4 2 4 1 4 4 2 1 3 4 1 1 2 1 1 3 2 2 1 2 1 4 4 4 3 3 3 3 4 4 2 4 3 1 4 2 4 4 3 4 1 1 3 3 1 1 3 3 1 4 4 3 4 1 2 4 3 3 4 3 2 4 2 4 3 2 3 2 4 3 4 2 2 2 2 1 3 3 3 3 4 1 2 3 1 2 2 4 
4 3 2 1 3 1 2 4 4 3 3 2 1 4 3 1 4 1 3 4 2 1 3 4 3 4 1 1 3 4 2 1 2 2 1 4 3 4 4 2 4 2 1 4 3 1 3 4 3 1 1 2 2 1 3 1 3 1 3 4 3 4 3 1 1 2 4 3 2 1 2 1 2 4 1 3 2 1 2 3 3 4 4 2 1 4 4 3 4 1 3 1 4 1 4 1 1 3 1 2 3 1 3 4 1 4 2 2 2 4 3 2 1 1 2 4 1 1 3 1 4 3 3 3 3 2 4 4 2 4 2 2 2 4 4 4 4 4 
4 1 1 4 1 2 4 3 1 3 1 4 4 1 1 4 1 4 1 1 2 2 4 4 3 3 1 2 1 2 4 2 4 2 3 4 4 4 3 4 3 3 3 1 2 1 3 3 2 1 3 4 2 4 4 3 2 3 4 2 2 2 1 2 4 2 3 4 1 3 2 3 1 2 2 3 4 4 2 4 2 4 1 3 3 3 3 1 3 1 2 4 1 3 3 2 2 1 1 2 2 2 2 2 4 1 2 1 4 3 2 1 3 2 3 1 3 3 2 4 1 3 4 3 4 2 3 3 4 4 2 2 1 2 3 1 2 4 
4 1 1 3 1 2 3 1 2 1 2 3 3 3 1 4 2 1 1 1 1 4 1 1 1 3 4 2 3 1 3 3 1 2 1 3 3 2 1 2 1 4 2 3 1 1 3 3 3 4 2 2 1 3 3 3 1 1 2 3 3 2 4 2 3 2 2 1 4 4 4 1 2 1 2 4 3 4 2 4 1 3 4 2 4 2 1 2 4 3 4 1 3 4 3 4 4 3 3 4 1 1 2 2 2 3 1 2 4 1 3 2 3 4 2 1 2 4 2 1 1 4 3 3 3 1 2 3 4 2 3 4 3 3 1 4 2 4 
4 2 4 2 3 2 3 4 1 3 2 1 3 4 2 2 1 4 2 3 4 1 3 3 4 4 2 2 3 2 1 2 1 4 1 1 1 3 2 4 4 2 4 1 1 2 3 1 1 4 1 4 3 2 2 1 3 4 4 2 3 2 1 2 3 4 1 3 1 1 4 2 1 3 4 3 4 3 3 1 1 1 3 4 1 3 4 3 1 2 4 4 1 2 3 2 4 4 1 1 4 2 2 2 2 4 2 2 3 3 4 2 4 4 2 2 1 3 2 4 3 2 2 3 1 4 4 1 2 3 1 1 3 1 1 1 2 4 
4 4 2 2 3 2 3 3 1 2 3 3 2 4 1 1 1 4 1 2 3 4 4 3 4 3 2 1 1 4 2 4 3 2 3 2 2 2 3 4 2 4 1 2 3 1 4 1 3 2 1 4 3 3 2 4 2 4 4 2 1 2 4 3 3 3 3 4 1 3 4 2 1 3 3 4 4 4 4 4 4 3 3 4 2 1 3 1 2 1 1 3 4 2 2 1 3 3 2 2 3 2 3 4 2 1 2 1 1 1 1 2 1 3 4 3 2 4 3 2 4 4 2 4 1 2 1 4 3 3 1 4 4 4 4 3 4 4 
4 4 1 3 3 2 1 2 2 4 2 3 3 1 1 1 3 1 3 1 2 2 4 1 4 3 2 2 4 2 2 3 3 3 1 3 4 3 3 2 3 4 3 2 2 1 3 3 2 4 2 3 1 3 3 2 4 2 2 3 1 3 1 2 4 3 4 3 1 3 1 2 2 1 3 3 1 3 4 3 2 2 1 2 2 1 4 4 1 3 2 2 1 4 3 3 2 4 1 4 3 2 1 2 2 2 3 4 3 3 2 2 3 1 3 1 4 2 4 2 4 4 2 2 2 4 2 4 1 1 1 2 2 4 4 1 4 4 
4 2 1 4 4 1 1 4 4 2 1 2 4 1 1 4 4 1 1 4 2 4 3 1 2 1 2 1 1 2 2 3 3 1 2 3 4 1 2 4 4 3 2 2 1 2 3 1 4 4 4 1 4 3 1 3 4 4 3 1 4 4 4 4 1 4 4 1 2 4 3 3 4 3 3 4 1 3 1 3 3 4 1 2 2 3 4 1 3 4 3 3 2 1 1 4 2 1 4 3 3 1 4 2 1 2 1 3 2 2 1 1 4 4 2 2 4 1 3 4 3 3 4 3 4 2 1 1 4 2 3 2 2 2 1 1 2 4 
4 3 3 3 4 2 2 2 3 1 3 4 2 3 3 3 2 3 4 2 4 3 4 3 2 1 4 1 2 3 3 2 4 2 1 1 1 1 4 2 4 4 4 1 4 4 4 2 1 3 3 1 2 2 1 4 4 3 4 1 3 2 2 4 2 3 2 1 1 2 2 4 1 4 2 4 2 4 4 4 4 4 3 2 3 1 3 2 3 3 3 3 1 1 2 4 3 4 3 2 1 2 1 3 1 3 4 1 2 1 1 2 3 3 2 3 3 1 3 3 2 4 2 2 1 1 3 1 1 4 1 3 1 1 3 4 3 4 
4 1 1 3 2 2 2 3 3 1 2 4 2 3 2 2 1 4 3 3 3 2 4 4 1 4 3 4 2 3 4 2 4 4 4 2 1 1 3 4 3 3 1 2 1 1 2 3 3 1 1 2 4 1 2 3 2 3 3 1 4 2 3 2 4 1 3 1 1 4 2 3 1 1 3 3 4 3 3 2 2 1 3 1 2 4 4 3 4 3 1 4 3 4 2 4 4 4 2 1 2 3 2 4 3 4 1 3 4 2 2 2 2 4 1 1 2 3 2 3 3 2 1 2 4 1 2 4 4 4 3 2 1 2 4 2 4 4 
4 3 2 2 3 4 4 2 3 3 1 3 1 4 3 4 1 3 1 1 4 1 2 4 4 2 1 1 1 3 3 2 4 3 2 4 2 2 3 3 3 1 1 1 2 1 1 2 1 2 1 1 2 2 2 3 4 4 4 1 2 4 1 3 2 3 2 1 2 1 3 3 2 2 1 1 1 2 1 2 4 2 2 3 1 2 2 4 4 1 1 2 1 4 1 3 1 3 4 1 1 3 1 4 1 2 4 4 4 1 2 3 1 4 3 3 4 4 1 2 4 2 4 3 4 1 1 2 2 4 1 2 2 2 4 3 1 4 
4 4 2 4 2 2 2 4 3 4 1 4 2 3 3 3 1 2 4 4 4 1 2 1 4 1 1 3 3 4 4 1 4 1 1 3 4 3 3 3 3 2 1 4 4 3 4 3 3 2 2 1 4 1 1 1 2 1 2 4 3 3 2 1 3 4 2 2 1 1 3 3 1 4 4 2 2 3 1 4 2 2 2 2 3 3 4 1 4 4 3 2 3 1 2 4 3 1 1 1 1 1 4 3 4 2 1 3 3 4 3 1 2 1 3 4 3 1 3 3 4 3 3 1 1 4 4 3 4 4 4 1 4 3 1 3 4 4 
4 4 4 4 4 4 2 3 3 2 4 4 3 2 4 2 1 3 1 1 3 1 3 4 2 4 2 1 4 2 1 1 1 3 1 1 1 4 3 3 4 3 3 2 3 1 4 1 3 4 3 3 3 1 2 1 1 1 1 2 1 1 2 4 2 3 1 4 1 1 2 4 1 2 2 3 3 3 1 4 3 1 4 4 4 4 2 2 4 4 1 3 2 2 4 3 2 2 2 4 3 3 3 4 3 3 4 1 1 4 1 2 1 2 1 3 3 4 3 1 4 1 1 1 3 1 4 1 4 3 1 1 3 2 4 2 3 4 
4 3 4 4 1 1 1 3 1 3 1 2 1 3 2 3 3 1 4 4 2 4 1 3 1 4 2 3 4 4 4 3 3 1 3 3 1 2 3 3 2 3 4 1 2 4 3 3 2 4 1 2 4 4 1 2 3 1 2 4 1 2 4 1 4 1 4 4 2 1 4 4 2 1 4 4 2 1 1 2 3 4 4 4 1 1 1 2 2 4 1 4 2 2 3 3 2 2 3 4 4 1 2 2 1 1 4 2 1 4 4 3 1 3 1 4 4 4 2 3 2 2 3 3 1 3 1 3 1 1 4 3 2 3 1 3 3 4 
4 1 2 2 4 2 3 2 1 3 1 1 3 4 2 2 4 3 1 2 2 4 1 4 4 4 4 4 2 1 4 4 1 1 4 3 1 4 1 1 1 1 2 2 4 1 4 2 3 4 4 3 4 4 2 3 4 4 4 4 4 4 1 2 1 4 3 1 3 1 3 1 4 2 4 3 3 4 2 3 2 4 1 1 2 1 4 3 3 4 3 4 1 4 4 2 2 4 3 1 3 1 4 2 3 2 1 3 1 2 3 3 3 1 1 3 2 3 3 4 3 3 1 2 1 1 4 4 3 3 1 1 4 1 4 3 2 4 
4 2 4 2 1 4 4 3 2 4 4 2 3 2 1 2 3 4 3 1 2 2 2 3 2 4 1 3 4 1 3 1 1 2 1 2 3 2 3 1 3 2 1 1 1 1 3 3 1 1 1 4 2 3 2 4 4 2 4 4 4 3 2 4 2 3 2 1 3 2 3 2 1 3 3 3 3 2 4 2 1 2 4 3 1 3 3 4 2 2 1 3 2 1 4 3 2 1 3 2 1 2 4 3 2 2 1 1 1 2 4 4 2 2 1 3 2 4 3 2 4 1 1 3 2 3 2 1 4 1 1 2 3 3 2 4 2 4 
4 4 1 3 3 4 1 2 3 3 4 3 2 1 1 3 3 2 4 1 3 2 1 4 4 2 4 3 3 3 1 3 3 3 3 2 2 4 4 3 1 1 3 4 2 2 2 3 4 4 2 1 1 3 1 4 3 2 4 2 3 2 1 4 4 2 4 3 1 1 3 2 1 3 3 1 4 3 2 4 4 1 3 2 4 3 1 3 1 1 2 3 2 4 2 1 2 2 1 2 3 4 1 3 4 1 3 1 2 3 1 2 4 1 4 3 3 4 1 3 1 2 4 2 2 4 1 2 2 4 4 4 4 1 2 2 4 4 
4 3 2 3 2 2 4 3 2 1 2 4 3 3 4 3 1 3 3 3 2 3 4 2 3 4 3 4 1 1 3 1 1 2 2 4 1 2 3 1 1 4 4 1 4 4 2 1 3 4 1 3 1 1 4 3 4 1 2 2 1 1 3 4 4 2 2 4 3 2 2 4 3 1 3 2 1 4 1 4 4 1 3 4 4 3 1 1 2 2 2 2 3 2 3 1 2 4 4 2 2 4 1 1 3 3 4 2 2 1 4 1 4 2 1 3 1 1 4 3 1 1 1 1 4 2 2 1 2 2 4 2 1 1 2 3 1 4 
4 4 2 2 2 2 2 4 2 3 4 2 4 3 2 4 3 4 2 1 3 1 4 2 2 2 2 4 3 1 2 4 3 2 1 1 3 2 1 3 3 2 3 3 1 2 3 4 1 3 4 1 4 1 3 1 1 2 4 3 4 3 1 1 1 3 1 4 4 2 4 3 1 4 4 2 3 3 3 1 4 2 1 3 2 1 4 2 1 1 2 1 1 2 4 1 4 2 1 4 2 4 3 2 4 2 1 1 1 3 1 4 1 2 4 4 3 4 4 3 1 4 2 1 3 2 2 1 1 1 3 1 2 4 1 4 4 4 
4 2 1 1 2 1 3 2 4 1 3 2 2 3 2 2 1 1 4 4 1 1 3 1 2 3 2 3 1 1 1 4 1 1 2 2 1 1 4 3 4 2 2 1 1 1 1 3 4 4 3 3 3 2 3 1 2 4 3 3 1 4 2 3 4 2 2 3 1 4 2 3 2 2 3 3 3 3 4 2 2 1 1 3 2 4 3 4 1 4 1 1 1 4 3 1 2 1 1 3 3 1 2 3 4 1 1 3 4 3 3 4 1 3 3 1 1 2 4 4 1 2 4 1 2 3 2 2 4 2 4 3 1 1 1 3 3 4 
4 4 3 4 2 2 4 4 3 4 3 3 2 4 1 4 1 3 4 3 4 4 3 3 2 2 3 2 3 4 4 4 2 1 2 1 1 2 1 4 1 1 4 3 4 2 1 2 2 1 4 2 1 4 2 1 4 3 3 2 3 2 4 2 2 3 2 3 3 3 3 4 3 4 2 2 4 3 1 1 4 4 1 2 2 3 4 4 4 4 2 3 4 1 1 4 4 1 2 3 2 4 4 2 1 3 3 2 3 4 3 3 2 1 4 2 3 3 1 2 2 3 4 3 2 2 4 2 1 2 2 4 4 2 1 2 3 4 
4 1 2 4 1 3 1 3 4 2 1 3 4 2 3 3 2 3 3 4 1 4 1 2 4 2 3 4 2 1 1 2 1 3 1 4 3 1 1 3 4 4 3 4 1 4 4 3 3 3 2 3 1 3 4 1 2 4 1 1 1 2 4 1 2 4 2 4 1 3 1 2 3 3 3 2 4 1 3 1 1 1 2 4 4 1 1 3 1 2 3 3 2 3 2 3 4 1 3 3 4 4 4 4 1 4 1 1 2 2 3 2 4 2 2 2 2 4 4 2 1 2 1 1 3 4 1 2 2 2 2 4 1 1 3 2 2 4 
4 1 3 4 4 2 3 3 3 2 2 4 3 1 4 2 3 4 1 4 2 1 3 2 3 4 1 3 2 1 3 3 3 1 3 1 2 1 4 4 3 1 2 2 4 3 4 4 2 2 4 1 4 1 1 4 2 4 4 1 2 4 1 4 2 1 3 1 2 2 1 3 4 2 2 4 4 3 2 3 2 4 4 1 2 1 2 1 2 4 4 1 2 3 4 3 4 1 2 1 3 1 3 3 3 1 4 2 2 3 2 2 3 4 4 2 4 1 3 1 1 2 3 3 3 4 4 1 4 3 4 1 1 3 1 1 1 4 
4 4 2 4 4 3 1 3 4 2 1 1 2 3 3 1 2 2 3 1 4 2 1 2 2 2 2 2 3 1 2 3 4 4 2 2 2 2 1 2 2 4 4 3 4 1 2 2 1 1 4 2 1 1 4 1 3 1 1 4 3 4 1 2 2 3 4 3 1 2 3 4 1 2 1 4 3 4 4 3 3 4 4 1 2 1 4 4 2 1 4 1 1 2 3 4 2 1 3 1 1 3 4 3 1 2 3 2 1 3 2 1 1 1 3 4 3 4 1 3 4 3 2 1 4 1 1 4 4 3 3 2 4 4 4 4 3 4 
4 1 1 3 2 1 4 1 1 2 4 2 4 1 3 4 4 3 4 3 3 3 4 2 4 2 1 3 1 3 4 4 3 4 3 1 1 3 1 4 3 2 1 1 1 3 2 3 3 3 1 2 2 4 4 2 4 1 3 3 3 4 1 1 4 4 3 4 4 1 2 4 2 2 2 2 4 2 4 2 2 2 2 4 3 3 2 4 3 3 3 3 4 4 4 3 2 1 2 4 2 2 2 3 1 2 1 3 3 4 4 1 3 3 3 3 3 1 2 1 4 3 4 2 3 3 1 2 2 4 2 2 4 2 1 3 3 4 
4 4 2 4 1 3 3 3 2 2 1 4 3 4 1 1 4 2 4 1 2 2 4 1 2 3 2 2 1 1 4 4 3 3 1 1 4 1 3 1 1 4 4 2 2 1 2 1 4 3 3 4 4 1 4 2 4 4 3 2 3 2 1 1 2 4 3 3 1 1 2 3 4 4 2 3 3 1 4 3 2 4 2 4 3 1 2 4 4 2 2 1 4 1 4 4 1 3 2 1 4 4 2 1 4 1 4 1 2 2 1 4 3 3 3 4 2 1 3 4 4 1 2 4 3 3 1 1 2 3 4 4 2 3 4 3 2 4 
4 3 4 2 2 2 2 3 4 3 2 1 4 2 3 1 2 4 3 2 1 4 1 3 2 3 2 4 4 4 3 3 3 2 1 4 3 2 2 2 2 3 2 3 2 1 1 2 2 3 4 2 3 3 3 1 4 1 4 2 2 3 3 4 1 1 4 4 1 4 3 1 2 3 3 4 4 1 3 3 3 1 2 2 3 1 3 4 4 3 4 3 3 4 2 4 4 4 1 2 4 3 4 3 1 4 3 4 2 4 3 1 2 4 4 3 2 3 3 1 1 4 4 2 1 2 1 4 4 4 1 2 2 4 1 2 1 4 
4 3 1 2 3 4 4 2 2 1 2 4 2 1 1 4 3 1 1 2 4 2 1 3 1 1 2 1 2 3 2 2 4 1 4 4 1 3 2 1 2 2 1 2 4 4 1 4 2 4 1 2 2 1 4 2 1 4 3 1 2 3 1 2 3 1 4 4 4 4 2 2 1 1 3 3 4 1 4 3 1 2 4 3 2 3 2 3 1 4 1 2 4 1 4 1 3 3 1 2 4 1 4 2 4 3 3 2 1 4 4 2 1 3 3 1 2 1 2 4 3 2 1 4 3 3 3 1 2 2 2 4 4 1 1 2 2 4 
4 4 1 1 3 1 4 4 2 1 4 3 2 1 1 3 4 1 2 4 4 3 2 1 1 4 3 2 3 3 2 4 1 2 2 2 4 3 1 3 4 3 3 2 3 2 4 2 1 3 3 2 1 4 3 1 3 1 1 3 3 3 2 1 3 4 3 3 1 4 4 1 1 3 2 2 4 1 4 2 1 4 4 1 2 4 4 1 1 4 4 3 3 3 1 2 4 3 2 3 2 2 2 1 4 2 3 3 2 3 2 3 1 3 1 1 2 4 4 1 4 2 3 3 3 4 3 4 3 1 2 4 1 1 2 2 4 4 
4 1 4 2 3 4 2 4 2 1 1 2 1 4 4 1 2 4 3 4 1 2 3 1 2 2 2 4 2 3 3 2 4 2 3 2 4 2 1 3 1 3 1 3 3 2 4 1 2 3 4 4 1 3 3 2 3 1 2 1 1 4 1 1 3 3 4 2 2 4 2 4 2 2 4 3 4 4 2 3 4 1 2 3 3 2 2 4 4 2 4 2 1 1 4 2 2 1 3 2 3 3 1 1 2 3 2 2 4 4 1 3 4 4 1 3 1 2 4 3 3 4 4 2 2 1 2 2 1 2 1 4 2 1 3 3 2 4 
4 2 1 3 1 1 1 3 3 3 4 4 2 2 2 3 1 3 1 1 2 1 2 2 2 1 2 4 2 3 1 1 1 4 3 2 2 1 1 1 1 2 3 2 1 4 4 3 1 1 1 2 4 1 4 4 4 1 3 4 1 3 3 1 1 4 1 1 2 2 3 1 1 3 3 4 3 1 1 3 4 2 1 3 1 1 3 4 1 3 3 4 3 3 4 1 3 4 1 4 1 2 1 3 1 1 1 3 4 2 4 4 1 4 1 2 1 3 1 3 2 1 3 4 3 2 3 3 2 4 2 3 4 2 4 3 3 4 
4 4 4 1 1 1 2 1 1 1 1 2 1 1 4 1 4 2 2 3 4 3 1 4 1 2 3 2 3 2 1 3 2 3 1 3 1 2 3 1 2 4 4 4 4 2 1 1 2 3 3 2 4 1 1 2 4 1 4 4 4 4 2 3 2 2 4 2 2 2 2 4 2 2 3 4 1 1 4 4 3 4 1 2 1 2 1 2 1 3 3 4 4 4 1 1 3 3 1 3 2 3 4 4 2 3 4 4 3 1 1 3 3 4 2 4 4 1 4 4 4 4 4 2 3 4 4 3 1 4 1 3 2 4 2 4 4 4 
4 4 3 2 4 4 4 4 4 3 2 3 1 3 2 2 1 3 2 3 4 3 2 2 2 3 3 4 3 3 1 2 3 3 4 3 4 1 2 4 2 1 2 1 4 1 4 1 1 1 1 1 4 1 1 2 2 4 3 4 4 2 4 3 2 1 4 2 3 1 3 2 2 1 1 4 1 2 1 1 3 1 1 4 2 1 2 4 1 2 1 1 2 2 3 2 2 4 3 1 2 3 2 4 3 1 3 1 2 1 2 3 1 2 1 1 3 1 2 2 2 2 1 4 2 2 2 2 1 3 4 2 2 1 2 3 3 4 
4 4 2 4 2 1 2 3 4 4 3 1 1 4 3 4 2 1 1 1 4 3 1 2 2 4 4 2 2 1 2 3 3 3 3 2 2 2 1 1 4 2 4 4 2 3 3 3 3 2 1 1 4 2 4 4 3 1 2 1 1 1 4 4 1 1 2 3 2 3 2 1 3 3 1 4 4 2 2 3 1 3 4 1 2 2 2 4 1 1 4 3 2 1 2 4 2 2 3 2 2 4 1 3 3 1 4 4 2 3 2 1 3 2 3 3 3 3 1 4 4 3 3 3 3 1 1 4 2 4 2 3 2 4 1 1 4 4 
4 1 3 3 2 1 3 3 4 1 4 1 4 3 1 1 4 2 1 3 1 2 3 2 3 3 2 4 4 4 1 2 3 4 1 1 2 1 4 2 3 4 3 4 3 3 4 4 4 3 4 3 2 4 1 1 1 4 3 4 1 4 3 4 2 4 4 4 4 3 4 3 2 2 1 3 4 4 3 1 1 3 3 4 4 3 3 1 4 1 1 2 2 3 2 1 2 4 1 1 2 3 3 3 4 2 4 4 4 2 3 3 3 2 4 3 1 2 4 3 2 1 3 3 1 2 4 1 2 3 2 4 4 2 3 1 1 4 
4 4 3 3 2 1 1 2 3 2 4 1 4 4 4 1 4 1 3 1 2 3 4 3 1 1 2 3 1 2 1 3 1 1 3 4 4 4 4 1 4 1 2 4 3 4 2 3 3 1 3 3 2 3 1 3 4 4 1 4 4 4 3 4 4 4 3 1 3 2 1 3 4 3 4 1 1 1 3 4 4 3 4 3 1 1 3 3 3 2 3 4 1 1 4 2 4 2 3 4 4 1 2 3 2 2 2 4 3 4 3 1 3 1 1 2 4 2 2 2 4 2 3 3 1 2 4 1 1 4 4 3 2 1 1 4 3 4 
4 4 3 4 3 2 2 3 4 3 4 2 2 3 2 1 2 1 3 3 1 2 2 2 2 4 4 1 3 4 1 4 2 1 1 1 2 4 2 1 3 4 2 3 1 4 1 1 1 3 2 4 1 3 4 3 1 2 1 4 3 4 4 1 1 3 1 1 4 4 1 1 1 1 2 1 2 2 3 1 1 1 4 4 1 4 1 1 4 4 3 4 3 3 3 2 1 2 2 2 4 3 4 2 1 1 2 2 4 4 1 2 3 2 3 1 1 3 2 4 4 3 1 2 2 4 2 1 4 4 1 1 4 4 3 2 2 4 
4 4 4 2 1 4 4 2 3 2 1 4 4 4 3 2 1 4 1 4 4 4 2 2 2 2 1 2 4 1 3 3 2 1 2 1 2 1 4 1 1 1 3 4 2 2 4 1 3 2 4 4 1 1 4 2 3 4 1 3 3 1 1 1 4 3 1 2 2 1 4 2 2 3 1 4 1 2 3 4 1 3 2 1 3 1 2 2 1 4 3 3 3 3 2 1 2 4 2 2 2 4 2 2 1 2 2 1 1 4 2 3 3 4 3 1 1 1 2 2 2 2 3 4 3 1 3 4 3 4 3 3 3 3 1 3 3 4 
4 2 1 1 2 1 3 3 2 4 3 4 1 3 2 4 4 4 2 1 2 4 1 3 1 4 1 1 4 1 4 2 1 2 1 2 3 1 3 1 1 3 4 4 2 1 3 4 2 3 3 2 4 4 2 1 2 1 1 2 3 1 1 1 4 3 2 4 2 4 3 2 3 1 2 1 2 3 4 2 2 3 1 1 2 2 3 3 4 3 3 3 1 4 1 2 4 2 3 4 2 4 2 4 4 1 3 2 3 2 1 2 2 4 1 4 4 4 1 4 4 1 2 2 4 3 1 3 2 2 1 1 4 4 1 2 1 4 
4 4 2 3 1 4 3 4 3 1 4 1 4 2 1 1 4 2 3 2 3 4 3 2 3 4 1 3 2 4 4 2 4 4 4 1 3 2 2 4 2 3 3 3 2 4 4 2 1 1 1 4 4 4 2 2 1 1 1 3 3 1 4 4 4 1 1 4 2 2 4 1 3 2 1 4 3 3 3 4 4 4 2 3 3 2 4 3 4 4 4 2 4 4 1 1 4 4 1 3 3 2 4 3 2 3 4 2 1 1 2 3 2 4 2 1 4 2 4 2 3 4 4 4 4 4 1 2 1 4 4 4 1 4 1 2 3 4 
4 3 2 3 4 2 2 1 1 1 1 4 1 4 1 1 2 4 4 3 4 3 3 4 3 3 2 3 3 1 4 2 3 4 4 2 3 4 2 2 3 2 2 2 4 2 3 4 2 2 4 3 1 4 1 2 1 4 2 2 1 4 3 3 1 2 3 4 3 2 2 2 3 3 1 1 3 2 1 2 3 3 3 1 4 4 2 4 1 3 3 3 1 2 2 4 1 3 4 4 2 3 1 2 4 4 2 2 1 4 2 2 3 4 1 2 1 2 1 3 3 2 4 2 3 3 1 1 2 1 3 2 4 1 1 4 4 4 
4 4 4 4 3 2 1 4 4 3 3 1 3 4 2 3 1 1 4 2 3 3 1 3 1 3 1 2 4 4 1 3 3 4 3 4 4 3 3 4 3 4 1 1 3 2 4 1 4 1 3 1 1 1 1 2 2 4 4 3 1 1 3 2 3 4 2 2 2 3 2 3 1 4 4 3 2 1 4 3 2 2 3 2 4 4 1 4 2 1 4 1 3 3 4 2 2 2 2 1 2 4 4 3 2 2 3 2 4 4 2 1 2 1 4 1 4 4 2 3 4 3 4 3 4 2 4 2 4 4 3 1 4 4 4 4 1 4 
4 4 4 2 4 3 4 1 3 4 4 1 2 3 1 1 4 2 3 2 3 1 3 3 2 4 4 4 2 4 3 2 3 3 2 4 1 3 1 4 2 1 3 2 4 4 2 1 3 2 2 4 1 3 1 1 4 3 3 2 3 1 2 4 4 3 4 2 4 2 4 1 3 3 4 1 3 3 3 3 1 1 3 4 1 1 3 3 2 1 4 2 1 4 2 1 3 3 3 4 1 1 2 1 4 4 3 2 2 4 2 1 4 2 1 3 3 2 4 2 3 4 3 4 4 2 4 1 1 1 3 4 2 4 2 1 4 4 
4 4 1 4 2 4 1 4 3 2 4 2 3 2 3 2 1 2 4 3 3 3 1 3 3 3 4 3 1 3 3 3 2 1 4 1 4 1 2 1 2 2 4 1 1 3 4 2 1 4 2 2 4 3 4 4 4 1 4 4 1 4 3 4 4 1 1 2 1 2 2 3 2 3 2 4 3 2 4 4 4 3 2 3 3 3 1 3 1 2 4 3 3 4 2 3 2 2 4 1 4 4 4 2 3 4 4 2 1 2 4 1 2 3 2 2 3 1 3 1 3 4 2 2 1 2 3 1 4 3 3 1 2 1 1 3 2 4 
4 1 2 3 4 1 3 3 4 4 4 3 3 2 2 3 1 2 2 4 3 1 3 4 2 3 1 3 1 1 4 1 1 4 3 2 4 1 1 1 1 1 3 1 1 4 4 4 1 1 2 1 1 3 4 4 2 2 1 1 3 1 1 3 3 4 4 3 3 2 1 1 1 1 2 3 2 4 4 3 4 2 2 3 3 1 3 3 2 3 1 3 4 4 2 4 4 1 4 3 4 4 4 1 1 2 2 2 4 4 3 1 1 1 4 4 1 3 3 4 2 3 1 2 3 4 2 3 3 3 4 3 4 1 1 4 1 4 
4 4 4 4 2 1 2 2 2 2 3 2 2 1 1 2 2 3 2 1 3 4 3 2 3 2 2 1 3 4 4 4 1 2 2 3 2 1 4 3 2 1 1 4 3 2 1 3 3 4 1 4 4 3 3 2 2 2 3 2 1 2 1 3 4 4 2 4 3 2 4 3 2 3 3 4 3 1 4 2 4 1 1 2 3 3 4 1 1 1 2 4 4 1 4 4 4 4 2 1 3 1 3 3 2 1 2 1 3 4 2 2 2 4 3 4 3 2 3 4 2 3 3 4 3 4 2 4 1 4 2 2 2 3 1 1 1 4 
4 4 3 2 1 1 1 4 3 2 3 3 4 1 3 1 3 1 2 4 2 2 3 1 3 1 2 4 4 2 2 2 3 4 2 1 3 1 2 4 4 1 2 1 3 4 2 2 2 2 2 1 2 4 1 3 2 1 2 4 1 2 3 3 1 4 4 1 2 1 1 4 1 4 2 3 2 1 1 3 2 4 2 2 2 4 1 3 3 4 2 1 2 3 3 2 2 3 3 1 2 2 1 1 3 4 2 1 4 4 4 3 2 1 2 1 1 2 1 1 1 4 2 2 1 1 2 2 1 3 1 3 3 1 2 2 1 4 
4 4 2 2 2 4 2 4 4 3 3 1 2 4 4 2 3 4 4 1 4 3 4 1 4 1 4 4 2 1 3 4 4 3 2 3 3 1 4 4 2 2 2 1 4 4 4 2 1 1 1 3 4 4 1 4 4 3 1 1 1 4 3 4 1 1 4 2 4 4 3 3 4 2 4 1 2 1 4 1 3 4 2 1 4 1 4 1 2 1 4 1 4 3 2 2 3 2 4 1 2 3 2 2 3 1 1 3 4 4 3 2 1 1 3 3 1 3 3 1 1 2 2 4 3 1 4 1 1 2 3 2 2 1 2 2 1 4 
4 2 4 1 3 3 2 2 2 2 4 4 4 2 3 4 2 2 3 1 4 1 2 1 3 4 4 4 3 1 3 3 2 2 4 3 4 1 1 2 1 4 1 3 2 1 3 3 2 1 2 1 1 3 3 4 1 1 1 4 2 3 1 3 1 2 4 1 3 2 3 2 1 3 4 2 2 2 4 3 4 1 1 4 2 3 1 2 2 2 4 1 1 2 3 2 2 3 4 2 2 1 1 4 1 2 4 1 4 1 2 2 2 4 1 1 1 3 4 1 1 1 4 3 3 2 2 2 4 2 4 1 2 3 1 1 2 4 
4 2 2 3 3 1 1 4 3 4 3 1 1 4 1 4 4 3 3 3 4 2 2 3 1 3 4 1 4 1 3 2 4 3 4 3 1 3 3 3 1 3 2 2 3 2 1 2 3 3 4 2 2 4 3 1 4 4 2 1 3 4 4 1 3 3 1 2 4 1 3 1 2 4 3 1 2 1 3 3 1 2 4 1 4 4 3 3 2 4 2 2 1 2 3 1 4 1 3 4 4 4 4 3 3 1 2 1 2 3 4 1 4 1 3 1 4 3 2 3 2 2 1 3 3 1 2 3 2 1 3 2 4 4 1 3 3 4 
4 2 1 2 1 2 1 1 2 2 2 2 1 3 3 3 4 4 4 3 1 1 2 1 2 3 4 3 3 3 2 2 3 3 2 3 1 3 2 2 2 3 3 2 1 1 2 3 4 3 4 1 2 2 2 4 1 2 1 3 4 1 3 1 2 4 1 3 4 1 4 4 2 3 1 4 3 4 3 4 4 4 3 1 4 3 2 4 4 2 3 3 4 4 3 3 3 3 1 2 3 2 1 1 3 4 2 1 1 3 2 4 3 3 2 4 3 3 1 3 4 4 4 3 1 1 1 3 3 3 4 3 3 4 4 3 3 4 
4 4 3 3 2 1 4 4 2 4 3 3 4 4 4 3 2 2 2 3 3 3 4 4 1 4 4 4 2 1 1 2 2 3 1 4 3 1 1 4 4 3 4 2 4 2 1 3 2 3 1 2 3 3 3 4 2 4 1 4 2 4 1 3 1 1 4 2 2 2 3 1 3 1 2 2 1 1 1 4 3 4 1 3 4 2 1 4 1 3 4 4 3 4 1 2 3 1 2 3 1 2 1 1 3 4 4 2 4 2 4 4 2 2 3 2 2 1 3 1 4 4 4 2 1 3 3 1 3 2 4 1 3 1 3 1 3 4 
4 4 1 4 4 4 3 3 2 3 3 4 4 2 1 3 4 3 1 1 3 1 1 3 3 3 4 1 1 3 2 3 2 3 4 2 3 3 3 1 1 3 1 4 4 1 4 1 3 1 1 2 3 4 1 4 2 4 1 2 3 2 2 4 4 3 1 4 3 4 1 4 2 4 2 4 1 3 3 3 1 2 3 3 3 3 4 3 1 4 2 4 4 4 4 3 4 1 2 1 1 3 3 4 1 1 2 4 2 4 4 4 2 2 3 4 4 2 1 1 3 3 1 3 3 3 1 2 1 2 3 4 3 4 3 1 4 4 
4 1 2 4 1 1 4 3 4 4 2 2 2 1 2 2 2 4 2 4 3 2 1 1 3 1 3 2 2 2 2 4 3 1 3 1 4 3 3 1 2 1 3 2 3 1 4 2 1 3 1 4 1 4 4 3 2 2 1 3 1 2 1 4 3 1 4 3 4 1 1 1 3 2 4 2 1 3 2 1 4 4 2 4 1 4 4 3 3 4 3 1 1 1 4 4 3 3 2 3 3 2 1 4 1 2 2 3 2 4 4 3 4 4 4 2 3 1 3 1 2 1 2 2 4 1 2 1 2 1 3 3 3 1 2 2 3 4 
4 4 3 2 2 2 2 2 3 4 1 2 2 2 4 3 1 3 1 2 1 3 1 1 3 2 2 2 1 2 1 2 3 3 4 4 4 3 4 4 1 3 2 2 4 3 2 4 4 4 4 3 2 2 4 2 3 1 3 3 4 1 3 4 2 4 1 1 2 3 4 2 3 1 2 4 4 2 4 1 1 3 3 3 1 4 3 1 3 2 4 2 2 2 1 1 4 4 2 2 1 1 2 1 3 2 3 2 3 2 2 3 3 2 4 4 3 1 3 2 4 4 1 2 1 2 1 3 2 1 4 3 2 1 2 2 3 4 
4 3 4 2 2 1 4 2 4 4 3 3 4 2 1 1 2 4 4 1 1 2 1 3 2 3 2 1 3 4 4 4 1 3 2 4 2 3 4 1 4 3 2 1 2 1 4 2 4 2 2 3 3 1 2 4 1 2 3 4 4 1 4 1 4 2 3 3 2 2 2 1 3 1 2 2 2 4 3 3 3 3 2 2 2 1 3 3 4 4 2 2 2 1 3 2 2 3 4 1 1 3 3 4 1 3 3 2 4 2 3 2 3 3 3 2 4 3 2 1 4 4 2 4 3 2 1 2 4 1 3 2 3 1 3 2 3 4 
4 4 4 4 3 2 4 1 2 4 2 4 1 3 1 1 3 1 2 1 2 4 4 3 1 4 1 4 4 4 4 2 2 3 2 3 3 1 3 1 4 1 4 3 3 1 2 4 3 4 4 1 1 3 1 2 2 2 4 1 4 2 4 4 3 3 3 2 1 1 1 4 2 4 4 1 2 1 2 3 3 2 2 1 2 4 2 4 2 1 4 1 4 2 4 3 1 3 3 4 4 1 1 2 3 2 3 4 1 2 1 1 2 4 1 1 4 4 1 3 4 4 2 3 2 1 1 1 4 3 2 3 1 3 3 2 3 4 
4 2 1 1 2 1 3 3 3 2 1 3 4 4 2 1 2 2 4 3 3 2 3 1 4 4 2 2 1 4 3 3 2 3 2 2 2 1 3 1 4 3 4 3 4 4 1 2 3 1 4 4 2 3 4 4 2 3 3 2 1 3 1 4 3 2 2 2 3 1 4 2 3 4 1 4 2 2 4 2 1 4 4 2 1 1 4 2 1 1 4 2 1 3 4 4 4 3 2 2 3 4 4 1 1 2 1 3 3 3 1 4 2 4 1 4 1 1 3 3 1 2 3 2 2 2 4 2 1 1 3 3 2 4 3 4 3 4 
4 1 1 4 4 3 4 3 4 2 1 4 3 2 4 4 2 1 2 2 3 1 3 4 3 2 4 1 1 3 1 4 2 3 3 2 4 2 4 4 1 4 1 3 4 1 4 1 2 4 3 1 4 4 2 1 2 1 4 3 4 3 3 2 3 1 1 2 3 2 2 4 4 2 1 4 1 4 3 2 2 3 4 2 2 2 3 3 3 3 4 1 4 3 4 4 3 3 2 1 3 1 1 4 3 4 3 1 3 3 4 2 2 1 3 1 4 4 1 2 3 2 3 3 2 3 3 3 3 4 2 1 4 3 1 2 1 4 
4 4 4 1 4 3 1 2 4 1 3 1 4 2 4 1 1 4 2 3 2 3 1 4 2 1 2 2 2 4 4 3 2 1 1 1 2 2 4 2 2 4 3 2 1 4 1 4 3 4 3 4 4 3 3 1 4 3 4 4 4 2 2 3 2 4 3 4 3 3 2 1 1 4 2 1 1 2 2 4 4 1 4 1 1 3 3 2 4 1 4 4 4 2 1 2 2 1 3 4 2 3 2 1 2 1 2 2 3 1 4 3 2 4 4 2 4 4 2 2 4 2 1 2 4 1 3 3 1 4 1 3 1 1 3 2 2 4 
4 4 4 3 1 3 3 4 1 1 4 4 2 2 1 2 2 4 2 2 2 3 2 2 3 2 4 2 1 1 4 4 2 1 2 2 3 1 3 2 2 1 2 1 1 1 1 2 1 3 3 4 2 1 1 1 2 1 4 2 3 2 1 1 4 1 1 2 2 1 4 3 3 4 1 2 3 4 4 4 4 3 3 3 3 1 3 3 1 1 1 3 3 2 2 1 1 3 1 2 1 1 4 1 4 1 4 4 4 4 3 1 2 4 1 1 3 2 1 3 4 2 1 4 2 4 1 2 4 4 3 3 2 1 3 1 2 4 
4 1 4 1 2 2 3 3 2 2 1 4 2 4 2 3 1 1 4 4 1 4 1 1 3 2 3 4 4 2 2 4 3 2 1 2 1 2 1 4 1 4 1 2 4 1 2 1 1 3 3 4 3 1 2 3 3 4 4 2 2 1 1 4 2 1 3 4 2 2 1 1 2 1 2 2 3 3 3 3 2 3 2 4 1 4 1 4 3 2 2 3 2 1 4 4 4 1 1 4 4 4 1 4 2 4 2 3 2 1 1 1 3 2 3 2 1 3 4 2 1 4 2 3 2 2 3 1 2 1 4 1 1 2 4 4 4 4 
4 1 2 4 3 2 1 1 4 1 1 4 1 1 2 2 2 1 1 3 1 1 2 4 3 4 1 2 3 1 4 1 2 2 3 3 2 2 1 2 4 3 3 4 4 3 4 4 4 1 4 1 2 2 1 4 1 4 3 2 3 1 2 2 1 2 1 4 4 2 2 2 2 4 2 2 2 1 1 2 2 2 3 1 1 2 1 1 3 4 3 1 1 1 3 1 2 2 3 4 4 2 2 3 1 1 4 3 1 4 3 2 2 4 2 1 3 2 3 2 3 1 1 4 2 4 3 1 1 1 4 1 2 3 4 3 1 4 
4 1 1 3 1 1 1 4 4 4 1 1 1 4 3 1 4 3 1 2 2 4 3 4 3 3 3 4 4 1 4 2 4 1 1 4 4 4 2 1 2 2 2 3 1 4 1 4 4 2 2 3 2 2 3 1 3 2 3 4 3 4 4 4 2 3 3 3 1 2 1 3 3 2 2 1 2 4 2 3 1 3 2 3 2 4 1 2 2 3 2 3 1 3 3 3 2 2 3 4 1 3 1 1 1 4 1 3 3 4 1 3 4 4 3 3 4 4 2 3 3 1 4 2 4 3 3 3 4 2 4 3 1 3 2 2 4 4 
4 2 1 3 4 4 3 2 4 1 1 4 2 3 4 4 1 4 3 1 4 2 2 1 2 3 1 3 3 1 4 1 4 2 2 2 1 2 1 2 2 1 3 3 1 3 4 3 2 3 3 4 2 2 1 2 2 2 2 1 3 4 2 1 3 4 1 3 3 2 2 2 3 2 2 2 2 3 3 1 3 4 3 4 3 2 2 3 2 1 1 4 2 3 4 3 1 4 2 4 1 3 3 4 2 4 4 1 3 4 3 4 4 3 1 4 3 1 3 4 4 4 2 2 1 2 2 3 4 2 2 3 3 1 2 1 4 4 
4 4 1 3 2 4 4 3 4 2 1 4 3 4 1 3 4 2 3 3 2 3 3 2 3 2 1 3 4 2 1 1 1 2 3 2 1 1 4 2 2 4 3 2 1 2 3 2 1 1 4 3 4 1 1 4 4 2 1 1 3 4 1 1 3 1 2 3 2 1 3 3 2 4 3 1 4 4 2 1 1 2 1 3 1 1 3 4 2 1 2 2 4 3 4 4 4 2 2 1 3 4 4 3 4 3 1 1 1 4 2 1 1 2 1 2 1 1 2 3 4 2 4 4 1 4 2 1 2 3 2 4 2 3 2 3 4 4 
4 4 2 2 2 3 1 1 1 2 4 4 2 3 3 2 3 1 2 1 3 3 2 3 3 2 3 2 4 4 2 4 4 1 4 1 1 2 1 4 3 1 1 3 1 2 2 3 4 4 4 3 2 2 3 4 2 1 4 1 1 4 4 3 2 2 2 1 2 3 4 1 1 2 4 4 4 4 1 2 1 2 1 4 1 3 2 4 2 2 3 1 2 2 2 1 4 3 4 1 3 1 3 1 3 4 3 2 3 1 3 3 3 1 4 4 4 1 1 1 1 4 3 4 2 1 1 1 3 3 3 2 2 3 4 2 3 4 
4 1 4 2 1 4 1 3 2 1 2 1 3 4 1 3 3 3 1 4 4 3 3 2 2 2 1 2 1 4 1 1 3 4 2 2 1 4 3 3 1 3 4 2 4 2 1 3 4 1 1 1 3 3 1 3 1 4 4 1 2 4 3 1 2 3 2 1 2 4 2 4 3 4 4 4 2 1 2 4 3 4 1 4 1 2 1 4 3 1 3 1 3 1 3 4 2 3 3 1 4 4 2 2 3 3 1 3 1 2 3 1 1 3 2 4 2 3 4 2 4 2 1 1 1 1 2 1 2 1 1 4 1 1 1 3 2 4 
4 1 3 2 2 2 2 4 2 1 3 1 2 4 4 4 4 1 4 4 4 1 4 2 2 3 3 1 1 4 1 1 4 3 1 4 3 1 3 2 2 1 2 3 1 2 1 2 2 3 3 3 2 2 1 2 1 2 4 3 2 1 4 4 2 1 1 1 2 1 2 3 3 2 3 1 4 4 3 3 2 3 4 4 4 3 4 3 1 3 4 2 4 2 4 2 2 3 2 1 3 2 3 4 4 3 2 4 3 1 3 4 3 2 1 3 1 1 2 1 3 3 4 2 2 4 2 2 3 2 2 3 3 2 1 4 2 4 
4 3 1 1 3 4 3 2 2 4 4 4 4 2 1 4 3 3 2 3 2 2 2 1 1 3 2 2 3 2 1 1 4 3 3 3 2 1 4 3 3 1 1 2 2 1 1 3 3 3 3 2 3 1 3 2 3 2 2 1 1 1 3 4 1 1 1 3 3 4 1 3 2 4 1 1 2 1 1 4 1 2 3 3 3 3 1 1 4 2 3 1 4 3 1 3 4 1 3 3 3 4 1 3 4 2 1 3 3 1 3 2 2 4 4 2 1 4 2 4 2 2 3 4 1 3 1 2 4 1 4 2 2 2 3 1 4 4 
4 2 4 1 1 1 3 1 2 2 4 1 3 2 3 3 3 1 3 2 3 3 4 3 1 4 3 3 3 1 3 1 1 1 3 4 2 1 2 2 1 1 3 3 3 1 3 4 2 4 2 4 2 2 2 1 1 1 1 2 2 3 4 4 3 3 1 4 4 1 3 4 4 1 2 3 2 4 3 3 1 2 2 4 1 2 1 4 1 4 4 4 2 1 4 4 1 2 2 4 4 3 1 1 4 4 2 1 1 4 4 1 3 3 2 1 4 1 2 1 4 2 4 1 3 3 2 2 3 3 1 3 4 4 4 4 2 4 
4 3 4 3 1 1 1 1 4 2 4 4 4 1 1 1 2 2 2 4 2 3 4 1 3 1 4 1 3 3 3 2 3 1 2 3 3 2 4 1 1 4 3 2 2 4 2 1 2 1 1 1 4 1 1 2 3 4 4 3 3 1 1 4 1 4 2 4 3 4 2 4 4 3 3 4 4 1 4 4 4 3 2 1 2 1 1 4 2 2 1 1 1 1 3 1 1 4 4 2 2 1 3 3 2 3 3 3 1 4 1 1 4 1 2 4 3 2 4 3 2 1 3 3 2 1 3 1 3 1 4 2 3 2 2 2 2 4 
4 1 3 4 4 4 2 2 3 3 2 3 3 1 1 1 4 2 1 2 4 2 1 4 1 4 4 1 2 4 4 1 4 1 2 2 2 4 2 4 2 3 3 4 4 3 2 1 2 4 1 4 3 3 3 4 2 3 4 2 1 2 2 4 4 4 2 1 4 4 3 2 1 4 4 4 3 4 1 3 1 4 3 4 3 2 2 1 4 3 1 4 3 2 4 3 4 3 3 1 3 4 3 2 3 4 4 2 3 3 4 3 1 3 3 3 2 2 3 4 4 2 1 3 1 1 2 3 3 4 2 3 3 3 2 3 3 4 
4 1 1 3 3 3 1 2 3 2 2 2 1 4 1 4 4 1 4 4 4 4 4 3 3 2 1 1 2 2 4 1 2 3 3 3 1 1 1 4 4 4 1 4 4 1 4 1 2 4 1 2 4 3 4 3 2 1 1 4 1 4 2 4 1 3 3 2 1 1 4 2 2 1 1 2 3 2 1 4 1 1 4 3 2 4 1 3 2 4 4 3 2 4 1 4 4 1 1 4 2 1 4 4 2 4 1 4 3 4 4 1 2 2 4 4 3 2 1 2 2 2 4 3 3 3 4 4 2 4 1 4 3 4 4 2 1 4 
4 1 1 4 4 1 2 1 3 2 4 2 1 1 4 1 3 2 1 1 1 2 4 1 4 4 3 1 1 3 1 4 3 4 1 3 4 2 4 1 2 4 4 2 2 3 1 2 1 2 3 3 3 4 3 1 1 4 3 3 2 3 4 1 3 3 4 1 4 1 3 1 2 1 4 4 4 4 3 3 2 1 1 4 4 2 1 2 2 4 3 4 1 3 1 2 1 1 1 1 2 4 2 2 1 3 1 2 4 4 2 1 4 2 3 1 4 1 4 3 2 2 2 3 4 3 4 4 1 1 3 4 3 4 3 2 1 4 
4 3 4 2 3 2 2 1 4 2 1 2 1 4 1 1 3 4 4 1 4 4 3 1 3 1 2 4 3 4 3 1 2 2 2 1 1 1 3 2 2 1 1 1 4 4 3 2 4 3 3 2 3 2 2 2 2 4 2 4 3 2 4 3 2 3 2 2 2 4 2 3 3 1 2 3 4 3 1 2 3 2 1 4 3 4 4 3 2 4 2 2 4 2 3 2 1 3 4 2 1 3 4 3 2 3 1 2 2 2 2 4 4 1 2 4 3 2 1 4 3 3 4 4 1 3 3 1 4 2 4 3 2 1 2 4 1 4 
4 1 1 2 4 4 3 1 1 4 4 3 4 2 2 2 1 4 4 1 3 3 4 4 1 4 3 1 3 1 4 3 1 1 3 4 3 4 4 1 2 4 1 2 1 4 1 4 4 3 1 2 4 2 4 1 4 4 2 4 3 4 1 3 3 2 2 2 3 1 1 3 4 3 1 2 3 3 4 3 2 3 4 2 2 1 2 1 2 3 4 4 4 2 2 4 4 1 3 3 1 4 4 4 4 4 4 3 2 3 4 1 2 2 2 4 3 4 1 1 1 2 1 3 1 3 1 3 2 3 4 2 1 3 2 2 1 4 
4 1 1 2 2 1 2 4 1 3 1 4 3 4 3 2 3 2 1 4 4 1 1 4 4 4 2 3 3 2 4 2 4 4 4 1 1 4 1 3 2 4 2 3 4 2 3 2 2 1 3 2 4 4 4 2 3 3 1 1 2 2 4 2 1 2 4 4 2 1 1 2 2 2 2 1 3 1 2 2 3 2 2 2 4 4 3 2 2 4 4 4 2 2 1 4 1 3 2 1 4 3 2 3 1 1 1 2 3 3 3 4 3 3 1 3 1 1 4 1 4 4 3 4 3 3 4 1 2 1 3 4 4 2 3 2 4 4 
4 4 2 2 2 1 3 4 1 4 4 2 2 2 4 4 4 2 4 3 4 3 1 2 1 4 1 1 3 3 2 1 4 3 3 1 1 3 3 3 4 3 1 3 1 3 3 2 4 4 4 4 1 4 1 1 2 3 3 1 2 3 4 1 4 4 1 2 1 3 4 3 2 1 3 1 4 1 1 3 3 2 4 2 3 1 4 1 2 4 2 2 2 1 3 3 2 3 2 1 4 2 4 3 2 1 4 1 2 2 3 4 2 3 4 3 3 3 1 3 4 2 4 3 2 3 4 3 2 4 1 1 1 2 4 3 1 4 
4 3 1 1 2 1 1 4 3 3 2 4 2 3 2 3 1 1 2 4 2 1 2 3 4 2 4 3 1 2 2 4 4 2 3 3 3 1 2 4 2 2 3 1 3 2 4 4 3 4 1 2 4 4 2 4 4 1 2 4 4 4 2 2 2 3 4 3 1 3 4 1 1 4 2 3 4 4 3 2 2 2 3 1 2 2 2 4 2 4 1 4 1 3 4 1 4 4 2 3 4 3 1 3 4 3 3 2 1 4 4 3 3 4 3 4 3 1 1 1 1 2 3 1 2 3 4 3 1 2 1 4 3 3 3 4 1 4 
4 4 3 2 2 2 3 2 3 4 2 2 2 2 1 3 3 4 4 4 2 2 1 4 2 2 3 3 1 4 4 1 2 1 4 4 2 3 2 1 3 1 3 3 2 1 2 3 2 4 4 2 3 4 4 3 2 3 2 4 1 1 3 1 4 3 2 1 4 4 1 1 3 2 4 1 2 3 4 4 3 4 2 2 2 2 3 2 4 3 3 2 3 1 3 1 3 3 1 3 2 2 2 1 4 2 3 1 2 3 2 1 1 4 2 1 1 4 4 2 1 4 3 3 2 1 4 4 1 1 4 4 4 4 3 2 2 4 
4 3 2 1 4 3 2 2 2 3 3 2 2 1 3 2 1 2 1 3 3 1 4 2 1 2 3 4 2 3 3 2 4 1 2 3 2 3 2 3 3 1 4 4 1 2 2 2 1 1 1 1 2 1 1 3 4 1 1 4 1 1 2 4 2 3 3 1 2 2 2 2 1 2 3 2 2 4 1 4 2 2 4 1 1 4 2 3 1 1 4 3 1 4 2 1 3 4 4 4 1 2 1 3 2 4 3 3 4 1 1 3 3 3 3 1 1 4 4 4 3 4 4 3 1 3 2 3 1 1 1 4 1 3 2 2 1 4 
4 2 2 1 1 3 4 2 1 4 3 1 3 4 4 4 4 2 2 4 4 4 1 2 3 3 3 2 3 3 2 1 1 2 1 4 3 2 2 3 4 2 2 4 1 1 1 4 3 1 4 1 2 4 1 3 1 2 1 4 1 4 3 2 4 4 4 3 1 3 1 4 3 1 1 2 4 4 4 4 3 2 3 1 2 4 3 3 2 2 4 3 1 2 3 4 1 2 1 2 4 2 3 2 3 4 4 3 3 1 2 3 2 4 3 4 1 1 4 2 4 2 1 4 1 1 4 2 3 4 4 2 1 4 3 2 4 4 
4 3 2 1 1 1 4 4 3 2 1 3 1 1 1 3 1 3 3 2 2 2 2 1 2 2 2 2 3 1 3 3 2 4 1 3 4 4 4 3 4 4 3 2 1 4 4 2 3 1 1 3 3 2 4 2 2 2 1 4 3 2 1 1 1 4 1 3 2 2 3 2 4 2 4 4 1 2 4 4 4 1 3 2 2 3 1 2 4 2 3 1 1 2 3 2 4 1 2 1 3 4 3 3 1 3 3 2 3 3 1 2 4 3 3 3 2 1 4 2 4 4 2 4 3 3 3 2 3 2 2 4 4 2 1 2 2 4 
4 1 1 1 1 3 4 4 4 1 2 2 2 4 1 2 4 3 1 3 1 3 4 3 3 4 3 2 4 2 4 2 1 1 2 3 1 3 1 4 4 4 2 2 1 1 4 3 1 3 3 3 2 3 1 3 4 2 3 2 1 1 4 3 3 3 4 3 4 1 1 3 2 3 1 1 4 4 2 1 3 4 1 3 4 2 2 3 1 2 4 4 3 2 2 3 3 4 2 2 1 4 1 1 2 1 4 3 3 2 2 4 4 1 2 3 1 4 4 3 4 1 2 2 2 2 1 2 3 3 3 4 1 4 2 1 2 4 
4 1 4 1 3 3 2 2 1 3 3 4 3 1 2 3 4 1 3 4 3 1 3 2 1 3 4 1 3 3 3 4 2 1 3 2 4 4 2 4 1 2 2 3 3 1 2 1 2 1 2 4 4 2 3 1 4 4 4 4 3 4 4 4 1 2 1 4 4 3 1 1 1 1 1 4 3 3 2 4 4 1 2 1 3 4 1 4 4 3 1 2 2 4 2 2 4 3 3 1 4 3 2 3 3 4 3 4 4 3 3 1 3 2 2 4 2 2 3 2 4 4 2 3 1 2 1 2 3 3 2 2 4 2 3 4 1 4 
4 3 3 1 2 3 1 3 1 4 4 1 3 2 4 3 2 1 2 1 2 2 2 3 4 1 1 3 3 1 2 1 4 3 1 1 3 1 3 1 4 4 3 1 1 3 3 1 4 1 2 2 1 3 1 3 4 3 3 2 2 3 4 3 4 4 2 1 4 1 3 4 3 2 3 3 4 3 3 3 3 3 1 1 2 2 2 4 1 2 1 1 3 2 3 1 3 1 3 1 3 1 2 1 4 1 3 2 3 4 3 3 4 1 3 2 4 4 1 4 4 3 1 1 1 4 2 4 3 2 3 1 2 2 3 2 1 4 
4 1 4 3 3 2 2 4 2 4 1 2 3 2 3 1 2 3 3 1 2 3 1 3 1 3 2 4 3 4 2 4 2 1 3 4 3 1 4 3 2 1 3 4 2 4 3 1 3 2 1 2 1 1 4 4 1 2 4 2 4 3 2 1 1 2 2 2 4 2 2 4 4 4 3 2 2 2 1 4 4 4 2 2 4 1 4 1 2 4 3 1 3 1 2 2 4 3 1 3 4 4 1 3 3 1 1 4 2 4 1 4 2 4 1 3 4 3 4 3 3 2 4 2 1 3 4 1 3 2 4 3 2 1 3 3 4 4 
4 3 3 2 1 4 4 2 2 2 1 4 2 3 4 1 3 4 2 2 2 2 2 4 4 2 1 2 2 4 3 4 2 4 3 2 3 1 2 3 4 2 3 3 2 2 2 1 4 3 4 2 1 4 2 3 4 2 2 1 3 1 2 1 1 4 3 3 1 1 4 2 3 2 4 4 1 3 2 1 4 3 2 2 1 3 2 1 3 2 4 4 1 1 3 1 3 4 2 1 2 4 3 4 2 3 4 1 3 1 1 1 4 1 4 3 3 1 3 4 2 1 4 3 1 2 3 4 2 2 2 3 1 1 2 4 1 4 
4 3 1 4 1 3 1 4 3 3 1 4 4 2 2 4 4 3 4 3 3 3 2 1 4 3 4 3 2 3 4 3 1 3 2 3 2 1 2 1 1 2 2 3 3 3 1 4 3 4 4 3 1 3 1 4 2 1 1 2 3 3 1 2 4 4 3 3 1 2 1 4 4 3 1 1 2 4 3 2 3 3 2 2 2 3 4 4 3 3 1 2 4 2 3 2 1 2 2 3 1 4 4 1 2 4 2 1 2 1 2 4 3 1 2 4 4 4 1 3 2 3 1 1 1 2 1 2 2 3 3 4 4 1 4 3 1 4 
4 3 2 4 3 4 4 4 2 1 4 2 3 2 4 3 2 2 3 4 2 3 3 2 2 4 3 2 2 3 4 4 2 3 1 1 4 3 4 1 1 1 1 3 4 4 1 4 1 1 2 3 4 2 3 2 2 4 2 1 2 2 2 1 3 2 4 3 2 1 1 1 1 4 1 2 2 1 4 2 3 1 3 4 3 2 3 2 1 2 1 3 1 4 3 1 3 4 4 4 4 2 2 1 2 2 1 3 2 3 3 1 2 4 2 4 3 2 2 3 4 4 2 4 2 2 1 4 2 3 1 4 4 3 3 3 2 4 
4 4 4 3 1 1 4 3 3 2 1 2 4 4 2 3 2 2 4 1 3 2 1 3 4 2 3 1 3 4 2 3 1 1 1 2 4 4 4 1 3 2 3 3 3 1 3 1 3 4 4 3 4 3 1 1 1 3 2 3 4 3 1 4 2 4 1 2 1 2 2 1 2 3 2 2 1 1 3 4 1 3 3 4 3 4 1 3 3 1 3 4 2 1 4 1 4 2 3 4 2 2 3 2 2 3 1 1 4 2 3 3 3 4 1 1 3 4 1 1 1 3 3 1 3 4 1 1 3 2 2 4 4 3 3 1 1 4 
4 4 4 4 4 4 4 4 4 4 4 4 4 4 4 4 4 4 4 4 4 4 4 4 4 4 4 4 4 4 4 4 4 4 4 4 4 4 4 4 4 4 4 4 4 4 4 4 4 4 4 4 4 4 4 4 4 4 4 4 4 4 4 4 4 4 4 4 4 4 4 4 4 4 4 4 4 4 4 4 4 4 4 4 4 4 4 4 4 4 4 4 4 4 4 4 4 4 4 4 4 4 4 4 4 4 4 4 4 4 4 4 4 4 4 4 4 4 4 4 4 4 4 4 4 4 4 4 4 4 4 4 4 4 4 4 4 4 

