143
1000
1000

[Node]
0  0  0   0  0
144 0  0   0  0

[pickup]
1       504895736      15          11
2       505112394      20          12
3       503657465      23          14
4       504537707      23          14
5       505185201      24          15
6       504757015      27          14
7       504764478      27          5
8       503058102      32          13
9       505036392      33          19
10      503615814      33          6
11      503282693      34          10
12      504910673      36          19
13      504959841      36          11
14      503587915      40          14
15      505123014      41          16
16      503161393      41          15
17      504807788      41          16
18      502795357      43          6
19      504360638      44          9
20      504930826      44          15
21      503228783      44          5
22      502798324      45          12
23      505057713      46          10
24      502793597      47          9
25      503167459      48          5
26      505083274      48          17
27      504389727      50          10
28      505195416      51          14
29      504995292      52          8
30      504944047      53          18
31      505162674      53          16
32      504095458      54          9
33      504693588      54          20
34      504726267      54          13
35      504433520      55          16
36      504654384      56          10
37      502792112      58          16
38      502939981      61          20
39      504960935      62          10
40      505128819      64          9
41      503589812      64          8
42      503171563      66          12
43      505154681      71          16
44      505077327      71          6
45      502786500      73          5
46      502787809      77          7
47      505170366      80          10
48      502800271      88          8
49      503282703      96          15
50      504042384      99          5
51      505191730      99          17
52      502799470      102         12
53      503167442      105         13
54      503642641      105         9
55      504701928      118         6
56      504795387      119         13
57      503242004      121         10
58      503208855      122         18
59      502786496      124         6
60      504904607      124         20
61      504856540      125         19
62      502798781      126         8
63      504802242      126         18
64      502963645      133         12
65      504940824      140         11
66      504362567      140         8
67      502789230      141         8
68      502873629      145         5
69      505088149      146         17
70      504787660      147         10
71      502970822      149         13
72      503556497      154         8
73      503658860      156         13
74      504941835      156         20
75      502794247      157         6
76      502790450      157         5
77      504800637      162         20
78      503613062      165         12
79      504793290      167         20
80      503219373      167         7
81      502789900      169         16
82      502892641      169         13
83      502892639      170         11
84      502990075      171         14
85      504744533      173         16
86      502789199      174         7
87      502789170      174         19
88      502791054      176         20
89      504416396      178         16
90      504800636      179         5
91      504427291      183         19
92      505137588      183         16
93      502790595      189         16
94      503555070      192         17
95      503257871      195         19
96      502799030      197         8
97      502798845      202         9
98      502800753      202         9
99      505195131      215         14
100     502786917      218         10
101     504930829      219         13
102     502791061      219         20
103     502786497      221         18
104     503284101      224         16
105     503592373      242         7
106     503168027      245         18
107     503012782      251         15
108     502801240      253         5
109     502790955      254         14
110     502794929      256         14
111     504814981      260         12
112     504928743      261         19
113     504940738      261         12
114     504000237      263         8
115     503297612      283         8
116     503240587      283         15
117     504717668      292         6
118     505117077      312         13
119     504040924      313         15
120     505076939      313         12
121     505084995      317         14
122     503825659      337         18
123     504591167      338         16
124     504639383      344         13
125     503192571      346         8
126     502796219      356         10
127     504893967      356         13
128     503278639      361         5
129     503819061      363         15
130     503896020      387         7
131     502787162      409         6
132     504516616      427         5
133     503635633      441         17
134     504924574      470         20
135     504507032      498         12
136     502796218      564         17
137     502835894      653         20
138     504783123      785         17
139     503525248      963         14
140     502790596      996         19
141     504783210      1000        14
142     502792352      1000        9
143     505047627      1000        17

[Speed 0]
0.81
30.0   60.0 0.0 0.6
90.0   150 0.0 0.4
300.0  540.0 0.0 0.81
570.0 630.0 0.0 0.6
660.0 720.0 0.0 0.4
750.0 840.0 0.0 0.81

[Speed 1]
1.33
30.0   60.0 0.0 0.8
90.0   150 0.0 0.6
300.0  540.0 0.0 1.33
570.0 630.0 0.0 0.8
660.0 720.0 0.0 1.3
750.0 840.0 0.0 2

[Speed 2]
1.33
30.0   60.0 0.0 1.0
90.0   150 0.0 0.8
300.0  540.0 0.0 1.33
570.0 630.0 0.0 0.8
660.0 720.0 0.0 0.6
750.0 840.0 0.0 1.5

[Speed 3]
1.5
30.0   60.0 0.0 0.9
90.0   150 0.0 0.8
300.0  540.0 0.0 1.5
570.0 630.0 0.0 0.9
660.0 720.0 0.0 0.8
750.0 840.0 0.0 1.5

[Speed 4]
2
30.0   60.0 0.0 1.1
90.0   150 0.0 0.9
300.0  540.0 0.0 2
570.0 630.0 0.0 1.1
660.0 720.0 0.0 0.9
750.0 840.0 0.0 2

[speed choose matrix]
4 4 4 4 4 4 4 4 4 4 4 4 4 4 4 4 4 4 4 4 4 4 4 4 4 4 4 4 4 4 4 4 4 4 4 4 4 4 4 4 4 4 4 4 4 4 4 4 4 4 4 4 4 4 4 4 4 4 4 4 4 4 4 4 4 4 4 4 4 4 4 4 4 4 4 4 4 4 4 4 4 4 4 4 4 4 4 4 4 4 4 4 4 4 4 4 4 4 4 4 4 4 4 4 4 4 4 4 4 4 4 4 4 4 4 4 4 4 4 4 4 4 4 4 4 4 4 4 4 4 4 4 4 4 4 4 4 4 4 4 4 4 4 4 4 
4 1 4 3 2 1 3 4 2 3 1 2 1 3 4 1 2 2 2 4 2 1 4 3 3 4 1 4 2 3 2 3 4 3 2 4 4 3 3 1 3 3 2 1 4 2 2 3 1 1 3 2 1 1 4 3 1 1 4 4 3 4 1 4 4 3 4 3 2 4 1 2 1 3 3 4 2 1 1 3 1 3 4 1 2 4 1 1 4 4 3 2 4 2 1 3 2 1 1 2 1 2 3 3 4 4 4 2 4 1 1 1 4 2 4 3 4 4 3 2 1 3 3 1 2 1 4 3 4 3 4 2 4 4 4 2 1 3 3 2 2 2 1 3 4 
4 4 1 2 3 1 2 3 1 4 2 1 1 1 2 2 2 3 3 3 4 4 1 3 4 2 3 2 1 4 3 3 3 4 1 3 3 2 3 3 1 1 2 4 3 1 3 3 3 2 3 2 1 1 1 2 3 3 4 4 2 1 4 2 3 1 2 4 1 3 2 4 2 1 3 4 4 4 1 1 2 4 4 4 1 2 3 4 2 2 2 3 2 3 1 3 3 4 1 4 2 1 2 3 1 3 4 1 3 2 4 1 3 2 2 3 1 1 3 1 4 3 2 4 4 4 4 2 1 2 2 4 2 3 4 2 3 3 1 3 1 2 3 1 4 
4 4 3 3 4 1 4 3 2 3 3 1 1 3 4 2 1 3 1 2 2 3 4 2 3 4 2 1 3 3 2 3 1 4 4 3 2 4 3 1 2 3 4 4 4 3 3 1 4 2 3 3 2 3 4 3 1 2 2 4 2 2 3 1 4 4 1 3 1 2 2 1 2 3 4 3 3 2 4 2 4 4 4 3 2 1 2 2 3 4 2 4 1 4 4 3 1 3 2 4 3 4 4 2 2 3 3 3 2 1 4 1 4 1 2 3 3 3 1 4 1 4 4 4 2 3 1 4 1 3 4 1 4 2 4 2 4 1 1 3 4 2 2 3 4 
4 4 4 1 1 1 2 2 1 3 3 4 2 4 3 1 2 1 4 3 3 4 4 4 3 3 3 3 2 2 3 4 4 2 2 2 4 2 3 2 3 2 4 3 3 1 4 3 1 3 2 3 3 2 2 4 1 2 1 1 2 2 2 3 1 1 3 1 3 1 2 3 1 1 2 4 1 3 2 1 4 1 3 4 2 4 2 1 3 3 4 3 1 3 4 1 4 3 3 4 1 2 1 4 3 2 1 3 1 4 3 3 3 3 3 4 3 2 3 2 2 3 4 2 4 2 4 1 1 3 4 4 1 1 3 3 2 3 1 3 4 2 3 2 4 
4 1 4 1 1 1 1 3 1 2 1 2 3 1 4 2 3 4 4 4 3 4 4 4 3 3 3 2 2 1 1 1 1 1 4 2 2 3 2 1 3 4 3 1 2 4 2 2 1 1 2 2 3 3 1 3 3 3 3 4 4 3 2 2 2 4 2 2 4 3 1 1 1 3 4 4 1 2 1 1 2 3 3 3 1 2 4 2 1 4 1 1 2 3 2 4 3 4 1 4 3 3 4 1 2 4 2 2 3 2 2 3 4 4 3 3 2 3 2 3 2 3 2 2 4 4 1 2 4 1 2 2 2 4 3 2 3 1 3 1 2 1 1 1 4 
4 3 4 1 2 1 4 3 3 2 2 3 2 4 4 1 3 3 1 4 4 4 4 3 1 4 4 4 1 3 4 3 1 2 1 4 4 4 3 3 4 2 2 2 4 1 3 3 1 2 2 4 1 3 2 2 4 1 3 4 2 2 4 4 1 2 1 2 4 3 3 1 3 3 2 2 4 3 2 2 3 3 3 4 2 1 3 1 1 4 2 3 4 1 3 3 2 2 3 4 1 3 4 4 4 2 2 1 2 1 4 1 1 3 4 3 1 2 4 1 2 2 3 4 3 4 2 3 4 3 1 1 3 4 3 1 1 1 4 3 3 4 3 2 4 
4 3 2 3 1 4 1 4 2 3 3 3 1 1 1 4 1 3 3 4 4 3 1 4 2 4 3 3 1 3 3 3 2 2 4 1 2 4 1 4 1 3 1 3 3 3 2 4 3 2 2 2 2 1 4 2 3 4 2 3 1 2 1 1 2 1 3 3 3 2 2 2 1 4 4 1 2 4 3 2 4 3 1 4 4 1 2 3 4 1 2 1 1 1 1 3 2 3 1 4 2 4 4 1 4 2 3 4 3 4 3 1 1 2 4 1 2 2 4 4 3 4 2 3 1 4 3 2 3 1 3 4 2 3 3 2 4 4 1 3 1 4 4 4 4 
4 3 4 3 1 3 3 1 2 3 4 3 1 2 1 1 4 1 1 1 3 2 1 2 4 1 2 2 4 3 4 3 2 4 1 1 2 2 3 2 2 3 4 1 3 3 4 4 3 3 1 2 1 1 2 2 3 2 2 4 3 2 1 4 1 4 1 2 4 3 2 2 1 2 2 3 3 3 4 3 2 4 1 4 2 1 2 1 4 4 4 2 3 2 4 3 3 4 3 2 3 3 3 2 1 3 1 4 1 3 4 4 3 2 3 1 3 2 3 1 3 4 2 4 1 4 2 4 1 2 3 2 2 4 4 4 4 1 4 4 4 4 2 1 4 
4 4 4 3 4 1 2 3 1 3 1 3 2 2 4 2 1 3 1 2 3 2 4 3 4 2 2 4 1 3 1 1 4 2 4 4 4 4 2 1 2 3 4 3 3 1 2 4 2 2 1 1 2 3 3 3 1 3 4 4 1 1 2 3 1 3 3 2 4 3 2 3 4 4 2 1 3 3 2 2 1 1 4 2 2 2 1 2 3 1 2 1 4 4 2 3 1 1 1 3 4 2 2 2 3 2 4 4 3 1 2 3 3 4 3 4 2 4 3 1 2 4 4 1 4 2 2 4 2 2 4 4 1 4 1 4 3 4 3 2 3 2 3 2 4 
4 3 1 4 2 4 2 2 4 4 4 2 1 4 1 4 1 1 3 2 1 3 1 2 4 1 3 3 3 4 3 1 4 2 1 4 2 4 4 2 1 2 3 4 3 1 3 4 1 3 1 3 2 3 2 4 2 1 2 2 3 4 2 1 3 3 2 2 3 1 1 2 3 2 1 3 4 3 3 2 4 1 1 2 1 1 3 4 3 3 4 2 3 3 2 4 4 4 3 2 3 4 3 4 2 1 2 4 1 3 3 1 3 3 1 2 2 1 2 2 2 3 2 4 3 1 2 1 4 3 2 4 3 3 4 4 2 2 3 4 4 1 1 2 4 
4 1 3 2 3 2 1 4 4 4 2 2 2 1 3 3 3 1 1 1 1 2 2 1 1 3 2 1 1 4 1 2 3 4 4 3 3 3 1 4 3 4 2 1 3 2 2 4 2 1 3 1 2 3 3 3 3 4 4 4 2 3 2 2 4 1 4 1 4 4 4 3 2 4 2 2 3 3 2 3 1 2 1 4 2 1 3 4 4 2 1 2 4 3 1 4 2 2 3 3 3 2 4 1 4 1 4 4 3 1 2 3 1 3 3 4 3 1 2 2 1 3 1 1 3 3 3 1 4 4 2 3 1 3 4 2 4 1 1 4 1 4 2 2 4 
4 3 4 1 1 2 4 4 3 1 4 1 2 1 4 1 1 1 2 1 3 1 4 1 2 4 4 4 1 4 4 1 2 4 1 1 4 2 4 1 3 2 2 3 3 1 1 4 4 1 3 3 1 3 4 3 2 2 1 1 3 3 3 2 2 2 4 4 3 4 3 1 2 2 1 1 3 1 4 2 4 1 4 2 3 2 3 1 1 1 1 4 2 4 4 1 3 1 2 3 4 4 4 3 3 4 4 1 3 3 1 4 1 3 1 3 3 1 1 3 4 4 4 4 3 1 4 2 3 3 1 2 2 2 1 4 3 4 2 3 4 3 2 4 4 
4 2 3 2 4 1 2 3 4 2 2 1 1 2 1 1 1 4 4 2 1 4 3 2 4 4 2 4 4 1 4 2 4 4 2 2 2 4 2 1 3 1 3 3 3 1 4 4 3 4 3 2 1 4 4 3 2 1 3 1 3 1 3 2 2 1 1 3 3 1 4 4 2 4 2 1 2 1 2 3 4 2 3 3 4 3 1 2 3 1 2 3 1 4 4 2 2 3 2 4 1 2 3 2 4 3 3 3 1 2 4 2 3 1 3 2 4 2 3 1 2 4 2 2 1 1 2 1 1 2 3 4 2 4 4 1 2 3 4 2 4 1 3 3 4 
4 1 4 3 2 4 1 2 3 4 1 4 2 2 3 4 4 1 3 1 3 3 4 3 3 2 4 3 4 1 3 2 3 2 3 4 1 4 1 4 4 2 1 4 4 3 1 2 3 4 1 3 2 4 1 3 4 2 1 1 4 2 2 2 1 1 1 4 3 3 2 1 1 3 3 4 1 1 4 2 4 2 2 2 3 1 4 1 2 2 1 2 2 2 2 2 3 4 1 3 4 4 3 2 4 1 2 3 1 2 1 2 3 4 2 1 2 3 3 4 3 2 4 3 1 2 4 1 2 3 2 2 1 4 3 1 2 4 3 4 1 3 2 2 4 
4 2 4 2 1 2 4 3 4 4 3 2 4 4 1 4 4 2 3 4 2 4 2 2 3 2 3 3 2 3 3 3 1 3 3 1 3 4 1 3 1 3 3 4 3 4 2 3 2 3 4 1 3 4 2 1 3 4 2 3 1 2 3 3 3 4 3 4 3 2 2 3 4 4 1 1 2 4 4 3 2 1 1 4 1 2 2 4 1 2 3 1 2 4 1 3 3 2 1 4 4 4 1 4 2 3 3 2 4 1 3 3 1 2 2 3 1 4 3 1 4 3 3 1 1 3 1 1 1 2 3 4 3 4 2 3 1 4 3 4 2 3 3 2 4 
4 3 4 2 3 4 4 3 1 2 2 2 2 3 3 2 4 3 2 2 2 2 2 1 2 1 3 2 2 2 3 3 3 3 3 3 1 4 3 1 3 1 3 4 1 2 2 3 3 1 1 1 3 3 1 1 4 3 2 1 4 3 2 1 3 2 3 2 3 3 2 3 2 1 4 4 1 4 1 1 2 1 3 2 3 2 2 1 4 4 1 4 4 1 1 1 2 3 2 3 2 4 4 2 3 2 3 2 2 4 2 2 1 4 4 2 2 2 4 3 4 2 3 2 1 1 2 2 2 2 2 4 2 3 3 2 3 1 4 4 2 4 3 2 4 
4 3 1 1 4 4 2 4 1 3 1 3 1 1 1 1 4 1 1 3 3 2 3 3 2 2 3 4 4 2 3 4 3 1 4 2 2 1 1 2 1 3 4 1 2 3 1 2 4 3 2 1 2 3 3 1 4 4 3 4 1 2 3 3 1 3 4 4 3 3 2 2 3 2 3 2 3 1 2 3 4 4 3 2 4 3 4 3 1 4 2 4 4 1 3 3 1 4 2 4 2 2 1 4 3 1 1 2 3 4 3 1 1 4 3 1 2 2 1 4 2 4 4 3 3 4 1 1 1 1 3 2 4 4 3 2 4 3 4 4 3 3 4 3 4 
4 4 4 1 1 1 4 4 1 1 4 2 2 3 1 2 2 4 1 1 3 2 3 1 2 1 3 3 2 3 4 4 3 2 3 4 1 1 1 2 1 4 2 2 2 1 4 3 4 2 1 2 2 3 1 2 3 2 3 4 1 4 1 2 2 1 1 4 4 4 4 1 3 1 3 3 2 2 1 2 2 4 2 3 3 4 3 4 2 2 4 1 3 3 2 3 2 4 1 2 4 3 3 3 2 4 4 2 4 3 1 1 3 3 4 3 1 1 3 2 3 4 2 2 3 3 3 4 4 1 4 3 2 1 2 4 2 1 1 4 4 1 1 1 4 
4 4 2 3 4 1 3 1 2 3 4 2 3 3 3 3 4 3 1 3 2 1 4 4 3 4 1 3 1 1 4 3 2 4 4 1 2 2 4 1 4 4 4 2 1 3 2 1 4 4 4 2 1 1 2 1 4 2 3 4 1 3 4 2 4 2 2 1 4 1 3 1 1 3 3 1 2 4 1 3 4 3 4 1 3 2 1 2 3 1 4 4 3 2 4 2 3 2 3 2 4 2 1 3 3 4 3 4 3 2 3 2 1 3 3 1 1 3 1 4 2 3 3 4 2 4 4 1 1 2 3 1 3 4 1 2 1 1 2 1 3 4 1 2 4 
4 2 2 4 1 2 3 2 2 4 3 1 3 2 2 1 3 1 1 3 2 2 3 3 2 2 1 3 1 4 4 3 2 3 4 2 3 4 1 4 4 4 3 3 4 2 2 4 4 1 4 3 3 2 3 4 2 4 2 2 4 1 4 1 2 2 2 3 4 1 4 1 4 4 2 1 4 1 3 3 2 2 2 4 2 1 1 1 4 4 4 2 2 3 2 2 1 1 3 2 3 2 1 4 1 1 4 2 4 3 3 4 1 1 3 3 1 1 4 2 4 1 2 2 1 2 3 4 3 3 2 4 3 2 4 2 4 4 4 1 4 4 3 1 4 
4 2 4 2 1 3 4 4 3 2 4 3 4 2 4 2 2 3 1 1 2 1 1 3 4 3 3 3 1 4 3 3 1 2 2 3 2 4 4 1 3 1 1 1 2 4 1 4 2 1 2 2 2 2 4 2 1 4 2 1 3 4 3 2 2 1 4 4 1 4 4 2 4 3 4 4 1 1 2 3 3 3 4 1 1 2 2 1 1 1 2 1 1 3 4 2 2 3 4 3 3 4 3 3 2 2 4 1 2 4 4 4 4 3 1 3 1 1 1 3 4 2 3 2 3 3 1 3 4 3 4 3 4 4 2 2 2 3 3 2 1 2 4 1 4 
4 1 4 1 4 1 4 3 1 3 4 1 4 1 2 2 4 2 2 3 2 3 4 2 4 4 4 3 4 1 3 2 4 2 3 3 3 2 2 4 3 3 1 2 4 2 1 3 4 4 1 3 3 4 3 1 1 2 3 3 1 4 1 1 1 1 1 4 1 2 3 2 2 4 2 4 3 1 2 4 1 4 3 3 4 1 3 3 1 3 3 3 4 3 2 3 1 1 1 2 4 3 1 2 1 1 2 2 3 4 4 2 3 2 4 1 3 4 4 4 3 2 2 1 2 3 3 1 3 4 1 2 1 3 3 3 3 4 4 1 2 1 3 1 4 
4 1 4 3 4 2 4 3 1 1 1 4 3 4 2 2 3 4 3 3 1 3 4 3 3 2 4 4 4 4 3 4 4 3 1 2 3 1 2 1 3 3 2 3 4 3 1 4 3 1 2 4 1 1 3 2 3 4 3 3 4 4 1 2 2 3 2 4 3 2 4 4 4 2 1 3 1 2 2 4 3 3 2 2 1 2 1 1 4 1 3 1 4 3 1 2 3 4 1 4 2 2 3 4 4 2 3 1 4 3 4 4 1 1 3 4 1 2 1 1 1 1 3 3 2 2 3 3 4 1 2 2 3 3 1 2 2 3 3 4 2 1 1 1 4 
4 4 1 3 1 2 3 4 3 2 4 4 4 3 4 1 2 4 2 2 1 2 3 3 2 3 2 1 2 3 1 4 1 2 2 4 1 3 4 2 4 3 1 1 1 3 1 3 3 2 2 1 1 1 1 1 1 4 3 2 4 2 1 1 4 4 1 1 4 4 2 3 1 3 2 2 4 2 2 1 2 1 4 4 4 3 4 4 1 4 2 4 3 1 3 2 2 1 2 4 2 4 3 4 2 4 3 3 2 4 3 2 1 2 1 1 1 1 3 2 4 2 4 3 2 1 3 1 2 2 3 1 1 2 1 4 2 3 4 2 3 4 4 3 4 
4 3 4 4 3 1 3 4 3 1 4 2 3 1 1 1 1 1 1 2 1 2 4 3 4 2 4 3 1 4 1 4 4 3 2 2 1 4 4 2 2 1 1 1 4 1 3 2 2 2 1 2 1 1 4 2 2 3 3 4 3 2 2 4 3 1 4 2 4 2 3 4 2 2 1 2 2 4 1 2 1 4 1 3 4 2 4 1 2 4 4 3 3 2 3 3 3 1 2 1 3 4 1 2 4 3 2 1 1 4 2 4 4 1 3 2 4 2 2 3 3 1 2 1 2 1 4 4 2 2 2 1 3 3 4 4 1 1 2 3 3 2 4 2 4 
4 2 2 3 1 2 1 4 3 3 2 2 2 4 3 2 3 1 3 4 2 2 2 4 2 4 2 4 3 3 3 3 2 3 1 4 3 4 2 4 4 1 2 1 2 4 2 3 3 4 1 4 4 3 3 2 1 3 1 4 1 3 3 4 1 2 2 1 2 4 2 3 1 4 3 2 1 2 2 2 3 4 1 1 2 1 3 4 3 1 4 4 1 3 2 3 3 4 2 2 2 1 1 3 3 3 3 1 1 4 2 1 2 2 2 1 1 4 1 4 1 3 3 3 3 2 1 1 2 4 3 2 1 3 2 4 3 1 3 1 1 2 4 1 4 
4 2 2 3 4 1 2 4 2 2 3 2 2 1 1 4 2 2 3 3 3 2 1 3 4 3 4 2 3 4 3 4 3 4 4 3 2 3 4 4 1 3 1 2 4 4 2 1 4 4 3 2 1 1 4 3 2 4 4 1 1 4 3 4 4 3 4 3 4 2 4 3 4 1 1 1 2 1 1 4 1 2 4 2 3 3 2 3 1 4 3 3 2 3 3 2 4 3 1 2 1 1 1 2 2 3 4 4 3 4 1 3 3 1 4 2 4 4 3 1 3 2 4 1 1 3 2 1 2 1 4 2 4 2 3 2 2 1 1 1 1 3 1 4 4 
4 2 1 4 3 3 1 4 2 4 4 2 2 1 3 1 4 2 3 3 1 4 1 4 2 3 1 2 2 4 2 1 1 4 4 2 2 1 2 3 3 1 1 1 2 3 2 3 1 4 4 4 3 4 3 1 1 4 1 1 1 2 4 3 2 2 1 4 2 1 2 2 3 2 1 3 2 1 2 4 3 3 2 2 4 2 1 3 4 3 2 3 1 1 4 1 2 3 1 1 2 1 4 4 4 4 1 2 3 2 1 3 1 2 1 3 4 4 3 4 4 1 2 2 3 3 3 3 1 1 2 4 4 4 1 1 1 3 2 4 3 2 2 1 4 
4 1 2 2 1 4 4 3 2 4 3 4 2 1 3 3 1 1 3 1 3 1 1 2 4 3 3 4 3 1 1 3 4 4 3 3 4 1 4 3 1 2 3 3 2 4 3 1 1 2 1 3 1 1 2 3 2 1 3 1 1 2 3 4 3 4 4 3 1 2 3 4 4 1 2 3 1 3 2 1 3 2 3 1 2 2 1 2 1 3 3 2 3 4 3 3 4 4 3 2 4 4 3 1 1 1 4 2 2 1 2 4 4 2 1 2 4 4 3 3 2 4 2 3 1 2 1 1 1 3 3 4 3 1 2 4 2 1 2 4 1 3 4 3 4 
4 2 3 3 4 3 4 3 2 2 2 1 3 3 2 3 1 1 1 4 2 3 3 1 1 2 1 4 4 1 3 2 4 2 2 3 1 2 1 3 3 4 1 3 1 4 2 3 3 1 3 4 2 3 2 3 2 4 2 4 4 3 2 4 1 2 1 2 4 1 3 4 3 4 3 1 2 1 2 2 3 2 1 2 4 2 1 2 1 3 2 1 3 4 3 3 4 1 2 1 4 1 2 4 3 4 1 3 2 3 4 3 2 3 2 1 1 4 4 3 4 1 4 1 4 3 1 4 4 4 3 3 3 3 4 4 3 1 1 3 4 2 3 3 4 
4 2 3 1 1 4 4 1 1 1 2 2 1 2 1 3 4 4 2 3 4 2 1 3 4 2 1 4 3 3 3 1 3 4 1 3 2 3 4 4 4 1 4 1 4 2 4 3 1 4 4 1 1 4 3 1 2 3 4 1 2 2 4 3 2 1 1 4 1 4 3 1 4 4 2 2 1 4 3 1 2 4 3 3 3 1 2 3 3 4 4 2 3 1 4 1 2 4 2 4 3 3 2 4 3 2 3 3 3 1 3 4 4 2 1 4 4 2 3 4 1 2 2 1 1 1 1 4 1 4 2 4 2 4 4 1 1 4 3 2 2 4 3 1 4 
4 1 2 1 2 2 2 4 4 1 2 4 4 4 1 4 1 2 2 2 2 2 3 3 3 1 1 2 4 1 3 2 1 1 3 4 3 4 3 3 4 2 4 4 4 2 2 2 1 2 4 1 2 2 3 2 1 1 4 1 2 4 2 4 2 1 4 4 1 1 4 3 1 1 1 4 4 4 4 1 1 4 1 1 3 2 1 1 4 2 4 2 4 1 2 4 3 1 2 3 2 4 4 4 2 4 1 3 1 1 1 1 1 4 2 1 1 2 3 4 3 3 1 1 4 3 3 4 2 4 2 1 1 3 1 1 2 1 1 2 4 3 4 2 4 
4 1 1 1 1 3 3 4 4 4 4 4 2 4 4 1 4 2 2 2 2 3 2 2 3 2 2 3 4 2 1 3 3 4 3 2 2 1 2 3 1 3 2 1 4 4 3 4 4 4 3 2 3 3 3 2 2 3 4 2 4 4 2 3 4 3 2 4 4 3 3 2 1 1 1 4 2 2 1 2 3 3 1 1 3 1 4 1 2 4 3 1 4 4 3 1 1 4 4 2 4 2 4 3 3 1 3 4 1 3 4 3 1 4 2 4 1 3 2 1 1 4 2 4 2 1 4 2 4 1 1 4 1 3 1 2 3 3 3 4 2 2 3 3 4 
4 3 1 2 3 4 3 3 3 4 1 2 1 3 1 1 1 1 4 3 3 2 3 3 2 1 4 1 1 2 3 3 4 2 1 3 1 1 2 1 4 3 1 3 1 2 2 4 3 2 1 1 4 1 4 1 2 3 4 1 3 1 2 4 3 1 2 2 4 2 4 4 3 1 4 4 4 2 3 2 3 4 1 2 4 1 2 3 2 3 2 4 4 4 3 4 2 3 4 4 4 1 1 2 3 4 1 4 3 2 1 4 2 3 1 4 4 4 4 3 2 2 2 1 1 1 4 2 3 2 4 4 1 4 3 3 4 2 3 4 3 1 3 2 4 
4 1 1 2 1 4 1 1 3 1 3 4 4 4 2 1 4 2 1 3 4 3 1 2 4 2 2 4 1 4 1 4 3 1 2 3 1 3 3 4 4 2 4 4 4 1 2 4 4 3 1 2 3 3 3 4 3 2 4 4 4 2 4 3 4 4 3 1 4 4 2 2 4 2 3 3 4 1 3 1 4 2 3 1 1 4 3 3 3 3 4 4 3 4 1 3 3 4 1 4 3 2 2 1 2 2 4 4 2 4 3 1 4 1 4 4 3 4 1 1 2 1 2 4 3 2 2 2 4 4 1 2 3 4 3 1 3 1 2 2 1 4 3 2 4 
4 1 4 1 1 4 2 2 4 1 2 4 1 1 3 1 1 1 1 3 3 3 2 2 3 3 1 1 1 3 4 4 4 2 2 2 2 1 4 3 3 3 1 4 4 1 2 3 4 2 3 2 2 2 4 1 3 3 1 4 3 4 1 2 3 2 1 1 1 4 4 2 2 4 2 3 2 1 3 4 4 4 1 1 4 2 3 2 1 2 4 2 3 2 4 2 3 3 2 4 1 2 2 4 2 4 1 2 3 2 1 4 4 1 3 2 4 2 2 3 2 2 3 4 1 2 1 3 1 1 4 1 3 4 1 3 2 3 1 4 3 3 2 4 4 
4 4 1 2 3 1 3 1 1 4 3 2 1 3 4 2 3 1 2 1 1 3 1 3 2 1 3 2 4 2 2 1 4 1 1 3 2 4 1 3 3 1 2 3 1 3 3 3 3 2 1 1 4 4 4 1 1 3 4 2 2 3 2 1 4 2 1 4 1 4 2 4 4 2 3 2 4 1 2 3 1 4 1 3 4 4 1 1 1 1 1 4 1 1 4 3 4 1 2 3 3 2 4 3 2 1 3 1 2 2 4 4 1 1 1 1 2 2 2 4 2 1 2 1 2 3 3 3 1 2 2 2 4 4 3 2 3 2 4 4 2 4 3 4 4 
4 4 4 1 2 2 1 4 2 3 4 3 2 2 3 2 4 2 4 3 2 4 3 3 2 4 4 3 3 2 2 1 2 2 4 2 2 4 1 3 1 3 4 3 1 4 4 4 2 4 4 1 2 4 2 2 3 2 3 1 2 3 4 3 4 2 4 4 4 1 1 3 2 3 2 1 3 4 3 2 4 3 4 1 3 2 3 3 3 2 1 1 3 3 1 2 3 4 4 4 1 4 1 1 1 1 2 2 1 3 2 4 2 4 4 2 1 4 1 1 3 1 1 4 3 4 1 4 1 1 1 3 3 4 2 4 3 1 2 1 2 2 3 4 4 
4 2 1 3 3 2 4 4 3 3 4 2 4 1 4 3 1 4 4 1 3 2 1 3 4 1 2 3 3 2 2 4 1 3 3 2 4 1 2 1 1 1 1 2 4 4 2 2 1 2 2 3 1 1 1 4 2 4 2 3 1 2 2 4 3 4 2 1 3 2 1 1 4 2 1 2 3 1 2 1 4 2 3 4 2 1 1 3 1 1 3 4 1 1 1 3 4 1 4 1 3 4 3 3 2 2 4 4 1 3 4 1 2 4 3 2 4 1 2 4 1 3 4 2 1 3 3 1 2 4 3 1 1 2 2 2 1 1 4 2 3 4 4 4 4 
4 1 1 3 4 2 4 4 4 4 2 1 2 3 2 1 2 3 3 2 1 3 4 2 1 3 4 1 1 1 3 1 4 4 2 3 2 1 4 4 4 2 4 4 4 3 1 3 4 2 1 1 3 1 2 3 2 1 3 3 1 2 1 3 2 4 3 2 2 3 2 4 4 3 4 4 2 2 3 1 1 2 2 2 2 4 3 3 3 1 2 2 2 2 4 1 4 2 2 1 2 3 4 1 2 4 3 1 3 4 4 2 2 3 2 4 1 3 3 1 1 4 3 1 4 2 4 4 2 3 2 3 3 2 1 4 3 3 3 1 2 3 3 4 4 
4 2 2 1 1 1 4 4 2 1 1 3 1 1 4 4 1 4 3 2 1 4 2 3 1 4 1 3 2 3 1 1 3 4 1 2 4 2 3 1 4 2 1 3 2 3 1 4 4 4 4 4 2 1 4 1 3 1 4 3 1 1 1 1 4 1 4 4 4 1 1 1 3 1 3 1 2 1 2 2 2 3 3 3 2 2 4 3 1 3 2 2 4 3 4 2 1 2 1 2 2 3 4 1 1 1 4 3 4 3 4 4 1 4 1 1 2 3 3 4 1 3 2 1 1 3 3 1 4 3 4 1 1 2 4 4 2 4 3 4 2 1 3 1 4 
4 4 1 2 4 1 4 3 2 4 3 1 2 4 4 4 3 1 4 3 4 3 1 2 3 3 1 3 2 2 4 4 3 1 3 2 3 1 1 4 4 1 2 3 1 2 1 1 2 1 4 4 1 3 2 1 1 2 1 1 3 1 2 4 4 2 2 1 1 2 2 1 3 3 4 1 4 3 3 4 2 3 2 3 1 4 2 4 2 3 3 1 3 1 2 3 1 3 3 4 1 4 2 2 2 4 4 2 1 4 1 4 4 3 2 4 2 3 1 1 1 3 3 4 1 1 2 2 2 1 4 3 3 1 1 1 2 1 4 2 1 3 2 2 4 
4 1 1 4 3 2 2 1 1 1 4 2 3 1 1 4 1 2 2 1 1 4 4 1 1 3 4 1 4 4 1 1 2 4 2 3 2 2 2 1 3 2 2 3 2 3 1 2 2 4 1 4 4 3 3 3 3 2 2 3 3 3 3 3 1 1 4 4 3 2 3 4 3 3 3 3 1 2 1 4 4 4 3 1 3 1 2 4 3 1 2 1 4 4 2 1 2 2 4 4 4 1 2 3 3 3 1 2 4 2 2 4 3 4 2 4 2 2 4 2 2 2 2 1 2 1 1 1 2 2 1 2 1 1 1 1 4 2 4 3 2 3 4 2 4 
4 2 4 1 4 2 2 3 3 2 3 1 3 4 4 1 4 1 2 4 1 1 4 1 1 1 3 3 2 2 1 4 1 2 2 3 1 3 4 3 2 2 2 2 1 3 1 3 4 2 3 2 4 3 4 3 2 4 3 2 3 4 4 1 3 2 4 3 2 1 4 4 4 3 2 4 1 1 2 4 3 2 2 4 3 2 2 1 2 3 1 3 1 2 3 1 3 3 2 2 4 2 4 3 1 3 2 1 3 3 4 4 1 4 2 2 2 2 1 4 3 3 3 2 3 1 4 3 4 3 4 2 2 4 2 1 4 1 1 1 2 4 3 2 4 
4 3 2 2 2 2 3 4 1 3 1 4 2 4 1 1 2 4 4 4 1 1 2 1 4 2 1 1 2 1 2 1 3 2 2 4 4 1 4 1 1 4 3 2 4 2 4 2 4 2 3 4 3 2 4 2 1 3 4 3 1 1 3 2 2 1 4 1 4 4 4 1 4 4 4 2 3 4 3 1 1 4 4 1 3 3 1 1 1 4 3 2 3 3 1 1 4 2 1 3 2 2 2 3 4 2 3 3 2 1 4 3 1 3 4 1 1 3 1 1 2 3 4 4 2 4 4 3 1 1 3 2 1 1 1 4 2 1 3 3 2 4 3 1 4 
4 1 1 4 4 2 3 3 2 1 4 3 1 2 1 4 4 1 2 4 4 4 3 3 1 2 4 4 2 1 3 3 1 2 3 1 1 2 4 2 2 3 1 1 2 3 3 3 4 4 1 2 2 3 1 2 3 2 1 1 1 3 4 1 1 2 4 1 1 4 2 2 2 1 2 2 4 2 1 4 4 3 1 4 3 4 2 3 2 2 4 1 2 2 1 3 4 4 2 4 4 3 2 3 2 2 3 1 1 4 1 1 3 4 4 1 2 1 2 3 3 4 1 2 1 4 4 4 4 4 2 4 4 1 1 1 4 4 4 3 4 3 4 2 4 
4 1 3 3 1 2 2 3 1 3 1 4 3 3 1 4 1 2 2 2 2 2 2 2 1 1 4 3 3 2 1 2 1 2 2 2 2 1 2 1 2 2 3 4 3 4 4 4 1 4 1 4 2 3 2 1 3 4 3 3 3 3 3 4 1 3 3 4 4 1 2 1 1 1 2 1 4 1 3 2 2 2 2 4 1 1 3 1 3 4 3 3 4 1 1 4 2 4 1 3 1 2 3 1 1 2 4 3 4 2 2 4 4 4 1 4 2 4 3 2 1 2 2 2 3 1 3 1 2 1 2 2 1 3 4 1 2 2 1 1 2 4 4 3 4 
4 4 4 2 3 3 4 2 1 2 3 4 4 4 4 3 3 3 2 1 2 3 4 4 4 3 2 3 3 4 4 2 1 1 3 2 4 3 3 1 4 4 3 4 2 1 1 1 2 2 4 3 3 2 1 2 2 1 4 3 2 1 4 4 2 3 1 3 1 3 1 2 1 1 1 2 4 3 1 1 2 2 1 3 3 1 1 4 1 2 1 3 2 2 1 4 4 3 2 4 2 4 1 4 2 4 3 4 4 4 3 3 2 1 2 3 1 3 2 4 3 4 3 3 4 1 1 1 2 2 4 1 2 2 1 3 1 2 3 2 3 1 3 3 4 
4 2 3 2 1 3 4 4 1 2 1 2 1 2 1 1 4 4 4 4 1 4 2 4 1 1 4 2 1 2 4 1 3 4 4 2 1 4 3 4 2 2 4 1 3 2 4 3 4 1 3 2 1 4 4 1 3 2 2 3 4 1 1 2 2 4 3 4 4 2 1 3 1 1 1 4 4 1 3 2 1 2 2 1 2 4 3 3 3 4 1 4 3 1 3 2 2 1 3 1 4 1 4 4 1 4 4 4 2 4 1 3 3 4 4 4 3 3 2 1 1 4 4 1 2 2 3 3 2 2 1 4 2 3 2 1 2 2 1 4 3 3 1 1 4 
4 1 1 1 4 1 3 4 3 1 1 2 3 2 3 3 2 2 4 3 3 2 4 3 4 3 2 2 2 4 4 2 2 4 3 2 4 4 1 2 1 3 4 3 1 4 4 2 4 3 1 2 3 2 2 2 1 2 2 3 2 4 1 1 1 4 4 4 3 4 3 2 4 4 3 4 1 3 1 2 1 1 1 4 1 4 4 1 4 2 3 3 2 3 1 4 4 3 3 2 1 4 4 1 2 3 3 1 2 4 2 4 3 4 4 4 4 2 3 1 1 1 4 2 3 4 2 4 1 2 3 3 4 3 3 1 4 3 2 4 4 1 4 3 4 
4 1 1 4 1 1 3 2 3 2 1 4 4 2 1 2 3 4 2 4 3 2 2 3 1 4 3 2 1 3 1 3 4 4 3 1 4 2 4 4 3 4 4 3 4 2 4 4 2 2 2 4 4 1 2 1 2 4 2 3 2 3 2 4 3 4 1 4 2 2 1 2 2 2 2 2 3 3 3 3 3 1 3 1 1 1 4 4 1 3 4 2 4 4 3 4 4 2 3 4 1 2 4 2 1 3 1 2 1 1 1 1 3 4 3 1 3 2 3 2 4 2 4 4 1 3 3 3 4 4 1 4 4 2 1 1 2 3 4 2 4 1 1 1 4 
4 2 3 1 3 4 4 2 2 1 3 1 3 4 2 1 2 3 1 3 2 3 1 2 1 2 3 3 2 1 2 1 3 4 4 2 2 2 3 1 4 1 1 1 3 2 4 2 1 3 1 3 3 2 3 1 4 2 4 2 4 1 1 3 1 2 1 3 4 3 3 2 4 4 2 3 4 3 2 1 3 4 3 3 1 3 3 1 1 4 2 4 1 1 1 1 1 1 1 4 1 2 2 3 2 2 4 3 3 1 1 1 4 3 2 3 1 1 2 4 3 4 2 4 2 1 3 2 1 4 1 2 2 4 2 4 3 4 2 4 1 4 3 4 4 
4 1 2 4 3 4 2 1 1 3 2 4 2 2 4 3 4 1 3 1 3 1 1 1 3 4 4 2 2 3 3 2 4 2 2 1 2 1 4 3 3 3 1 4 4 4 2 3 1 2 2 3 4 2 2 2 4 1 2 1 4 3 4 3 2 2 2 1 4 4 3 2 1 4 4 4 3 3 4 2 1 1 4 4 3 4 1 4 4 1 3 2 2 1 4 2 3 1 1 1 3 2 4 1 1 2 3 3 2 2 2 1 3 1 3 3 4 4 4 4 4 1 2 3 4 2 1 3 1 4 3 1 1 4 3 2 4 3 3 4 4 2 1 4 4 
4 3 3 1 4 2 1 2 4 4 2 2 3 3 4 3 2 1 1 3 2 3 2 1 2 3 1 1 4 1 3 1 1 2 4 1 1 1 1 4 1 2 3 3 2 2 3 1 1 4 1 3 1 2 2 1 4 1 1 2 2 3 1 4 4 1 3 2 3 4 2 1 4 4 1 4 4 2 4 2 1 1 4 3 3 4 1 2 4 2 2 4 3 4 1 1 3 2 4 3 1 1 3 2 2 2 3 1 2 1 3 3 1 3 1 2 3 2 3 2 3 1 2 3 3 1 3 3 4 4 1 3 3 4 4 4 2 4 4 1 1 3 2 1 4 
4 1 3 2 2 1 3 2 3 3 3 1 2 2 1 1 2 3 1 3 2 1 3 4 1 2 4 3 1 1 1 2 1 3 2 3 2 1 1 4 2 2 4 4 2 2 1 1 1 2 1 2 1 4 3 4 2 3 3 4 2 1 3 1 2 4 4 3 3 2 1 4 4 1 2 3 2 4 4 3 3 2 4 4 1 2 3 3 3 3 4 1 1 2 4 1 2 1 3 4 3 2 4 1 4 3 4 3 3 4 3 1 4 2 4 1 2 4 2 3 2 4 3 2 1 4 3 1 1 4 3 3 4 1 1 1 4 3 3 1 2 3 3 2 4 
4 2 4 3 2 1 2 1 1 4 3 4 1 2 3 4 3 3 4 3 2 2 4 3 1 4 2 4 2 1 2 4 2 3 4 2 4 1 4 2 3 2 2 1 2 4 2 2 1 1 1 4 4 1 1 4 3 4 3 2 2 3 4 2 4 4 2 2 4 1 4 1 1 4 3 4 4 3 3 2 1 2 2 3 3 2 3 1 1 4 2 3 1 3 3 1 2 4 4 3 4 1 4 1 3 3 1 1 2 2 1 4 1 2 3 2 4 1 4 4 2 1 1 1 3 3 3 3 1 2 3 2 4 3 3 1 4 2 2 4 2 3 4 4 4 
4 1 1 3 3 3 1 2 4 1 1 1 1 1 4 4 1 4 4 3 1 3 2 3 3 2 4 2 2 4 3 1 2 2 4 2 4 4 1 2 4 3 3 1 3 2 2 4 3 3 2 1 1 2 2 3 2 3 2 4 4 2 2 2 3 3 3 4 2 1 4 3 1 3 3 1 4 4 4 1 3 1 3 1 2 3 1 4 2 4 1 4 2 1 2 1 3 1 3 2 4 2 2 4 3 4 3 1 1 4 4 4 3 1 2 4 3 4 1 2 1 2 3 4 3 1 3 2 3 1 2 4 3 2 1 3 1 3 2 4 2 1 1 4 4 
4 3 4 4 1 2 4 4 4 2 1 1 4 2 4 1 3 3 1 3 1 4 3 2 3 4 3 1 3 4 2 1 3 2 4 1 3 3 4 3 4 2 2 3 2 1 2 1 4 1 2 4 3 3 1 4 1 1 4 1 4 1 1 4 2 1 1 1 4 3 4 4 4 2 3 1 1 4 4 2 4 4 4 1 4 1 1 2 1 4 2 4 1 2 3 3 4 1 4 4 3 3 3 4 3 1 2 4 1 4 1 4 3 3 4 4 2 2 4 1 1 2 1 4 1 4 3 1 1 4 4 2 3 3 3 3 3 4 3 3 3 4 4 1 4 
4 1 2 1 3 2 4 1 2 1 4 2 4 1 1 4 4 1 3 2 3 4 4 2 4 3 4 2 2 3 2 4 1 1 4 3 2 2 1 2 4 4 2 4 4 3 1 4 2 1 3 3 2 4 2 4 3 4 4 2 3 3 3 4 1 2 3 1 4 2 2 4 2 3 3 2 1 4 2 4 4 1 4 1 1 2 4 3 2 1 4 4 2 1 3 4 1 3 1 1 1 4 2 1 2 4 2 2 2 1 2 4 2 3 4 4 4 3 4 1 2 4 4 4 4 1 2 1 1 2 4 4 4 1 2 1 1 2 3 4 1 3 1 4 4 
4 2 2 4 2 4 2 4 1 4 3 4 1 4 2 1 4 1 3 2 4 2 3 2 3 4 3 2 3 1 3 3 1 4 4 4 2 1 3 1 3 1 1 2 4 3 4 2 3 2 2 4 2 3 2 4 2 3 2 4 1 1 1 4 1 3 1 2 1 4 4 2 2 3 3 1 1 3 2 2 3 4 1 3 4 1 4 2 2 3 2 2 1 4 4 1 3 4 3 3 2 3 2 1 2 2 1 3 2 2 4 4 2 4 1 3 4 1 2 1 1 1 1 4 2 2 1 4 3 2 3 2 4 3 1 3 1 4 1 3 1 2 3 4 4 
4 4 3 4 3 1 4 4 1 1 2 2 2 2 2 1 3 3 4 2 3 3 4 3 4 2 3 4 4 2 3 2 4 4 4 4 1 3 1 3 2 3 3 1 4 1 1 2 4 3 3 4 2 1 3 2 1 3 1 3 4 3 2 4 1 2 1 1 2 3 4 3 2 2 1 4 1 3 4 4 3 1 2 1 4 3 2 2 3 2 1 2 1 3 2 3 4 1 1 2 2 1 3 2 4 1 2 4 2 4 2 4 2 4 4 1 4 3 1 4 1 4 4 3 1 1 4 1 2 1 2 2 1 2 1 2 1 3 3 2 2 4 4 4 4 
4 1 2 3 2 3 1 1 1 1 2 2 4 3 3 1 4 2 1 4 1 1 1 2 4 1 1 3 3 1 2 1 3 1 3 1 4 2 2 3 1 2 2 2 2 3 4 2 3 1 1 4 2 4 2 3 1 2 3 2 4 1 3 2 1 3 3 1 1 2 3 3 2 4 4 3 2 4 4 2 1 2 2 2 1 1 4 1 4 2 4 2 2 3 4 2 4 1 4 3 4 3 3 3 4 4 1 2 4 4 4 1 1 3 4 1 4 3 1 4 3 2 1 2 3 2 3 4 1 4 1 2 3 3 4 3 3 1 1 4 4 3 3 3 4 
4 4 1 1 4 3 3 3 2 3 4 2 3 1 4 2 3 3 4 1 2 2 3 3 3 1 3 1 3 2 2 2 2 1 2 2 2 2 4 4 3 3 2 2 3 3 1 3 4 4 1 1 3 3 4 2 3 2 4 2 4 3 3 1 2 4 4 2 2 3 4 4 1 3 2 1 2 4 4 3 4 2 3 2 4 3 2 4 4 3 4 1 3 4 2 4 2 2 4 4 3 1 2 2 3 3 3 1 4 4 2 1 1 3 1 4 3 1 4 2 2 2 4 4 3 3 3 4 1 4 3 1 4 3 1 1 4 3 3 2 1 4 3 1 4 
4 1 1 2 3 4 2 2 1 3 4 2 3 4 4 1 3 2 2 3 1 4 1 3 3 2 3 4 4 3 4 3 2 1 2 4 2 1 3 2 2 2 4 2 3 2 3 2 2 1 2 1 3 3 4 1 1 4 4 3 3 3 2 2 1 3 1 4 4 1 2 4 2 3 4 3 1 1 4 4 1 2 3 4 1 2 1 3 2 4 3 3 4 1 2 4 4 4 1 4 4 1 2 2 4 1 1 3 1 4 3 2 1 3 3 4 2 4 2 4 1 2 1 4 1 3 1 4 3 3 3 3 1 1 1 4 1 3 1 1 2 2 4 1 4 
4 1 1 2 4 4 3 3 1 1 1 1 3 3 4 1 1 4 2 3 2 4 1 1 2 4 2 2 1 2 1 2 3 4 3 4 3 2 3 4 2 3 1 2 4 1 1 4 3 4 4 3 1 1 1 1 4 3 4 4 3 1 4 4 1 1 1 2 4 1 3 2 1 1 4 1 2 3 2 3 3 3 3 1 1 4 1 2 2 2 2 1 3 4 1 3 4 3 4 1 1 1 1 1 3 1 2 3 4 1 4 4 1 4 4 1 4 1 1 1 4 1 2 1 2 3 4 2 4 4 4 3 1 1 4 3 3 2 3 4 4 4 4 2 4 
4 3 1 3 4 4 2 2 1 1 1 1 3 4 4 4 4 1 3 2 1 3 1 3 1 2 2 2 3 4 2 1 3 1 1 1 3 1 2 2 2 1 3 3 3 4 2 1 2 3 4 4 3 3 3 2 1 3 4 2 1 3 1 2 3 3 3 2 3 2 2 2 4 1 3 3 4 1 4 2 1 4 2 1 2 1 3 1 3 1 3 3 3 2 1 3 4 4 3 3 4 2 2 4 1 3 4 2 2 2 1 2 1 4 3 2 4 4 1 1 3 1 4 2 4 1 1 1 3 1 3 1 2 3 4 3 3 3 1 3 1 1 4 4 4 
4 2 1 2 3 1 3 1 1 4 2 1 4 4 4 2 1 4 4 1 1 2 2 4 3 1 1 2 1 4 2 3 2 2 4 2 1 4 2 1 1 3 2 2 3 4 2 2 2 4 1 4 2 1 3 1 2 4 3 2 1 4 2 1 2 4 4 1 1 2 2 3 4 2 2 4 4 4 4 3 1 2 2 4 2 1 3 2 3 2 1 3 3 2 1 2 1 2 1 3 4 4 2 4 4 4 2 1 1 4 2 1 2 4 3 4 1 3 3 2 1 3 3 2 1 2 2 1 3 3 3 2 2 2 2 3 2 3 3 1 2 2 4 1 4 
4 4 1 3 2 2 4 3 4 1 3 2 2 1 4 4 2 1 2 1 2 4 1 4 2 4 1 4 1 4 3 4 3 1 1 1 4 4 3 1 3 1 4 3 4 4 1 4 2 4 2 4 3 1 3 4 1 2 3 2 1 3 1 4 1 4 3 3 2 4 4 3 4 3 3 1 4 2 1 4 4 4 3 4 3 3 1 1 2 1 4 1 1 4 3 1 4 3 1 2 4 3 2 3 3 1 3 1 2 3 1 2 2 3 2 1 2 4 4 3 4 2 4 3 2 3 3 2 3 1 3 2 3 4 4 3 1 3 2 1 1 2 3 1 4 
4 1 4 2 4 2 3 2 1 4 4 3 1 4 4 1 2 2 3 4 3 2 3 4 4 3 3 2 4 1 1 1 3 3 4 2 1 1 3 2 4 2 2 3 2 3 3 3 2 3 2 1 1 2 1 3 4 1 3 2 1 3 1 3 3 4 1 2 4 2 1 3 4 3 4 3 4 1 3 3 2 3 2 1 4 2 3 2 3 1 4 2 2 1 3 1 4 4 4 4 1 4 3 4 1 1 4 1 1 2 2 2 4 1 1 3 1 3 1 2 4 3 2 2 4 2 1 3 4 3 3 3 3 1 3 3 3 4 2 4 1 1 4 3 4 
4 4 3 1 4 1 4 4 4 1 1 1 4 2 3 2 3 4 1 1 1 2 4 2 1 1 3 1 2 1 2 3 3 4 4 2 4 2 4 3 4 3 1 3 2 1 1 4 3 4 2 3 1 3 1 4 3 3 4 1 4 3 2 4 1 3 1 2 4 1 3 2 1 4 3 4 3 2 1 2 2 3 4 3 2 4 1 2 2 4 4 3 4 1 1 2 2 4 3 2 1 3 1 3 2 2 4 1 2 1 3 2 4 1 3 3 4 2 3 4 1 3 4 3 4 3 3 3 4 3 1 1 2 2 2 1 3 2 4 2 1 1 3 4 4 
4 1 2 2 1 4 4 4 3 3 2 2 1 3 4 1 4 3 1 2 4 4 2 1 3 3 3 1 4 2 2 1 1 2 1 3 4 3 3 3 3 3 3 4 4 1 3 1 3 1 2 1 3 1 4 3 1 1 3 3 2 2 2 1 3 3 3 1 3 3 1 3 3 4 1 1 3 1 1 1 1 4 3 1 2 3 2 2 2 3 4 2 4 4 2 3 4 4 4 2 4 3 2 2 4 3 4 1 1 2 3 1 4 3 3 3 1 2 1 4 4 3 3 1 3 4 3 4 3 3 3 4 1 4 3 3 1 4 3 2 2 1 1 3 4 
4 3 2 4 1 1 1 2 1 1 4 4 4 2 4 2 2 1 4 1 3 3 4 3 2 1 2 3 4 1 3 4 2 3 1 3 2 3 3 2 1 2 4 1 1 4 2 4 3 2 1 3 4 4 3 1 1 3 4 4 1 2 1 1 2 4 1 2 2 2 3 3 4 2 4 3 3 1 1 4 4 4 3 3 3 1 1 3 2 4 2 1 2 1 1 4 2 2 2 3 4 3 2 2 1 4 1 2 2 4 1 4 1 2 1 2 1 4 4 4 3 3 1 2 3 4 4 1 1 3 3 2 3 4 4 2 3 4 3 1 3 2 1 1 4 
4 4 3 1 3 3 4 3 4 4 1 2 3 1 4 3 3 1 4 1 3 4 4 2 1 4 4 4 1 1 1 1 2 1 3 3 4 1 4 4 4 1 1 4 4 1 3 3 1 1 3 4 1 1 3 3 1 3 4 2 2 4 3 1 3 1 1 1 3 4 1 2 1 2 1 1 1 4 3 1 3 4 2 1 2 3 4 3 1 4 2 2 3 3 4 1 2 2 2 1 3 3 2 4 1 3 3 1 2 2 1 4 4 1 1 3 3 2 4 2 2 4 3 2 3 3 3 1 2 3 1 1 3 1 4 3 4 4 4 2 4 1 1 1 4 
4 2 4 2 2 2 4 3 1 3 2 1 3 3 2 3 2 3 4 1 4 4 2 1 2 1 4 4 1 1 1 2 3 1 4 1 1 2 2 3 2 1 2 3 1 3 2 2 1 4 2 2 3 1 2 2 4 3 4 3 3 3 4 4 1 4 3 1 3 3 3 4 2 3 1 3 3 4 2 4 1 4 1 4 4 2 1 2 1 2 2 1 4 4 4 2 4 1 1 4 3 1 1 4 1 3 2 1 4 1 3 3 3 1 1 2 3 3 4 2 2 2 2 4 1 2 4 3 4 4 3 3 3 1 3 4 2 4 4 4 1 2 2 1 4 
4 1 1 4 3 2 3 4 2 1 4 1 4 3 3 3 3 1 1 4 1 2 4 4 1 4 1 1 2 1 2 3 4 4 3 4 1 4 3 2 2 1 4 2 3 4 3 1 3 1 3 4 3 4 4 4 1 4 4 2 1 3 2 1 1 2 2 3 4 4 3 4 4 2 3 2 3 3 3 4 3 4 4 2 4 2 3 2 4 2 2 3 4 2 4 1 2 4 3 1 4 4 3 3 2 1 4 4 1 2 1 3 2 2 2 2 1 2 1 2 3 1 3 3 4 3 3 1 4 4 4 2 3 4 1 2 4 3 1 1 1 1 1 1 4 
4 1 3 1 1 1 2 1 4 3 2 4 4 1 4 3 2 1 2 3 3 1 4 4 2 2 1 3 2 3 1 3 4 2 3 2 4 1 1 2 3 3 2 2 1 1 2 3 3 3 2 1 2 2 3 4 1 2 1 4 1 2 3 1 4 1 2 4 1 1 2 3 1 2 3 4 4 4 2 4 4 2 1 2 4 3 4 1 1 2 1 3 4 4 1 3 1 3 2 1 3 3 2 4 4 1 2 2 3 3 4 1 4 3 1 2 1 1 4 2 4 1 2 4 3 1 3 1 2 3 4 2 2 2 4 1 2 4 2 2 3 3 1 2 4 
4 4 4 3 1 4 3 3 4 1 3 1 4 4 1 3 2 3 1 1 2 2 4 2 4 1 3 1 3 1 1 3 2 4 1 1 1 3 3 4 2 3 1 2 3 1 4 2 2 3 4 4 4 2 3 4 4 1 1 4 1 1 1 4 3 1 3 3 2 1 4 2 1 4 2 1 1 1 2 3 1 2 3 3 2 1 1 2 3 4 3 4 1 2 1 2 2 4 3 1 3 4 4 4 2 1 3 1 2 4 1 3 2 4 4 2 2 1 2 3 3 1 4 1 1 1 3 2 1 3 2 3 1 1 2 2 1 2 4 2 2 1 4 4 4 
4 3 3 4 3 2 3 1 3 2 2 3 2 4 2 3 3 4 1 4 2 2 2 4 2 4 3 1 4 1 2 4 2 3 2 3 4 2 2 2 3 2 1 1 4 2 4 3 4 1 2 4 1 1 3 2 4 4 4 1 2 4 2 1 2 2 4 3 3 1 2 1 2 2 3 3 4 2 3 1 3 3 3 4 1 2 2 3 1 1 1 4 3 3 4 1 3 1 4 2 2 1 1 4 2 3 2 2 4 2 1 1 3 3 3 3 1 4 4 4 1 4 1 3 1 1 1 4 1 3 2 2 4 1 4 1 2 2 4 3 2 2 1 2 4 
4 2 3 3 3 4 1 2 3 3 1 1 4 3 1 1 1 2 2 1 2 4 3 1 3 1 4 2 1 3 4 4 4 1 1 4 4 3 1 3 4 1 2 2 4 1 3 1 2 3 2 2 1 2 1 1 3 2 1 2 4 4 1 2 3 2 4 1 4 4 3 3 2 1 2 2 3 3 3 1 1 4 1 4 2 2 3 3 3 4 2 2 2 3 3 2 3 4 4 1 3 4 1 4 1 1 3 3 3 3 3 1 4 1 2 4 3 3 3 4 2 4 3 2 4 1 1 1 3 4 2 3 4 1 2 3 1 1 2 4 4 4 2 1 4 
4 1 3 3 3 1 1 4 4 3 3 4 2 3 1 1 3 1 4 1 1 2 3 4 2 2 1 2 1 2 1 2 4 4 4 3 2 1 1 1 2 3 3 2 4 4 3 2 4 4 3 2 3 4 4 4 1 1 1 3 3 2 2 2 2 3 3 4 2 1 1 3 2 3 2 3 3 1 4 1 3 4 2 1 3 2 3 4 1 1 1 3 4 2 3 2 2 4 1 1 1 2 1 1 1 4 4 3 3 3 1 2 3 4 4 1 2 3 1 2 3 3 1 3 1 4 4 1 2 2 3 1 3 2 4 3 1 2 2 3 3 4 3 1 4 
4 1 2 1 3 1 3 2 1 3 3 2 1 4 3 4 2 4 3 3 3 4 2 1 2 1 4 3 3 4 3 4 1 4 2 4 3 2 4 3 4 2 4 1 4 3 1 4 2 3 4 2 4 4 3 2 1 2 1 1 2 3 3 4 3 3 1 1 3 1 4 4 1 1 2 1 4 4 2 4 4 2 4 1 1 1 2 2 4 2 4 3 3 1 1 4 3 1 1 2 3 1 1 1 1 3 1 2 3 2 1 4 2 3 4 3 3 1 1 3 4 4 1 1 2 2 4 1 4 4 3 4 1 1 4 1 2 3 1 2 4 4 1 1 4 
4 3 3 4 1 4 1 3 1 3 4 3 3 3 4 1 3 1 2 4 4 4 4 2 3 4 2 2 1 3 4 2 1 3 4 4 2 1 2 1 2 3 1 3 3 4 2 2 4 3 4 2 3 3 4 4 4 3 2 3 1 4 3 3 4 4 2 3 2 3 3 1 3 4 4 3 2 1 4 3 1 2 3 3 3 1 3 2 4 1 2 4 2 2 2 2 2 1 3 2 3 2 2 3 4 4 4 2 2 2 4 4 3 1 4 3 4 1 2 2 4 3 4 3 1 3 1 1 1 1 4 2 1 3 1 2 4 2 2 3 2 4 2 3 4 
4 2 3 3 1 1 2 4 3 3 3 2 4 1 4 3 4 3 3 3 3 4 1 1 1 2 3 4 3 1 3 1 4 3 2 4 1 1 1 2 1 1 3 2 3 4 3 3 4 1 1 3 2 1 1 3 1 4 4 2 1 2 2 4 4 2 2 2 1 2 3 2 1 1 3 3 3 1 1 3 2 3 1 2 2 1 2 1 3 4 4 3 2 4 1 1 2 3 2 1 2 3 2 1 3 2 4 2 4 3 4 4 4 3 1 1 4 4 1 4 1 4 4 4 4 1 4 2 4 2 2 2 1 4 3 2 4 1 1 4 2 2 4 4 4 
4 4 1 1 3 1 4 1 3 3 1 1 4 4 3 2 4 4 2 2 2 1 1 1 4 4 4 4 1 2 4 4 1 3 2 2 3 4 4 4 1 3 2 3 1 2 3 4 2 4 2 4 2 4 4 3 2 2 4 4 3 2 3 3 3 3 1 3 2 1 1 1 3 3 2 3 3 2 3 3 1 3 3 2 4 3 3 1 3 3 4 4 2 3 4 4 3 3 4 2 2 1 3 4 2 3 1 4 3 1 3 3 2 1 1 4 4 3 3 4 1 1 1 1 3 4 1 4 1 4 4 2 4 2 2 2 2 2 2 4 1 2 2 1 4 
4 2 1 4 1 2 1 3 1 2 3 1 2 3 2 2 1 1 4 4 3 1 2 1 1 2 1 2 4 3 4 1 1 3 2 4 1 4 2 2 3 2 3 2 3 3 3 4 3 1 4 2 1 3 2 2 2 4 2 2 1 2 4 3 4 1 2 3 3 3 3 4 2 3 2 1 1 3 4 4 2 2 3 4 4 4 2 2 3 4 3 4 2 4 2 4 4 3 1 2 1 2 1 1 3 3 4 3 1 1 4 2 4 1 4 1 2 3 2 3 1 2 3 4 4 3 1 4 2 1 1 4 1 4 1 2 2 3 4 3 2 3 1 4 4 
4 4 3 4 2 3 3 4 2 1 1 2 3 4 2 2 1 3 2 3 2 3 1 4 2 3 4 1 3 1 3 3 3 2 4 1 4 3 3 2 1 4 4 3 2 3 4 4 4 2 1 4 3 3 2 1 1 2 2 2 2 1 2 2 3 4 4 3 1 3 3 3 1 2 2 1 2 1 3 2 4 1 2 1 3 3 4 3 2 4 3 2 1 3 1 4 2 3 2 3 3 4 4 3 4 4 2 2 3 3 3 2 3 4 4 1 1 4 2 4 1 4 4 1 1 4 1 4 4 1 4 1 1 4 2 1 1 2 2 4 3 2 1 2 4 
4 2 1 1 3 3 2 2 4 1 3 2 2 4 1 2 2 3 1 4 2 3 2 4 4 2 1 1 2 1 3 3 1 1 2 1 2 2 1 3 3 1 3 4 2 2 3 3 1 3 3 3 4 4 2 1 1 2 1 3 1 2 1 4 4 2 4 1 1 1 2 4 3 3 4 4 3 2 1 3 3 1 1 4 1 1 1 1 1 1 4 1 4 1 4 4 4 4 1 3 4 4 2 4 4 3 1 3 1 3 1 3 3 3 3 2 4 4 4 2 4 1 3 4 4 2 3 1 4 1 2 2 4 3 4 4 2 1 4 3 2 4 3 1 4 
4 1 3 4 1 1 4 2 1 3 2 4 1 2 1 2 1 3 1 4 3 2 2 3 1 4 3 3 2 4 4 4 1 4 3 2 3 2 4 1 2 3 1 3 2 3 1 1 3 1 3 1 3 1 3 4 3 4 3 3 1 2 2 2 4 3 4 4 2 2 4 1 1 1 1 3 3 1 1 1 3 4 2 4 2 2 3 1 3 2 2 4 2 4 3 1 3 2 1 3 2 3 2 2 2 1 3 3 4 3 4 3 1 1 1 2 1 2 4 1 3 1 4 3 2 4 4 2 3 1 3 3 2 3 2 2 3 4 1 3 3 1 2 2 4 
4 3 3 4 4 4 2 4 4 3 4 1 2 1 2 2 1 3 3 2 2 2 4 2 3 4 3 4 3 4 1 2 4 1 4 1 4 4 1 2 4 1 3 3 2 1 3 3 1 4 3 3 2 3 2 4 2 2 3 3 1 1 3 4 3 1 3 1 4 4 1 1 2 4 2 3 3 3 3 3 4 1 2 4 4 2 1 2 3 3 2 1 2 4 3 3 3 2 2 1 2 2 2 4 3 4 2 4 3 4 1 3 3 1 1 3 2 2 4 1 4 4 3 3 4 2 3 3 1 2 3 3 2 1 2 1 1 4 2 1 4 2 1 3 4 
4 4 4 2 4 4 4 1 4 4 1 1 2 2 3 4 3 2 1 1 1 2 2 4 4 1 2 1 1 3 4 3 1 2 2 2 1 2 3 3 4 4 3 2 2 4 3 2 3 4 4 4 4 2 3 2 4 3 1 3 3 1 2 2 1 1 4 4 3 4 1 4 2 2 2 3 2 4 3 4 4 3 2 4 4 4 1 1 4 1 4 2 3 3 3 3 3 2 2 4 3 2 3 2 4 2 2 1 3 3 4 3 2 3 1 3 4 1 3 2 4 4 1 2 2 3 1 4 3 1 3 2 4 2 2 1 1 4 4 1 2 3 4 3 4 
4 4 2 3 3 4 2 1 2 2 3 4 3 3 4 1 1 3 2 1 1 1 4 4 4 2 4 1 2 4 4 1 3 4 4 2 2 1 3 1 4 3 2 3 2 2 2 3 2 1 4 2 1 2 4 2 2 3 2 2 3 3 3 4 4 3 4 1 3 3 1 2 3 4 4 4 3 2 1 4 3 1 3 4 2 1 3 1 1 4 3 4 1 1 3 3 1 1 3 3 3 2 2 4 2 4 1 1 1 2 1 1 3 4 4 1 3 3 4 3 3 1 4 1 2 1 3 4 2 2 1 3 3 3 1 3 1 4 4 4 2 1 2 2 4 
4 1 4 1 4 1 4 3 1 1 2 1 4 2 3 3 4 4 1 2 4 4 2 4 4 3 1 1 2 3 4 1 4 4 4 4 3 1 2 4 4 2 4 4 2 2 4 1 1 3 4 1 4 2 4 2 2 1 2 2 4 2 4 2 1 1 3 1 3 1 3 3 3 1 3 2 1 4 4 3 1 1 1 3 3 3 4 4 3 4 4 2 1 2 4 1 1 2 2 4 4 1 2 2 2 4 4 4 3 4 2 3 2 2 2 2 1 4 4 2 4 2 2 2 2 2 1 1 3 3 1 1 1 4 4 1 3 4 3 4 2 1 4 2 4 
4 4 3 3 4 4 2 3 1 2 1 3 4 4 1 1 2 2 3 2 4 1 2 1 4 4 2 2 2 2 1 1 2 4 3 1 1 2 2 4 4 3 4 2 1 2 3 3 1 1 1 4 3 4 1 4 1 1 3 2 4 1 1 4 2 4 4 4 4 3 2 3 3 3 4 2 2 4 1 2 3 3 3 2 4 3 4 3 2 4 3 4 1 2 2 2 4 4 3 3 1 4 1 4 4 3 3 1 3 3 2 1 3 1 2 3 1 2 3 2 2 2 1 3 2 4 3 3 3 3 2 2 2 3 4 4 3 4 4 3 1 3 3 3 4 
4 3 1 4 3 2 2 4 4 4 3 3 1 3 3 4 1 3 3 1 3 3 3 4 2 4 1 3 1 2 2 1 3 4 2 3 2 1 2 1 4 3 1 2 2 2 2 1 2 2 2 1 4 1 2 4 4 3 4 1 3 2 1 2 1 1 3 1 2 3 3 3 4 1 1 4 2 3 4 2 2 3 4 1 3 3 3 4 1 1 1 2 3 2 3 1 2 1 1 4 4 4 2 2 4 1 1 1 4 1 4 1 3 3 2 4 1 1 2 4 3 2 4 2 2 4 4 1 4 2 2 2 3 1 3 4 1 1 3 2 4 2 1 1 4 
4 4 1 1 3 1 4 2 3 1 1 4 4 2 1 4 4 1 2 4 4 3 3 3 4 1 2 3 4 4 3 1 2 3 2 2 3 4 4 3 2 2 3 2 2 1 3 2 3 4 3 4 1 4 3 1 2 4 1 2 2 2 4 2 1 1 1 2 2 3 1 2 1 2 1 2 4 3 1 4 4 3 4 3 1 2 3 4 4 4 2 1 2 4 4 1 4 1 4 4 3 1 2 4 2 1 2 3 4 4 1 4 2 2 1 2 3 2 4 2 3 2 1 3 2 3 1 3 3 1 2 4 4 4 1 3 4 4 3 2 3 1 2 1 4 
4 4 3 4 3 4 2 4 4 4 4 3 4 3 3 3 4 2 3 1 4 3 3 2 3 4 3 4 2 1 4 4 3 3 4 3 1 1 1 1 4 1 3 4 1 1 2 4 1 4 3 1 3 3 4 3 2 2 2 3 3 1 2 3 3 4 2 1 4 2 4 4 4 2 3 1 4 4 1 3 2 2 1 2 2 3 2 4 4 4 3 2 2 2 2 3 2 4 2 1 4 3 4 1 4 2 1 2 3 4 2 1 2 3 3 1 2 2 1 2 3 2 2 2 3 3 2 1 1 3 3 4 2 4 4 4 4 4 4 3 3 3 3 4 4 
4 1 4 2 4 2 1 3 4 1 3 4 4 3 4 4 2 3 4 4 1 1 3 2 2 1 1 3 4 4 2 1 1 3 2 1 2 3 4 4 1 1 3 2 3 1 2 1 4 4 1 2 4 2 4 3 1 3 3 2 2 1 2 1 2 2 2 3 1 1 4 2 4 4 4 3 4 3 4 1 1 4 1 1 4 2 1 1 1 1 4 1 4 2 4 4 3 3 1 1 1 1 4 4 2 2 3 3 2 4 2 3 1 1 1 1 3 4 2 3 3 2 2 2 3 2 2 1 2 4 4 4 4 1 1 3 3 1 4 4 1 3 1 3 4 
4 4 3 4 4 3 2 2 2 3 1 4 4 4 4 1 2 2 2 4 2 3 4 1 3 2 2 1 2 1 1 3 2 1 1 4 2 3 1 1 1 1 2 4 1 3 2 4 3 2 2 4 4 4 3 1 4 2 3 3 1 1 4 4 4 2 3 2 2 3 2 3 4 4 3 4 1 4 1 1 2 3 2 3 4 2 2 4 1 2 2 4 3 4 2 4 4 3 2 4 2 1 1 2 2 1 1 1 4 3 1 3 3 2 2 2 3 1 3 3 2 4 3 1 2 2 4 1 4 3 1 4 2 1 1 2 2 1 1 3 1 3 1 2 4 
4 2 2 2 3 3 3 2 2 2 3 1 4 2 4 4 2 3 1 1 1 2 4 2 2 2 1 2 3 4 2 1 3 2 2 4 4 2 4 2 2 4 2 1 1 2 1 3 2 2 3 1 1 3 3 4 3 2 4 1 2 4 3 1 1 2 2 4 4 3 2 4 2 2 3 4 3 4 4 4 3 4 4 1 2 1 1 2 3 3 3 1 1 3 1 4 1 1 3 1 4 1 1 1 2 1 3 3 4 4 4 1 2 3 2 1 3 1 1 4 1 2 4 2 4 2 2 1 1 2 2 1 1 1 4 2 1 2 1 3 4 2 3 2 4 
4 3 1 4 3 2 4 1 3 3 2 3 1 2 2 3 1 3 4 4 2 2 3 1 1 1 2 1 4 1 3 3 2 1 2 2 1 1 4 3 1 3 3 4 2 4 4 4 4 4 4 3 2 1 1 4 3 2 4 1 3 3 4 3 3 2 3 1 4 2 2 4 1 4 1 4 4 2 3 4 2 3 1 4 3 1 2 1 1 3 2 1 3 2 4 2 3 2 1 2 2 4 1 2 1 4 2 3 1 4 2 2 4 4 2 4 4 3 3 1 3 4 1 4 1 2 4 2 4 2 2 3 2 1 1 2 3 3 3 3 4 4 1 4 4 
4 4 2 2 4 4 4 1 1 3 3 3 2 4 3 2 4 3 3 1 2 3 4 3 4 2 1 4 4 3 3 3 1 1 4 2 3 4 4 1 4 4 1 1 1 2 2 1 2 4 4 1 2 3 1 4 3 4 3 2 1 3 4 2 1 4 3 4 3 1 4 1 1 3 3 4 4 4 4 3 1 2 1 2 1 3 4 4 2 2 4 4 2 4 4 3 1 4 1 3 2 4 1 3 3 3 1 1 4 1 2 2 4 2 1 2 3 1 4 1 2 2 3 2 4 1 3 1 4 4 2 2 2 3 4 1 1 1 2 4 4 1 4 4 4 
4 3 4 4 2 3 3 1 4 2 2 1 2 2 1 3 3 2 3 2 4 3 4 3 1 2 2 2 4 1 3 1 1 1 3 4 2 1 1 4 2 4 3 3 4 1 4 1 3 1 2 4 2 3 1 2 3 1 1 1 2 4 2 4 1 2 3 3 4 1 3 2 4 4 3 3 2 3 4 2 2 1 2 1 2 4 3 3 3 4 4 3 1 4 2 4 1 4 2 3 2 4 1 1 1 4 4 4 3 1 1 3 1 4 4 3 4 2 2 1 1 2 4 2 4 1 1 4 3 1 1 1 1 1 1 2 4 2 3 1 4 2 1 2 4 
4 3 1 1 1 4 1 3 1 4 1 3 4 2 2 4 4 2 2 4 1 2 2 3 4 2 2 3 2 3 2 4 1 3 2 1 2 4 2 2 3 1 4 3 2 2 1 2 4 3 1 4 1 2 4 3 3 4 4 1 3 4 2 1 2 4 4 2 2 3 4 4 3 3 2 3 4 2 1 1 2 1 3 4 3 4 1 4 4 1 4 4 2 3 2 4 4 2 2 4 1 2 3 3 1 1 1 4 2 3 4 1 4 2 3 1 2 4 4 1 3 2 1 3 4 2 4 1 1 4 2 1 1 4 4 4 1 2 2 2 2 2 2 1 4 
4 4 4 1 4 4 1 2 4 3 2 3 1 4 1 3 1 4 3 1 1 4 1 3 3 4 2 1 2 4 1 3 3 4 4 3 3 4 4 4 4 3 2 4 3 3 2 1 2 3 4 2 3 1 2 2 4 3 1 2 4 2 1 3 4 1 3 4 4 2 2 3 4 4 2 3 1 2 3 3 4 4 1 4 4 4 1 2 2 2 2 2 2 4 4 1 1 1 4 1 2 1 4 4 4 1 1 2 4 1 3 2 3 1 2 3 3 3 4 4 4 3 1 4 4 1 4 1 2 3 1 4 2 3 4 4 1 4 3 1 3 4 4 3 4 
4 3 2 4 1 4 2 1 3 3 2 2 3 3 1 1 4 2 3 3 4 3 2 1 4 3 3 3 3 2 3 2 1 4 1 2 2 4 1 1 3 4 4 4 2 1 2 4 3 2 1 1 1 3 1 1 3 4 1 3 2 4 4 3 2 3 3 2 2 2 4 3 1 3 3 1 2 2 1 3 3 2 2 3 3 4 4 2 3 1 3 3 3 2 1 3 2 1 1 1 3 3 3 4 4 3 4 2 1 2 3 4 1 1 1 3 1 3 2 2 1 1 3 2 1 1 4 2 2 3 4 3 3 1 4 1 1 3 3 2 2 1 1 2 4 
4 4 4 4 3 4 2 3 3 2 2 3 3 3 3 3 1 3 1 2 2 2 1 4 1 4 4 1 2 3 4 3 4 2 1 4 4 1 4 2 2 2 3 2 3 3 4 4 3 4 4 2 2 2 2 3 4 2 2 3 1 1 2 3 4 1 1 2 3 3 1 3 4 1 3 3 4 4 2 2 1 2 3 4 4 4 4 4 3 2 2 3 2 1 1 4 2 4 2 2 4 2 4 4 4 1 4 3 1 2 1 2 2 2 4 4 3 1 4 3 1 3 2 2 2 4 2 1 3 3 1 1 2 4 3 4 3 2 4 2 4 3 4 2 4 
4 2 2 3 3 4 4 4 2 1 2 2 3 4 2 1 2 3 3 3 4 4 4 1 1 4 2 1 1 1 4 1 1 2 2 1 4 2 2 4 2 4 4 4 4 4 4 1 4 1 1 3 2 1 3 3 1 2 4 1 2 3 3 1 3 3 4 2 1 4 3 4 3 3 4 3 4 1 3 4 4 1 4 4 4 2 4 1 4 2 2 3 4 2 1 2 2 1 4 3 2 3 2 1 3 2 2 2 4 1 4 3 3 4 2 1 4 3 4 3 3 2 4 4 3 3 3 4 1 3 1 3 3 4 2 1 3 1 1 2 2 1 1 1 4 
4 3 4 3 2 1 4 3 4 1 3 3 4 1 4 4 4 1 4 3 3 1 4 3 4 3 3 1 1 1 1 2 3 4 2 3 2 3 1 2 2 4 4 1 3 3 2 4 3 1 3 4 4 1 3 2 2 1 3 2 3 4 4 2 2 2 3 1 4 4 4 4 3 2 2 3 4 2 2 1 3 2 3 3 4 1 1 3 3 1 3 1 3 2 2 1 3 2 2 1 1 1 1 4 2 1 4 1 1 2 4 2 3 4 4 2 3 3 3 2 2 2 3 4 4 2 4 4 2 4 4 2 3 1 1 3 2 1 3 1 2 2 1 2 4 
4 3 4 3 4 2 1 2 3 2 3 1 2 4 3 3 2 4 1 3 1 3 1 1 2 3 1 2 4 2 1 4 3 4 3 3 1 2 4 3 3 1 3 4 1 4 4 2 3 4 4 4 2 4 2 3 4 3 1 3 4 1 3 4 4 2 1 4 3 4 4 2 4 4 4 4 4 2 1 4 2 4 1 2 2 4 4 2 4 3 1 1 1 3 3 3 2 3 1 1 1 3 1 4 3 3 2 2 2 3 1 2 2 2 3 3 1 1 3 2 1 4 1 3 1 3 3 4 2 1 4 3 2 4 4 3 1 2 1 1 3 3 4 4 4 
4 3 3 4 2 4 3 1 3 1 3 2 3 3 2 4 1 1 3 3 2 2 3 3 3 4 1 4 4 2 4 2 4 3 1 4 4 1 4 1 3 2 2 2 1 1 1 4 4 2 1 2 2 3 4 1 4 4 3 2 3 1 4 4 4 1 1 1 2 4 4 4 1 4 1 2 2 3 3 1 3 1 2 2 2 2 1 1 4 4 4 3 2 1 3 3 4 4 1 2 3 4 1 2 3 3 2 2 3 4 2 3 2 1 3 4 4 3 3 1 4 1 4 3 4 1 4 3 4 2 3 4 3 1 1 4 1 3 4 3 3 1 2 4 4 
4 1 4 3 3 4 3 1 1 2 1 2 2 1 3 1 3 2 1 1 3 4 3 2 2 3 2 2 4 1 1 1 1 1 4 3 4 1 1 4 2 3 3 3 2 2 4 3 2 1 4 4 3 4 1 4 4 4 3 2 3 4 1 4 1 4 2 1 2 1 1 4 1 4 3 4 1 1 2 2 1 1 1 1 1 4 3 4 2 2 4 2 2 1 2 4 3 1 4 2 1 4 4 4 1 1 1 2 3 3 3 4 4 2 4 2 2 4 4 2 3 4 3 3 1 2 2 1 2 2 1 1 1 1 1 4 1 3 1 1 1 1 1 4 4 
4 4 2 3 1 4 1 4 4 3 4 3 2 1 3 2 2 2 1 4 3 3 1 3 2 3 2 3 2 2 4 4 1 3 3 1 3 2 3 1 3 4 4 3 4 4 1 1 2 4 2 4 3 3 4 1 4 3 1 4 2 3 3 1 2 2 4 2 2 1 3 3 3 2 4 3 4 4 4 4 4 3 4 2 2 1 2 1 2 2 4 3 4 1 4 4 1 1 3 1 3 2 1 4 3 3 2 4 2 1 1 1 1 3 4 3 4 1 4 3 3 1 2 1 4 2 2 4 1 1 3 1 2 2 2 3 1 3 3 4 4 1 2 2 4 
4 2 4 4 2 4 4 1 2 3 1 2 4 1 2 4 4 3 4 1 2 3 1 2 4 2 1 4 3 2 1 2 4 3 1 3 3 4 1 1 3 3 3 4 2 1 3 2 3 1 3 2 1 3 1 3 2 3 4 1 3 4 3 3 2 1 2 4 2 4 3 3 2 1 3 3 3 4 4 2 2 3 4 3 3 2 3 4 4 2 3 1 4 1 4 4 1 3 1 3 1 4 1 4 4 2 1 1 2 3 1 2 4 2 4 1 3 4 1 2 3 4 2 3 1 3 2 4 3 4 4 2 2 4 2 1 1 4 3 1 2 2 1 1 4 
4 1 2 2 2 1 4 3 4 4 1 4 3 1 4 2 3 2 3 2 1 1 4 1 3 3 1 2 4 3 2 4 2 2 4 3 1 3 3 1 1 4 4 2 2 2 1 2 1 1 1 4 4 1 2 4 2 2 2 1 3 3 2 1 1 4 3 4 1 3 3 2 3 1 2 3 2 2 2 3 1 2 1 3 2 4 2 3 1 3 2 3 1 1 2 4 2 4 3 3 4 1 3 4 1 4 2 4 1 4 4 3 2 2 1 4 4 2 3 2 1 4 4 3 3 4 2 1 2 3 4 4 3 4 1 3 3 1 4 4 3 1 3 1 4 
4 3 4 2 2 1 4 4 2 4 4 1 3 2 1 1 3 2 3 2 4 4 1 3 2 1 2 1 3 4 3 2 2 2 4 1 1 4 2 1 4 4 4 3 1 2 1 4 3 3 4 4 1 4 4 3 2 2 4 2 4 2 1 1 4 3 4 1 2 1 3 3 3 1 4 3 1 1 3 4 1 2 1 1 1 1 3 2 4 4 2 1 2 3 2 3 2 3 4 2 1 1 4 3 4 1 2 3 2 4 3 4 4 3 3 3 4 4 2 3 1 2 1 3 3 3 2 3 3 1 4 2 2 4 4 4 3 3 1 1 4 2 1 4 4 
4 2 4 4 4 2 4 3 3 4 3 2 3 3 4 4 4 2 2 2 1 3 1 1 1 4 3 4 1 3 4 4 1 1 2 1 4 2 4 2 1 4 3 4 3 3 2 2 4 4 2 3 1 3 1 2 1 1 3 2 4 3 4 2 1 2 2 1 4 4 1 3 1 3 3 3 2 4 1 3 3 2 3 4 1 1 1 1 4 4 2 2 4 2 1 1 2 1 1 2 1 1 4 3 4 3 2 2 1 4 2 4 3 2 4 3 3 3 3 1 2 3 3 1 1 2 3 4 4 2 2 2 4 3 2 2 4 1 3 1 1 4 1 4 4 
4 2 3 3 4 2 2 3 1 2 3 4 1 3 4 2 1 3 4 3 3 4 4 4 2 4 3 4 3 1 3 4 1 2 2 1 2 3 4 1 2 4 2 1 2 3 2 2 4 4 2 1 4 4 4 3 3 1 1 2 4 3 2 3 3 1 4 2 1 2 3 4 4 3 1 1 4 3 2 2 3 3 1 3 2 4 2 4 3 1 3 3 2 3 4 2 2 2 3 1 2 4 4 2 4 4 3 4 1 4 1 3 1 2 2 4 4 4 3 4 1 1 3 2 2 2 3 2 4 2 4 3 3 3 4 2 4 1 4 4 1 1 3 1 4 
4 1 2 1 1 4 4 4 3 4 3 3 4 3 3 3 3 4 1 3 1 1 3 1 4 2 1 1 4 2 4 1 3 4 4 1 1 1 1 3 2 3 4 4 1 2 3 3 1 1 1 4 1 3 3 1 3 3 1 4 3 1 2 1 4 4 1 3 3 1 4 3 3 4 3 1 2 4 4 3 3 3 4 1 3 3 2 2 1 3 4 3 4 1 4 3 1 1 2 2 2 4 1 4 1 1 2 1 1 4 1 4 2 2 1 2 4 4 4 1 1 3 2 3 2 3 3 4 3 2 1 1 1 3 4 3 1 3 1 2 4 4 4 4 4 
4 1 3 1 1 3 1 1 2 4 4 1 2 1 4 2 4 3 3 1 1 1 3 4 3 4 2 4 4 2 3 1 4 1 2 1 2 1 4 3 3 4 1 3 3 4 4 4 1 4 4 4 1 3 3 2 2 3 4 2 4 4 3 4 3 2 3 1 1 4 1 3 3 2 2 1 1 1 4 1 1 2 4 2 3 4 4 4 3 1 1 2 1 3 1 1 1 4 3 3 4 2 2 4 4 4 2 3 2 3 3 1 3 1 1 2 4 1 2 4 4 4 3 3 4 1 2 3 4 2 3 2 4 2 3 1 1 3 4 1 4 4 4 1 4 
4 1 2 3 4 3 2 1 1 1 3 2 4 4 1 4 4 3 3 4 4 1 3 2 3 3 3 1 1 1 1 2 3 2 4 3 2 1 4 2 4 1 4 1 4 3 2 1 2 4 3 2 4 1 3 2 3 1 3 1 3 1 1 1 1 3 3 2 1 4 2 1 4 1 2 2 3 1 3 2 4 2 4 1 2 1 4 2 1 4 3 4 1 2 3 3 4 1 4 4 4 1 3 3 4 1 3 2 4 4 4 3 4 2 3 1 1 3 2 2 3 3 2 1 3 2 2 2 4 4 3 4 1 2 4 1 2 3 4 2 1 3 2 2 4 
4 3 3 3 4 1 1 2 3 2 4 4 4 2 3 4 3 1 4 3 1 4 2 4 3 2 2 4 4 2 4 2 4 4 4 2 3 3 2 1 3 3 4 1 2 2 2 3 3 4 1 2 1 2 2 3 3 3 3 3 4 1 1 4 1 3 3 4 2 2 1 2 4 2 1 1 3 4 4 1 4 1 2 2 3 1 2 1 3 3 3 2 3 3 4 1 3 1 2 4 1 1 3 1 1 2 1 3 1 1 1 3 3 3 4 2 2 4 2 3 3 2 1 3 3 4 3 2 4 4 3 4 3 3 4 4 2 3 3 3 3 3 4 3 4 
4 3 2 1 3 1 3 1 3 1 1 2 1 1 1 1 4 2 2 1 3 3 1 3 1 3 4 4 3 2 1 1 1 1 2 4 4 1 3 1 1 2 3 2 2 2 1 3 4 1 1 3 3 2 4 4 3 2 4 4 2 3 3 4 2 2 4 4 4 1 4 4 3 1 4 2 1 1 2 1 3 1 3 4 4 3 1 2 2 2 2 4 3 4 3 3 4 1 3 2 4 4 1 4 4 1 2 2 4 2 1 2 4 1 4 4 2 1 4 1 4 2 1 4 1 4 1 3 3 1 2 1 3 2 1 1 4 3 2 1 1 1 3 3 4 
4 1 4 3 2 2 2 2 4 2 4 4 2 2 3 4 1 1 1 2 1 3 1 2 2 4 1 2 1 3 4 1 1 2 2 3 1 1 2 1 2 3 1 1 3 2 4 4 2 1 1 1 4 4 4 3 4 4 4 2 4 4 3 1 1 3 2 4 4 1 2 3 1 1 2 2 2 1 2 1 4 1 4 1 4 3 3 4 3 3 2 1 3 2 1 1 4 2 2 3 3 4 2 2 2 4 1 1 1 3 2 1 3 1 2 3 2 2 1 1 1 4 2 4 3 2 2 1 1 4 1 3 1 2 4 1 4 3 3 4 1 3 2 4 4 
4 1 4 1 4 2 1 4 3 2 1 1 1 4 4 3 1 4 2 4 4 3 4 3 2 3 3 3 4 1 4 4 3 2 3 4 2 4 3 4 2 1 4 2 2 1 2 3 4 4 3 1 3 4 4 4 4 4 2 1 3 2 4 3 4 1 2 1 1 2 2 4 1 4 3 3 1 3 2 2 3 4 1 2 2 1 1 4 4 2 2 4 3 2 2 2 1 3 4 3 1 2 4 4 4 1 3 1 1 1 3 4 1 4 4 2 1 4 1 4 4 4 4 3 4 4 1 3 4 2 4 1 1 4 3 3 1 3 2 3 1 4 4 4 4 
4 3 2 4 3 4 2 2 4 4 3 1 1 2 3 4 1 1 1 3 4 4 2 1 3 4 1 3 1 1 3 2 1 4 1 4 2 3 2 1 2 4 3 2 1 3 2 2 1 4 3 3 1 4 3 3 4 4 2 4 2 1 4 2 1 4 3 4 2 4 1 1 1 3 2 3 3 3 2 4 3 3 3 1 2 2 4 2 3 2 1 2 3 2 2 3 3 4 1 1 4 1 2 1 3 3 1 4 2 2 4 4 4 3 4 2 4 4 3 2 1 4 3 4 4 2 3 1 3 1 4 4 4 1 3 4 2 1 4 2 4 2 1 3 4 
4 1 4 3 3 4 4 2 3 2 4 1 1 1 4 2 2 3 4 4 3 1 4 4 1 2 1 1 4 4 4 1 4 2 4 1 1 1 2 2 3 1 1 1 1 3 2 1 3 2 2 1 1 4 3 1 2 4 1 3 3 3 1 2 4 1 1 3 1 2 2 2 3 4 2 4 1 1 2 2 4 4 1 3 1 3 4 2 3 1 4 3 2 4 1 4 4 2 1 3 1 4 1 1 1 2 2 1 4 3 1 3 2 1 4 4 2 4 2 3 1 2 4 3 1 2 1 1 2 2 2 2 2 3 2 4 1 3 1 2 3 1 2 4 4 
4 4 3 2 3 2 2 3 4 1 1 1 3 4 2 2 4 2 4 4 1 2 4 3 4 1 2 3 2 3 2 2 4 3 3 1 3 2 3 3 3 3 1 4 1 2 3 2 4 1 1 3 3 2 4 4 2 1 4 2 4 4 4 1 1 1 2 1 4 2 3 2 4 3 1 4 4 1 1 1 4 4 4 3 2 4 3 3 2 1 1 2 2 3 1 4 4 1 2 1 1 3 1 2 2 3 4 1 2 4 4 3 1 2 3 2 1 3 1 3 1 2 3 4 1 4 2 4 4 2 2 4 1 4 4 2 2 1 1 1 3 1 3 2 4 
4 4 1 4 1 3 1 3 1 4 1 1 2 2 4 3 4 1 4 3 3 3 1 2 3 2 4 2 3 1 2 3 3 4 4 1 2 1 2 1 1 4 3 1 1 1 3 4 2 4 1 1 2 1 3 4 2 3 2 1 4 2 1 4 1 1 1 1 2 4 2 4 3 2 1 3 4 1 4 4 2 1 2 2 4 4 3 4 3 3 3 1 4 4 1 4 4 4 4 4 2 3 2 2 1 1 1 1 4 1 1 1 3 4 3 3 3 4 2 3 3 4 3 1 1 4 2 1 4 3 4 1 2 2 2 2 2 4 3 1 2 4 1 3 4 
4 2 1 4 1 3 1 3 2 3 3 1 2 1 3 3 1 2 4 3 4 1 2 2 1 2 3 1 2 4 1 2 3 3 2 4 1 1 2 2 4 4 4 1 2 1 1 2 1 3 4 4 3 1 1 3 3 4 2 3 3 1 1 2 3 1 3 1 3 1 4 2 1 2 4 3 1 2 4 1 3 3 1 2 3 3 3 4 2 4 3 1 3 2 1 4 2 2 2 1 4 1 2 4 1 3 4 3 1 1 2 2 4 3 1 2 1 2 4 3 2 4 3 1 2 4 4 1 3 2 2 3 3 2 3 3 2 4 2 2 4 1 3 4 4 
4 3 3 4 4 4 3 2 3 2 2 4 1 4 3 2 2 3 2 4 1 4 4 2 4 4 4 2 1 3 1 4 3 4 1 1 2 4 1 1 3 4 2 2 4 4 4 3 4 2 2 4 4 1 1 3 3 1 3 4 1 4 3 2 1 1 2 2 2 2 2 4 4 2 2 3 4 3 1 4 2 4 1 1 1 3 1 3 4 3 2 3 2 4 3 2 1 2 3 1 4 3 2 2 2 2 3 1 4 4 4 3 2 4 1 2 1 3 4 3 3 1 2 2 4 4 1 4 4 2 2 3 2 1 1 3 4 1 2 2 2 4 3 4 4 
4 2 3 3 4 4 2 2 3 1 3 3 1 4 4 4 1 4 3 1 4 3 3 3 1 3 1 3 2 4 2 3 3 4 2 2 1 3 1 1 2 4 2 4 4 2 2 3 1 2 1 2 4 2 3 4 1 4 4 4 2 4 4 2 4 3 4 2 3 1 1 4 4 2 3 3 2 2 4 4 4 3 2 1 1 4 2 2 2 4 2 2 3 3 4 4 3 4 3 1 1 1 1 4 4 1 2 1 3 4 4 1 1 1 1 1 2 3 4 3 1 3 3 2 2 2 3 3 1 3 4 3 4 2 1 4 1 1 2 4 2 4 3 4 4 
4 1 3 4 2 2 3 1 1 1 2 1 4 3 1 1 3 1 3 3 2 1 3 2 1 3 4 3 3 2 2 4 4 1 4 2 1 4 1 2 2 3 3 2 2 3 4 1 4 2 1 4 1 1 4 3 3 2 4 4 2 2 2 3 1 4 4 4 1 1 4 3 2 4 2 2 4 1 1 3 2 3 3 2 4 3 1 3 4 2 4 3 2 3 2 1 1 4 2 4 2 2 2 2 4 4 1 2 3 2 2 3 1 3 2 4 4 1 3 4 4 4 4 2 1 2 3 2 4 1 2 3 2 1 3 3 3 2 1 4 3 1 3 1 4 
4 2 1 3 4 3 4 2 3 3 4 4 4 4 4 3 1 2 4 2 4 2 3 1 2 1 2 1 4 1 3 2 3 3 1 2 3 1 3 3 3 4 2 4 3 3 3 3 3 1 3 2 1 3 2 2 4 2 4 4 3 4 3 4 4 3 3 2 4 4 3 2 1 4 3 4 1 1 3 4 4 4 2 2 2 4 2 1 1 4 4 3 4 2 3 4 1 1 1 3 1 1 2 1 4 4 1 1 4 4 4 4 2 3 4 2 3 1 1 4 3 4 2 4 2 4 4 2 4 4 3 4 2 2 4 3 1 2 1 2 2 4 3 1 4 
4 3 2 4 4 1 1 1 4 1 2 2 3 4 4 2 2 2 3 1 3 1 4 1 2 3 2 2 2 3 1 4 4 3 2 2 3 2 1 4 1 3 3 2 4 1 4 2 1 1 1 1 1 4 3 2 3 4 3 4 1 3 3 1 4 3 2 4 1 2 3 3 3 2 2 2 1 3 4 4 1 2 4 4 1 2 2 1 4 1 4 3 4 1 3 4 4 1 3 3 4 4 2 4 3 2 4 2 3 1 4 1 1 3 3 2 3 3 1 2 1 3 4 2 3 1 2 3 1 4 3 3 4 1 2 2 3 4 2 3 1 2 3 4 4 
4 4 2 4 2 4 2 3 3 4 3 1 1 2 3 3 2 1 4 3 3 2 1 4 4 2 3 4 4 3 4 4 4 4 1 4 4 2 1 3 3 3 1 2 1 1 4 3 1 1 2 4 2 4 2 2 1 4 2 2 1 1 3 3 3 3 4 1 1 3 1 4 4 4 2 2 1 2 2 2 1 1 4 4 1 2 1 3 1 4 1 3 1 1 1 2 2 2 1 3 1 4 2 1 1 3 4 4 2 2 1 3 1 2 3 1 4 3 2 4 1 2 1 1 3 4 3 1 3 2 4 1 2 2 4 1 3 2 4 4 1 3 4 4 4 
4 4 2 2 3 2 3 1 4 4 2 2 3 4 2 2 4 1 3 4 3 2 1 3 4 4 3 4 2 1 1 4 4 4 1 1 3 3 1 2 1 1 2 4 2 2 3 3 1 3 2 1 3 1 3 3 3 2 4 1 1 4 1 1 2 1 1 2 4 1 3 4 3 2 3 1 2 4 2 3 4 3 3 3 3 4 4 2 2 3 1 2 4 2 4 4 1 2 4 3 3 3 2 1 2 2 3 3 3 3 4 1 4 3 3 1 3 1 4 2 4 3 4 3 3 2 2 3 3 4 2 2 4 1 2 3 3 3 3 4 3 4 2 2 4 
4 3 4 2 4 2 3 2 4 2 2 4 3 4 2 3 4 2 3 1 3 4 4 1 4 1 3 2 3 4 3 3 2 4 3 3 2 2 2 4 4 2 3 4 2 3 4 1 3 2 3 3 1 1 3 3 3 1 1 3 4 1 4 4 3 3 2 1 4 1 1 4 3 2 1 3 4 2 1 2 1 1 1 3 1 2 3 3 2 1 3 3 4 3 4 3 4 2 3 1 3 3 4 1 1 4 4 4 3 4 4 1 2 1 2 4 4 1 4 3 2 3 1 3 1 1 2 1 3 2 4 1 3 3 3 3 1 4 2 3 4 2 1 4 4 
4 2 4 3 2 4 4 2 4 1 3 3 1 1 1 4 4 1 1 1 1 4 1 3 3 3 4 3 3 2 1 3 1 2 2 4 4 1 1 2 1 3 4 4 1 4 2 1 1 2 1 2 2 4 1 3 4 1 2 4 3 2 3 2 4 3 4 2 3 3 1 3 2 2 4 1 1 3 1 2 1 4 3 1 2 4 2 1 2 3 1 2 4 1 3 2 4 2 3 4 1 2 2 3 2 3 2 4 1 1 1 4 1 2 4 1 4 4 1 1 2 3 4 4 2 1 3 1 4 3 2 3 2 4 4 4 1 4 3 3 3 4 1 4 4 
4 3 4 2 4 1 2 1 1 3 4 4 2 1 3 1 3 4 3 1 2 1 1 1 4 3 3 1 1 2 2 1 1 4 4 3 1 1 2 1 3 4 4 3 2 2 1 2 1 2 3 1 1 2 3 3 3 2 2 2 3 3 4 1 2 4 2 2 2 3 4 3 2 2 3 2 3 1 3 4 3 1 1 2 4 2 4 4 1 2 4 3 1 3 4 4 3 3 2 1 4 3 3 3 3 1 1 2 1 3 2 2 3 2 1 2 1 4 1 2 4 1 2 3 1 4 1 2 3 1 1 4 3 3 4 3 2 4 3 1 2 1 1 4 4 
4 1 1 2 2 1 3 4 3 2 3 2 4 3 1 3 3 1 1 1 4 3 2 1 3 1 2 4 2 4 2 2 1 3 4 3 3 2 3 4 2 3 3 1 2 4 2 1 4 1 4 2 1 4 3 1 4 2 2 3 1 3 3 4 2 4 3 1 1 4 1 1 2 2 4 4 3 1 4 2 3 2 4 2 4 4 4 1 2 1 1 4 2 1 2 3 3 4 3 4 4 2 3 1 1 4 2 4 2 4 3 4 3 4 1 4 3 1 1 3 4 2 1 3 3 2 1 1 2 2 2 3 3 1 2 3 1 1 2 2 1 2 4 4 4 
4 4 4 2 3 1 3 2 2 1 2 2 2 4 4 2 2 2 4 2 4 2 3 3 4 4 1 3 3 4 2 2 1 1 4 3 3 2 2 1 1 3 2 4 4 3 1 1 2 3 2 1 2 4 3 1 3 1 2 2 4 4 4 1 3 1 4 2 3 1 1 4 3 1 4 3 2 2 1 4 3 4 4 4 4 1 3 3 3 2 1 2 2 1 2 3 4 1 2 1 2 2 3 2 2 2 2 4 3 1 1 1 4 4 4 1 3 4 3 1 2 2 4 4 4 1 4 3 1 1 4 2 2 4 2 4 4 3 1 4 4 1 3 4 4 
4 2 3 3 4 4 2 2 3 4 3 1 3 3 2 2 1 3 3 3 2 2 1 2 4 4 2 2 2 2 2 2 2 1 2 4 4 4 3 4 1 2 1 4 2 1 2 3 4 4 1 3 1 3 2 1 1 3 4 4 2 3 1 2 3 2 4 3 2 1 3 1 4 1 3 4 1 2 3 1 3 4 3 2 3 1 2 3 4 4 3 3 3 4 1 4 1 1 3 4 3 3 4 2 3 3 1 1 3 2 4 3 3 2 1 3 1 2 2 4 3 1 4 4 2 4 1 3 4 3 3 2 4 3 2 4 2 4 3 1 1 4 2 2 4 
4 2 3 1 3 4 2 1 3 1 1 3 3 2 3 2 4 3 1 1 2 2 1 2 3 4 3 1 3 3 3 3 1 4 1 4 3 2 4 3 4 1 3 4 2 2 4 3 1 4 1 3 4 2 2 2 3 1 2 3 1 3 4 1 1 1 3 4 2 3 4 4 4 1 4 1 3 4 3 3 3 2 2 2 3 2 3 4 3 1 1 1 3 2 3 2 4 4 4 3 1 2 4 1 3 2 3 3 4 2 4 2 1 1 4 2 4 2 3 1 3 3 1 4 3 1 2 2 2 4 3 4 1 3 2 1 4 4 3 3 3 2 4 2 4 
4 4 4 4 4 4 4 4 4 4 4 4 4 4 4 4 4 4 4 4 4 4 4 4 4 4 4 4 4 4 4 4 4 4 4 4 4 4 4 4 4 4 4 4 4 4 4 4 4 4 4 4 4 4 4 4 4 4 4 4 4 4 4 4 4 4 4 4 4 4 4 4 4 4 4 4 4 4 4 4 4 4 4 4 4 4 4 4 4 4 4 4 4 4 4 4 4 4 4 4 4 4 4 4 4 4 4 4 4 4 4 4 4 4 4 4 4 4 4 4 4 4 4 4 4 4 4 4 4 4 4 4 4 4 4 4 4 4 4 4 4 4 4 4 4 

