145
1000
1000

[Node]
0  0  0   0  0
146 0  0   0  0

[pickup]
1       502898368      20          11
2       504944067      23          12
3       503058122      23          9
4       502890094      24          6
5       504557490      25          5
6       504731119      26          19
7       504354545      32          15
8       503282693      34          14
9       505023534      40          13
10      505162674      40          11
11      503058102      40          19
12      504895736      41          14
13      505029423      41          7
14      503586355      42          16
15      504944047      43          6
16      502792112      46          9
17      502788559      47          14
18      504807788      49          9
19      505083274      49          9
20      504693588      50          6
21      504757015      50          10
22      502843210      51          8
23      502798324      52          13
24      503587915      53          19
25      503273252      58          10
26      502791163      63          7
27      503642641      65          14
28      504360638      70          19
29      504904607      76          5
30      502970822      78          9
31      505077327      78          12
32      502786561      78          14
33      502792385      83          10
34      502786619      84          20
35      502792419      84          13
36      503301564      87          10
37      502787525      87          9
38      504995292      87          10
39      502798781      88          6
40      503978903      88          9
41      503228783      88          5
42      504306349      89          19
43      502786496      89          9
44      502939981      90          6
45      503291816      92          8
46      502792352      95          10
47      502799030      96          8
48      502786500      97          12
49      502792057      98          17
50      502785872      99          8
51      503589812      104         16
52      502786484      105         8
53      504952771      109         8
54      503200512      110         18
55      504940824      117         15
56      502892641      118         20
57      502797344      123         9
58      503282703      125         18
59      504793290      126         8
60      503074303      129         15
61      504486727      130         12
62      502787809      130         12
63      503202377      130         17
64      504433520      131         7
65      504802242      133         7
66      502794929      141         12
67      502786480      145         10
68      505088149      146         9
69      502985617      149         20
70      502795357      150         16
71      503613062      150         16
72      504608410      150         14
73      503136759      151         13
74      505117949      157         12
75      504467511      160         7
76      503123568      162         8
77      504699548      162         19
78      503219373      164         13
79      503658860      164         10
80      505143425      166         16
81      502789160      169         7
82      502789178      172         8
83      503657465      177         15
84      505154681      178         20
85      505117077      184         7
86      504940738      188         12
87      505195131      192         12
88      502793979      195         7
89      504427291      204         5
90      504815398      205         15
91      502794067      208         9
92      504553396      211         8
93      502786707      214         16
94      504941835      215         15
95      502798845      225         18
96      504489902      227         5
97      503689218      242         6
98      502794531      245         14
99      504945646      247         15
100     503012782      251         19
101     505047627      263         5
102     504814981      268         17
103     503240587      272         17
104     502791236      275         11
105     504475038      276         11
106     502800753      279         10
107     502793597      283         10
108     505160758      284         17
109     503251698      286         6
110     504940726      291         6
111     504924578      292         11
112     503896020      300         7
113     503184278      304         18
114     503074190      307         7
115     502785846      308         20
116     502794668      331         10
117     505084995      342         6
118     502835894      349         6
119     503229542      355         17
120     504938844      378         14
121     502790625      379         6
122     505012229      384         19
123     503284101      390         18
124     504861698      392         13
125     502798266      435         19
126     504873847      459         8
127     504459915      461         19
128     504461228      465         20
129     504411672      481         14
130     503825659      502         5
131     503592373      505         16
132     505080279      609         18
133     503635633      629         15
134     503192571      629         12
135     503278639      630         9
136     505076939      651         17
137     504591167      673         17
138     504783210      688         15
139     504800637      724         17
140     503297612      735         17
141     502804546      803         13
142     504000237      1000        14
143     503220254      1000        19
144     502787162      1000        19
145     504970852      1000        17

[Speed 0]
0.81
30.0   60.0 0.0 0.6
90.0   150 0.0 0.4
300.0  540.0 0.0 0.81
570.0 630.0 0.0 0.6
660.0 720.0 0.0 0.4
750.0 840.0 0.0 0.81

[Speed 1]
1.33
30.0   60.0 0.0 0.8
90.0   150 0.0 0.6
300.0  540.0 0.0 1.33
570.0 630.0 0.0 0.8
660.0 720.0 0.0 1.3
750.0 840.0 0.0 2

[Speed 2]
1.33
30.0   60.0 0.0 1.0
90.0   150 0.0 0.8
300.0  540.0 0.0 1.33
570.0 630.0 0.0 0.8
660.0 720.0 0.0 0.6
750.0 840.0 0.0 1.5

[Speed 3]
1.5
30.0   60.0 0.0 0.9
90.0   150 0.0 0.8
300.0  540.0 0.0 1.5
570.0 630.0 0.0 0.9
660.0 720.0 0.0 0.8
750.0 840.0 0.0 1.5

[Speed 4]
2
30.0   60.0 0.0 1.1
90.0   150 0.0 0.9
300.0  540.0 0.0 2
570.0 630.0 0.0 1.1
660.0 720.0 0.0 0.9
750.0 840.0 0.0 2

[speed choose matrix]
4 4 4 4 4 4 4 4 4 4 4 4 4 4 4 4 4 4 4 4 4 4 4 4 4 4 4 4 4 4 4 4 4 4 4 4 4 4 4 4 4 4 4 4 4 4 4 4 4 4 4 4 4 4 4 4 4 4 4 4 4 4 4 4 4 4 4 4 4 4 4 4 4 4 4 4 4 4 4 4 4 4 4 4 4 4 4 4 4 4 4 4 4 4 4 4 4 4 4 4 4 4 4 4 4 4 4 4 4 4 4 4 4 4 4 4 4 4 4 4 4 4 4 4 4 4 4 4 4 4 4 4 4 4 4 4 4 4 4 4 4 4 4 4 4 4 4 
4 3 4 1 4 3 1 2 2 4 2 4 4 2 2 1 4 4 2 3 2 1 4 3 3 2 1 4 2 1 3 3 1 3 3 3 2 3 2 3 2 2 4 4 4 1 2 3 1 4 1 4 1 2 3 1 4 4 4 3 2 3 1 3 1 3 4 1 1 2 3 2 2 1 4 4 2 3 4 2 4 4 4 3 2 2 1 4 3 4 3 4 2 4 1 4 3 3 2 2 2 4 4 3 2 2 1 3 1 4 1 2 1 3 4 1 1 4 3 1 3 3 2 1 1 1 2 4 4 1 4 1 3 2 4 2 4 1 1 2 1 2 1 4 2 1 4 
4 1 1 1 2 1 1 4 1 1 4 2 2 4 4 3 2 1 1 1 4 1 3 3 2 2 2 1 2 2 1 1 2 2 3 4 1 4 4 4 4 4 4 1 4 4 4 3 4 1 4 4 4 2 4 2 2 1 4 4 4 1 4 1 1 4 4 4 3 2 3 1 4 2 3 2 3 2 4 3 4 3 4 4 1 1 1 1 2 2 1 2 2 2 3 3 1 2 4 2 1 4 4 4 1 2 2 2 2 2 4 3 1 4 1 2 2 3 1 1 1 4 3 3 2 3 4 4 1 1 3 1 1 3 3 2 3 4 4 3 1 2 1 3 4 4 4 
4 1 2 3 4 2 2 1 3 3 3 3 4 1 2 1 1 1 4 2 4 4 3 1 1 3 1 2 4 4 4 2 1 3 2 1 3 1 4 2 4 4 1 1 1 4 3 2 4 1 2 3 2 3 2 1 3 3 3 1 2 1 1 4 3 3 2 3 4 3 3 2 3 3 2 4 3 4 1 2 2 1 4 2 1 4 1 2 1 4 2 1 2 1 4 1 3 2 4 4 1 3 1 3 4 2 3 4 2 1 2 3 1 4 1 2 2 2 4 4 3 1 3 4 1 1 1 3 2 2 1 4 3 4 1 3 4 1 2 3 1 1 1 1 4 1 4 
4 2 4 4 1 2 3 3 2 2 3 4 3 3 2 4 2 1 3 1 3 4 1 1 2 3 1 3 3 4 3 3 1 2 3 2 2 3 1 2 4 4 2 2 2 3 2 1 3 4 1 4 2 3 1 2 3 1 4 1 4 3 2 4 3 4 3 3 2 2 2 2 3 1 1 2 2 3 4 4 1 3 2 1 3 4 4 2 4 2 4 4 1 1 3 3 2 3 4 4 2 4 3 3 2 4 3 2 4 3 4 1 4 2 3 2 1 1 3 1 2 3 3 4 3 4 2 2 3 3 3 3 2 4 4 2 4 1 1 3 3 2 1 1 3 4 4 
4 1 1 4 2 4 4 1 4 2 1 1 1 1 1 4 1 3 1 1 4 4 2 3 3 3 4 4 4 1 3 4 3 3 4 3 3 3 1 4 2 4 3 1 1 4 2 1 2 3 4 3 2 2 4 1 3 4 1 4 4 2 3 2 1 2 1 4 3 3 2 3 2 1 2 3 4 1 3 3 2 4 4 1 4 1 2 3 2 1 4 4 2 2 3 3 2 4 3 3 2 4 4 2 4 2 2 3 1 1 2 4 4 2 3 1 4 4 4 4 2 4 1 2 1 1 1 1 3 4 2 1 1 2 3 1 3 1 1 2 2 4 4 3 2 4 4 
4 1 2 1 3 3 1 2 4 3 3 1 3 4 3 4 4 3 1 4 2 1 2 1 1 4 3 3 2 2 3 1 3 3 3 3 1 1 1 2 3 4 3 4 3 1 4 4 2 4 2 3 2 1 1 1 1 1 4 4 2 2 2 4 2 3 1 2 2 2 2 2 3 1 1 4 4 4 4 2 1 1 2 3 3 2 3 3 2 2 2 4 3 2 4 2 3 3 2 1 1 3 1 2 4 3 4 1 3 1 4 2 3 4 2 1 3 3 1 3 1 2 2 4 1 1 2 1 2 3 2 1 4 3 4 4 4 3 4 4 3 3 3 4 2 4 4 
4 2 4 1 3 2 4 4 1 3 4 3 2 3 2 2 3 1 1 2 2 4 2 2 2 2 1 4 4 4 4 4 2 2 1 1 3 3 2 2 1 3 1 4 1 3 4 1 3 1 3 3 2 3 4 1 2 1 3 3 1 3 1 1 1 4 4 3 3 2 1 1 4 4 3 2 3 4 2 2 4 3 4 3 1 2 1 2 2 2 2 3 2 2 1 4 1 3 1 2 2 1 4 4 4 3 2 2 2 1 3 1 3 1 3 4 1 1 3 1 1 4 3 3 2 1 3 2 3 1 2 1 1 1 2 4 1 3 2 1 1 4 3 3 1 2 4 
4 3 2 1 1 3 1 1 3 3 2 4 3 3 1 4 3 3 1 1 2 4 1 3 2 1 2 3 3 3 2 2 3 3 3 2 1 2 1 2 3 3 4 1 3 3 2 4 1 3 3 1 3 2 1 4 3 3 1 4 4 3 2 2 4 2 1 1 3 4 4 1 3 1 4 2 1 3 4 2 1 2 4 2 3 4 1 1 2 2 2 1 1 4 2 2 3 2 4 3 3 3 4 2 3 2 2 2 4 3 1 4 4 3 3 4 2 3 3 1 1 1 2 3 4 2 3 3 2 2 2 2 3 4 1 3 4 4 1 1 2 4 4 3 4 1 4 
4 4 3 2 3 2 1 3 2 1 2 4 1 3 3 2 2 2 4 1 4 2 4 1 2 3 1 1 3 3 4 4 3 3 1 1 1 4 1 1 1 1 3 3 3 1 4 2 1 3 3 3 2 2 1 3 2 3 1 4 2 4 1 3 1 1 2 2 2 3 1 2 2 1 4 4 2 4 2 3 1 3 1 4 4 2 4 1 1 3 1 3 1 2 1 1 3 1 2 1 4 4 1 4 2 4 1 2 2 4 3 4 3 3 2 4 3 3 1 2 3 4 3 4 4 3 1 3 4 2 1 1 1 4 2 2 3 4 1 1 3 4 3 3 4 3 4 
4 1 1 3 2 3 4 3 2 1 4 1 1 3 2 3 4 3 1 4 1 2 4 2 2 2 2 1 3 3 2 1 1 1 4 1 1 1 2 2 3 2 3 4 1 4 4 2 4 2 4 4 4 2 2 1 1 1 3 3 4 4 2 1 2 1 3 4 2 1 3 1 3 1 2 3 2 4 2 4 4 4 4 2 2 3 1 3 1 4 4 3 4 3 3 2 4 2 1 3 1 2 2 4 4 3 3 4 1 1 2 2 2 3 3 2 3 4 4 3 3 4 2 4 4 3 3 3 1 1 2 1 2 4 4 1 4 2 1 2 4 2 4 3 1 4 4 
4 2 2 3 3 2 4 1 3 2 1 4 1 1 1 3 2 1 4 3 2 3 3 2 4 4 1 2 2 4 3 2 1 4 4 4 4 1 4 2 1 2 1 4 2 2 3 3 4 4 3 3 1 3 4 2 4 3 3 3 3 1 4 4 4 2 3 3 2 1 1 3 1 3 3 3 2 3 3 1 1 4 3 3 3 1 4 3 2 4 3 3 1 1 4 1 3 1 3 1 1 1 3 3 1 2 4 4 1 3 2 1 2 2 3 4 4 1 2 1 3 3 1 3 4 2 3 3 3 4 1 3 1 4 3 1 1 3 1 2 3 1 1 2 2 2 4 
4 3 3 1 3 1 2 1 1 2 1 2 4 2 2 2 2 4 2 3 4 1 4 4 1 2 1 3 3 2 4 2 4 3 4 1 4 2 2 3 2 4 3 3 4 1 1 2 1 3 1 2 4 4 4 1 2 1 3 2 3 2 4 4 1 4 4 2 4 1 4 1 2 1 4 3 4 1 1 1 3 3 3 3 1 4 4 1 2 1 3 3 4 2 3 2 4 4 1 2 3 3 3 1 4 3 1 4 1 2 4 1 1 4 2 2 4 3 2 4 4 1 2 3 3 1 1 1 2 4 2 4 2 4 1 1 4 3 2 2 3 2 1 2 1 2 4 
4 1 3 3 4 4 2 2 3 3 2 1 1 2 3 3 1 1 3 4 3 2 1 1 3 4 3 2 4 4 3 1 3 1 4 3 1 2 2 1 4 2 2 4 3 4 2 1 3 2 3 4 1 1 4 3 1 3 2 4 2 2 4 4 3 1 2 1 1 1 1 1 3 2 2 1 1 1 4 2 1 2 4 3 3 1 4 4 1 2 3 3 1 3 3 4 3 1 3 2 3 3 2 2 2 4 4 2 2 3 3 3 1 1 4 1 4 3 3 4 2 3 3 1 3 2 4 4 3 3 4 1 4 2 3 1 2 4 4 4 2 3 4 2 1 4 4 
4 3 4 4 3 2 1 4 1 1 4 4 2 4 2 2 4 2 2 2 3 2 3 2 1 2 4 3 2 4 3 4 4 3 3 4 2 1 2 4 1 2 3 1 1 1 2 2 1 1 3 3 1 4 3 2 1 1 1 1 3 3 1 3 4 4 3 3 3 3 3 2 2 2 3 2 1 2 2 1 4 2 3 2 3 2 1 3 1 3 4 2 4 2 1 2 1 3 4 1 2 2 2 1 1 1 1 4 2 3 2 3 3 3 1 2 4 4 1 4 2 3 1 3 4 1 1 3 4 2 4 2 1 1 3 4 3 4 2 1 4 1 4 4 1 3 4 
4 3 2 2 1 4 1 3 4 3 3 3 2 1 2 2 4 1 3 4 2 1 3 3 1 2 2 1 3 1 4 1 3 1 4 1 1 2 3 2 4 2 3 1 1 2 2 1 3 2 4 3 2 2 2 3 3 4 1 1 2 3 4 3 1 1 2 1 2 3 4 3 2 4 4 2 3 3 4 1 3 2 3 2 2 4 2 3 4 3 2 1 4 3 3 4 2 1 4 3 2 1 3 3 2 4 3 2 2 3 1 2 2 4 2 3 2 1 4 4 4 4 2 4 3 1 4 4 4 4 1 1 2 4 4 1 1 1 3 2 1 3 4 1 2 2 4 
4 4 3 3 2 1 2 3 4 2 2 1 4 1 1 2 2 4 4 4 2 4 3 2 2 3 4 1 2 2 3 1 2 4 2 4 3 4 1 1 4 4 4 3 4 4 1 1 1 1 4 2 1 1 1 1 4 1 1 2 3 3 1 3 3 3 1 4 2 4 2 2 1 1 4 2 4 1 1 2 3 2 2 1 4 1 2 4 2 2 1 4 1 4 3 4 1 2 1 3 2 3 4 3 4 1 2 4 4 3 3 2 1 4 4 4 3 1 1 1 1 1 4 3 4 1 1 1 2 2 1 2 3 3 3 2 3 2 3 2 4 4 4 4 2 1 4 
4 4 4 4 4 2 4 1 1 2 1 2 4 2 2 4 2 3 4 1 3 2 4 4 1 2 1 2 3 2 1 1 3 1 3 4 1 3 2 1 3 4 1 4 1 4 1 4 3 3 3 1 1 2 3 2 3 2 2 3 4 1 2 3 2 2 3 2 1 2 2 4 3 3 4 3 3 4 2 4 1 4 1 1 2 2 3 2 2 2 3 1 2 1 3 2 2 4 2 3 4 1 4 4 4 3 4 4 4 4 2 3 1 1 1 2 1 1 4 1 4 3 1 2 4 4 2 2 3 4 1 1 2 3 1 4 4 2 4 4 4 3 4 4 3 4 4 
4 3 4 4 3 1 2 1 3 4 4 1 4 4 4 3 4 1 4 3 2 3 4 2 1 2 4 1 2 3 2 2 3 2 1 3 3 4 1 3 1 2 3 4 1 2 3 2 1 2 2 2 2 1 3 2 2 2 1 3 3 3 4 2 3 4 4 4 2 2 4 3 4 3 1 1 1 4 4 1 3 3 2 1 2 3 4 3 2 1 4 1 4 2 1 1 2 3 1 3 2 2 2 2 2 1 2 4 4 1 1 3 2 2 2 4 4 2 2 1 4 3 3 4 2 4 3 1 1 1 3 2 1 1 1 3 1 4 2 4 4 4 4 4 4 2 4 
4 2 2 3 4 4 1 1 1 3 1 2 1 1 2 1 2 1 2 3 2 4 4 1 2 3 1 1 3 2 1 2 4 4 3 1 1 2 1 2 4 4 1 3 2 2 1 2 1 4 2 4 2 4 4 2 4 3 2 3 1 2 3 3 3 2 1 3 3 2 2 3 4 4 1 4 3 1 3 1 1 3 2 4 2 1 4 4 4 4 3 2 1 3 1 1 4 2 3 3 2 3 4 2 1 3 2 1 3 1 2 4 4 2 1 2 4 3 4 2 1 3 1 1 2 4 3 1 2 3 3 3 4 1 3 3 2 3 1 1 4 3 4 3 1 1 4 
4 4 1 2 4 3 4 3 3 1 3 1 2 2 2 3 4 1 2 4 2 1 4 2 3 1 2 4 1 1 2 1 1 4 4 1 3 4 1 1 2 2 2 2 1 4 4 1 2 2 4 1 1 2 1 3 4 1 4 1 4 3 4 3 3 2 2 4 1 4 4 4 1 2 3 1 1 4 2 4 1 1 1 3 2 4 2 3 4 4 3 2 1 2 1 2 1 1 3 3 1 1 1 1 4 4 1 4 2 1 1 2 4 1 2 4 4 4 2 3 3 2 1 1 3 4 4 3 3 2 3 2 1 2 1 2 3 4 3 1 3 4 2 2 4 2 4 
4 3 2 1 2 4 1 1 4 1 1 2 1 2 3 1 2 3 1 1 1 1 4 2 4 4 3 3 3 3 1 4 4 4 3 2 4 4 3 3 2 1 4 3 2 4 3 4 4 4 3 3 2 1 1 4 3 4 4 2 3 3 2 1 2 4 3 2 4 2 4 3 2 2 2 1 3 4 2 4 1 3 1 3 2 1 4 2 3 2 2 2 4 2 4 4 2 1 1 3 4 2 2 4 4 1 3 2 4 1 2 4 3 2 4 3 4 2 3 1 2 2 4 4 1 1 1 3 4 1 1 4 1 4 1 3 1 4 4 3 1 3 4 1 1 1 4 
4 2 1 4 3 2 4 1 1 2 3 3 2 1 1 4 2 4 2 1 2 4 1 2 4 3 2 4 4 1 4 4 4 1 4 2 2 4 3 2 1 4 2 2 1 2 4 3 4 1 2 2 4 4 1 4 4 4 3 2 3 2 3 1 4 4 2 2 3 2 3 1 2 2 2 1 2 1 4 1 2 2 1 2 1 3 4 3 1 1 1 2 1 4 2 4 2 3 4 4 2 4 2 4 4 3 4 3 4 1 1 4 3 3 3 3 4 4 2 3 2 1 3 2 2 2 1 3 1 3 2 1 4 2 3 4 1 1 2 2 4 1 2 1 4 4 4 
4 1 3 2 4 4 2 1 3 4 3 1 4 2 1 2 4 1 2 2 3 4 2 1 4 3 4 2 3 4 3 1 4 3 4 3 3 2 4 2 2 4 2 2 1 4 4 3 1 4 4 1 3 3 4 1 1 1 4 1 3 4 2 4 4 3 4 1 1 1 4 3 4 4 2 1 2 4 2 2 3 2 2 4 4 4 3 3 3 4 1 2 4 2 4 4 1 2 4 1 3 2 4 4 3 1 3 4 1 4 2 3 2 2 1 4 4 4 2 2 2 3 1 3 3 1 1 4 4 3 1 1 3 2 1 2 1 1 2 3 3 3 1 1 3 3 4 
4 2 1 1 1 4 1 1 3 2 1 4 4 1 4 4 2 2 3 1 2 1 3 4 3 2 2 2 3 2 2 2 1 4 2 2 2 3 3 2 2 2 3 1 3 2 3 1 2 4 4 1 4 3 3 3 3 4 4 3 3 3 3 4 1 2 1 1 4 3 3 4 3 4 4 4 4 2 3 3 4 3 1 1 3 3 4 3 4 4 2 3 2 2 4 4 4 2 4 3 3 4 2 1 2 2 2 3 4 1 2 1 4 2 3 3 3 3 4 2 3 1 1 4 2 3 2 3 2 2 2 4 4 4 3 2 4 2 1 3 3 3 3 3 4 1 4 
4 3 1 2 3 1 2 3 2 3 1 1 4 1 1 3 4 1 3 2 1 4 1 3 4 2 2 1 1 1 1 2 3 4 2 2 4 3 4 1 1 4 4 2 4 1 3 2 1 1 1 3 2 1 2 1 4 4 3 1 2 4 4 2 1 2 4 1 3 3 4 1 4 4 4 2 1 4 4 1 2 4 3 2 3 3 1 1 4 2 1 3 2 3 4 1 2 1 4 4 2 2 3 4 1 3 4 1 4 4 2 4 1 4 4 2 2 2 2 2 2 1 3 1 2 4 4 4 3 4 2 4 4 3 3 3 2 3 2 3 2 1 2 3 3 2 4 
4 3 4 3 2 2 3 3 3 1 4 4 1 2 4 1 1 3 3 2 1 2 4 2 4 3 3 1 1 1 2 1 2 4 4 4 3 2 2 1 4 3 2 2 2 1 4 2 4 2 2 3 4 2 4 4 4 1 1 1 2 3 1 2 1 1 2 2 2 4 2 4 2 3 1 4 1 1 1 2 2 3 3 3 4 2 1 2 3 2 2 2 3 1 1 1 1 4 4 2 3 2 4 4 3 2 1 1 3 4 4 3 1 1 1 2 1 2 4 1 1 1 4 3 4 1 1 3 1 1 2 2 4 3 1 2 1 1 1 2 1 1 4 4 1 1 4 
4 1 3 2 3 1 2 1 3 2 3 4 1 2 4 4 3 2 4 1 2 3 1 1 2 4 4 1 2 3 4 1 3 1 4 4 1 2 3 4 4 3 2 2 2 1 4 2 2 2 4 4 4 1 1 4 3 4 1 4 4 3 3 2 3 2 1 4 1 3 4 1 4 4 2 2 4 1 4 2 2 4 1 2 1 1 4 1 2 4 2 4 4 4 2 1 1 1 1 3 1 2 1 4 4 1 2 2 3 2 4 2 4 2 4 3 4 2 3 1 4 4 4 4 4 1 3 2 2 4 3 4 2 1 2 2 4 3 2 2 3 4 4 3 1 2 4 
4 1 4 4 1 1 1 1 3 1 2 4 2 2 4 4 3 1 1 4 1 1 3 3 2 1 1 3 1 4 4 3 2 3 3 1 3 2 1 2 4 3 2 4 2 4 1 3 2 3 2 2 1 4 3 3 1 3 1 1 2 3 4 2 3 2 4 2 2 4 1 4 1 3 1 4 2 2 4 4 1 2 3 4 3 3 4 2 3 2 4 1 1 1 2 3 1 3 1 3 1 4 2 4 3 2 4 4 3 2 3 4 4 2 4 4 3 2 4 4 4 3 3 3 2 4 3 3 1 2 3 2 1 3 3 1 4 3 2 3 4 3 4 1 4 1 4 
4 1 3 3 2 3 2 1 1 3 4 2 1 4 4 1 4 4 1 3 2 2 4 4 4 4 1 3 1 2 3 2 3 3 2 1 1 4 4 4 4 2 3 3 4 4 3 3 4 3 4 2 3 3 1 2 3 3 1 2 1 1 2 1 4 4 2 2 2 4 4 1 4 2 3 3 4 2 4 4 3 1 1 2 3 4 1 2 3 1 1 1 4 1 1 4 3 1 3 3 4 3 2 4 1 2 3 2 4 3 2 1 1 2 1 4 1 4 4 3 2 3 1 2 3 1 2 3 1 4 1 2 4 3 1 3 1 3 1 4 3 2 3 2 2 2 4 
4 3 4 4 1 4 3 3 2 2 2 1 4 1 4 4 1 4 4 4 1 3 1 3 1 2 2 3 2 2 1 3 1 2 1 4 2 2 4 4 1 4 1 4 1 3 1 2 1 2 2 2 4 2 3 2 2 2 3 4 2 2 4 2 4 3 4 1 2 4 3 4 3 1 4 4 4 3 1 3 3 1 1 4 3 2 3 4 1 2 2 4 4 2 1 4 4 2 4 4 1 2 2 2 2 2 3 2 4 2 2 2 1 2 1 3 2 4 3 4 2 4 2 4 4 1 4 2 2 3 2 3 1 2 1 2 4 3 4 3 4 2 2 4 1 2 4 
4 4 2 3 1 3 1 2 1 3 1 3 3 2 1 3 3 2 2 4 4 3 1 4 2 1 1 1 2 1 1 1 1 4 1 1 1 1 2 3 1 2 3 1 2 4 3 3 1 3 4 3 1 3 3 1 2 4 4 1 1 1 3 1 1 2 3 1 2 2 1 3 1 1 4 4 3 4 3 2 3 3 2 3 1 4 1 4 1 3 1 1 4 2 2 4 2 3 1 1 4 4 1 4 4 4 3 3 3 2 3 1 4 2 1 2 4 4 4 4 3 3 4 2 1 4 1 4 1 1 2 4 3 1 4 4 1 4 1 1 1 2 3 1 1 1 4 
4 1 4 2 1 2 3 1 4 2 2 4 3 1 4 2 1 1 4 1 2 1 2 4 1 1 2 3 1 1 3 1 3 2 2 1 4 4 1 4 1 4 1 1 4 1 1 1 2 1 4 4 2 1 4 1 1 3 1 3 3 1 2 3 1 2 1 3 3 3 3 3 4 3 2 2 3 2 1 4 3 3 4 2 1 3 1 4 1 1 3 1 4 3 4 1 3 1 1 3 3 4 1 2 1 1 2 3 2 1 4 2 4 4 4 2 1 3 1 4 1 3 2 1 4 4 4 4 2 3 4 1 2 1 2 4 2 1 4 2 2 3 3 2 3 1 4 
4 4 3 3 3 1 3 1 4 1 2 3 2 4 1 3 2 1 4 2 3 4 3 1 4 1 4 1 3 3 2 4 2 4 4 3 1 4 4 1 4 4 3 4 2 3 1 4 3 4 4 2 1 1 3 1 4 4 1 2 4 4 4 3 2 1 4 3 1 3 2 3 3 4 1 3 2 3 4 4 2 4 3 2 1 2 1 2 4 1 4 3 4 1 2 1 3 3 1 2 3 3 4 1 1 1 4 4 1 2 4 2 2 3 2 2 2 2 4 1 2 1 2 3 2 2 3 4 1 2 1 2 2 1 4 1 4 4 4 4 2 4 4 2 4 4 4 
4 4 1 2 1 1 1 1 3 4 3 1 3 4 1 3 4 3 2 2 1 4 2 1 3 2 4 4 1 2 3 4 1 2 2 2 3 2 2 4 2 1 4 1 4 2 3 4 4 4 2 2 1 2 3 2 2 1 3 1 4 1 3 2 2 2 2 1 3 3 4 1 3 4 3 2 3 2 4 1 2 1 2 1 2 1 2 2 3 3 4 1 3 1 1 1 1 1 1 4 2 4 1 2 4 3 2 3 3 4 2 2 3 1 1 3 4 1 2 3 3 3 3 2 4 3 3 2 2 2 1 1 3 4 2 3 2 4 2 4 1 1 4 1 3 3 4 
4 1 2 4 2 3 4 4 2 3 1 4 3 3 1 4 1 4 3 4 2 1 2 2 1 3 4 3 4 1 2 1 2 2 1 2 3 4 1 4 4 3 3 1 4 2 4 3 3 2 2 2 3 1 4 1 1 2 3 2 3 4 3 3 4 2 2 4 1 2 3 3 3 4 1 4 2 3 4 3 4 3 1 2 2 2 2 2 1 3 3 3 2 1 3 3 2 2 4 2 1 2 2 4 3 1 1 3 2 1 3 4 2 1 2 1 1 3 2 2 2 2 1 1 4 4 2 2 1 4 3 1 2 3 2 2 2 3 2 1 3 3 3 2 3 2 4 
4 3 4 2 4 1 4 2 3 3 1 1 3 4 1 2 1 3 4 4 4 3 4 2 2 4 4 1 2 2 1 4 3 2 4 3 1 2 1 1 2 2 2 4 4 3 4 1 2 1 1 4 1 1 4 3 1 4 3 1 4 1 4 3 3 4 1 4 2 4 4 3 1 2 2 4 1 4 4 3 4 4 4 4 4 4 2 2 4 1 2 3 3 1 4 1 2 1 1 3 4 1 3 3 2 3 3 3 4 3 2 3 2 2 4 2 2 1 4 1 4 2 3 2 2 1 3 4 4 3 3 2 3 3 3 3 2 2 1 2 1 4 2 3 3 3 4 
4 4 4 2 1 2 4 1 3 4 1 4 4 1 3 3 4 2 1 2 4 3 2 4 3 1 4 1 2 4 4 3 2 2 1 1 1 1 4 2 3 1 4 3 4 2 3 1 3 4 4 3 3 2 4 1 2 3 4 4 4 4 4 4 4 4 1 1 1 2 2 2 1 1 1 2 1 2 4 4 4 2 4 4 4 1 3 1 4 1 3 3 4 2 2 1 1 1 1 4 3 4 3 1 3 1 1 4 4 3 2 3 1 1 3 4 1 3 2 3 3 1 3 2 4 1 2 1 4 2 4 1 1 1 2 2 2 3 4 1 1 4 3 3 1 1 4 
4 3 2 4 4 4 2 1 2 2 1 4 1 3 1 1 3 2 1 3 4 3 3 4 1 1 2 4 1 4 3 3 1 1 1 2 3 2 3 1 3 1 2 2 4 4 3 3 2 4 1 1 1 2 2 4 2 2 2 2 2 4 1 2 1 3 3 1 1 4 2 2 2 2 2 1 2 2 2 1 2 2 1 1 1 2 4 2 2 2 1 4 3 3 2 2 3 1 1 3 3 3 1 4 1 1 2 2 3 2 2 1 3 2 1 4 4 4 3 3 2 4 4 2 3 1 4 3 2 2 3 1 2 1 2 1 2 2 4 3 1 2 4 4 2 4 4 
4 4 4 3 3 2 3 2 2 4 1 1 4 3 2 2 4 4 1 4 2 4 3 1 3 2 2 4 2 3 3 2 3 4 2 1 4 1 3 2 3 2 2 2 3 4 2 2 1 1 2 1 1 1 1 3 3 3 4 2 3 1 3 2 4 4 2 2 4 1 2 1 1 2 2 3 4 1 1 1 3 3 4 1 3 1 2 4 1 3 4 1 2 4 1 3 1 2 2 4 2 4 2 2 1 2 4 1 4 3 2 2 3 3 1 4 4 4 1 1 3 3 2 3 3 4 4 1 1 3 4 2 3 1 4 2 3 2 2 3 1 2 4 3 3 4 4 
4 3 4 3 1 3 4 1 2 2 3 4 1 4 1 4 4 4 1 2 3 1 4 1 2 4 3 4 4 1 3 1 4 4 2 4 2 1 1 3 4 4 1 2 2 3 4 1 1 3 4 2 3 4 2 2 4 3 3 1 3 2 4 2 3 1 3 3 4 1 3 3 3 1 3 2 2 2 1 4 1 2 3 1 3 1 2 2 3 4 2 4 4 2 2 1 3 3 3 4 3 4 1 3 2 1 4 4 2 2 4 1 4 3 3 2 4 4 1 2 3 3 1 3 4 4 4 3 1 2 3 1 3 2 4 4 3 3 3 3 4 1 2 4 3 1 4 
4 3 4 3 2 1 2 1 1 4 4 2 3 2 1 3 2 4 4 3 4 4 1 3 3 1 4 3 2 3 4 3 4 1 4 2 4 1 1 3 1 4 4 2 3 3 3 3 1 4 1 1 3 4 2 2 4 2 2 3 3 3 1 1 3 3 1 4 3 4 1 1 4 1 1 4 2 4 1 1 1 3 3 4 2 1 1 2 3 3 3 4 2 3 1 4 2 2 3 1 3 1 4 1 1 3 3 4 3 3 4 2 3 3 1 2 3 2 1 4 4 1 1 1 4 2 1 3 3 4 3 3 3 1 3 1 4 3 4 2 3 3 3 1 4 2 4 
4 1 1 4 4 1 2 2 3 4 4 2 1 3 4 2 1 3 2 2 4 3 4 2 2 2 2 4 2 2 2 2 4 4 1 1 4 1 4 4 1 2 2 4 3 1 3 1 3 4 3 1 4 1 3 4 2 2 4 1 2 3 2 4 1 3 1 2 2 1 1 3 2 1 1 3 2 2 1 1 1 4 1 3 4 2 1 1 1 2 4 1 4 2 4 4 2 2 3 3 1 2 2 2 4 3 2 4 1 3 2 2 1 1 3 4 3 3 1 3 1 3 3 4 1 3 3 1 4 2 1 4 4 3 3 1 1 3 4 4 1 3 2 1 3 4 4 
4 3 1 1 2 4 3 1 2 3 1 2 4 2 3 1 4 2 4 4 2 3 2 3 4 3 2 3 3 1 3 4 2 2 1 4 3 1 3 2 4 3 4 1 2 4 1 2 4 2 2 4 2 2 3 4 3 4 2 4 4 3 4 3 4 2 2 4 1 2 1 1 2 4 2 3 3 2 2 2 4 2 2 1 4 1 3 4 3 1 4 3 1 3 1 1 1 4 1 4 1 4 4 1 4 4 2 3 4 2 2 2 2 3 1 1 4 2 4 3 2 2 3 4 1 2 4 1 2 3 4 4 3 3 3 1 2 3 3 4 1 1 1 3 2 4 4 
4 3 1 3 3 2 2 1 4 3 4 3 4 4 3 1 1 3 3 4 4 2 3 1 4 3 3 3 3 2 1 1 4 2 2 2 4 3 1 1 1 2 2 2 2 3 4 2 4 1 4 1 3 3 3 4 1 2 3 4 4 4 4 3 2 1 2 2 3 2 1 2 3 1 3 3 1 1 2 2 3 2 1 3 1 4 3 3 3 4 1 4 3 4 1 1 2 4 2 4 4 3 4 2 2 2 2 3 2 4 4 4 2 1 1 1 3 1 2 2 2 3 1 1 1 4 3 2 1 1 2 2 1 3 3 4 4 4 3 3 1 3 1 1 1 2 4 
4 4 3 4 2 1 2 2 4 2 1 3 3 2 2 3 1 2 4 1 1 3 2 2 1 4 4 4 2 2 1 1 1 1 1 1 3 3 3 2 4 3 3 2 1 1 3 2 2 4 2 2 2 2 3 3 3 1 1 4 2 3 1 3 4 2 2 2 2 4 4 3 2 1 3 4 1 3 4 4 3 2 1 3 4 4 4 1 4 4 1 4 3 4 2 1 2 4 4 1 1 4 3 1 2 2 3 4 3 3 3 4 1 1 1 4 2 2 1 1 3 3 1 3 1 3 2 2 4 1 1 1 3 1 1 4 4 2 4 2 3 3 4 2 4 4 4 
4 4 3 3 1 1 1 1 3 4 4 1 3 2 3 2 1 4 2 2 4 4 1 1 2 4 3 1 4 4 4 2 2 2 4 1 3 2 2 1 1 4 1 2 2 3 1 1 4 1 3 3 3 2 1 1 2 1 1 1 1 2 2 1 1 3 4 4 2 4 1 3 1 3 4 3 3 4 3 2 4 3 4 3 4 1 4 2 1 3 3 4 3 4 2 3 1 3 2 4 4 2 1 4 2 4 2 4 2 2 1 3 2 3 1 2 1 4 1 2 3 4 4 3 3 3 3 3 4 3 2 3 2 1 4 2 1 2 3 4 4 3 1 4 2 3 4 
4 1 4 1 3 4 4 4 2 4 3 2 4 2 2 2 2 1 1 4 1 4 3 2 4 1 4 3 2 4 1 4 3 2 2 3 4 4 4 1 4 4 4 2 4 4 1 3 2 3 1 1 1 2 3 2 1 3 2 3 3 3 2 2 1 4 4 3 3 4 1 2 4 3 1 4 1 2 4 1 4 4 2 3 1 4 4 2 3 4 1 2 4 1 1 1 1 1 1 4 3 2 3 3 2 1 3 2 1 3 3 3 4 4 2 2 4 1 2 4 4 4 1 3 3 3 2 3 4 4 1 2 3 2 1 3 4 1 1 1 4 1 3 2 4 3 4 
4 1 2 4 2 4 4 4 4 1 3 3 4 3 3 1 2 4 1 3 1 1 1 4 2 4 3 1 2 3 1 4 1 4 3 2 4 2 3 2 4 3 4 1 3 1 4 1 4 2 1 4 3 1 3 2 4 3 2 2 1 1 3 4 1 3 1 3 4 4 1 1 1 4 4 1 1 3 3 1 2 4 3 4 1 4 2 3 1 2 1 1 3 4 1 4 1 2 2 3 3 4 4 4 4 2 2 2 2 4 3 2 2 2 1 4 1 4 1 2 3 2 1 1 4 2 1 4 2 3 3 3 2 1 2 1 2 4 4 3 4 2 1 3 1 1 4 
4 1 2 3 3 3 4 4 1 2 1 3 3 2 4 1 1 1 2 4 1 3 2 4 4 2 3 3 2 3 3 4 4 4 4 2 4 3 1 4 4 1 4 3 1 3 4 3 4 1 2 4 3 4 1 3 3 1 2 1 3 4 3 1 4 2 4 1 2 3 1 1 3 2 2 3 1 1 3 3 1 3 2 3 3 4 4 2 3 4 3 1 3 1 2 2 2 2 3 4 1 4 4 1 4 4 2 1 3 4 2 4 4 3 3 1 3 1 2 1 4 2 3 4 4 4 4 1 3 1 3 1 4 2 2 3 2 4 4 2 1 4 2 2 2 4 4 
4 3 4 2 3 3 2 2 1 4 3 2 2 2 1 2 1 3 3 3 1 2 2 3 4 3 2 2 3 3 2 4 2 2 2 2 3 1 4 4 2 4 3 2 1 4 1 1 4 2 1 1 2 4 2 2 3 2 2 1 1 1 4 2 3 4 4 2 2 3 2 4 1 3 1 2 2 4 1 4 4 1 4 2 4 4 2 3 1 2 4 2 1 3 2 3 2 1 4 3 3 4 4 3 4 4 2 3 2 4 4 2 4 3 3 1 4 2 3 3 3 1 1 4 4 4 1 1 1 4 3 2 1 3 4 3 4 1 1 2 4 3 1 2 3 1 4 
4 4 2 3 2 2 1 2 2 4 3 4 4 4 3 2 1 1 2 4 3 4 2 3 1 4 2 2 2 4 4 4 4 4 4 1 3 3 3 2 2 2 4 4 1 1 1 2 2 4 2 1 1 3 2 2 1 1 2 1 1 1 4 1 3 1 2 2 2 1 3 3 4 1 3 2 4 3 4 2 1 4 3 3 2 3 3 4 3 3 3 1 2 2 3 1 2 2 3 4 4 1 4 1 2 1 2 3 3 1 1 2 1 4 1 2 3 3 2 3 2 2 4 1 4 2 2 4 4 1 1 2 4 2 2 3 1 1 1 1 3 4 1 3 3 4 4 
4 4 1 4 3 1 3 2 2 1 1 1 1 2 2 1 4 2 2 2 1 3 2 1 3 3 4 1 3 1 2 4 2 4 2 2 4 1 2 2 2 1 1 2 3 1 3 4 2 2 4 3 4 4 1 2 2 4 3 4 2 1 4 3 3 4 1 2 2 2 3 2 1 3 3 4 4 4 2 4 4 3 1 2 1 1 4 1 2 3 4 2 4 2 1 1 2 4 2 1 3 3 3 3 1 2 2 2 2 1 4 1 4 2 4 4 4 3 4 2 1 4 1 4 1 3 1 4 4 4 3 2 3 2 4 2 2 2 2 1 1 2 1 4 4 3 4 
4 1 3 1 1 2 4 2 2 4 3 4 2 1 2 4 4 4 2 4 2 4 2 1 1 1 3 4 4 2 3 1 3 4 1 3 1 1 4 4 3 4 4 2 2 2 1 1 4 1 4 2 3 4 1 3 3 3 2 2 2 2 4 1 4 4 2 2 4 1 4 1 1 1 3 2 3 4 2 2 2 2 4 1 4 2 4 3 3 2 2 4 2 2 3 3 4 2 1 2 2 3 2 4 1 2 3 4 1 1 2 1 3 3 4 4 4 3 4 2 1 1 3 3 3 4 2 1 3 3 1 2 4 4 1 3 2 4 2 1 4 3 4 1 3 3 4 
4 1 1 4 1 1 3 3 2 1 2 1 2 2 1 4 1 4 3 2 4 4 3 3 3 2 2 1 1 4 2 2 4 3 3 2 4 1 3 4 1 1 2 2 3 1 1 3 3 3 1 2 3 3 3 2 2 3 4 4 2 3 4 3 3 4 4 4 4 1 3 1 1 2 1 2 3 2 4 4 2 1 4 2 2 1 1 3 1 4 2 3 4 4 3 1 3 4 2 1 3 2 2 2 4 2 4 3 1 4 3 2 4 4 4 2 1 3 2 1 4 2 4 2 1 4 4 4 3 3 1 1 3 3 2 3 2 2 2 1 3 3 4 3 2 1 4 
4 4 4 1 3 2 1 4 4 3 2 2 3 3 2 2 1 1 1 2 1 1 1 2 4 3 2 3 1 4 2 3 1 4 2 2 3 4 2 3 4 3 2 4 3 2 2 3 1 3 4 4 1 4 2 2 4 4 3 1 4 2 4 4 1 2 2 2 1 2 3 1 4 1 4 3 3 1 1 2 2 3 2 2 4 4 4 4 2 4 1 3 4 1 2 3 4 2 3 1 4 4 1 4 3 1 2 3 1 3 3 3 1 3 3 3 1 3 2 1 1 4 2 3 2 3 3 3 2 2 2 3 2 2 1 2 2 3 3 2 4 1 1 4 2 2 4 
4 2 1 1 4 2 2 3 2 3 4 2 4 1 2 3 2 1 3 1 1 2 1 4 4 4 2 3 1 1 2 3 2 1 2 4 4 1 4 1 4 3 2 4 3 1 4 2 2 1 2 4 1 2 3 4 1 1 3 3 4 1 1 2 4 2 1 4 4 3 4 4 2 3 3 3 1 4 2 2 4 2 3 2 3 1 1 4 1 1 2 2 2 2 3 4 3 3 2 1 2 2 4 4 1 1 1 4 1 3 2 3 4 4 2 1 3 2 3 4 4 1 4 4 4 2 3 1 2 3 1 2 4 1 2 1 2 4 2 3 1 4 1 2 1 4 4 
4 1 2 4 3 4 4 3 2 4 1 1 4 3 3 4 3 3 1 1 3 1 3 1 2 3 1 2 4 3 1 1 4 4 1 1 1 3 1 4 4 1 4 3 2 1 4 4 3 4 3 2 3 3 2 2 1 4 4 4 1 3 3 1 3 3 4 2 1 4 1 2 2 1 4 4 4 4 1 1 1 3 1 4 2 4 1 3 1 1 1 4 2 2 4 4 4 2 1 1 1 2 1 1 2 3 1 4 1 2 1 4 2 1 4 1 2 2 3 2 2 3 4 1 4 1 3 1 1 2 1 3 3 3 2 4 1 3 3 2 2 2 4 3 1 3 4 
4 1 1 3 3 4 4 4 1 3 2 3 2 4 4 1 1 4 2 2 3 3 3 1 1 1 1 2 1 4 2 3 3 2 1 1 4 3 1 1 4 3 2 2 2 2 3 3 1 1 4 3 2 2 3 2 1 3 3 4 4 1 2 1 4 1 2 2 3 4 1 2 4 1 3 4 1 3 2 2 1 3 4 4 2 1 2 4 1 2 4 1 4 1 2 1 4 1 3 4 4 4 3 4 4 4 1 2 3 3 2 3 4 1 1 1 3 4 3 3 1 1 4 1 4 4 4 2 1 4 1 2 4 4 1 4 3 2 2 2 1 2 2 1 3 2 4 
4 3 3 1 2 2 3 1 1 4 4 3 1 4 4 3 2 2 4 3 3 1 1 4 3 4 3 2 1 1 2 4 3 4 1 4 3 3 4 2 4 3 2 4 2 2 2 2 4 3 3 3 4 4 2 3 3 2 4 2 3 2 3 1 3 4 2 2 2 2 4 1 1 3 3 1 1 1 2 1 1 3 2 3 2 4 1 3 1 1 3 1 2 3 1 1 4 2 1 2 4 3 2 1 3 1 2 1 4 4 1 4 2 4 1 2 2 1 1 4 2 4 4 2 2 4 4 3 2 1 3 1 4 3 2 4 1 1 3 1 4 2 1 3 4 4 4 
4 3 2 1 2 2 3 4 1 2 1 3 4 2 2 2 4 1 1 3 1 4 3 4 4 2 4 3 4 3 4 4 4 4 1 3 2 2 2 4 3 4 2 3 2 4 3 1 4 3 2 3 4 3 1 1 2 4 2 2 3 4 2 2 1 2 3 2 2 2 1 1 2 4 3 1 3 3 4 4 1 4 3 1 3 2 4 3 2 1 1 4 4 4 1 4 1 4 2 2 4 1 4 2 2 2 4 1 4 1 4 2 2 3 4 2 2 4 4 3 1 2 3 1 1 2 2 2 2 3 2 4 4 2 2 3 1 2 3 3 3 4 2 2 4 3 4 
4 3 3 1 1 3 3 1 2 2 2 4 3 3 4 1 3 2 1 4 3 2 3 2 1 3 1 3 3 2 4 3 3 1 2 1 1 1 4 1 1 1 2 2 4 4 1 4 3 4 2 2 4 1 1 2 4 3 3 1 4 4 4 3 4 4 2 4 2 4 4 3 1 3 3 4 4 3 1 1 3 4 1 1 4 2 3 1 3 3 3 2 4 3 2 1 1 4 3 2 4 1 3 1 3 1 4 3 4 4 3 3 2 3 1 4 2 1 4 4 3 4 3 2 3 2 1 3 4 1 2 2 3 3 4 2 4 4 1 2 1 2 2 4 1 1 4 
4 1 4 2 3 4 4 2 2 1 1 2 1 1 2 3 1 3 3 1 1 2 1 1 2 1 1 3 3 3 2 3 1 1 1 2 1 3 2 3 3 3 2 1 4 3 1 3 1 4 1 2 1 4 1 1 1 2 3 3 4 4 4 3 3 3 4 2 2 3 4 3 2 1 1 1 3 2 4 1 2 3 3 4 4 4 3 2 3 1 2 1 1 2 2 4 3 4 3 1 2 2 4 4 4 3 2 1 2 2 3 3 2 1 3 3 3 2 3 4 3 3 2 3 4 3 3 3 3 4 3 3 4 4 3 3 1 2 1 1 1 2 3 2 1 1 4 
4 1 3 4 4 4 1 4 2 3 3 4 3 1 4 4 2 1 2 1 1 2 1 1 3 3 4 3 2 3 2 3 4 4 3 2 4 3 3 4 3 3 1 1 3 1 4 1 3 1 1 2 1 2 1 1 4 1 3 3 3 2 4 1 1 2 3 1 2 1 3 1 4 3 1 2 4 3 2 1 3 4 3 4 4 1 1 3 4 3 1 4 3 3 2 4 1 4 1 3 2 4 4 4 1 2 2 2 2 4 1 3 1 2 1 4 4 3 4 2 4 2 2 1 2 2 3 3 4 2 1 4 3 3 4 4 3 4 4 3 1 4 4 1 4 4 4 
4 4 4 1 1 1 2 1 3 1 3 1 3 4 4 4 2 4 3 3 1 1 4 1 3 2 3 3 3 2 3 4 2 4 1 1 1 4 4 2 3 4 3 4 4 4 1 4 2 1 4 4 2 2 2 4 1 1 1 2 4 2 1 2 3 3 3 3 4 2 3 4 4 1 3 1 1 2 1 3 4 4 1 3 1 3 3 4 1 1 4 4 1 1 1 1 2 4 3 3 1 3 2 3 3 2 4 2 2 1 2 1 2 3 4 4 3 1 1 1 3 3 3 4 3 4 1 4 4 1 2 3 1 3 2 2 1 2 1 2 4 2 2 3 1 1 4 
4 2 4 1 2 4 3 3 4 2 1 2 3 4 1 4 2 1 3 3 3 4 1 2 1 2 4 1 2 3 4 2 3 4 1 1 1 4 4 4 4 3 1 1 3 4 2 4 4 4 2 4 1 1 4 4 4 2 4 4 4 2 3 4 2 1 4 1 1 3 1 4 1 3 4 4 2 3 3 3 3 1 3 3 4 2 3 1 3 1 3 4 2 1 2 4 4 2 1 4 4 2 2 4 3 1 2 1 1 3 1 2 1 2 2 4 3 4 2 4 3 4 1 2 1 2 1 3 2 4 4 3 1 1 4 4 1 4 1 4 1 3 4 1 3 3 4 
4 3 3 3 1 1 3 3 3 4 2 3 3 1 3 3 3 2 1 2 3 3 1 1 3 2 2 2 1 2 1 4 1 3 4 3 1 2 1 1 1 1 2 3 4 2 3 2 2 2 4 4 1 2 1 2 4 4 3 3 2 1 4 2 1 2 1 4 1 1 4 2 1 2 2 1 4 3 1 3 1 2 3 4 1 3 3 1 4 1 2 1 3 1 2 3 1 1 2 4 4 1 1 2 1 4 1 4 1 1 4 1 1 4 3 2 3 1 1 3 4 2 3 3 1 1 3 3 1 2 1 4 2 3 1 1 1 1 4 3 1 1 4 3 3 3 4 
4 2 3 3 2 4 4 2 2 4 2 3 1 3 1 1 4 2 2 4 3 2 4 1 2 3 4 3 1 4 1 4 2 4 1 3 4 4 3 4 1 1 3 4 4 4 3 2 3 2 3 4 2 4 1 1 3 2 3 4 4 2 1 3 2 4 3 2 2 2 1 4 1 1 2 2 2 4 2 1 2 2 3 3 4 4 4 3 1 3 1 3 1 4 1 2 4 3 4 3 2 2 4 3 2 2 1 3 1 3 4 2 3 3 2 4 2 3 2 2 4 2 4 4 1 1 4 2 1 4 1 3 1 2 1 3 3 3 3 1 4 4 1 4 4 4 4 
4 3 2 1 1 3 4 2 4 1 3 1 1 3 4 4 2 3 4 4 4 2 2 2 4 1 3 1 2 4 3 3 4 4 4 1 2 3 4 2 2 1 1 1 3 1 1 4 1 2 2 2 2 1 3 2 3 2 1 2 2 1 3 3 4 3 1 4 4 1 3 2 4 1 2 2 1 2 4 4 2 2 3 4 2 4 2 2 2 3 2 1 3 2 3 4 4 3 2 2 3 1 1 1 4 1 2 3 1 4 3 4 2 4 4 3 1 3 4 4 2 3 3 1 1 2 4 1 2 3 1 1 1 2 2 2 4 1 2 3 4 1 4 1 2 2 4 
4 2 1 2 3 4 2 2 1 3 2 2 3 2 4 4 3 3 1 2 2 1 4 4 4 1 1 3 1 4 2 1 1 4 2 3 4 2 2 4 2 2 3 1 1 2 4 4 4 1 3 3 3 1 2 2 2 3 4 4 1 2 4 2 2 1 2 3 2 1 1 2 2 2 1 3 4 4 4 1 2 4 1 1 2 2 3 2 3 2 2 4 2 4 4 3 4 3 4 4 3 1 3 2 2 2 2 2 3 1 4 4 2 4 2 1 4 2 1 3 2 2 1 3 1 2 3 3 1 4 2 1 3 1 4 2 2 2 2 4 1 3 4 2 1 4 4 
4 4 1 1 1 2 3 4 4 1 2 4 2 1 1 4 4 3 4 3 3 1 4 3 1 1 3 3 3 2 4 3 3 4 1 2 1 2 1 2 2 4 4 2 1 1 1 1 4 3 3 3 2 4 4 2 1 1 3 4 2 1 3 2 2 4 4 4 3 2 3 1 1 4 1 4 1 2 3 3 4 3 3 2 3 4 2 4 1 2 4 2 1 2 1 4 1 4 3 4 2 3 4 3 2 2 4 2 1 2 4 1 4 3 1 3 3 3 3 2 3 4 2 1 3 2 2 3 3 3 2 4 1 1 2 3 4 3 1 2 2 2 1 2 1 1 4 
4 4 2 1 2 1 1 3 1 3 4 4 3 4 1 2 2 4 4 3 2 3 1 4 1 3 3 3 3 1 4 2 2 1 1 4 2 3 1 4 1 1 1 2 3 4 4 1 2 1 1 1 4 3 3 4 3 4 4 4 2 3 4 4 1 4 3 2 3 2 2 1 1 3 1 3 4 4 1 4 3 4 4 1 4 4 3 2 1 1 3 4 3 2 2 1 2 1 3 3 3 3 2 3 4 2 4 2 3 3 2 2 2 3 4 1 1 4 1 1 3 1 2 4 1 2 2 1 1 2 1 1 4 1 3 1 3 2 3 2 2 2 4 1 1 2 4 
4 2 1 3 1 3 2 1 4 2 3 2 2 2 4 3 1 1 4 3 4 4 2 2 1 2 3 1 4 4 1 4 2 4 4 4 3 1 1 2 4 2 3 1 4 2 1 4 2 1 4 4 2 3 2 3 4 1 1 4 1 2 3 1 1 3 2 2 2 4 2 3 4 1 1 2 4 2 2 4 4 4 1 4 1 1 1 3 1 4 1 3 2 2 2 2 4 4 1 3 2 2 1 3 1 2 4 4 3 2 1 4 3 1 3 3 3 2 4 2 2 2 4 1 2 4 2 3 4 3 1 1 2 3 2 4 3 1 1 4 2 3 1 4 3 4 4 
4 4 2 1 4 1 4 2 4 1 1 1 2 1 3 2 2 4 2 4 3 2 3 4 1 4 2 3 3 3 1 3 1 4 3 2 2 3 4 2 3 1 4 4 2 4 2 4 3 2 3 4 4 4 4 4 1 1 3 4 1 1 2 1 3 4 2 3 4 1 1 2 1 4 1 2 4 3 4 4 3 2 2 4 2 3 2 2 2 2 1 4 1 1 4 1 1 3 2 1 2 3 1 2 3 2 2 2 2 3 3 4 4 1 1 1 1 4 4 2 2 4 2 4 3 4 1 1 4 4 4 4 3 1 4 1 3 3 3 4 1 3 2 2 2 4 4 
4 1 3 2 3 4 3 4 1 2 2 3 1 3 3 4 2 3 3 4 1 1 1 4 2 4 3 3 4 1 4 2 2 1 2 3 2 2 1 4 3 1 1 1 4 4 3 4 1 3 2 1 1 1 3 3 2 1 3 2 4 4 2 1 3 4 3 3 2 1 1 3 2 4 3 3 1 1 4 4 3 2 1 2 4 3 3 1 4 1 4 1 1 3 1 3 4 1 1 2 4 4 2 1 3 1 1 4 4 3 3 2 1 3 4 2 1 4 2 4 3 2 1 1 4 1 4 2 3 1 4 2 1 1 4 3 4 4 2 1 2 3 1 1 1 3 4 
4 2 1 2 2 3 1 3 3 2 3 1 4 4 3 2 1 4 1 4 4 3 4 2 4 2 3 4 1 1 1 4 2 2 4 2 2 2 3 2 3 1 1 4 4 1 1 2 4 2 1 3 3 2 3 3 3 2 1 4 2 1 2 1 4 1 3 1 3 2 1 1 1 4 3 1 1 1 2 3 3 4 3 1 4 2 2 2 3 2 2 3 4 1 2 2 4 1 4 2 3 3 3 1 1 3 2 1 1 1 4 1 2 2 4 1 1 1 3 2 4 3 1 3 4 1 4 2 1 1 3 3 4 2 4 4 2 3 4 1 3 3 2 1 3 2 4 
4 4 4 1 2 1 3 2 4 3 2 4 2 2 3 4 4 3 1 4 3 2 2 3 3 1 3 4 2 1 3 1 1 4 3 2 4 2 1 2 4 3 1 3 1 2 2 1 4 1 3 2 3 2 4 1 1 2 3 1 2 4 3 4 4 4 1 1 4 2 1 4 1 2 4 4 2 2 2 3 1 2 3 4 1 1 3 3 1 1 3 3 4 4 4 2 4 1 2 3 4 3 3 1 3 3 2 1 4 3 4 2 3 2 3 1 3 2 4 2 3 3 1 3 1 1 4 4 4 3 3 3 2 2 3 3 2 3 2 1 2 2 2 3 3 1 4 
4 1 1 4 1 2 2 1 1 4 2 2 2 4 1 3 3 4 1 3 1 2 4 2 1 4 4 2 3 1 4 1 4 4 2 4 1 3 4 3 2 1 3 2 3 1 1 4 4 2 4 3 1 1 3 1 3 4 3 1 4 2 3 2 2 1 1 2 3 1 1 3 1 2 2 3 4 3 1 4 1 2 2 4 2 1 3 3 1 4 3 3 4 1 4 4 2 1 4 1 1 4 3 2 1 4 2 4 4 4 1 2 4 4 3 2 4 2 1 2 1 2 4 4 1 2 2 2 4 1 1 2 2 1 3 3 1 3 3 2 4 3 3 2 4 1 4 
4 4 2 3 3 1 2 3 2 1 4 4 4 4 1 1 3 1 4 4 2 1 2 4 4 2 2 3 1 3 3 2 1 4 1 4 2 4 3 1 4 2 2 4 4 1 4 1 3 3 2 3 3 1 1 1 2 3 4 2 1 2 4 1 4 1 2 1 2 3 4 4 1 2 1 4 1 3 3 2 1 4 3 1 4 4 2 1 2 2 3 2 1 3 3 4 2 1 2 1 4 3 2 4 3 4 2 2 2 2 3 3 4 2 1 2 3 4 3 3 1 2 2 1 2 1 1 4 4 4 3 4 1 1 2 3 2 3 1 4 3 1 2 4 2 4 4 
4 2 3 4 4 1 2 1 4 1 2 2 3 4 1 2 2 3 3 3 4 4 1 1 4 3 2 3 2 2 2 4 2 4 4 3 4 1 1 2 2 1 2 1 1 3 1 4 1 1 2 4 1 4 1 1 3 4 4 2 1 2 3 4 3 2 2 2 4 3 3 3 1 2 4 4 4 2 1 4 1 3 4 4 3 2 3 1 1 4 1 4 3 4 1 3 4 2 4 3 2 4 4 4 3 3 3 3 2 3 4 1 3 4 1 2 4 3 1 2 3 4 4 1 1 3 1 1 4 1 3 1 1 4 4 1 1 1 3 2 3 1 2 1 2 2 4 
4 1 4 4 1 1 3 4 2 1 4 2 1 3 2 3 2 2 2 4 4 1 4 1 4 1 1 3 4 2 2 4 4 4 1 1 3 4 4 1 4 2 1 4 2 4 2 2 2 3 4 1 1 4 3 3 4 2 1 2 3 4 1 3 2 1 4 1 3 3 4 2 3 2 1 4 1 3 3 2 2 3 2 2 1 3 3 3 4 4 3 4 2 2 2 4 1 4 2 4 1 4 4 1 2 4 1 3 3 2 1 2 4 4 2 1 3 3 2 1 2 2 2 2 1 2 3 3 1 3 4 3 4 4 1 3 4 1 3 4 4 3 4 1 1 3 4 
4 2 1 2 1 1 4 2 4 3 1 2 1 4 2 2 4 2 4 1 2 2 3 1 2 3 3 3 2 4 1 3 2 1 3 4 2 4 4 1 4 2 1 4 1 2 3 2 4 3 4 2 1 3 4 1 1 1 3 3 3 3 2 4 1 4 1 1 4 4 1 3 1 1 1 3 3 3 3 4 1 2 1 4 4 4 2 1 1 1 3 4 2 4 4 3 1 1 1 1 1 4 1 2 3 2 2 1 4 1 4 4 2 3 3 2 4 1 2 3 3 4 4 2 2 2 1 1 2 2 4 2 3 2 3 4 4 1 3 3 2 3 3 2 4 3 4 
4 3 3 3 4 4 1 4 1 2 4 4 2 4 4 1 1 4 4 4 3 4 3 3 4 2 3 1 2 4 2 3 1 1 3 3 3 3 2 3 3 2 4 4 2 3 2 3 3 1 1 3 4 2 1 2 1 1 2 1 1 2 2 2 3 2 4 4 4 4 2 4 4 3 4 4 2 2 2 2 2 4 2 1 1 2 1 4 4 1 1 4 2 3 1 1 2 2 2 1 4 4 1 1 3 1 1 2 1 1 3 3 3 1 1 2 3 3 1 1 2 3 2 1 2 2 4 3 2 4 2 3 1 3 4 4 2 1 1 2 4 2 2 3 1 2 4 
4 1 2 3 1 4 4 4 3 4 3 1 3 2 1 1 3 3 1 1 1 2 2 4 1 1 3 1 4 3 2 1 1 4 3 3 1 1 2 3 4 3 2 3 3 2 1 4 3 1 4 1 4 2 3 1 1 2 1 3 3 2 3 3 3 4 1 2 3 1 2 4 4 1 1 1 3 3 3 4 1 4 4 1 2 4 2 1 1 4 4 4 3 1 2 2 4 2 3 2 1 2 1 1 4 2 1 3 2 2 1 3 1 3 1 4 3 2 1 1 1 4 4 1 2 2 3 3 4 4 4 1 1 2 3 4 4 1 1 3 4 4 4 3 2 3 4 
4 4 4 1 2 2 4 4 2 1 2 1 4 1 4 4 2 2 2 4 3 4 4 4 3 2 2 2 2 4 1 1 4 1 2 4 3 4 3 1 4 2 3 1 2 1 1 2 4 3 4 2 3 4 3 4 3 1 1 2 3 2 2 2 3 2 4 1 1 4 1 3 4 1 3 2 1 4 2 2 4 3 2 2 3 4 3 1 3 1 4 3 4 2 1 4 3 4 2 3 1 4 1 3 2 3 4 4 4 3 1 1 3 1 2 1 1 3 1 2 4 2 4 3 2 2 1 2 2 2 4 4 2 1 2 4 2 4 2 1 1 4 4 2 1 4 4 
4 1 4 4 2 4 3 2 1 4 4 4 3 3 4 4 4 1 3 2 4 4 1 1 1 3 2 1 4 2 2 3 1 1 3 1 1 1 4 1 2 2 3 4 2 3 2 2 4 4 3 1 2 2 2 4 1 1 3 1 4 2 4 4 4 3 4 1 1 4 4 4 4 4 4 4 1 1 2 1 4 1 2 3 2 3 2 2 4 4 1 3 4 4 4 1 3 1 1 4 4 3 2 3 2 4 1 3 1 1 4 1 2 3 3 2 2 2 4 3 4 1 1 3 4 1 2 2 4 3 3 2 1 4 1 3 3 1 2 4 1 4 3 3 3 1 4 
4 4 2 1 3 1 2 2 3 4 1 3 2 1 2 2 1 2 1 3 4 4 4 4 1 4 3 1 1 1 4 2 1 4 4 4 4 1 1 2 3 2 4 4 1 3 3 2 1 4 3 3 2 3 1 2 1 1 4 4 3 3 3 4 2 2 2 4 1 4 2 2 1 4 3 1 3 3 1 2 3 2 1 1 2 3 4 4 2 4 1 1 1 3 4 4 3 2 4 1 4 1 1 3 3 4 2 2 2 2 4 2 4 2 1 2 4 1 3 4 4 3 3 2 4 1 4 1 3 2 2 2 1 3 2 4 2 2 2 2 1 4 3 4 4 4 4 
4 1 1 2 1 1 1 1 2 1 2 2 2 3 2 3 1 4 1 1 1 3 1 4 3 4 4 1 1 1 1 4 1 3 1 2 4 4 3 1 4 1 4 1 4 1 1 4 3 3 1 2 2 4 2 1 1 3 2 3 1 3 1 4 3 3 3 3 4 4 2 3 1 3 1 3 1 4 2 1 2 4 4 1 4 2 1 3 4 3 1 4 1 4 4 1 3 1 2 1 2 1 4 4 1 1 1 1 4 2 2 1 4 4 2 1 3 3 4 2 4 4 4 1 1 1 4 4 3 4 1 3 1 4 3 1 2 4 1 2 1 4 3 3 4 3 4 
4 2 4 2 1 4 2 2 3 4 2 4 2 2 3 1 3 3 2 4 1 2 1 3 1 1 1 2 1 4 2 3 1 1 2 3 1 4 2 2 1 1 1 2 1 2 4 4 4 2 1 1 4 2 1 1 1 2 1 1 4 2 4 4 4 3 3 2 4 4 2 3 3 1 2 4 4 1 4 2 1 4 4 4 3 4 2 1 2 4 3 2 2 3 3 3 4 3 2 4 2 3 3 1 4 2 1 2 1 3 4 2 1 4 4 2 2 3 3 1 4 1 1 4 3 1 3 3 1 2 1 2 3 3 4 1 1 1 1 2 2 2 2 3 4 1 4 
4 4 3 4 1 3 4 4 2 3 3 1 1 2 4 1 3 3 2 1 1 3 4 2 4 3 3 3 1 4 3 4 1 1 3 1 4 4 1 3 1 4 2 1 2 3 2 3 3 3 3 1 4 1 3 3 3 1 3 4 1 3 2 3 1 4 3 3 3 1 4 2 4 2 2 4 4 4 4 1 2 3 2 1 2 3 3 4 3 2 4 3 2 4 3 1 2 1 3 3 4 1 1 3 2 3 1 3 3 2 2 4 1 1 3 2 2 4 4 1 1 2 4 3 4 4 4 1 2 4 2 3 3 2 4 2 1 2 2 3 1 3 1 4 2 2 4 
4 2 4 4 1 3 1 1 3 4 2 4 1 1 3 1 1 2 1 2 2 4 2 4 3 1 4 2 1 2 2 1 1 4 1 2 4 3 4 2 4 2 2 3 3 1 4 1 3 2 3 2 3 1 3 4 3 3 3 3 1 1 2 3 1 2 3 2 4 1 2 4 2 3 2 1 3 4 4 4 4 4 3 1 3 1 2 3 2 2 1 3 2 3 1 4 1 2 4 1 2 3 4 3 2 1 1 2 1 1 3 1 1 1 4 3 3 1 3 2 2 4 4 1 4 2 2 4 2 2 2 3 3 1 4 3 3 2 1 3 4 1 2 2 4 4 4 
4 4 2 4 2 2 3 3 4 2 1 1 2 3 1 3 3 1 2 3 1 3 2 2 3 1 4 4 4 4 1 4 2 1 3 3 3 4 1 4 1 3 4 3 2 1 4 3 2 2 1 2 3 1 1 4 3 1 1 1 2 4 3 1 4 3 2 2 1 3 2 1 3 3 1 2 4 1 3 4 4 4 3 4 2 3 2 4 4 2 1 1 4 3 2 4 1 1 4 4 2 4 3 1 1 3 3 1 4 3 3 1 4 3 2 3 2 4 1 2 2 4 1 2 2 3 2 3 3 3 3 3 2 3 3 1 4 4 4 2 4 3 4 3 3 1 4 
4 1 1 3 2 4 1 3 2 2 1 2 2 2 1 3 4 3 1 2 4 4 4 1 3 4 4 3 4 3 1 2 1 4 2 2 3 1 3 2 3 3 3 2 3 1 1 4 2 3 1 2 2 1 4 3 1 4 4 2 4 2 2 1 3 3 2 4 3 3 2 4 4 4 3 2 4 3 4 4 4 3 2 2 1 2 3 1 4 1 2 1 2 3 4 2 4 1 2 4 4 1 1 1 1 2 2 2 3 3 1 3 3 1 2 1 1 3 4 2 3 4 2 4 1 1 1 3 3 1 2 2 2 2 3 3 2 2 4 2 2 2 1 1 2 3 4 
4 2 1 4 2 2 3 4 1 4 4 2 2 2 2 3 2 3 2 3 1 2 2 3 1 3 4 3 1 4 4 4 2 1 2 2 3 2 2 3 1 3 1 3 2 2 4 4 2 4 2 2 4 3 3 1 1 4 2 1 3 4 1 4 1 1 4 4 3 2 2 3 1 3 2 4 1 3 2 2 3 2 3 2 1 2 3 2 1 3 4 3 3 2 2 1 4 3 1 3 4 4 2 2 1 2 4 3 2 1 4 2 2 1 4 1 4 2 1 4 3 2 4 2 2 1 4 3 2 3 3 2 3 2 4 4 3 3 1 3 3 1 4 3 1 1 4 
4 4 1 2 1 1 2 1 3 3 4 1 4 2 3 2 3 1 4 4 4 2 1 1 4 1 4 4 1 1 3 4 1 4 3 3 3 1 3 4 4 2 2 1 3 1 1 4 3 3 2 1 2 1 3 1 2 4 1 3 4 2 4 3 4 4 4 4 3 1 2 3 2 4 2 3 3 3 3 4 3 4 1 4 2 3 2 3 3 4 1 1 1 4 4 1 1 2 2 1 3 2 1 3 4 3 2 4 1 2 4 1 3 1 4 1 4 1 4 2 3 4 3 3 1 2 2 2 1 1 1 4 2 1 2 2 3 1 2 1 4 2 2 2 1 3 4 
4 3 3 1 3 1 4 3 4 1 1 4 3 3 4 2 1 3 1 2 4 3 3 2 1 4 4 2 1 2 3 4 2 2 1 2 2 4 2 3 4 4 4 2 1 2 2 3 2 4 3 3 4 4 1 4 4 3 1 3 2 1 1 3 1 3 1 4 3 3 1 3 1 2 2 1 2 1 3 1 4 3 1 3 4 4 4 3 1 2 4 4 1 3 1 1 4 1 4 3 4 2 3 3 4 1 4 1 3 4 3 3 1 2 4 3 1 2 1 1 2 3 2 1 2 1 2 4 4 4 2 3 2 1 2 2 1 3 2 3 4 3 2 2 1 2 4 
4 3 2 2 1 3 1 4 3 1 1 4 2 2 4 2 2 3 1 2 1 1 3 2 3 2 3 1 2 1 1 1 2 1 3 1 4 3 3 2 1 1 1 1 4 4 3 2 2 3 4 1 2 1 3 3 1 4 1 2 3 1 1 1 4 2 1 2 4 4 1 4 1 1 3 3 2 1 3 3 4 4 3 2 1 3 3 4 2 4 3 2 4 4 3 4 4 1 2 3 3 4 2 1 1 3 1 1 1 1 4 4 4 3 1 3 1 1 3 2 1 3 2 3 1 1 4 1 3 1 4 3 3 4 4 4 4 3 2 4 1 4 1 2 2 1 4 
4 1 2 1 4 4 4 1 2 2 2 3 4 4 2 2 3 2 1 2 1 2 4 1 3 3 2 1 4 2 2 2 1 2 3 1 2 1 2 4 1 1 3 1 4 2 3 4 2 3 1 3 1 1 3 2 2 2 2 3 1 1 3 4 3 1 1 4 3 3 4 1 2 2 1 1 3 3 2 2 4 1 1 2 1 3 3 4 3 1 2 2 2 4 3 3 1 1 3 2 3 4 4 3 1 2 4 1 3 4 3 1 3 4 3 1 1 3 3 4 4 2 4 3 4 3 3 2 2 1 4 4 3 3 1 3 1 1 2 3 3 3 3 3 3 1 4 
4 1 3 1 1 4 1 4 2 4 4 2 4 2 2 4 4 4 2 3 1 3 1 4 1 1 2 4 1 3 1 3 1 4 3 2 2 1 3 2 2 3 1 1 1 2 1 2 4 1 1 3 3 4 3 1 3 4 2 1 2 4 1 3 1 4 4 3 1 2 4 4 3 1 4 2 2 4 1 3 4 2 2 1 3 1 3 1 1 1 3 2 3 4 4 1 1 1 1 3 4 2 1 1 4 1 2 4 4 1 4 4 3 4 4 3 3 1 4 3 2 1 4 2 4 2 2 1 1 2 1 3 4 3 1 3 3 1 1 1 1 1 4 2 2 3 4 
4 3 4 3 3 3 1 2 2 3 2 1 2 3 4 4 3 2 1 4 3 1 3 4 1 1 2 1 1 2 4 1 1 2 4 2 3 2 4 3 1 1 2 4 4 4 4 3 4 2 3 1 1 3 2 3 4 3 4 4 4 2 1 4 4 4 3 1 3 1 3 1 1 1 2 4 1 4 4 3 2 3 2 3 3 4 2 2 3 2 3 1 3 4 3 4 3 2 3 1 2 2 4 1 3 3 4 3 4 1 4 3 4 2 1 4 4 3 1 1 1 3 1 3 2 3 2 4 4 1 1 2 4 4 3 4 2 4 3 3 2 4 4 1 1 4 4 
4 2 1 4 1 3 1 2 2 4 3 2 3 4 3 3 2 3 4 4 1 4 4 2 2 4 4 3 1 3 2 2 1 2 3 3 2 3 1 1 1 2 3 3 4 4 1 1 1 1 4 3 3 4 4 4 4 3 4 1 3 2 1 2 4 4 1 4 2 3 2 1 4 2 2 2 3 2 1 3 2 4 3 2 3 4 1 1 1 3 4 1 4 4 4 4 2 4 1 3 3 4 4 3 1 4 1 3 1 3 2 2 4 2 1 1 3 3 1 3 2 1 2 2 4 2 1 3 3 4 4 1 1 4 2 1 2 2 1 2 4 3 3 1 2 3 4 
4 2 1 4 2 1 2 2 1 4 1 2 3 2 3 1 1 1 3 4 3 3 1 2 3 3 3 2 2 3 4 2 1 2 2 3 1 4 4 4 2 4 2 4 1 2 3 3 3 1 3 4 4 4 2 4 1 4 3 1 3 2 3 2 2 2 2 4 1 2 4 3 2 1 1 4 4 2 3 3 1 3 1 4 4 2 4 2 3 4 2 2 1 4 1 3 2 3 4 3 2 3 4 2 4 4 4 4 3 4 2 2 4 4 3 2 2 1 2 2 1 1 2 3 4 4 4 3 3 1 2 4 4 1 1 1 1 4 1 2 1 1 3 3 2 3 4 
4 1 4 3 3 2 4 3 1 4 2 2 2 4 3 3 1 3 4 2 4 1 2 4 1 2 2 4 4 3 2 1 1 2 3 1 1 3 2 2 4 3 2 2 3 2 2 3 4 2 1 3 4 3 1 1 3 3 3 2 1 3 3 2 1 2 1 4 3 4 1 3 3 2 2 2 2 2 4 2 3 2 1 3 2 4 3 3 1 3 1 4 1 1 3 4 4 4 2 3 1 3 3 1 3 2 2 1 3 1 2 4 3 3 2 4 3 2 3 4 2 2 4 2 2 3 2 3 1 3 2 1 1 2 2 4 4 1 1 3 3 1 4 2 3 3 4 
4 3 2 3 2 1 3 3 2 4 2 1 1 4 3 4 4 4 3 2 1 3 1 1 2 1 1 4 2 3 2 2 3 4 2 3 2 2 1 3 2 4 3 4 4 2 2 2 2 3 2 3 2 4 2 3 3 1 1 3 4 3 3 3 4 4 2 3 1 4 3 1 3 3 2 2 3 4 2 3 4 2 1 2 1 3 4 1 3 3 1 3 3 3 2 1 3 4 2 4 3 2 1 2 3 1 3 2 3 3 1 2 2 1 2 4 4 1 4 1 4 1 3 4 2 3 2 1 3 1 3 4 1 2 2 3 3 4 1 2 1 1 4 1 2 2 4 
4 2 3 2 1 4 3 4 1 2 2 2 4 3 3 3 3 4 4 2 1 1 4 2 3 1 2 1 4 4 4 3 4 2 1 2 1 4 4 3 2 2 1 1 4 2 1 2 4 4 4 1 3 1 3 3 1 3 4 2 2 1 3 1 1 2 1 2 4 1 4 2 4 4 1 2 4 2 3 2 1 4 3 1 1 2 2 1 3 4 1 1 2 3 1 1 3 1 2 3 2 3 2 3 2 3 1 1 2 1 3 1 2 3 2 2 3 4 1 2 1 3 4 4 1 3 1 3 1 1 1 2 3 3 1 2 2 2 3 2 4 1 2 2 1 4 4 
4 1 3 1 3 2 1 1 4 4 1 1 3 2 3 3 3 3 2 3 2 2 4 4 4 1 3 3 2 1 2 1 1 2 1 3 3 4 4 3 3 4 2 2 4 4 4 2 2 3 4 3 4 1 2 1 4 3 3 2 4 1 1 3 2 3 2 1 1 3 1 2 2 3 2 1 2 1 3 4 2 1 1 1 1 1 2 4 3 1 4 3 2 2 1 3 2 2 2 1 4 1 1 2 3 1 4 1 3 4 3 3 3 1 3 2 2 2 1 4 3 2 2 2 3 2 2 3 1 1 3 4 3 1 3 4 2 3 2 2 2 2 2 4 1 1 4 
4 1 3 1 1 1 4 1 3 3 3 4 4 3 1 3 4 4 3 1 3 3 3 3 4 3 4 4 3 2 1 2 3 2 2 2 4 1 4 3 2 1 1 4 2 4 3 2 4 1 1 3 1 2 4 3 3 4 4 2 3 4 4 3 3 3 3 2 1 2 4 3 3 2 3 3 2 3 3 2 2 3 3 3 3 2 1 3 2 4 2 1 1 1 4 2 3 3 2 4 1 1 4 2 1 3 3 4 4 2 3 1 3 1 2 4 1 1 1 4 2 1 3 2 3 1 2 3 2 4 3 3 1 3 2 2 3 2 1 4 2 4 3 3 2 1 4 
4 1 2 2 2 3 2 2 4 1 3 3 3 3 1 3 2 1 1 1 3 2 4 2 4 2 2 1 3 1 4 3 3 4 3 3 4 3 1 4 3 3 1 1 2 4 4 4 1 2 4 1 4 3 3 3 2 3 1 3 3 2 3 1 1 4 3 1 1 3 3 4 4 4 4 4 4 2 4 2 1 3 3 3 1 3 3 3 1 4 1 2 1 2 1 2 2 4 2 3 4 3 4 2 2 4 2 3 2 4 3 4 2 1 1 2 2 1 1 3 4 3 2 4 2 2 2 1 2 4 2 3 2 3 1 2 1 4 2 3 1 3 1 3 3 1 4 
4 4 1 3 2 1 3 1 3 2 2 2 4 1 4 3 4 2 1 1 3 2 1 4 4 3 2 4 3 4 2 2 3 4 1 1 2 2 3 3 3 3 2 3 4 2 2 2 3 1 2 3 4 1 1 1 1 2 2 4 3 4 2 3 4 1 2 2 4 2 4 2 4 4 2 3 4 1 4 1 3 3 4 3 2 2 1 1 3 4 4 4 1 1 2 4 1 4 2 4 1 2 3 3 3 1 3 4 4 4 1 1 4 1 1 1 4 2 1 3 1 4 3 2 3 2 2 1 3 1 2 2 2 3 3 4 2 1 3 4 4 2 1 4 2 4 4 
4 2 1 3 3 1 3 4 4 3 3 2 1 1 4 1 3 3 2 2 1 4 4 2 4 4 1 2 1 1 4 3 4 2 1 4 2 1 4 2 2 2 1 3 4 3 4 4 1 1 3 1 4 4 1 4 1 1 1 1 1 2 3 4 4 2 4 4 3 4 3 4 2 1 3 3 2 4 2 2 3 2 3 1 3 1 1 1 1 4 4 4 1 4 3 3 2 2 3 4 2 3 1 3 4 2 3 1 4 1 3 4 2 2 2 2 1 2 2 4 2 3 2 3 3 2 3 4 1 1 1 3 1 3 3 3 2 3 1 1 3 2 2 2 4 1 4 
4 3 2 1 1 4 1 3 2 1 4 4 3 1 1 2 4 2 4 2 4 3 2 3 2 2 3 3 4 3 4 1 1 4 3 2 2 3 4 2 2 3 3 4 4 3 3 2 2 4 2 2 1 3 1 1 1 4 2 2 2 4 4 3 2 4 4 2 1 4 4 2 3 3 1 3 2 3 3 3 4 4 1 1 1 3 1 4 1 2 1 1 2 3 4 1 2 2 1 4 3 1 2 4 2 2 1 1 1 4 2 3 2 1 2 2 4 3 3 1 1 1 1 4 4 4 2 4 3 3 3 2 2 2 1 2 1 2 4 3 1 1 4 3 1 1 4 
4 4 3 4 1 3 3 4 4 1 3 3 4 3 4 3 1 2 1 2 2 1 4 4 3 3 3 1 1 1 2 2 1 2 4 1 2 1 2 2 3 1 2 2 1 4 4 3 2 4 1 2 2 2 3 4 4 4 4 3 1 3 1 4 3 3 3 4 3 1 1 4 1 4 1 1 2 4 2 3 4 4 1 3 1 2 1 3 2 2 3 1 3 1 4 1 1 4 4 3 1 4 1 4 4 1 3 4 1 2 4 3 1 2 4 2 3 1 4 3 4 4 2 4 1 1 1 4 4 2 4 2 2 1 3 3 4 1 1 3 2 4 2 2 2 2 4 
4 2 1 1 2 1 4 3 1 1 3 2 4 2 3 4 1 2 2 3 3 4 4 1 3 4 1 3 2 4 2 4 3 3 2 2 3 3 3 3 2 4 3 1 1 3 1 1 3 1 4 4 2 4 1 3 1 3 2 3 1 1 3 4 1 4 3 4 2 1 4 1 1 2 3 4 4 4 2 1 4 2 3 1 3 4 1 4 1 3 1 4 4 3 2 1 3 1 2 2 3 4 1 1 2 4 2 4 4 3 2 2 3 2 3 4 4 3 1 2 4 1 2 3 1 3 1 3 1 2 2 3 3 4 3 1 4 2 3 2 2 3 2 2 3 3 4 
4 4 1 4 1 2 2 1 4 4 4 4 1 3 3 3 2 4 3 4 2 4 1 1 2 3 1 4 1 3 2 3 3 3 2 2 4 3 1 2 2 2 1 3 4 3 1 3 3 4 4 1 1 4 2 3 4 4 2 2 2 1 1 3 3 2 3 4 3 4 1 4 1 2 2 1 4 2 1 3 2 4 1 3 2 2 4 2 1 2 4 1 1 3 4 1 4 4 2 2 4 2 1 1 4 3 3 1 4 2 3 2 1 2 1 4 4 2 2 3 1 4 3 4 2 2 3 2 4 3 2 3 1 4 2 3 2 1 3 3 2 2 2 2 4 2 4 
4 2 2 2 2 2 3 4 1 4 3 3 1 3 1 1 3 3 3 1 2 3 1 1 3 3 3 2 3 1 2 1 3 4 2 1 2 2 4 2 3 2 2 4 4 1 2 2 1 4 3 4 3 4 2 1 2 1 1 4 1 4 4 1 4 2 3 3 4 1 1 4 3 2 2 3 1 1 2 1 4 4 4 3 3 1 2 3 4 3 2 4 1 4 1 2 1 2 1 2 4 4 2 1 3 1 3 3 1 1 3 2 4 1 1 3 3 2 2 4 2 3 3 3 3 1 1 4 1 1 1 3 1 1 4 4 3 2 1 4 1 3 1 3 4 3 4 
4 1 1 1 2 4 4 1 4 4 1 1 3 1 3 2 4 3 1 4 1 1 4 4 3 4 1 2 2 3 1 3 4 3 2 2 3 1 1 4 1 1 4 1 2 2 4 3 1 2 2 2 4 3 2 4 1 4 1 1 4 4 1 1 1 3 2 4 1 1 3 1 4 1 3 4 4 3 1 2 4 1 1 2 1 3 2 3 1 1 2 3 1 1 2 2 3 3 1 1 1 2 1 2 2 4 1 3 1 1 3 2 2 3 2 2 3 3 3 1 3 3 3 4 3 4 4 4 2 3 4 2 3 3 2 3 3 1 4 4 1 2 4 4 1 4 4 
4 1 2 4 3 1 1 2 3 4 3 2 1 3 4 2 4 2 1 2 4 3 3 2 2 2 2 1 4 3 2 4 1 2 3 1 1 1 3 4 4 3 3 1 1 3 1 4 3 3 4 1 2 2 2 2 1 2 3 2 2 1 3 1 3 4 1 1 4 1 4 4 1 2 3 3 4 4 2 4 4 2 3 3 4 4 1 3 1 1 4 2 1 2 2 3 4 2 1 2 2 4 1 4 2 4 2 3 3 2 1 1 2 3 1 1 3 3 1 1 1 2 2 1 3 1 3 1 3 1 1 3 1 2 4 4 3 2 3 3 2 2 2 1 1 2 4 
4 2 1 3 1 1 4 3 3 4 3 3 2 1 4 4 3 2 4 2 1 3 4 4 2 2 4 3 2 3 2 2 3 4 1 2 1 1 3 3 2 1 1 1 3 4 2 3 1 4 3 4 3 4 3 1 3 4 1 1 2 2 3 1 4 2 4 4 4 3 4 4 2 2 4 1 2 1 1 3 3 1 2 1 3 2 3 2 4 3 2 4 3 2 2 4 3 1 3 4 1 4 3 3 1 1 2 3 1 4 2 1 1 2 1 1 3 4 3 2 4 4 2 2 4 4 3 2 4 3 2 4 2 1 4 1 3 4 4 2 1 4 3 2 4 1 4 
4 3 4 4 1 3 1 4 3 4 4 4 4 1 3 2 2 4 4 4 4 1 3 3 3 3 3 4 2 3 4 3 1 3 2 1 4 3 2 2 1 3 4 4 2 2 3 3 2 3 4 1 3 3 3 1 1 1 1 3 1 1 1 1 1 2 3 3 4 4 3 1 2 2 3 4 2 3 2 4 1 2 1 3 3 4 2 1 4 4 4 4 4 2 1 2 4 4 4 3 2 4 2 1 3 3 4 4 2 1 1 2 4 1 2 3 1 2 2 3 1 1 2 3 2 2 4 2 3 2 4 3 4 2 2 3 2 3 3 1 1 2 2 3 1 1 4 
4 2 4 2 4 2 1 1 2 2 1 3 1 3 3 2 1 2 1 4 4 3 4 1 3 3 1 2 4 3 1 2 2 2 1 3 4 4 1 4 3 2 1 3 4 1 3 3 2 4 4 1 1 3 4 4 3 2 2 4 1 4 2 1 4 2 4 1 1 3 1 2 2 2 4 3 3 1 2 4 4 1 3 1 3 1 1 2 3 4 1 4 2 1 4 1 3 4 4 3 4 1 3 1 3 1 1 2 3 2 2 2 4 4 1 1 4 1 3 1 1 3 1 1 3 4 4 1 2 3 2 2 4 3 4 2 3 1 2 3 3 1 2 1 2 4 4 
4 1 1 3 2 1 4 3 3 2 3 2 1 2 4 4 2 1 4 1 2 2 4 3 4 2 2 1 1 2 2 2 3 2 4 3 1 2 1 2 2 3 4 1 4 2 4 4 1 3 4 2 2 4 2 4 2 1 2 4 4 4 2 2 4 3 4 4 1 1 2 1 3 3 2 4 2 2 2 2 2 3 1 4 3 4 4 3 3 2 1 1 2 1 1 2 2 3 2 4 1 1 1 4 2 2 2 2 3 3 1 1 2 1 1 1 1 4 2 2 2 4 3 2 3 4 2 3 1 2 4 1 4 4 1 1 2 1 1 4 4 1 4 1 3 3 4 
4 3 4 1 4 3 4 1 2 3 4 4 2 2 4 3 3 4 1 2 2 2 4 1 2 4 3 1 2 2 1 2 2 2 1 1 1 2 1 2 1 2 2 4 4 1 4 4 1 2 2 1 4 3 1 2 3 1 1 4 2 2 2 2 3 4 3 1 2 4 2 4 3 1 4 3 4 3 1 2 1 1 2 4 1 3 1 3 1 1 1 3 2 1 3 3 2 2 4 4 3 1 3 3 4 4 2 4 2 4 3 3 1 1 3 3 3 2 1 3 2 3 4 2 3 4 1 4 1 1 3 3 3 1 3 1 1 4 2 3 1 4 2 3 3 1 4 
4 1 2 1 3 3 4 1 4 2 3 2 4 3 3 4 2 4 2 4 4 3 1 2 2 1 4 1 4 3 3 3 4 3 1 1 3 1 3 2 2 2 3 1 1 3 1 3 2 4 1 3 3 4 1 4 3 3 2 3 4 4 4 1 2 4 1 3 3 1 2 2 4 4 4 4 1 4 2 1 1 4 3 2 1 4 2 1 3 1 1 4 4 1 4 2 3 1 3 3 3 2 3 1 3 2 1 1 1 1 4 3 4 1 1 3 2 2 1 3 3 4 1 1 2 3 2 1 3 2 2 3 4 3 1 4 4 4 1 4 1 4 3 1 4 1 4 
4 4 2 1 3 2 2 3 1 3 1 4 1 1 1 4 1 2 1 2 2 4 3 1 2 3 4 1 1 3 3 2 4 2 3 1 2 3 4 1 1 2 4 4 1 4 2 3 3 3 1 2 2 3 3 3 1 1 4 1 3 2 3 1 2 1 4 3 3 4 4 1 3 4 1 4 4 2 3 2 4 3 4 2 2 2 2 2 1 4 3 4 3 2 4 2 4 2 2 3 1 3 3 1 3 3 3 2 2 1 2 2 4 1 3 4 3 4 4 3 1 2 4 2 1 3 4 4 3 1 4 1 3 2 1 1 2 2 2 1 1 3 3 1 3 1 4 
4 1 1 2 3 4 2 2 2 4 2 1 2 2 1 1 2 4 2 3 1 3 2 3 2 4 1 3 1 3 4 4 1 4 4 1 3 3 2 1 3 3 3 4 2 4 2 3 1 1 3 4 3 2 3 1 2 1 1 2 2 1 2 3 3 4 3 1 4 1 2 4 4 4 1 3 3 2 1 1 4 4 4 1 1 3 1 4 4 3 1 3 2 3 1 2 2 1 2 3 2 3 4 4 4 3 1 2 4 2 1 3 3 4 2 2 2 3 1 4 3 1 4 2 2 4 2 2 3 1 3 1 3 4 4 4 4 2 2 3 3 4 3 1 2 1 4 
4 4 1 2 3 1 4 1 4 4 2 1 3 1 1 1 2 3 4 2 1 3 2 4 2 1 3 1 3 1 4 3 2 3 4 3 1 2 1 4 3 3 4 3 4 1 3 1 3 4 3 1 2 3 1 1 3 1 3 1 4 3 3 4 4 3 1 2 3 3 2 3 2 4 4 3 2 2 3 1 4 2 3 1 2 2 1 4 2 2 3 4 3 1 1 1 4 1 2 3 1 4 3 2 3 1 2 3 3 1 3 4 4 4 1 4 4 1 3 1 1 1 4 2 4 1 4 1 1 2 1 3 3 4 1 4 3 3 3 4 2 3 3 1 1 2 4 
4 3 4 2 3 3 2 4 3 3 1 4 3 1 2 1 4 3 3 2 2 1 2 3 4 1 3 2 4 1 1 1 3 2 3 2 1 4 2 3 4 3 2 1 4 1 3 2 1 4 3 4 1 3 4 4 3 4 2 1 4 1 4 1 4 3 1 1 1 2 1 1 1 1 4 3 4 1 1 2 3 4 2 4 4 2 2 3 1 3 1 1 2 1 4 3 4 4 2 2 1 3 3 3 2 4 1 3 1 1 3 1 1 4 2 2 3 2 3 2 1 2 4 3 2 2 4 3 2 2 4 1 2 2 3 3 1 4 3 2 2 4 4 3 3 2 4 
4 4 3 4 2 1 3 4 2 2 2 1 3 4 1 4 3 3 1 1 2 4 4 4 3 2 3 4 3 2 4 2 3 2 1 2 2 3 4 1 1 4 3 4 2 3 2 2 1 2 4 3 1 3 1 3 1 2 3 3 3 1 1 4 1 4 3 4 4 4 1 4 3 4 2 1 3 3 4 4 3 1 4 4 3 2 4 3 1 3 2 1 4 1 3 2 3 1 2 2 3 3 4 4 2 4 2 3 4 3 3 2 2 2 3 2 3 2 1 3 3 4 1 1 2 3 2 1 4 3 3 2 1 3 1 4 1 3 2 1 3 4 3 4 1 2 4 
4 1 1 1 1 2 2 4 4 4 3 3 1 3 2 4 4 3 2 1 2 1 1 2 2 1 2 2 3 2 2 4 1 2 1 3 4 3 1 2 1 4 2 1 1 3 4 2 4 3 2 1 4 1 2 4 3 3 4 1 4 3 4 2 4 4 4 2 1 4 4 3 1 3 2 2 1 3 1 4 3 4 4 2 3 1 2 1 2 2 3 2 2 3 3 4 1 1 4 1 3 4 4 2 4 2 4 1 4 1 4 1 2 3 4 3 4 3 4 3 3 4 4 4 2 1 1 1 1 4 2 3 1 3 3 4 1 1 1 2 3 1 4 3 1 3 4 
4 2 3 2 2 1 2 3 1 4 1 1 4 1 1 2 1 1 1 1 3 4 2 1 2 1 1 3 2 4 2 2 2 1 4 4 2 4 3 3 2 2 1 2 2 4 2 2 2 2 1 1 2 3 3 3 4 4 1 2 3 3 2 3 4 1 1 2 3 2 3 1 1 3 3 2 2 4 2 2 1 4 1 1 1 2 4 4 2 3 1 3 4 2 2 3 2 2 2 2 4 4 1 2 1 2 1 2 4 1 2 2 1 1 4 4 2 2 2 3 1 4 2 4 4 1 3 2 3 4 1 1 1 2 4 2 2 2 1 4 2 4 2 2 1 4 4 
4 4 3 1 2 2 4 1 2 2 3 3 3 1 1 1 4 3 4 4 2 2 4 2 1 4 3 4 4 2 2 4 3 1 2 3 2 4 2 4 2 1 4 1 4 2 1 3 2 2 4 3 1 3 2 4 2 1 1 3 3 3 1 1 4 2 1 2 3 1 3 1 2 3 3 3 3 3 2 1 4 2 2 4 1 3 1 3 1 1 1 4 2 2 3 3 2 4 1 4 4 4 3 1 3 1 4 3 1 1 1 2 3 3 2 2 4 2 2 2 3 4 1 1 1 3 3 2 4 3 1 4 3 3 2 2 3 4 3 1 1 1 1 4 4 2 4 
4 2 2 2 1 1 3 3 4 2 1 4 3 4 2 2 4 2 1 2 2 1 4 2 4 3 1 4 2 4 1 3 1 2 1 4 3 1 3 1 4 1 3 4 3 4 4 1 2 3 2 3 2 3 1 1 2 4 4 4 2 3 3 2 3 3 1 3 3 2 4 2 3 2 3 4 2 2 4 1 4 1 1 1 1 4 1 2 3 3 2 3 4 4 2 1 4 3 1 4 4 2 1 2 1 1 4 2 3 4 1 1 1 3 4 4 4 4 2 4 3 3 1 3 4 3 4 2 2 4 1 4 3 4 1 4 4 3 4 4 3 1 1 1 2 4 4 
4 3 1 2 4 2 4 2 2 4 1 4 4 2 1 4 1 1 2 1 1 1 4 4 2 2 1 2 2 1 4 4 2 1 4 1 4 2 1 3 3 1 1 2 4 1 2 1 2 2 2 2 1 2 3 2 4 4 1 2 1 3 1 2 4 4 4 1 3 4 4 1 2 1 2 4 4 1 2 2 4 2 1 3 1 3 4 3 2 2 1 3 1 3 2 1 2 4 1 3 4 4 3 3 3 1 2 1 2 3 4 2 1 3 2 3 1 2 4 2 4 3 3 4 2 3 1 1 4 1 1 2 4 3 3 4 3 1 1 3 4 2 2 2 2 3 4 
4 2 3 2 4 2 4 4 1 2 3 4 3 1 2 2 2 3 4 2 2 3 3 1 4 2 2 1 3 3 3 1 4 2 1 2 4 4 3 3 1 1 3 2 3 4 2 1 3 2 3 3 4 3 3 2 3 1 4 3 2 1 1 3 2 1 4 2 3 3 1 3 2 4 4 3 1 2 3 1 4 4 4 3 3 2 4 1 1 3 1 3 1 2 4 2 3 3 2 2 3 1 2 1 2 1 3 2 3 2 4 3 4 3 3 4 1 2 2 4 1 3 1 2 1 4 1 2 4 2 1 2 3 1 2 1 3 4 3 4 3 2 1 4 2 1 4 
4 1 1 2 3 3 4 4 2 1 4 3 2 3 1 1 2 3 3 4 2 1 1 3 2 1 4 1 1 3 2 2 2 3 4 4 4 1 1 3 1 2 1 4 1 1 4 1 1 4 2 3 4 1 1 1 2 3 3 3 4 3 1 1 1 4 3 1 4 1 2 4 3 1 4 1 1 2 2 2 4 3 3 2 4 4 3 4 4 1 2 2 4 1 3 1 4 2 1 3 4 4 3 1 3 1 3 2 2 4 2 1 2 1 2 2 4 2 1 2 4 4 2 1 2 4 1 1 4 4 2 1 3 1 1 3 3 4 4 1 1 1 4 4 3 3 4 
4 3 1 4 2 2 3 3 4 4 1 4 4 2 4 1 4 2 3 2 1 1 3 2 4 1 1 4 3 1 1 3 4 3 4 3 2 1 3 1 1 4 4 2 3 3 1 3 3 2 4 2 2 4 1 1 2 1 2 2 4 4 1 4 3 3 4 3 1 1 4 1 1 2 3 3 1 4 2 2 2 2 3 2 4 2 4 4 3 2 1 3 3 3 3 3 4 1 4 1 1 1 2 3 2 1 2 3 3 3 1 4 4 1 2 1 3 2 4 4 4 4 3 1 3 2 2 3 1 4 1 2 2 1 4 3 1 3 1 1 2 1 2 1 4 3 4 
4 2 3 1 2 2 1 3 4 4 2 2 2 4 2 4 4 2 3 2 4 3 4 4 4 4 1 1 2 3 1 3 2 2 1 1 1 4 4 4 4 1 2 2 2 2 3 4 2 2 2 4 2 4 2 1 4 1 3 2 2 2 3 2 3 2 2 1 2 2 2 1 3 3 4 4 3 1 2 4 4 1 1 2 4 2 2 1 4 1 1 2 1 2 3 1 2 1 1 2 1 2 3 1 4 4 3 1 4 4 4 1 2 3 2 1 2 3 2 1 4 1 4 3 4 4 2 1 1 4 4 3 4 3 4 3 2 3 3 3 2 1 4 1 2 2 4 
4 1 4 2 2 2 4 2 2 1 4 2 1 1 1 1 2 3 2 3 1 3 4 3 1 4 2 3 1 4 1 1 2 2 4 2 2 4 2 3 4 4 4 1 3 4 4 4 2 2 2 3 2 3 1 4 1 1 4 3 2 1 3 3 3 1 4 3 4 3 2 4 4 2 4 1 3 2 1 3 2 3 4 2 4 3 3 2 2 3 3 2 4 3 2 1 1 1 2 1 2 4 3 2 3 1 3 3 1 1 2 2 2 4 4 2 4 2 2 3 3 1 4 1 2 2 1 2 1 3 3 2 3 1 4 1 3 3 1 2 4 3 2 1 4 2 4 
4 1 3 2 3 2 3 1 3 1 1 1 1 3 1 4 3 4 2 3 1 3 2 1 4 2 2 3 3 4 3 4 2 3 1 1 1 3 1 1 2 1 4 4 1 2 1 1 4 2 2 4 1 4 2 3 1 3 2 2 1 3 3 2 1 1 2 2 1 4 1 4 3 3 4 2 3 2 3 4 3 2 4 4 4 1 3 3 1 3 2 4 3 3 2 2 4 1 4 4 1 4 1 4 2 3 1 1 4 1 2 3 2 3 4 4 2 3 3 2 3 4 2 3 1 2 3 3 4 2 1 4 1 4 2 3 3 3 4 1 4 4 4 2 4 3 4 
4 2 1 2 3 4 3 4 3 1 2 2 4 4 2 4 2 2 4 3 1 3 2 3 4 4 3 2 1 2 3 1 1 2 2 1 4 4 2 3 1 1 1 1 2 2 3 2 3 1 1 1 2 2 3 1 1 4 2 2 1 2 1 4 3 3 3 1 4 4 4 1 2 2 4 1 2 1 4 3 4 3 4 2 3 4 2 4 3 3 3 4 3 3 2 4 1 2 2 4 4 3 3 1 1 1 1 4 2 3 3 2 1 1 1 1 2 4 4 1 4 3 1 2 3 1 1 1 1 1 2 3 3 3 1 4 3 1 4 1 2 3 4 1 4 1 4 
4 1 1 1 2 2 3 4 1 1 4 2 3 4 4 3 2 4 3 3 1 1 1 4 1 2 3 4 2 1 2 1 1 4 1 2 1 1 3 3 1 2 2 4 2 1 3 4 3 1 2 4 2 2 1 1 4 1 4 1 4 3 4 3 3 1 1 1 3 2 2 4 3 1 3 2 4 3 2 2 3 4 2 4 3 4 1 4 2 1 1 2 1 4 4 1 1 1 3 3 1 3 3 2 2 2 2 1 1 3 2 4 4 1 3 4 4 2 2 4 2 3 4 2 1 3 1 1 3 3 4 4 3 2 2 2 4 1 2 1 2 4 4 1 3 3 4 
4 4 3 3 1 3 2 2 3 4 4 2 1 1 2 1 1 1 3 2 2 4 4 3 4 3 2 1 1 4 3 3 2 2 2 4 4 1 1 1 2 4 3 1 4 1 1 3 1 1 2 3 1 2 4 2 1 4 4 1 4 1 3 4 3 3 2 4 4 1 2 2 1 3 2 3 3 1 3 4 1 1 3 2 2 3 2 1 2 4 1 1 2 1 3 3 1 1 3 3 3 1 2 1 1 1 3 2 2 3 2 4 2 3 1 4 1 2 4 2 1 2 2 1 1 2 1 4 3 4 3 3 1 1 2 3 4 1 3 3 2 1 2 1 3 1 4 
4 3 2 4 1 3 2 4 3 2 1 3 1 1 3 2 4 1 2 3 4 3 4 4 3 2 3 4 3 1 1 1 2 3 1 1 3 1 4 4 1 2 1 1 1 1 1 3 2 1 3 4 3 4 3 3 1 4 1 3 3 1 4 2 3 2 2 3 3 1 4 3 3 3 1 2 3 2 1 1 2 2 2 2 2 3 2 3 2 2 3 2 2 4 3 4 2 3 2 2 2 4 4 2 1 2 2 1 4 2 1 1 2 4 3 1 4 2 4 1 2 3 4 1 4 2 2 3 2 2 4 4 3 2 3 2 2 2 3 3 1 3 1 3 3 2 4 
4 1 4 2 2 4 3 2 4 3 4 3 4 4 3 2 4 4 4 4 4 2 4 3 4 2 2 2 3 3 2 1 2 3 2 4 4 3 3 2 4 3 1 1 4 4 2 2 4 2 2 2 3 3 3 3 1 1 3 2 3 2 4 1 2 1 4 2 2 3 2 1 2 1 2 2 2 1 4 4 1 3 1 2 4 3 2 4 3 3 2 2 4 3 1 1 3 1 4 1 4 4 3 2 1 4 1 4 3 2 1 1 2 1 1 4 3 3 4 1 3 1 3 1 3 3 2 1 4 3 4 4 1 1 1 1 1 1 2 4 1 3 2 2 4 3 4 
4 3 4 2 4 3 3 4 2 3 1 3 1 3 3 4 3 4 3 2 3 1 2 4 1 2 3 3 1 2 4 1 1 4 2 4 1 2 1 4 3 2 1 1 4 1 4 1 1 2 3 2 4 3 3 2 2 2 3 4 4 2 4 3 1 1 3 4 1 2 3 2 3 2 4 1 2 2 4 1 2 2 2 4 4 3 4 2 4 1 3 4 1 3 1 2 2 3 1 4 2 2 3 1 4 1 2 1 1 4 2 1 3 3 4 4 1 2 4 2 4 1 4 2 2 2 4 3 1 1 4 1 3 2 1 4 2 1 4 4 2 1 1 4 1 3 4 
4 3 3 4 3 1 2 1 2 3 2 3 2 1 2 3 2 2 1 1 4 4 4 1 1 3 4 4 1 4 4 4 4 1 1 1 3 3 1 4 2 1 1 3 4 3 4 2 4 3 2 1 4 4 3 4 3 1 4 4 4 4 2 4 3 2 2 2 3 3 1 1 1 1 3 2 2 1 3 4 4 1 1 3 2 4 3 2 1 3 1 1 3 2 3 2 3 3 2 4 1 3 2 3 2 3 2 4 4 3 2 2 3 1 4 1 1 3 2 1 2 1 4 4 4 1 4 1 2 1 4 3 2 1 2 1 2 4 1 4 2 4 4 4 4 1 4 
4 4 4 4 4 4 4 4 4 4 4 4 4 4 4 4 4 4 4 4 4 4 4 4 4 4 4 4 4 4 4 4 4 4 4 4 4 4 4 4 4 4 4 4 4 4 4 4 4 4 4 4 4 4 4 4 4 4 4 4 4 4 4 4 4 4 4 4 4 4 4 4 4 4 4 4 4 4 4 4 4 4 4 4 4 4 4 4 4 4 4 4 4 4 4 4 4 4 4 4 4 4 4 4 4 4 4 4 4 4 4 4 4 4 4 4 4 4 4 4 4 4 4 4 4 4 4 4 4 4 4 4 4 4 4 4 4 4 4 4 4 4 4 4 4 4 4 

