165
1000
1000

[Node]
0  0  0   0  0
166 0  0   0  0

[pickup]
1       504845350      11          8
2       503058102      16          11
3       503617238      19          5
4       503589812      24          11
5       504449422      26          17
6       502788210      27          13
7       504764478      28          14
8       504944067      31          7
9       504398101      33          6
10      503282693      34          5
11      502797785      35          14
12      502794531      35          14
13      504844669      37          7
14      505023534      39          20
15      505088149      40          18
16      504706103      40          10
17      505083274      41          7
18      505162674      42          7
19      503228783      44          16
20      505188477      45          9
21      503301564      47          15
22      504944047      48          16
23      504807788      48          16
24      502787394      49          10
25      504976541      49          13
26      505154688      49          8
27      502790342      49          5
28      502798324      53          12
29      504726267      54          6
30      504433520      56          18
31      505128847      56          17
32      504960928      58          5
33      504995292      59          16
34      502796457      60          7
35      504563723      60          10
36      504381435      67          20
37      502873629      67          7
38      504360638      69          18
39      502794770      74          20
40      505191730      74          7
41      504900247      77          5
42      504895736      77          7
43      505077327      78          8
44      505154681      78          19
45      504483241      79          5
46      502797790      85          18
47      502798146      87          9
48      503658860      88          16
49      502970822      91          16
50      505150249      93          10
51      504865782      94          11
52      505036392      95          14
53      503613062      102         16
54      502794469      107         18
55      504729849      108         8
56      504952771      109         9
57      504802242      109         7
58      504416396      109         11
59      502800753      110         6
60      502789708      111         5
61      502878271      116         9
62      502798781      124         12
63      504782558      125         19
64      502997308      126         10
65      505126632      126         11
66      503202377      126         17
67      505127921      129         13
68      503657465      132         14
69      502789230      133         15
70      503642641      144         12
71      503219384      144         12
72      505179308      153         5
73      502794247      154         14
74      504633802      156         15
75      502790450      157         12
76      502875595      161         6
77      504793290      168         13
78      504744533      173         11
79      502798845      175         19
80      504761212      175         17
81      505195131      175         6
82      504941835      177         8
83      503219373      179         20
84      502791054      179         16
85      502799030      180         8
86      504692561      186         5
87      504467511      187         5
88      504561518      193         7
89      503222704      202         10
90      505195369      211         18
91      502788402      212         8
92      504406686      214         13
93      504940738      215         7
94      504941658      215         6
95      504928743      224         17
96      502786834      227         5
97      502786501      229         7
98      505017159      232         15
99      503240587      238         16
100     503689218      242         9
101     503284101      242         19
102     502892641      243         15
103     504553396      244         15
104     504940829      247         19
105     503012782      251         10
106     502787809      255         20
107     503555070      256         16
108     502786498      259         7
109     505147775      259         16
110     502786917      260         12
111     503297617      263         11
112     503592373      263         17
113     504427291      263         5
114     505084995      276         19
115     504938851      291         9
116     505176368      291         17
117     504950887      297         7
118     503278639      297         14
119     503184278      298         6
120     504783206      298         5
121     502802038      317         12
122     505137588      331         16
123     504591167      335         13
124     503192571      340         9
125     504012514      353         5
126     503297612      355         11
127     502786541      356         9
128     505076939      383         15
129     504555619      390         17
130     504783210      392         10
131     504489902      394         8
132     502787162      399         11
133     504861698      422         5
134     504717668      424         19
135     504804143      449         18
136     502798842      456         14
137     504695606      466         5
138     503257871      475         12
139     502976944      484         10
140     502802061      488         11
141     504800637      506         13
142     502788471      534         9
143     503635633      540         8
144     502801240      547         16
145     504800636      548         13
146     505190963      554         20
147     502796219      570         12
148     502798017      613         17
149     502790595      639         20
150     503896020      666         18
151     503299570      694         19
152     505046733      696         14
153     503825659      723         11
154     502786974      730         13
155     502835894      741         19
156     505121631      747         20
157     502796218      755         19
158     502791061      882         6
159     505047627      1000        20
160     504475038      1000        17
161     502790596      1000        20
162     503525248      1000        15
163     504750395      1000        12
164     505186925      1000        17
165     502792352      1000        10

[Speed 0]
0.81
30.0   60.0 0.0 0.6
90.0   150 0.0 0.4
300.0  540.0 0.0 0.81
570.0 630.0 0.0 0.6
660.0 720.0 0.0 0.4
750.0 840.0 0.0 0.81

[Speed 1]
1.33
30.0   60.0 0.0 0.8
90.0   150 0.0 0.6
300.0  540.0 0.0 1.33
570.0 630.0 0.0 0.8
660.0 720.0 0.0 1.3
750.0 840.0 0.0 2

[Speed 2]
1.33
30.0   60.0 0.0 1.0
90.0   150 0.0 0.8
300.0  540.0 0.0 1.33
570.0 630.0 0.0 0.8
660.0 720.0 0.0 0.6
750.0 840.0 0.0 1.5

[Speed 3]
1.5
30.0   60.0 0.0 0.9
90.0   150 0.0 0.8
300.0  540.0 0.0 1.5
570.0 630.0 0.0 0.9
660.0 720.0 0.0 0.8
750.0 840.0 0.0 1.5

[Speed 4]
2
30.0   60.0 0.0 1.1
90.0   150 0.0 0.9
300.0  540.0 0.0 2
570.0 630.0 0.0 1.1
660.0 720.0 0.0 0.9
750.0 840.0 0.0 2

[speed choose matrix]
4 4 4 4 4 4 4 4 4 4 4 4 4 4 4 4 4 4 4 4 4 4 4 4 4 4 4 4 4 4 4 4 4 4 4 4 4 4 4 4 4 4 4 4 4 4 4 4 4 4 4 4 4 4 4 4 4 4 4 4 4 4 4 4 4 4 4 4 4 4 4 4 4 4 4 4 4 4 4 4 4 4 4 4 4 4 4 4 4 4 4 4 4 4 4 4 4 4 4 4 4 4 4 4 4 4 4 4 4 4 4 4 4 4 4 4 4 4 4 4 4 4 4 4 4 4 4 4 4 4 4 4 4 4 4 4 4 4 4 4 4 4 4 4 4 4 4 4 4 4 4 4 4 4 4 4 4 4 4 4 4 4 4 4 4 4 4 
4 1 1 2 1 3 4 1 4 2 1 1 4 2 3 4 4 4 1 2 1 1 3 2 2 1 2 3 4 1 3 3 3 1 4 4 2 3 2 2 2 3 1 1 1 4 3 1 3 2 1 2 3 3 1 2 3 1 4 1 3 1 3 2 1 1 3 4 3 3 4 1 3 2 3 4 1 3 2 4 2 1 1 1 1 4 2 2 3 1 4 2 4 3 2 4 1 4 2 2 1 2 3 3 3 2 3 4 4 2 3 1 4 3 1 2 4 3 2 3 1 4 4 1 1 2 4 3 1 1 2 1 3 1 3 4 3 1 4 1 2 2 3 1 2 2 4 2 4 3 1 1 3 4 3 1 3 3 3 3 1 3 1 1 3 1 4 
4 4 2 2 2 1 4 2 1 4 2 1 4 3 1 3 4 2 3 3 1 3 3 4 4 2 4 4 3 4 2 4 1 2 2 2 1 1 2 3 3 1 4 2 4 4 3 2 3 2 1 3 4 3 3 1 1 4 2 4 2 4 1 2 4 4 1 1 2 2 3 4 1 2 3 2 3 3 3 3 3 1 3 4 4 4 3 2 1 4 1 4 3 2 2 3 2 1 3 4 1 4 2 3 1 3 2 2 2 3 3 1 1 4 4 1 3 1 3 2 4 1 2 2 3 3 2 1 4 2 4 2 2 4 2 1 4 1 3 1 1 3 1 4 4 4 2 3 3 3 4 4 4 4 4 3 1 4 1 2 4 3 3 3 1 3 4 
4 3 4 4 3 3 3 3 1 1 2 4 1 4 3 3 4 4 3 1 3 2 2 1 2 1 3 4 2 3 3 2 2 2 3 2 2 4 3 1 3 3 1 4 3 1 3 1 4 1 1 4 2 3 3 3 3 4 2 3 2 3 2 1 4 4 3 2 2 4 4 2 3 1 3 2 4 1 1 2 4 4 1 4 1 1 4 3 4 4 1 4 4 1 3 2 4 1 1 3 3 1 4 1 4 4 2 4 4 3 4 3 4 3 3 2 4 2 2 2 1 2 2 4 1 1 1 3 2 1 1 4 4 2 4 2 2 2 4 3 3 3 4 2 4 2 2 4 3 1 3 1 4 1 4 2 2 2 3 2 1 1 2 1 4 1 4 
4 4 2 2 1 4 4 3 1 4 1 2 4 4 2 1 2 3 1 2 3 2 2 1 2 1 3 2 1 2 2 4 1 2 2 1 1 4 2 1 3 3 3 3 2 2 2 2 3 4 1 4 4 1 3 3 1 1 4 1 4 4 3 1 4 2 2 2 2 2 2 1 2 1 2 1 2 4 2 4 2 3 2 2 1 2 2 4 3 2 4 4 4 3 4 2 3 2 2 4 1 4 4 3 3 4 4 4 2 1 1 2 2 1 2 3 2 3 2 1 2 1 4 4 3 1 2 3 3 4 2 4 1 1 3 2 3 3 2 2 4 1 4 4 2 1 2 2 2 1 2 2 4 3 1 1 3 4 3 4 4 3 3 1 4 3 4 
4 4 4 4 1 1 2 2 1 2 3 3 3 2 3 1 3 1 2 4 4 4 2 1 4 4 2 4 2 4 1 4 2 3 4 2 4 2 1 4 3 3 3 2 3 3 2 4 4 1 1 3 4 4 2 4 3 3 3 2 1 2 3 2 4 3 4 4 3 2 3 1 4 1 4 1 2 2 1 3 2 4 4 1 3 1 1 3 1 2 1 4 1 2 1 4 4 1 2 3 4 4 3 2 4 1 3 2 4 4 2 3 4 1 4 1 2 1 3 4 3 1 3 4 2 4 1 4 1 3 3 1 3 2 1 3 3 4 2 1 1 4 2 1 4 3 1 1 2 3 4 3 1 1 3 3 3 4 3 4 2 1 3 2 1 4 4 
4 4 1 2 1 4 3 4 1 2 1 3 4 2 2 4 2 1 2 2 3 3 4 1 1 2 2 1 4 3 3 4 3 2 2 2 1 2 2 2 4 2 3 1 1 3 3 2 1 1 2 1 2 2 1 1 3 1 3 2 1 2 1 4 2 3 3 2 1 3 3 3 2 3 3 3 2 4 1 3 4 3 2 3 1 4 2 4 2 1 1 4 3 4 4 1 1 1 4 3 3 2 1 2 4 4 2 1 2 4 4 3 3 4 2 2 4 4 3 3 3 3 3 2 1 1 1 1 4 4 1 3 4 1 4 2 2 4 2 3 4 2 1 2 1 4 2 4 1 3 4 2 4 1 2 1 3 3 2 4 4 3 2 3 2 1 4 
4 2 1 1 2 3 2 4 3 2 4 4 3 3 1 4 4 4 2 1 3 4 3 1 3 3 3 1 3 4 4 4 1 1 3 4 4 3 2 3 3 4 3 2 4 4 1 4 4 1 3 2 4 4 4 4 2 1 3 2 1 1 2 1 4 4 2 2 3 4 3 2 2 4 2 3 2 1 4 3 4 1 2 3 1 3 2 1 2 4 1 1 3 2 3 2 4 4 2 4 4 4 1 2 4 4 2 4 2 1 2 4 4 2 4 2 4 2 2 2 1 3 3 3 1 3 1 3 2 2 4 1 1 3 1 2 1 3 2 2 4 4 1 4 2 2 4 1 3 4 2 1 4 1 3 3 3 2 3 3 4 4 4 4 1 1 4 
4 4 3 4 1 2 3 3 3 3 2 3 2 3 1 2 2 1 3 1 2 1 2 3 2 2 3 2 1 3 2 4 2 1 1 3 1 3 1 3 1 1 3 3 2 2 4 3 3 3 3 3 3 4 1 2 2 4 4 4 4 2 3 4 2 2 3 1 1 3 2 3 1 2 1 2 2 2 1 4 4 2 1 1 2 1 2 4 4 2 1 3 4 1 4 2 3 3 2 2 1 3 1 2 1 1 2 4 4 4 1 2 3 3 2 4 4 2 3 1 1 3 3 1 1 2 4 3 2 2 2 1 1 1 1 4 2 4 1 4 1 3 1 3 4 3 3 3 3 2 4 4 1 4 1 3 2 4 2 3 4 2 2 4 4 4 4 
4 1 1 1 1 4 4 1 3 2 3 1 2 4 2 4 3 1 4 2 1 2 1 1 3 2 3 4 4 3 2 3 1 2 4 2 4 2 1 1 2 2 2 2 1 1 2 3 4 2 2 4 1 1 3 2 3 4 4 2 3 3 1 3 3 4 3 3 1 4 3 4 3 1 3 4 4 2 3 2 3 2 4 1 3 1 1 2 1 3 1 3 3 1 3 2 4 2 2 2 2 3 1 3 1 1 4 3 4 2 3 3 3 3 1 3 1 4 4 1 1 2 4 4 1 3 3 3 1 4 2 3 1 1 4 1 4 4 2 2 1 4 2 3 2 1 4 2 2 4 1 2 3 1 4 1 4 3 2 1 4 1 1 2 2 4 4 
4 3 3 2 2 4 2 2 4 1 2 3 3 3 4 1 3 4 3 2 3 3 1 1 4 3 4 1 3 2 1 4 1 3 2 2 3 1 4 4 4 2 2 1 1 2 1 1 3 1 2 4 1 3 2 1 3 2 4 2 3 2 3 3 3 4 4 4 1 1 1 3 2 4 2 1 1 4 2 4 1 3 1 1 3 3 1 1 1 1 1 1 4 1 2 2 4 2 3 3 1 3 4 3 3 3 2 1 2 2 3 3 4 4 4 4 2 1 1 1 3 4 4 3 2 2 3 2 1 4 3 4 2 1 4 3 1 2 3 4 4 2 2 4 4 3 1 3 2 3 4 2 3 3 4 1 3 2 4 1 2 4 2 3 4 3 4 
4 3 2 2 1 4 4 2 1 4 1 2 3 4 4 3 4 2 4 2 4 3 4 3 1 4 4 2 2 2 3 1 2 2 3 1 2 4 3 2 4 2 2 4 3 3 1 4 3 3 2 3 2 2 4 4 1 4 4 1 4 3 4 4 1 2 4 3 1 1 2 2 4 4 1 3 1 3 1 4 3 1 3 2 3 3 1 4 1 2 4 1 1 3 2 3 4 2 1 3 1 4 4 2 2 3 2 1 2 1 1 2 4 1 3 4 3 4 1 1 4 2 4 4 4 4 4 4 2 2 4 2 1 2 3 3 2 2 3 2 4 1 4 3 2 1 1 3 4 4 3 3 3 2 4 1 3 2 1 2 1 2 2 2 1 4 4 
4 4 2 2 4 2 4 3 3 1 4 3 3 2 3 1 2 3 1 1 4 2 2 4 2 3 4 3 3 4 1 2 3 4 2 4 3 3 3 1 4 1 3 4 1 3 1 4 4 3 2 3 4 2 2 2 1 2 2 3 1 1 3 3 1 3 2 2 2 2 1 2 3 3 2 4 3 2 4 2 2 4 4 3 4 1 1 1 3 2 4 1 2 4 1 2 3 1 1 3 2 1 4 3 2 4 3 4 2 2 3 3 2 3 2 3 1 4 3 4 2 1 4 2 3 4 4 4 1 3 1 3 1 4 3 1 1 4 3 2 3 3 4 1 2 3 2 1 4 1 2 3 3 3 4 4 2 3 1 1 3 1 1 3 3 1 4 
4 1 4 2 1 2 2 3 3 3 4 3 4 1 1 1 3 2 1 2 3 3 4 4 4 1 3 3 3 3 3 3 1 3 4 4 1 4 1 4 4 1 1 2 3 1 1 1 4 1 1 2 4 1 4 1 4 3 1 3 4 1 2 1 2 2 1 1 1 2 3 4 1 2 4 2 1 3 4 4 2 3 3 2 2 1 2 2 2 4 2 2 3 1 1 2 1 4 4 4 3 2 1 3 4 4 1 2 4 1 4 3 2 1 3 4 1 3 1 1 3 3 1 4 1 2 3 2 3 4 4 4 2 3 4 3 4 3 4 2 3 4 1 1 2 4 3 3 4 4 4 2 3 3 4 1 2 4 1 4 1 2 1 1 4 1 4 
4 4 3 3 1 4 4 1 4 2 3 1 2 2 2 1 1 1 2 2 4 1 2 2 1 2 1 3 2 2 4 2 1 2 3 4 1 4 2 4 1 1 1 3 3 4 1 1 4 3 3 1 3 1 4 4 3 1 3 2 1 2 3 2 4 3 1 4 3 2 1 2 1 3 2 1 1 1 3 3 2 2 4 3 1 3 4 1 2 3 3 3 1 2 2 3 4 4 3 1 4 4 1 1 4 3 2 1 4 1 2 4 1 1 1 2 1 1 3 3 1 3 2 4 2 2 4 3 2 3 3 2 3 2 1 3 3 4 1 4 1 4 3 1 2 3 3 2 4 3 3 4 2 1 1 1 1 4 1 1 1 2 1 1 2 1 4 
4 3 3 4 3 2 2 2 1 4 3 1 4 1 4 3 1 1 1 1 3 4 2 2 1 1 3 1 2 4 1 1 3 2 2 4 3 2 2 4 1 1 1 4 1 1 4 1 1 1 1 2 2 2 1 4 2 3 4 1 2 4 4 4 1 1 2 4 2 1 2 4 2 3 1 4 3 4 4 1 4 2 2 3 1 2 1 4 1 3 2 1 4 3 1 1 4 4 4 3 2 4 2 1 2 4 2 4 4 4 2 2 4 3 2 2 2 3 3 1 3 2 2 4 1 3 4 3 2 3 2 2 2 3 4 1 4 1 4 3 4 1 4 2 1 2 4 4 4 3 2 4 1 2 4 3 2 4 1 4 1 1 1 4 2 4 4 
4 4 2 4 1 3 2 1 1 3 3 4 2 3 1 2 1 2 2 2 2 2 3 1 4 1 3 4 3 4 2 4 3 3 2 2 3 4 4 2 2 2 3 3 3 2 1 2 4 2 3 1 4 3 2 3 3 4 1 1 1 2 3 2 1 2 1 3 1 1 4 3 1 2 4 2 3 3 2 3 2 2 2 4 2 2 1 2 4 4 1 4 3 1 4 3 3 4 4 3 2 4 4 2 2 1 3 2 4 2 4 4 2 4 2 4 3 3 2 1 1 2 4 4 4 3 1 1 2 2 3 1 3 2 1 4 4 1 2 2 2 1 4 2 4 2 2 1 2 2 2 4 1 3 2 3 3 3 1 3 4 4 3 1 3 4 4 
4 3 3 4 1 4 4 4 1 3 2 2 4 2 3 3 2 2 1 3 1 4 3 3 2 3 2 4 4 4 2 3 2 3 1 1 2 1 2 2 3 3 2 2 2 4 1 1 3 3 2 1 3 1 4 4 2 4 3 1 3 3 1 1 3 1 1 3 1 4 1 1 2 2 3 1 2 4 1 2 2 3 3 2 4 1 3 3 2 4 4 1 3 3 4 4 2 4 1 4 2 1 2 2 3 4 4 3 1 1 3 3 4 3 4 4 1 3 4 2 3 2 4 4 3 2 2 2 4 3 3 2 4 2 1 2 4 1 4 3 2 4 3 2 4 2 1 4 3 3 3 4 3 4 3 2 3 1 2 4 2 1 2 3 2 4 4 
4 4 2 2 3 4 3 1 4 2 4 4 3 1 3 1 2 3 4 1 3 1 4 3 1 3 4 4 2 2 1 4 1 3 3 3 4 2 4 4 1 2 4 4 1 4 1 4 2 1 2 4 4 3 2 3 1 3 1 1 4 4 2 1 1 4 1 1 1 1 2 4 2 3 3 1 3 1 4 1 1 4 1 4 3 2 2 3 1 1 2 4 3 3 2 3 1 2 4 3 1 1 2 1 2 3 4 3 3 1 2 1 2 4 1 2 2 2 2 3 2 1 1 2 3 1 4 2 3 2 4 4 4 2 3 2 4 2 2 1 4 1 1 2 4 1 1 2 1 2 4 1 2 2 2 4 4 2 1 1 2 2 1 2 3 3 4 
4 1 2 4 1 3 2 4 2 4 2 2 3 4 2 4 4 1 3 4 3 3 3 2 1 4 2 2 4 1 4 1 2 2 3 2 2 2 2 4 2 3 2 3 1 2 4 1 1 2 4 1 1 1 1 1 1 2 3 2 2 4 2 4 2 1 2 4 2 4 2 3 4 1 3 2 3 4 2 2 1 1 2 3 4 2 4 3 1 2 2 1 4 2 3 4 4 4 1 2 4 1 3 4 3 2 3 4 3 3 1 1 4 3 4 4 2 4 2 4 4 4 2 1 4 2 4 3 4 4 1 4 3 1 1 1 4 1 1 2 4 4 1 3 3 4 4 1 3 2 2 2 4 1 1 2 1 3 1 4 2 4 4 4 2 2 4 
4 3 2 4 3 1 2 3 3 3 2 2 4 1 2 2 4 3 3 1 1 2 4 1 2 2 2 1 3 2 1 1 4 2 2 4 1 4 3 1 2 2 3 2 4 3 1 2 3 2 2 4 1 4 3 2 3 3 2 3 4 1 1 4 4 1 4 3 1 3 4 4 2 2 3 4 4 4 3 4 4 2 2 3 2 1 2 2 2 1 3 3 4 2 2 3 1 1 4 1 3 2 1 2 1 3 3 3 2 3 1 2 1 1 1 2 3 2 4 2 4 3 4 4 4 1 2 2 4 4 2 2 2 4 4 2 1 3 1 3 1 2 3 1 3 1 2 4 3 2 1 3 1 1 4 1 1 1 3 3 4 3 2 2 4 4 4 
4 3 3 2 3 4 1 3 1 4 2 4 1 2 4 3 1 1 1 3 3 3 1 3 2 2 4 2 4 4 1 3 4 4 1 1 2 3 1 3 2 4 4 4 3 1 2 2 3 1 3 1 1 4 4 4 3 1 3 2 4 1 2 4 4 3 1 3 4 1 4 4 3 3 2 1 2 2 1 3 3 1 3 3 1 3 4 2 4 3 1 3 4 4 3 2 4 3 1 3 1 2 2 4 2 4 3 2 2 1 2 3 4 2 4 2 4 1 2 4 3 4 2 4 3 3 1 4 2 4 4 1 1 1 4 1 1 1 4 2 3 2 1 3 4 2 1 2 1 3 2 3 4 2 2 3 3 2 4 1 2 3 2 2 3 2 4 
4 2 1 2 2 2 1 2 2 4 2 3 2 1 3 2 3 2 2 3 1 2 3 4 4 1 4 4 4 1 3 1 4 4 4 3 1 2 4 4 3 4 4 4 2 3 1 2 3 4 2 4 2 2 3 2 4 1 3 2 1 1 4 3 4 4 4 2 4 1 3 4 3 3 3 3 4 3 1 4 2 2 1 2 2 3 1 4 1 4 1 3 3 3 1 3 4 1 1 1 4 1 2 2 4 4 1 2 4 2 2 4 3 4 3 2 2 2 2 2 3 3 1 2 1 2 4 2 2 3 4 3 1 2 1 2 2 1 3 4 1 1 1 3 3 4 3 1 2 3 2 1 4 1 2 3 3 4 1 2 3 4 1 2 2 1 4 
4 4 4 1 4 1 1 2 4 2 2 4 3 3 1 2 2 3 2 2 1 1 3 3 1 2 1 2 4 3 1 1 1 2 3 3 3 2 1 2 2 4 4 1 3 2 3 4 2 3 3 1 1 2 4 3 1 1 2 4 3 4 2 2 3 3 4 3 4 2 1 4 2 2 2 4 3 2 3 3 2 4 1 2 2 4 2 4 2 2 3 4 1 4 2 1 4 2 2 4 4 1 4 1 4 1 3 1 4 1 1 4 3 2 3 4 1 2 2 1 3 4 3 1 3 1 1 2 2 1 4 3 1 4 3 4 2 4 1 2 3 3 4 3 1 2 3 4 4 3 4 4 1 4 3 3 3 2 4 1 3 2 1 2 3 1 4 
4 4 4 2 1 3 4 4 1 3 4 1 3 3 1 1 2 1 4 1 1 1 4 4 4 1 3 2 3 2 4 2 2 2 4 2 4 3 4 4 4 4 2 1 4 1 3 1 3 1 3 1 3 1 4 3 2 3 4 3 4 2 1 4 4 1 4 1 2 2 1 3 4 2 4 2 1 2 4 3 1 4 4 4 1 3 2 3 3 4 1 4 2 2 1 1 2 1 4 3 2 4 3 4 4 3 4 2 4 3 1 3 2 3 2 3 4 1 3 1 2 1 2 1 2 3 2 3 3 2 2 1 4 3 3 1 3 2 3 2 3 4 3 1 3 1 2 1 3 3 3 3 4 2 1 4 3 1 4 4 2 3 4 3 1 4 4 
4 4 2 2 1 1 1 1 4 1 4 2 3 4 1 3 2 3 3 1 3 4 4 1 2 2 1 1 1 1 4 3 3 1 4 1 3 2 2 1 2 3 2 2 1 1 3 4 4 3 1 4 3 3 4 1 1 4 1 2 4 3 3 2 4 2 3 4 3 3 4 2 4 4 1 3 3 4 2 3 3 4 4 1 1 3 1 2 3 4 1 2 3 4 3 1 1 2 2 2 3 3 1 3 1 2 2 1 3 3 1 2 2 1 2 4 3 4 2 2 4 4 3 4 1 3 3 1 4 4 1 3 1 3 4 3 3 3 1 4 4 2 4 3 1 3 2 3 4 4 4 2 3 2 2 4 2 1 4 4 4 4 3 3 2 1 4 
4 1 2 1 3 4 2 3 2 3 2 4 4 2 4 3 2 1 1 2 2 2 2 4 1 4 4 3 2 4 3 3 3 3 4 4 3 1 4 2 2 1 3 2 2 2 3 2 1 1 3 3 2 3 4 4 2 3 1 2 4 2 4 3 2 1 1 4 2 2 4 1 1 2 4 1 1 2 2 3 4 2 4 4 4 3 3 2 1 3 4 2 3 4 1 2 1 2 1 3 3 3 1 4 4 4 4 3 4 4 3 2 2 3 2 1 2 2 3 4 2 2 2 2 4 2 4 4 4 1 1 1 1 3 2 2 4 3 3 3 2 1 3 3 4 2 2 2 4 2 2 3 4 2 2 1 2 2 1 2 2 3 1 3 1 3 4 
4 3 4 2 4 4 4 4 1 4 1 3 1 4 4 2 4 1 3 1 4 3 2 3 4 3 1 1 4 4 4 1 4 3 4 1 1 2 2 1 2 1 4 2 3 2 1 4 4 3 3 2 3 2 3 1 4 3 2 4 2 4 4 2 3 1 1 4 4 2 4 2 3 2 4 4 1 1 2 4 4 3 3 1 2 2 2 4 2 3 4 3 3 4 2 2 4 4 3 4 3 4 3 1 3 1 1 3 3 2 3 2 4 1 3 4 4 1 2 3 3 4 4 1 3 3 2 4 2 2 4 1 1 4 1 1 2 2 4 3 3 4 4 2 4 2 2 1 3 4 1 1 2 4 2 2 1 3 3 2 3 4 3 4 2 3 4 
4 1 1 1 4 2 2 1 3 1 2 2 3 4 4 2 1 4 3 1 1 2 2 1 3 3 1 3 1 1 1 2 4 4 1 1 1 4 4 3 4 4 1 2 3 4 3 2 3 2 4 3 1 1 4 2 1 2 3 4 1 3 4 2 1 2 3 1 4 2 1 3 3 3 1 1 1 4 4 4 3 4 3 2 4 1 4 3 2 3 2 1 2 3 2 4 1 2 3 1 1 3 2 2 4 1 4 2 4 4 1 4 1 3 3 2 2 3 4 2 3 3 3 2 3 1 4 2 3 1 2 4 3 2 4 4 3 1 1 1 1 3 1 1 3 3 4 3 4 3 1 3 2 1 4 2 4 3 2 1 1 2 3 3 3 3 4 
4 1 1 2 3 1 4 2 2 1 4 3 4 3 1 2 2 4 3 2 3 3 2 2 2 1 2 1 3 2 3 4 1 1 1 1 4 2 1 2 3 3 2 3 3 4 3 1 3 4 3 3 4 1 3 2 3 3 4 1 1 4 2 3 1 2 4 1 1 3 2 2 1 2 3 3 3 4 2 4 2 2 3 1 3 3 1 3 2 1 1 3 3 4 4 4 3 2 1 4 4 3 2 2 2 4 1 4 3 3 4 4 3 3 4 3 1 4 1 3 2 2 2 3 4 1 2 4 1 1 4 2 3 4 1 1 1 2 4 1 4 3 4 1 2 4 2 1 2 4 2 2 2 4 4 1 2 3 1 4 1 2 1 1 1 1 4 
4 1 3 1 4 2 4 2 2 4 1 3 1 3 3 4 4 2 4 1 4 2 2 1 2 4 3 2 4 1 3 3 1 2 3 2 2 4 1 1 3 2 4 1 1 1 1 3 3 4 2 3 4 1 3 1 2 2 1 4 3 2 1 3 1 2 4 2 4 1 3 1 4 1 1 3 3 1 2 4 4 1 3 4 1 1 1 1 1 1 1 3 3 4 1 1 4 3 3 3 4 1 1 2 3 1 4 3 1 2 3 3 1 2 2 4 1 1 1 4 2 2 4 4 1 1 2 1 1 1 4 1 4 3 1 2 1 2 2 3 3 4 1 2 2 1 3 4 1 3 3 2 4 1 3 4 2 3 3 1 1 2 1 2 4 1 4 
4 3 3 4 3 3 2 3 1 1 2 4 1 1 3 2 2 2 3 3 1 2 3 4 2 4 2 3 4 1 3 1 4 1 4 3 4 3 2 3 3 4 2 1 2 3 2 2 2 3 2 4 2 2 4 3 1 2 4 4 2 3 3 3 3 1 1 1 3 4 3 4 1 3 3 2 3 3 3 2 3 3 3 3 1 1 1 2 2 1 3 2 2 2 2 3 1 1 3 3 3 4 4 4 3 4 4 2 2 1 3 4 4 2 1 3 3 2 2 3 2 4 3 3 3 1 2 4 4 4 4 2 1 2 4 3 2 2 3 1 2 3 4 4 4 4 2 2 3 2 3 2 4 3 3 2 4 2 4 4 3 2 4 4 2 1 4 
4 2 1 1 1 1 4 1 2 1 2 1 1 4 4 4 2 2 3 1 2 4 4 3 1 1 1 3 4 4 4 4 3 4 4 4 3 1 1 3 2 1 1 2 1 2 1 3 3 2 1 4 1 4 4 3 4 1 1 1 1 2 4 3 4 3 1 4 1 2 4 4 3 4 4 3 3 4 4 1 3 1 3 1 1 1 1 4 1 3 4 1 4 3 2 2 2 1 2 2 4 3 1 1 4 3 2 4 3 2 1 3 3 3 2 3 3 3 1 1 4 2 1 3 4 1 4 3 2 4 2 2 2 4 3 4 3 2 1 3 4 4 1 3 4 2 2 2 1 2 2 1 1 3 4 3 3 2 1 1 4 3 1 4 1 3 4 
4 2 4 2 1 4 3 1 1 3 2 2 1 3 1 2 1 4 4 2 4 4 2 3 3 3 2 3 2 4 2 1 1 1 1 4 2 1 4 4 2 4 3 4 4 1 4 3 4 1 2 1 3 4 2 4 2 4 4 2 3 2 3 1 2 1 2 2 2 2 2 1 2 2 2 2 3 4 3 3 1 4 3 4 2 1 4 4 1 3 2 1 1 4 2 4 4 2 3 2 3 1 3 1 2 3 4 2 3 4 4 3 1 3 2 1 4 3 2 1 4 1 3 4 4 4 3 4 4 1 4 1 2 2 3 3 4 4 1 4 3 1 3 1 1 3 2 1 1 3 3 1 1 1 1 2 2 3 2 2 2 4 2 3 4 2 4 
4 3 1 1 4 3 3 2 3 4 3 4 3 3 3 1 3 4 2 2 1 2 4 4 4 2 2 3 1 1 3 2 1 1 4 2 1 1 1 3 3 1 3 3 2 3 2 1 4 3 4 1 4 1 4 3 3 2 2 4 1 2 3 3 1 1 4 3 3 1 1 2 1 1 1 2 3 2 4 4 1 3 1 1 4 2 4 2 4 4 2 2 4 3 4 1 1 3 2 3 4 1 3 3 4 2 2 3 1 1 2 4 3 1 4 4 3 1 3 1 1 2 2 3 3 3 3 2 2 3 1 4 4 1 2 4 2 4 3 1 4 2 4 1 1 3 3 1 3 1 4 4 3 1 1 2 4 3 3 2 1 1 3 3 2 2 4 
4 1 1 3 4 4 1 1 4 3 2 3 1 1 4 2 4 2 4 1 4 4 4 4 2 1 3 2 1 1 1 4 1 2 2 2 4 4 2 1 2 1 3 3 2 2 2 3 1 4 2 3 3 3 4 2 3 3 3 4 4 1 3 3 2 3 1 3 1 1 3 2 4 3 3 2 3 4 1 1 4 4 2 3 1 3 4 1 2 2 4 3 3 3 4 3 3 1 4 4 3 2 4 2 2 2 4 3 1 1 4 3 4 4 3 2 3 4 3 2 2 2 4 2 2 3 2 1 2 1 4 3 4 4 2 2 4 4 3 4 3 4 1 4 2 2 1 3 2 4 1 3 2 2 2 2 1 3 4 4 2 2 3 4 2 3 4 
4 4 4 3 3 4 2 3 3 3 1 4 2 2 3 1 2 1 1 4 4 4 2 3 4 2 1 2 2 3 2 3 2 1 4 4 1 1 3 1 3 4 1 3 1 2 2 4 4 4 2 1 3 1 2 4 2 3 1 4 4 4 1 1 1 3 3 1 3 2 1 4 2 3 4 4 4 1 1 3 4 4 2 2 3 3 1 1 4 3 2 4 4 2 4 4 4 4 3 2 4 2 1 1 2 2 2 4 1 3 2 1 3 4 1 3 3 2 4 3 3 1 3 3 4 3 3 3 4 4 1 1 3 3 1 4 2 2 1 2 1 4 2 2 3 4 4 2 3 1 3 3 3 4 1 3 4 2 1 3 2 1 2 3 3 4 4 
4 3 1 4 2 4 2 2 1 4 4 4 2 1 4 2 1 4 4 4 3 3 2 2 2 2 4 1 2 2 1 4 3 1 2 1 4 1 2 3 2 1 2 3 3 4 1 2 1 4 1 3 4 4 1 1 3 1 4 4 4 1 1 4 4 4 4 1 3 2 3 2 2 2 2 2 4 1 2 1 2 3 4 3 2 1 3 4 4 1 1 4 2 4 4 3 1 1 4 4 2 1 3 4 1 3 2 2 2 2 1 4 4 1 4 3 1 1 3 2 4 1 1 3 2 1 2 1 1 1 3 4 1 2 1 4 1 2 2 4 4 2 4 3 1 1 1 4 1 1 1 1 3 4 2 1 4 1 1 1 4 4 1 1 3 3 4 
4 2 3 4 2 2 2 3 1 4 2 2 3 2 1 3 4 1 2 4 2 3 3 1 4 4 3 2 2 2 2 2 2 4 2 1 3 3 1 3 1 2 3 1 4 4 4 2 4 2 1 1 2 2 1 4 4 3 2 4 3 2 2 4 2 2 3 3 3 1 4 4 3 2 2 1 4 2 3 3 2 2 2 4 2 2 1 4 3 3 4 3 2 4 2 2 2 4 1 4 4 3 4 1 2 2 1 3 2 3 2 3 4 3 3 2 1 4 1 2 2 4 4 1 1 1 1 1 2 3 4 1 3 4 4 4 1 4 3 3 4 4 2 1 2 3 2 4 1 2 3 1 3 1 1 4 1 3 4 2 4 4 1 2 2 1 4 
4 2 4 2 3 3 3 1 1 2 3 4 1 4 2 1 2 1 1 3 3 2 4 3 1 2 3 1 4 3 2 3 3 1 3 3 3 1 4 3 1 4 1 2 1 2 1 4 3 1 2 1 1 4 3 3 4 3 2 2 2 2 3 2 3 4 1 2 1 1 3 3 1 3 3 2 2 2 2 4 2 3 2 4 3 3 4 3 3 3 4 2 1 2 3 1 2 1 1 4 2 2 4 4 3 2 2 1 4 2 3 3 2 3 1 3 3 1 3 3 1 3 4 3 3 1 4 1 4 4 2 4 2 1 3 3 2 2 1 1 4 4 3 3 4 1 2 4 1 1 1 2 4 4 2 3 2 3 3 2 1 2 2 2 3 4 4 
4 2 1 3 2 1 4 3 2 4 3 4 1 2 4 4 4 1 4 3 3 4 3 2 4 3 1 2 3 2 3 4 1 3 4 4 4 2 4 4 4 4 2 3 3 2 1 2 3 1 3 2 3 1 3 2 4 4 3 4 4 4 2 4 1 2 2 4 4 4 2 3 4 1 4 4 4 4 1 4 4 3 1 4 1 3 3 2 4 1 4 1 1 1 2 3 3 1 2 2 2 1 1 2 2 3 2 2 4 3 2 3 4 4 1 1 3 4 3 3 4 2 1 3 4 3 1 2 4 4 2 3 1 3 2 2 4 3 3 4 1 2 4 1 3 3 1 3 2 2 4 1 1 1 4 4 2 3 2 4 4 1 3 1 2 1 4 
4 2 1 1 1 1 2 3 4 2 2 2 2 2 2 2 2 4 3 4 3 1 1 1 2 2 1 1 1 3 1 3 1 4 1 3 2 1 1 4 1 2 1 4 3 2 1 4 3 3 1 2 1 2 3 3 1 4 4 3 4 3 1 4 2 1 1 1 1 1 3 3 3 3 4 2 1 4 1 2 3 2 4 3 4 2 1 2 2 3 2 1 1 4 1 1 2 1 1 1 4 2 2 4 4 3 2 3 3 4 2 3 1 2 4 4 2 1 4 1 3 3 2 2 4 1 3 1 4 4 3 1 1 3 2 2 1 3 1 1 2 2 3 3 2 1 1 2 1 4 4 2 4 4 3 4 2 1 3 2 3 4 1 4 1 1 4 
4 1 3 4 1 1 3 2 2 1 1 2 3 4 2 2 3 1 2 2 1 2 4 1 2 3 3 2 2 2 3 2 4 2 4 4 2 4 2 3 2 1 1 2 1 4 3 2 2 2 4 1 3 1 3 2 1 2 4 2 3 4 1 3 3 4 2 4 1 1 2 1 3 4 4 3 2 2 3 4 1 3 4 2 4 3 2 4 4 2 4 2 1 1 1 3 4 3 2 3 4 4 4 1 4 4 1 1 1 2 2 2 3 3 1 1 4 4 1 3 2 4 1 1 3 2 1 4 3 2 3 3 4 3 4 2 4 1 2 4 1 2 2 1 2 4 1 1 4 3 1 3 2 3 4 4 2 4 3 4 4 3 3 1 3 3 4 
4 3 4 4 4 3 1 3 3 3 3 1 4 1 3 1 1 4 2 3 2 4 3 1 1 3 1 2 4 4 3 3 3 4 2 2 4 1 2 2 1 3 1 1 4 4 1 3 1 1 4 3 2 1 2 1 1 1 2 4 2 1 2 2 2 1 3 3 3 4 1 2 2 3 3 3 2 1 3 2 1 1 2 1 2 4 4 2 2 4 4 3 4 1 1 4 2 4 2 1 4 4 2 1 1 1 1 2 1 3 4 3 3 2 2 4 1 3 3 1 2 1 3 3 2 2 3 4 2 4 4 3 3 4 4 3 2 2 1 2 2 1 1 2 1 1 4 1 3 4 3 1 4 3 4 3 4 4 4 3 2 4 4 3 4 2 4 
4 2 1 2 3 2 4 2 3 1 4 1 4 4 3 4 1 3 3 4 4 1 1 1 4 1 3 1 4 3 2 4 3 2 1 1 2 1 4 3 1 1 1 3 3 3 4 1 3 2 3 1 3 1 2 2 4 4 1 3 3 4 3 4 4 1 3 3 1 3 3 4 4 3 2 3 2 4 3 3 3 4 4 1 2 2 3 1 4 2 3 3 1 4 1 1 2 3 1 3 3 3 2 2 2 1 3 1 1 3 1 4 3 3 2 4 1 1 2 2 4 3 4 3 1 2 2 1 3 1 1 4 4 3 4 3 4 1 1 3 4 3 2 4 4 3 3 4 4 2 1 3 1 1 3 4 3 3 3 3 1 3 3 3 3 3 4 
4 1 2 4 3 2 3 4 3 1 1 1 3 4 1 3 2 2 1 1 3 2 1 4 4 3 2 2 3 2 1 1 1 2 2 2 3 1 1 3 2 2 4 4 4 3 2 2 3 1 4 2 2 1 3 2 1 1 2 3 2 2 4 1 4 3 4 4 3 4 1 3 3 2 1 3 4 4 1 1 2 4 1 3 3 1 2 1 4 4 2 1 4 1 4 1 2 2 1 1 3 3 1 1 4 1 3 2 3 1 4 2 2 3 4 4 1 4 2 1 1 3 4 3 3 4 1 4 3 4 4 4 4 1 2 1 1 4 3 4 2 1 2 4 4 1 1 3 1 2 4 4 3 1 1 2 4 1 3 1 2 2 2 2 4 4 4 
4 4 2 1 2 2 2 4 4 3 2 2 4 4 2 1 4 2 2 1 4 2 3 4 1 1 2 1 2 3 3 4 1 1 1 4 1 2 3 3 2 2 4 1 2 1 3 2 2 2 3 2 4 3 2 1 3 2 3 2 3 2 2 2 3 3 4 1 4 2 3 3 1 2 1 3 3 2 2 1 2 2 4 3 2 3 1 1 4 1 3 3 1 2 4 4 3 2 3 3 2 1 2 2 1 4 3 4 4 3 3 4 3 3 3 1 1 1 1 4 3 1 1 1 2 1 3 1 3 4 3 2 3 4 1 2 1 2 3 4 4 4 1 3 3 2 1 1 1 4 3 1 4 3 1 3 3 1 4 2 3 3 3 2 2 4 4 
4 2 4 4 2 3 4 3 2 2 3 1 1 3 1 2 3 2 4 1 4 2 3 2 3 1 1 4 4 3 1 2 2 1 2 3 3 2 4 4 3 2 4 4 2 2 4 3 1 3 1 2 3 4 1 1 4 3 2 4 4 4 4 4 2 3 4 3 2 2 1 2 4 2 1 2 2 4 1 2 4 2 1 3 3 4 4 4 1 1 3 2 1 1 4 4 4 1 2 1 2 4 2 4 3 1 4 4 2 1 1 2 2 2 2 2 2 2 3 2 1 1 3 1 1 2 1 1 1 1 2 3 2 2 4 2 3 1 3 4 1 4 4 1 1 1 3 4 4 3 3 2 1 2 3 4 3 1 3 2 3 4 4 3 1 2 4 
4 2 4 3 1 3 3 3 2 4 1 4 1 3 4 3 1 1 4 3 3 4 1 1 2 2 1 4 3 2 3 4 2 4 1 2 1 2 1 1 2 1 3 4 3 4 4 3 3 3 4 4 4 4 1 3 3 1 4 1 4 2 3 3 1 1 2 1 4 1 4 3 2 3 3 2 3 3 3 3 4 2 2 1 4 4 2 1 1 4 2 2 2 3 1 3 4 2 3 2 2 4 2 4 2 1 2 3 3 3 3 3 1 1 2 4 2 2 3 2 1 1 1 4 1 3 1 3 2 1 2 1 1 2 1 4 1 2 4 4 4 3 3 3 1 2 2 4 2 1 3 3 1 4 1 3 3 1 3 1 2 3 2 2 1 2 4 
4 3 1 3 3 3 3 1 2 1 4 3 2 4 3 4 1 1 4 4 2 1 4 1 2 3 4 3 1 4 4 3 1 2 2 2 4 4 2 4 3 3 3 4 4 1 2 3 4 2 2 1 1 4 3 3 2 2 2 4 3 3 1 1 2 4 3 2 3 3 2 1 1 1 4 2 2 1 3 3 3 3 1 4 2 4 3 1 1 3 1 3 4 1 4 2 1 1 3 3 3 1 2 4 2 1 2 2 2 4 1 2 2 2 3 3 3 1 3 3 1 1 1 2 4 3 4 3 2 2 2 1 2 3 2 4 4 1 2 3 4 1 1 1 3 4 2 2 3 1 3 2 4 3 4 3 3 1 1 3 1 2 2 4 3 4 4 
4 4 1 2 2 4 1 4 1 4 1 1 4 2 4 4 4 3 2 2 1 1 3 4 3 1 1 3 3 1 3 1 4 1 4 3 3 1 4 4 2 3 3 1 2 3 2 4 3 1 3 2 2 4 3 3 4 3 3 2 4 4 3 4 1 1 2 3 1 2 3 2 1 2 3 1 1 2 3 2 4 4 2 2 4 1 3 2 1 1 3 3 3 3 3 2 1 4 2 4 1 4 2 2 1 1 2 1 4 2 3 4 1 4 1 2 3 2 1 3 1 3 4 2 3 3 3 1 4 4 3 2 4 4 3 4 4 2 3 2 2 3 1 4 4 2 3 4 4 2 3 4 3 2 1 1 4 3 4 4 1 1 4 2 1 2 4 
4 4 2 1 2 3 2 1 3 2 1 1 2 4 3 2 4 1 4 1 3 1 2 4 3 4 1 4 4 4 3 1 2 3 2 3 4 4 4 3 1 1 1 4 4 1 2 4 1 2 3 3 3 2 1 4 3 2 1 2 1 3 2 4 2 3 4 1 2 3 3 3 2 3 3 4 1 1 1 1 4 1 1 3 3 3 1 4 2 4 1 2 4 1 3 3 4 3 1 2 3 1 4 3 1 2 1 3 1 2 1 1 4 4 1 3 2 4 2 3 1 2 2 3 3 1 1 2 3 1 4 4 3 2 1 3 4 4 3 1 4 4 2 2 3 1 1 4 3 2 4 2 4 3 2 1 1 2 3 2 1 3 1 3 2 4 4 
4 1 4 4 2 2 4 3 3 2 4 2 1 2 3 3 2 4 1 2 2 4 4 1 3 3 2 3 4 4 2 1 2 4 4 1 3 4 4 2 4 3 1 1 3 3 1 3 2 4 2 1 2 4 4 4 3 3 3 4 2 4 3 2 1 4 4 1 3 3 4 4 2 1 2 1 3 4 3 4 2 4 3 4 2 2 4 3 4 3 3 4 1 2 1 1 3 3 1 3 3 3 1 4 4 2 2 4 3 4 1 4 2 3 4 2 4 4 2 2 1 4 1 4 2 4 4 1 3 2 2 2 3 1 1 2 1 1 3 2 2 1 1 2 1 2 4 4 2 1 1 4 4 2 4 1 1 1 3 2 1 3 2 2 2 4 4 
4 4 1 4 1 3 2 4 1 3 1 1 2 1 1 4 4 4 3 3 2 2 4 3 2 3 3 2 1 4 4 2 4 2 2 1 4 3 4 3 3 2 2 2 1 4 4 3 4 4 1 2 1 2 2 3 2 4 4 3 4 2 2 4 3 3 1 4 1 4 3 4 4 4 1 4 4 3 4 4 3 2 1 4 3 1 1 2 4 1 3 3 1 2 1 4 1 1 1 1 2 2 2 3 3 4 2 4 1 3 1 4 1 1 3 3 3 4 4 1 2 1 4 4 3 2 1 2 1 3 3 2 4 3 3 3 2 3 3 4 3 3 1 2 4 3 1 4 4 1 2 1 1 4 3 4 4 2 3 3 3 3 2 2 2 4 4 
4 3 4 2 2 2 2 3 4 3 4 1 1 3 4 4 3 4 3 2 2 3 3 2 4 3 2 1 1 2 3 1 4 2 2 1 1 4 1 1 3 4 1 4 1 4 2 2 3 2 1 1 3 3 3 2 2 3 1 4 1 2 4 1 2 4 3 3 3 3 3 1 1 2 2 1 1 4 1 2 1 1 2 2 4 2 4 1 2 1 1 4 3 4 1 1 4 1 2 1 3 1 2 4 4 3 2 3 2 1 3 2 4 4 1 4 1 4 1 4 4 2 1 2 3 3 1 4 2 2 2 3 1 2 1 4 3 4 2 4 2 4 3 3 4 4 4 4 1 2 4 4 2 4 4 3 3 1 3 2 4 4 3 2 2 4 4 
4 3 4 1 3 2 4 2 2 4 4 1 2 1 2 1 1 1 2 1 1 4 2 2 2 2 4 3 3 4 1 3 2 4 2 2 3 1 2 4 2 3 1 4 1 4 1 2 4 2 4 3 1 4 3 4 1 2 4 2 2 3 4 2 1 2 4 3 3 2 1 2 2 1 3 3 4 2 4 2 4 1 4 1 2 1 4 4 1 2 2 1 2 4 1 3 2 2 3 4 2 2 1 1 3 3 1 3 4 2 2 2 3 2 1 4 1 1 2 1 2 4 4 3 1 3 2 2 3 2 2 1 2 4 2 1 2 2 1 2 3 1 2 4 4 4 3 2 2 4 2 1 1 2 3 1 3 1 4 2 3 4 1 2 2 4 4 
4 1 3 4 3 4 3 3 1 2 2 4 3 4 4 3 1 3 1 1 3 1 1 1 3 3 1 2 3 2 3 2 2 1 2 3 4 1 1 4 4 3 1 4 2 3 3 4 4 2 3 2 2 4 3 3 1 3 2 4 1 3 1 4 4 3 1 4 4 3 4 2 4 1 1 2 2 1 1 2 2 1 3 4 2 3 3 2 1 2 3 4 2 4 1 4 3 1 1 3 1 3 1 3 3 4 4 1 2 2 1 2 3 4 3 4 4 3 2 4 4 3 3 3 2 4 3 3 2 3 2 4 2 1 4 3 2 2 2 3 3 3 1 4 2 1 1 1 2 3 2 4 4 4 4 3 2 4 1 1 2 2 3 3 3 4 4 
4 2 2 3 1 4 2 3 1 1 1 3 3 4 4 1 4 3 3 1 1 1 1 2 3 1 2 4 2 3 2 3 1 2 3 4 4 2 2 3 2 1 2 1 4 1 1 3 2 1 2 4 2 2 1 1 2 1 3 2 3 2 4 4 2 2 4 4 3 4 4 2 1 1 2 2 1 2 1 1 3 1 3 1 3 3 3 2 1 3 1 2 2 3 1 2 1 2 4 4 2 3 1 1 4 1 1 1 4 3 4 1 3 1 3 4 2 3 4 1 3 2 2 1 4 1 2 3 2 2 1 1 4 3 4 1 3 2 2 2 3 2 3 2 2 3 2 1 1 1 3 2 1 2 2 4 1 1 2 4 2 4 2 1 3 4 4 
4 4 2 3 1 4 2 4 4 1 4 1 4 2 3 4 2 1 1 4 4 3 4 2 2 4 2 1 4 4 3 2 1 4 3 1 3 1 2 3 2 2 2 3 2 2 1 2 1 3 4 4 4 1 3 4 2 1 4 4 3 1 4 2 2 1 4 2 2 3 3 3 2 1 3 3 4 4 2 2 3 3 3 2 1 4 2 3 4 3 1 1 2 4 4 1 3 3 1 1 2 1 2 4 2 1 4 1 2 1 3 4 1 2 1 2 1 1 1 3 4 4 1 1 2 2 2 1 1 4 1 4 1 2 2 1 3 3 3 3 4 2 4 1 2 4 2 2 3 3 2 2 4 4 4 3 4 4 1 2 4 4 4 3 2 3 4 
4 4 4 2 3 2 3 3 2 4 3 3 3 2 3 2 2 1 1 4 2 2 1 1 4 3 3 4 1 1 3 3 1 3 3 2 1 2 4 2 3 4 4 1 1 3 2 3 2 1 4 3 3 3 2 2 3 1 3 1 4 1 3 2 3 1 3 4 2 2 3 1 4 1 2 2 4 3 4 3 4 1 1 4 4 1 3 1 1 3 3 4 1 4 1 4 3 2 2 1 3 4 2 4 3 4 2 3 4 2 4 2 1 2 1 2 4 1 4 1 2 1 4 1 4 2 2 3 1 3 3 3 2 3 2 1 1 2 3 4 4 1 4 1 3 4 1 1 3 2 1 2 3 4 1 4 3 3 2 3 3 2 1 2 4 4 4 
4 2 3 1 2 1 2 2 2 3 4 4 3 4 4 2 4 1 3 1 1 2 2 2 1 1 4 3 2 2 3 1 3 2 1 3 4 3 4 4 3 1 2 3 2 3 2 1 3 3 2 1 3 3 3 1 1 3 2 1 3 3 4 1 4 1 3 1 3 3 1 1 4 1 4 4 4 2 3 3 2 2 2 2 3 1 2 1 2 1 2 1 4 1 3 3 4 4 4 4 2 1 3 3 3 4 4 2 2 2 1 1 2 2 4 1 3 2 3 1 4 3 4 4 3 1 3 3 2 3 1 3 3 4 1 2 1 3 3 1 3 1 2 2 4 1 1 2 1 4 3 2 2 1 1 2 3 3 2 2 2 2 3 1 3 1 4 
4 4 4 2 4 3 3 3 4 1 4 1 2 3 3 1 2 3 1 1 3 1 1 1 2 1 1 1 4 3 1 3 1 1 2 2 2 3 2 2 3 1 2 1 3 2 3 1 1 1 1 4 2 2 3 2 4 1 3 4 3 3 2 2 4 3 3 3 3 1 1 4 4 1 3 4 3 3 4 4 4 3 4 1 2 2 1 4 3 2 4 4 4 4 4 1 2 1 4 2 3 1 4 3 4 2 3 2 3 2 4 1 4 3 4 4 2 1 3 3 4 1 1 3 4 2 1 4 3 3 3 3 1 1 2 1 4 2 3 3 1 3 4 3 2 3 4 4 2 4 2 1 3 1 4 2 2 3 2 2 4 1 3 3 2 3 4 
4 3 1 3 2 3 3 2 1 2 3 3 1 1 2 3 2 4 4 3 4 4 2 2 2 1 2 4 3 4 4 2 3 3 3 1 2 1 3 2 2 1 1 4 1 2 1 3 4 4 4 4 2 1 1 2 1 1 4 4 1 1 2 3 4 3 3 2 4 4 2 4 3 2 4 1 2 2 2 4 4 2 4 2 4 3 4 1 4 3 2 1 1 4 3 3 1 1 3 1 3 4 4 4 4 1 3 1 3 1 3 2 1 3 1 1 1 4 4 4 1 2 1 1 2 2 3 4 1 3 3 1 3 3 1 4 2 3 2 1 2 3 2 4 1 1 1 1 3 1 4 4 2 2 3 3 3 4 4 3 2 4 3 3 3 4 4 
4 1 4 2 4 3 3 4 3 1 3 1 3 1 3 4 4 3 1 2 3 4 2 1 2 1 2 2 2 1 4 3 1 1 3 3 1 1 1 4 2 1 4 3 1 2 4 2 4 3 3 1 1 1 1 4 4 2 3 2 1 4 1 2 4 3 4 3 3 3 1 1 3 1 1 4 4 3 1 1 3 1 1 2 3 3 2 4 4 1 2 3 4 2 3 4 2 1 2 4 1 2 2 2 2 2 2 1 4 1 2 3 1 1 1 2 1 1 1 4 3 4 4 4 2 2 3 2 4 4 3 4 1 1 4 2 2 2 2 2 3 1 1 4 4 4 1 1 2 1 4 1 3 4 3 3 1 1 1 3 2 1 1 4 2 4 4 
4 2 2 1 2 2 3 3 4 3 1 3 1 2 3 4 4 3 3 4 2 3 2 1 2 1 4 2 3 3 2 3 1 1 3 1 4 1 1 4 3 4 3 3 4 2 3 2 2 2 4 3 1 3 1 1 2 1 3 3 4 1 2 3 1 2 3 3 2 4 2 1 2 3 2 4 4 3 2 1 4 1 4 1 2 4 1 4 1 3 4 2 4 1 4 2 1 4 2 3 3 1 4 1 2 3 2 2 1 3 3 2 2 1 3 1 2 1 1 1 4 1 1 2 4 1 4 1 4 2 4 2 4 2 1 2 2 1 2 4 3 4 1 2 1 2 2 1 1 2 4 4 1 2 2 4 1 3 1 2 1 1 2 3 1 4 4 
4 2 1 4 1 4 2 1 4 2 3 1 4 4 1 3 3 3 3 2 3 4 4 3 3 4 3 1 4 4 3 3 3 4 4 2 1 4 4 1 2 2 2 4 2 2 2 2 3 2 4 4 1 2 1 1 2 2 4 1 3 2 1 1 2 4 2 1 2 4 4 1 4 1 4 4 4 3 1 2 4 3 2 3 3 2 3 4 2 2 3 4 4 3 1 3 3 4 1 2 3 1 2 1 1 3 4 1 2 2 2 1 3 2 1 3 3 4 4 2 2 1 3 1 1 3 2 3 3 1 1 1 1 3 4 2 4 2 2 2 1 4 2 3 4 4 2 3 2 2 4 4 4 1 3 2 3 2 2 1 1 3 3 4 4 3 4 
4 2 2 2 4 3 2 2 2 4 3 3 1 3 3 2 2 4 1 3 3 4 2 2 1 3 2 2 3 1 3 4 3 3 4 1 1 2 3 2 3 1 4 4 4 2 1 1 1 2 1 1 1 3 1 1 3 4 1 4 3 4 3 1 3 1 3 4 3 2 3 2 2 1 4 4 3 3 4 1 2 3 2 3 1 1 4 3 2 1 1 2 1 1 3 3 3 3 1 2 4 2 3 4 4 4 1 1 3 3 3 1 2 3 1 4 4 4 1 3 4 1 3 3 3 3 3 3 2 3 2 1 2 3 1 4 3 3 1 4 3 1 4 2 2 4 2 3 4 1 2 1 3 4 2 2 1 3 4 1 3 3 2 2 2 1 4 
4 1 2 1 3 1 3 1 3 3 2 1 4 3 1 4 3 1 2 4 2 4 4 4 1 1 2 1 3 4 3 3 2 1 3 4 4 3 1 1 3 2 2 1 3 1 4 2 2 1 3 1 3 2 2 2 2 2 2 4 2 1 3 2 3 3 1 1 4 2 1 2 4 4 2 2 4 2 1 4 4 4 3 1 4 4 3 1 1 3 4 4 2 3 4 1 1 1 1 2 2 1 3 1 1 2 2 3 2 3 2 4 2 2 2 4 2 4 1 4 3 2 4 1 2 2 4 1 3 4 1 3 4 3 2 4 3 4 4 3 4 2 3 3 1 1 3 4 4 1 3 3 3 4 2 4 2 1 4 2 4 1 1 1 4 1 4 
4 1 1 1 4 2 4 3 2 2 3 1 2 4 2 2 2 1 3 4 3 4 3 2 3 2 3 2 2 2 4 2 1 4 1 2 4 3 3 3 1 1 1 4 4 4 1 4 4 3 4 1 1 1 3 1 3 4 4 4 1 1 1 1 1 2 4 2 2 2 3 3 1 3 4 3 3 3 2 3 3 1 4 3 4 2 4 3 1 1 2 2 4 2 1 1 4 1 3 4 2 1 4 3 4 3 4 1 3 4 4 4 2 2 3 3 1 3 1 4 3 3 3 4 4 2 3 2 2 2 3 3 2 2 4 2 3 3 4 3 2 2 3 4 4 3 2 4 1 1 3 2 1 4 1 2 2 3 4 1 4 3 3 2 3 1 4 
4 1 4 2 2 2 4 2 3 4 4 2 3 1 3 3 3 4 4 1 3 2 1 2 1 2 4 4 3 4 2 2 3 4 4 2 2 1 4 2 3 4 2 4 3 2 1 4 2 4 3 4 3 3 3 3 2 2 3 4 1 1 3 2 3 2 3 2 4 3 2 2 3 3 3 2 2 3 3 4 2 3 3 4 1 1 4 2 1 3 2 2 3 3 3 3 1 1 1 2 1 3 2 2 1 1 2 4 2 3 3 1 4 4 3 4 1 3 2 1 3 1 4 4 3 1 3 3 1 3 4 3 1 4 2 3 2 2 4 4 1 4 1 2 2 3 2 4 2 1 3 3 3 3 2 1 3 4 1 4 2 3 1 1 4 3 4 
4 4 3 2 4 3 4 4 1 2 4 3 3 4 1 4 1 2 4 1 3 1 4 1 1 2 4 2 2 4 4 3 1 1 4 4 3 1 3 1 1 4 1 1 3 2 1 2 1 2 4 1 3 3 4 4 3 1 2 3 1 4 3 2 2 1 2 4 4 2 2 3 3 3 1 4 4 4 2 4 2 1 1 1 2 2 3 2 3 1 1 4 4 3 2 1 4 1 3 2 2 3 3 2 4 1 1 3 2 4 3 4 1 2 1 3 4 2 3 3 1 1 4 2 2 1 1 2 1 1 1 3 3 3 2 4 3 1 4 1 4 1 1 3 2 1 4 4 3 4 1 3 3 4 4 1 3 3 1 4 4 2 4 2 4 1 4 
4 2 4 4 3 2 1 3 1 2 2 1 4 4 4 1 3 2 2 2 2 2 4 3 4 3 4 1 1 3 3 1 4 1 2 3 2 4 2 3 4 4 4 2 1 2 2 4 4 4 3 1 2 3 3 3 3 2 4 2 4 2 3 1 4 1 1 4 4 1 2 4 3 2 4 3 2 2 4 3 1 4 2 2 4 2 3 2 4 4 1 4 4 1 4 3 3 2 1 3 4 2 2 4 3 2 4 4 2 2 2 2 4 1 1 3 3 2 4 2 2 2 1 3 1 3 4 3 3 1 3 1 1 3 1 2 4 2 1 3 3 2 2 3 4 2 1 4 4 1 2 1 4 4 3 1 4 3 1 1 4 3 4 3 3 3 4 
4 3 4 4 4 3 2 3 2 1 2 4 2 1 2 3 3 3 1 4 4 4 3 2 1 2 4 4 3 3 4 3 4 4 3 2 1 2 2 2 2 2 3 1 4 2 2 2 1 4 2 4 1 3 2 3 2 1 4 4 2 1 1 1 1 3 3 3 3 2 2 4 1 4 2 3 3 4 2 3 3 4 4 2 2 1 3 4 3 4 2 2 4 3 4 1 2 1 1 2 4 4 1 2 4 3 4 1 2 4 2 4 1 1 2 4 3 1 3 2 1 1 1 4 4 3 3 4 3 4 4 3 1 2 2 2 2 2 1 1 3 1 1 3 4 1 4 2 2 4 2 3 3 1 2 4 1 1 4 2 3 1 2 2 3 2 4 
4 2 1 2 3 4 4 3 2 3 3 4 4 1 3 1 2 1 2 3 3 4 2 4 1 2 2 2 4 1 4 3 3 2 1 3 2 2 1 2 3 1 4 2 1 2 2 2 4 2 3 3 2 3 1 2 3 2 4 1 4 4 1 3 2 1 3 3 3 1 1 2 3 3 2 2 2 4 3 2 4 1 2 3 2 2 1 1 3 4 4 4 4 2 2 2 2 1 1 1 1 4 2 1 4 3 2 4 2 2 3 2 3 4 2 1 4 1 3 2 2 4 4 4 2 1 1 4 1 1 4 2 1 2 3 2 1 1 2 4 3 2 1 3 4 1 1 2 2 3 2 3 3 4 2 4 3 2 1 1 1 1 3 1 3 1 4 
4 1 4 2 3 3 2 4 4 4 3 1 3 3 1 3 3 1 3 1 1 1 3 4 2 3 3 1 1 4 4 2 2 2 2 4 1 1 2 1 3 4 2 1 2 1 3 4 3 3 2 4 3 1 1 1 4 1 4 4 3 2 1 3 4 3 1 2 1 4 3 3 1 4 1 3 1 2 3 1 2 2 2 1 4 3 4 2 4 1 1 1 1 4 4 1 2 3 2 4 1 1 2 4 4 1 3 1 3 4 1 1 1 1 3 2 2 4 3 2 3 1 4 1 2 2 2 1 1 4 4 1 1 3 1 2 4 1 3 4 3 2 1 1 4 4 4 2 3 2 4 3 4 3 3 4 3 1 4 4 2 2 3 2 4 4 4 
4 1 1 1 2 2 1 3 3 1 2 1 1 2 4 3 1 3 1 4 3 4 3 3 2 1 3 4 3 3 1 1 4 4 1 2 4 3 1 1 3 4 1 3 1 4 2 2 1 1 4 3 3 2 4 4 3 2 1 1 2 3 2 4 4 1 2 2 1 3 1 4 3 2 2 2 3 4 4 2 1 2 2 3 1 2 1 1 1 4 3 3 1 4 2 1 3 1 1 2 3 3 4 2 1 3 4 2 4 1 3 2 3 1 1 3 3 4 4 3 2 1 1 3 4 4 1 1 3 1 3 1 4 1 2 1 4 2 4 4 1 3 2 2 2 3 3 3 4 3 3 4 2 3 2 2 3 3 4 2 4 4 1 3 4 1 4 
4 4 1 2 4 1 2 2 4 2 3 3 4 4 3 2 2 1 3 1 1 1 3 2 3 3 4 1 2 3 2 2 3 3 1 4 3 1 2 3 4 2 1 1 3 1 4 3 4 1 3 2 4 4 3 2 4 4 3 1 2 4 4 1 3 1 1 1 3 2 3 2 2 2 2 4 1 1 2 3 1 1 1 1 1 3 3 4 3 3 3 3 1 4 1 1 2 1 2 1 4 3 4 2 1 2 4 1 4 4 1 4 3 4 1 2 3 4 3 2 2 1 4 1 4 2 3 4 1 3 3 3 1 1 1 2 3 3 2 1 2 3 1 2 1 2 4 4 1 3 4 4 4 1 2 4 1 1 1 3 3 3 3 4 2 4 4 
4 1 4 4 2 3 3 4 3 1 1 2 2 4 2 4 3 4 1 3 2 4 4 2 2 4 2 2 2 2 4 4 2 1 4 1 4 2 2 1 4 1 4 1 4 2 2 1 1 1 1 4 3 3 3 2 2 3 2 4 3 3 3 4 2 4 1 3 1 2 2 1 1 4 1 1 4 1 3 4 1 2 1 3 3 3 2 4 3 3 2 1 1 3 2 3 4 4 4 4 2 4 2 3 1 3 4 4 3 1 2 2 2 2 2 2 2 4 3 2 2 1 2 1 4 2 3 3 2 4 2 3 2 2 1 2 4 4 3 3 2 4 2 4 2 3 4 4 1 4 3 1 2 2 4 4 3 2 3 1 2 1 2 3 4 4 4 
4 3 3 4 4 2 3 2 3 1 2 2 4 2 2 2 1 2 2 1 3 3 1 4 3 2 2 2 1 3 1 3 4 1 4 2 1 1 1 1 4 2 4 3 4 3 2 3 4 1 3 2 4 1 1 1 4 2 1 3 2 1 3 1 1 2 2 1 3 4 3 4 3 2 2 4 4 4 4 3 3 2 4 3 4 2 2 2 2 3 3 1 4 3 3 1 3 2 2 4 4 3 1 3 3 2 2 3 4 3 1 2 4 2 1 2 3 4 3 4 3 4 4 4 2 2 4 3 2 4 3 1 1 2 3 3 3 3 1 4 1 4 3 2 3 4 3 3 4 1 2 3 3 1 2 3 1 3 3 3 3 3 1 3 4 4 4 
4 2 4 3 2 1 3 2 4 2 3 4 3 4 2 2 2 4 3 3 2 4 2 4 3 4 2 2 4 4 2 4 3 4 3 2 2 3 4 2 3 4 2 2 4 4 1 3 1 4 1 2 2 4 4 4 1 3 4 2 4 1 4 1 2 4 4 1 1 2 4 2 2 4 2 2 1 3 4 3 2 4 4 1 2 2 2 1 2 4 4 3 1 4 4 2 1 2 2 3 2 4 2 1 2 2 3 2 3 4 4 2 1 1 2 4 2 4 3 2 2 3 3 4 2 4 1 2 4 3 3 4 4 4 2 2 3 4 1 4 4 4 3 3 3 4 1 3 1 2 3 1 1 1 3 4 1 2 4 4 3 3 2 3 2 3 4 
4 3 3 3 4 1 4 4 4 2 4 2 4 3 4 4 1 4 2 3 4 4 3 3 2 1 4 1 2 2 3 4 1 2 1 1 4 2 3 3 2 2 2 4 4 1 2 3 1 2 4 2 4 1 3 3 1 2 1 2 3 1 1 4 3 3 4 4 3 1 4 2 2 4 1 3 1 1 2 4 2 2 4 4 4 3 2 2 4 2 2 3 4 2 4 2 4 2 4 2 2 2 2 2 4 2 1 2 1 2 2 4 3 1 1 4 3 1 2 3 2 4 4 4 3 2 3 4 1 4 1 4 1 3 3 4 1 4 2 2 3 4 4 1 2 3 4 2 3 4 2 3 2 1 3 1 3 1 1 1 4 4 2 4 3 4 4 
4 2 1 4 1 4 4 2 4 4 2 4 3 4 1 1 3 3 3 2 3 1 1 4 4 2 1 4 4 1 2 4 2 1 4 4 3 2 4 1 3 3 4 3 3 1 2 2 2 4 1 4 1 2 2 1 2 4 3 3 2 3 4 4 3 3 4 3 3 2 2 2 1 1 1 2 4 1 4 1 2 1 3 2 3 2 4 3 3 1 1 3 2 4 3 2 1 4 1 2 2 1 2 4 2 3 2 4 3 1 4 1 2 2 1 4 1 3 1 3 1 2 1 1 4 4 2 1 3 1 4 4 2 4 3 3 4 4 1 1 4 2 3 3 3 2 1 4 3 2 2 1 2 4 3 4 2 1 4 2 3 3 4 4 2 3 4 
4 1 1 2 4 2 4 2 4 4 1 4 2 3 1 2 3 3 1 4 2 1 2 2 1 1 3 4 3 2 2 3 1 3 4 2 1 2 4 3 2 1 1 2 3 2 1 2 4 4 2 2 1 3 3 1 3 1 3 1 2 2 4 2 4 1 2 3 2 3 4 4 1 2 3 1 1 2 3 2 1 2 2 2 4 4 2 2 1 2 2 2 1 3 1 4 3 4 3 4 3 2 1 1 1 3 2 3 3 1 3 2 2 4 4 4 4 1 1 3 4 1 3 4 2 2 3 4 4 2 4 2 3 1 3 1 1 1 1 1 4 3 2 3 2 1 3 3 1 1 4 4 1 4 3 4 3 2 4 4 3 1 1 3 3 4 4 
4 2 4 2 1 1 3 2 2 4 3 2 3 2 2 3 1 1 3 2 4 1 1 3 4 4 2 2 3 2 4 4 3 4 2 1 1 2 2 4 2 2 4 1 3 1 3 1 2 1 2 2 2 1 4 2 2 3 2 2 1 1 4 4 1 3 4 3 3 2 4 1 3 4 3 3 4 2 3 2 3 4 1 2 3 3 3 1 3 1 1 3 4 4 1 1 2 2 3 4 2 1 4 2 1 4 4 4 4 4 4 2 3 4 1 2 2 1 4 1 2 4 1 1 4 1 3 1 4 1 1 2 4 1 1 1 3 4 1 4 4 2 3 4 3 4 1 1 2 4 4 2 3 1 2 1 3 2 4 2 1 1 4 1 1 4 4 
4 4 4 3 3 2 4 2 2 1 2 2 1 3 4 4 2 3 2 3 1 4 3 4 1 3 3 3 3 4 4 4 3 1 2 2 4 4 3 2 1 3 2 3 2 2 3 2 3 3 3 4 4 2 1 1 1 3 4 2 2 1 4 2 2 4 4 4 1 3 1 3 4 4 1 3 3 1 2 1 3 2 3 2 3 4 4 3 4 1 4 1 1 1 1 1 1 3 1 1 4 3 2 3 2 3 3 3 2 4 4 2 2 3 3 4 1 3 3 3 1 3 3 4 4 2 2 4 2 3 3 1 2 2 2 4 3 3 2 3 3 2 4 4 2 1 4 3 1 2 2 3 3 3 3 4 2 4 4 1 4 2 3 3 2 4 4 
4 2 1 4 2 3 2 1 1 1 4 4 3 2 1 2 1 2 1 2 3 1 1 4 2 4 3 4 4 4 3 3 2 2 2 3 3 1 4 2 4 4 3 3 3 4 2 4 3 1 4 2 4 3 4 4 4 2 1 4 3 4 1 1 2 3 2 3 3 2 4 4 1 3 4 1 4 4 3 3 3 3 4 3 1 4 4 2 1 3 3 2 2 4 4 2 1 2 1 2 3 3 3 2 4 3 4 3 3 1 3 2 3 1 2 1 1 2 2 2 4 4 1 4 3 1 4 2 3 2 3 3 3 1 4 3 2 3 3 3 2 1 4 2 4 4 1 1 3 4 4 1 2 1 4 1 4 2 4 4 1 1 3 3 3 3 4 
4 1 1 3 2 2 4 2 3 2 4 3 4 4 3 3 4 3 4 1 1 1 1 4 3 4 2 2 1 3 4 2 1 1 3 3 2 3 3 1 2 4 1 2 2 3 1 4 2 3 1 2 1 3 1 3 1 1 2 1 2 1 3 2 3 3 4 4 4 2 2 3 2 3 2 4 3 1 3 4 4 4 4 2 2 4 1 2 2 1 2 3 1 3 4 2 1 1 4 3 3 3 2 2 1 1 2 1 2 1 3 4 3 3 3 4 1 1 2 1 4 2 3 2 3 1 2 2 3 4 4 3 3 2 1 4 1 2 3 4 1 4 1 2 3 4 3 1 4 1 2 4 1 2 1 2 2 2 4 3 2 2 3 2 2 1 4 
4 1 2 4 2 1 1 3 2 1 1 2 2 3 2 3 3 4 2 3 1 2 1 3 4 1 4 4 2 1 3 1 4 4 4 3 3 3 4 2 2 3 2 2 2 4 1 3 1 1 3 2 4 2 4 4 1 4 4 2 3 2 3 2 1 1 3 1 2 3 3 4 3 4 2 4 3 1 2 4 4 4 2 3 3 2 1 3 1 4 3 1 1 1 4 1 4 1 1 2 4 2 3 3 2 3 4 1 2 2 4 2 4 3 4 4 1 3 1 4 2 2 1 4 3 4 3 3 1 3 3 3 1 1 3 2 4 4 1 1 2 4 3 2 2 1 1 3 2 1 4 2 2 2 2 4 3 1 3 1 4 3 2 3 4 2 4 
4 3 2 1 1 2 2 1 3 2 2 2 4 2 3 3 4 1 1 3 3 3 1 4 4 1 3 3 4 2 1 1 2 2 3 2 4 4 2 1 3 2 2 1 4 3 3 4 1 4 4 1 1 1 2 1 1 3 1 1 3 4 2 1 4 1 3 4 4 3 2 3 3 1 3 2 3 1 3 1 2 3 3 4 1 1 2 3 2 4 1 2 4 2 3 1 2 4 1 4 1 2 4 4 1 2 3 2 1 4 1 1 1 4 1 1 3 1 4 1 4 1 3 2 2 4 4 1 4 3 2 1 2 1 3 1 3 1 4 4 2 4 3 1 3 2 4 1 2 2 4 4 1 3 1 4 3 3 1 3 4 4 2 2 4 2 4 
4 1 1 2 3 2 2 4 1 3 4 1 4 1 2 4 3 1 3 2 3 2 2 3 2 3 3 3 1 1 2 1 1 2 1 4 2 1 3 2 1 1 3 1 3 3 4 4 1 3 1 2 1 1 4 2 2 4 3 4 2 3 4 2 1 1 1 4 2 3 2 2 4 3 2 1 2 2 1 4 2 2 3 2 4 3 4 4 1 1 2 3 4 4 2 3 2 2 3 1 4 2 2 2 3 3 1 3 4 4 3 2 2 1 3 1 4 1 2 4 3 2 4 2 2 2 2 1 1 2 4 2 4 1 3 2 1 3 2 1 4 3 4 2 3 1 3 2 2 4 2 3 4 2 2 3 1 2 3 1 2 4 3 3 3 2 4 
4 4 1 3 3 3 3 2 2 3 1 4 4 1 1 3 4 2 4 1 1 4 4 1 2 2 1 3 2 2 1 2 3 1 2 3 1 1 4 2 2 4 1 4 1 3 1 3 4 4 3 1 3 1 3 4 1 3 2 3 2 2 4 1 2 2 4 1 3 4 3 4 2 1 3 3 1 1 4 1 3 3 3 1 4 1 1 1 2 2 2 3 2 4 2 3 3 1 3 2 4 1 3 4 1 1 2 1 1 2 1 2 1 2 3 4 1 2 1 3 3 2 1 1 1 2 4 4 1 1 1 4 3 1 2 2 3 3 1 1 3 4 4 3 4 2 3 2 2 2 1 4 1 2 3 4 4 2 4 3 4 4 3 2 4 2 4 
4 3 1 2 1 1 2 3 1 3 3 4 2 2 3 4 3 1 2 2 1 2 1 1 4 4 3 1 4 3 4 4 2 3 3 1 2 2 3 1 3 4 4 1 2 2 2 4 1 2 1 1 4 3 1 2 1 3 1 2 4 2 2 3 3 1 3 3 3 2 2 4 4 3 1 2 4 4 1 3 3 1 3 4 3 1 2 2 3 2 1 1 4 2 2 4 3 4 4 4 3 2 3 3 2 4 1 3 2 1 1 4 1 2 3 1 3 1 4 2 2 3 4 3 1 1 1 4 4 4 4 2 3 4 2 2 1 4 3 1 3 3 3 3 3 2 4 1 1 3 4 1 3 2 4 2 4 3 1 2 3 1 3 2 3 2 4 
4 1 4 2 3 3 4 4 2 2 4 4 4 1 4 1 4 2 3 4 2 4 3 2 4 3 4 4 2 3 2 4 1 2 1 1 1 4 3 3 2 4 3 4 1 1 4 4 2 4 4 1 4 1 3 2 1 3 1 1 4 2 3 3 3 4 4 3 3 1 3 3 3 3 1 2 1 2 2 3 4 4 4 4 2 4 3 2 2 2 4 2 1 2 1 1 2 4 1 3 1 1 3 4 4 2 1 2 3 3 4 4 3 2 2 2 2 2 2 4 4 3 4 3 1 2 1 4 3 2 2 2 3 4 2 3 3 3 4 1 2 4 1 1 2 2 2 3 4 4 1 2 2 3 4 3 4 2 1 1 3 2 3 2 4 4 4 
4 1 4 3 2 3 1 2 2 2 3 1 2 4 3 3 2 1 3 3 4 1 1 3 3 2 2 2 1 4 2 3 3 1 1 1 4 4 1 1 4 4 2 2 3 3 2 2 1 3 2 4 2 2 1 4 3 2 3 2 2 3 4 1 3 1 4 3 2 1 4 1 1 3 3 2 4 1 1 3 3 2 2 3 4 2 2 1 2 1 3 3 2 1 1 4 4 2 4 3 2 4 4 4 1 4 3 4 1 2 1 4 3 3 1 3 2 3 3 4 2 3 3 1 2 4 1 4 4 2 4 4 3 2 4 3 2 3 4 4 4 4 1 4 1 3 4 4 1 4 1 2 4 1 4 2 1 2 2 2 1 3 4 2 3 4 4 
4 2 3 1 3 2 4 4 1 2 2 2 2 4 2 2 3 3 1 2 3 3 4 1 2 4 3 3 2 4 3 1 2 2 2 1 2 2 2 3 3 3 1 3 4 3 3 4 2 4 2 1 3 4 2 3 2 3 3 4 1 3 1 3 4 1 1 3 2 2 1 2 4 3 1 3 3 1 4 1 3 4 2 3 4 1 3 3 1 4 1 2 1 1 1 2 1 1 2 4 2 2 4 4 1 3 2 2 2 2 3 1 1 4 1 1 4 4 4 3 3 4 1 4 1 3 1 4 3 1 2 2 4 3 1 4 1 2 1 2 3 3 1 1 1 1 3 3 4 2 3 2 3 3 3 2 3 1 3 1 2 2 1 2 1 1 4 
4 3 3 2 4 2 3 1 4 4 2 4 3 2 4 3 2 1 4 2 1 1 4 1 3 2 4 2 4 3 1 2 2 1 2 4 3 1 4 3 3 4 4 2 1 3 4 1 3 4 1 3 1 2 4 4 2 2 4 2 3 4 1 1 2 1 4 1 4 4 3 4 4 1 1 1 3 1 4 2 4 4 1 4 3 2 1 4 3 3 3 2 2 2 2 4 1 3 3 1 4 1 3 1 1 1 1 4 1 1 2 3 1 3 4 2 2 2 1 4 2 3 3 3 2 1 3 4 3 2 3 2 4 2 1 3 4 1 3 3 4 4 1 3 3 3 1 2 2 2 4 2 1 3 2 1 1 1 1 2 3 1 3 4 3 3 4 
4 1 1 4 3 2 4 1 3 3 1 4 1 4 4 4 4 4 3 2 2 2 3 3 4 2 1 4 2 3 3 2 3 1 4 2 1 4 2 3 4 3 3 1 4 3 4 3 2 3 4 2 4 2 2 3 3 2 3 4 2 4 4 3 2 1 1 4 3 2 3 2 2 2 2 2 2 2 2 3 3 3 3 2 2 4 4 2 1 4 4 4 1 1 3 2 4 3 2 4 2 1 2 2 2 1 4 3 3 3 4 1 2 4 1 1 4 4 4 4 4 2 4 4 1 2 4 3 3 4 2 3 3 2 4 4 2 1 1 3 3 2 1 3 2 3 4 3 4 2 2 3 1 4 3 2 1 4 2 4 3 3 4 1 2 2 4 
4 2 1 4 4 4 4 2 2 2 2 4 2 3 4 3 2 2 2 1 1 1 3 2 1 1 1 3 2 1 2 3 2 4 2 4 1 3 4 4 1 2 3 3 1 4 2 2 4 1 4 3 3 2 3 1 1 4 3 2 3 4 3 3 1 4 3 2 3 1 2 2 4 2 4 1 2 4 1 2 1 4 1 3 4 2 1 2 3 2 2 1 4 4 2 4 1 1 2 3 2 3 4 3 2 2 1 1 4 3 1 1 4 2 3 1 2 4 3 1 1 3 2 2 1 2 3 2 4 4 2 4 1 3 2 4 3 2 2 3 3 3 3 3 3 3 4 2 4 1 4 4 2 2 4 4 3 4 4 3 3 2 2 2 2 4 4 
4 1 3 2 4 3 2 3 1 1 1 1 4 1 1 3 3 4 2 2 2 1 4 2 1 4 1 3 3 3 3 2 1 4 3 4 2 4 3 3 2 2 4 2 2 3 1 2 3 4 3 3 4 4 3 2 4 2 4 3 1 1 3 2 2 2 1 3 2 3 1 2 2 3 3 2 4 3 4 4 2 2 4 3 1 3 4 3 1 2 3 1 4 4 4 3 1 3 4 4 2 2 4 1 1 2 1 4 1 4 1 2 1 2 2 2 1 3 4 3 3 4 2 3 1 4 4 2 2 4 2 2 2 2 1 2 2 3 2 1 3 3 2 1 1 2 2 1 3 1 4 1 1 2 1 3 2 3 3 1 4 2 4 4 4 3 4 
4 3 1 2 1 2 2 1 2 3 4 4 1 1 4 1 3 4 3 2 4 4 2 3 1 2 4 4 4 2 3 1 4 3 1 1 3 3 3 2 4 3 3 1 1 3 4 1 1 3 4 3 1 1 1 3 3 4 2 3 3 1 1 1 2 4 3 1 1 2 3 2 4 1 1 4 3 3 3 1 2 2 1 3 4 2 1 1 3 1 3 4 2 2 4 1 1 1 4 1 2 2 4 4 1 2 2 1 3 3 3 4 2 2 4 4 1 4 4 2 1 1 4 4 3 1 3 2 1 1 1 3 2 4 3 1 1 4 4 1 2 2 3 4 1 4 4 4 1 1 2 4 4 1 3 2 2 4 3 2 2 2 2 2 1 4 4 
4 3 2 3 2 3 4 2 4 1 4 2 1 1 3 3 4 2 1 4 3 2 4 2 3 1 4 4 3 4 1 1 4 2 4 4 3 1 3 3 3 1 3 3 3 1 1 4 3 1 3 4 1 3 1 3 1 3 4 4 3 1 3 4 1 4 2 4 2 3 4 2 2 3 3 2 4 1 1 4 1 4 1 4 3 1 1 2 1 1 4 1 4 1 4 3 2 2 2 2 4 1 2 1 1 3 3 2 1 2 3 3 4 1 3 2 2 2 3 1 4 4 1 2 2 2 1 3 1 2 2 3 3 3 1 1 2 4 3 4 1 1 1 3 2 2 2 1 4 2 3 2 3 3 3 2 3 4 2 2 4 2 2 4 4 4 4 
4 3 4 1 2 3 1 1 1 1 3 1 1 1 3 1 4 3 1 3 1 4 4 4 1 2 3 4 4 3 3 1 3 2 1 1 3 4 2 4 3 1 2 4 3 3 1 2 3 3 1 3 2 3 4 3 1 3 1 2 3 3 2 3 1 2 3 1 2 2 2 1 3 3 2 1 3 3 2 1 3 1 3 4 2 2 4 2 3 1 4 3 2 4 2 3 4 3 1 3 3 4 2 3 2 4 4 3 4 4 3 4 2 4 3 2 2 4 3 1 2 4 3 4 3 2 4 2 1 1 3 1 2 1 1 3 3 2 1 2 1 4 3 1 4 1 4 3 3 2 1 2 1 1 3 2 2 4 1 1 1 1 2 1 2 2 4 
4 2 3 2 1 1 3 3 4 3 3 3 3 1 2 2 3 2 4 4 3 2 1 4 2 4 1 1 1 1 1 3 1 1 1 4 3 2 3 3 3 2 1 2 2 2 4 1 2 1 1 1 2 4 1 4 2 2 2 2 1 4 2 1 3 3 2 2 4 2 1 2 4 1 3 2 1 4 1 4 2 4 1 4 3 2 1 1 2 1 4 1 1 4 1 2 3 4 3 3 4 1 2 4 3 3 2 2 4 1 1 2 4 4 1 1 3 4 2 3 2 3 1 2 2 3 3 3 1 2 4 4 2 4 1 2 4 3 3 3 4 3 4 4 4 4 3 1 1 4 4 4 3 2 4 2 2 4 1 2 4 3 4 2 4 4 4 
4 4 2 3 2 1 2 3 1 4 4 2 3 1 3 4 1 4 4 3 1 4 1 4 3 1 4 2 1 4 4 4 4 3 2 1 4 1 1 1 2 2 2 4 1 2 1 4 3 2 1 2 4 1 2 4 1 3 3 1 4 1 4 4 4 4 1 4 4 3 1 1 1 4 3 4 4 3 2 4 1 1 2 4 3 1 1 3 3 2 1 4 3 3 3 1 2 1 1 4 3 3 2 4 4 2 1 3 1 1 4 3 3 4 3 2 1 3 2 4 1 2 2 4 4 3 1 3 2 3 4 3 1 1 1 1 4 4 2 1 3 2 4 3 3 4 1 2 3 3 2 1 2 3 3 3 3 1 4 1 2 3 1 3 1 1 4 
4 4 1 4 2 3 2 1 4 3 1 4 3 2 3 1 2 3 1 1 1 4 1 2 4 3 4 4 2 1 2 3 3 3 3 3 2 3 3 2 2 1 4 2 1 2 1 2 2 3 3 1 1 3 2 4 4 2 2 4 4 4 4 4 2 4 2 4 1 4 1 4 4 3 3 1 2 4 2 4 1 4 4 1 4 1 3 3 2 2 1 3 4 3 1 1 3 1 3 4 4 4 2 4 4 3 4 4 4 2 2 4 4 3 1 2 4 1 3 1 1 1 1 2 3 4 4 3 3 4 1 3 1 3 3 4 2 2 3 4 2 2 4 1 1 4 3 1 3 2 3 1 2 1 1 1 2 4 1 2 3 4 1 2 2 3 4 
4 2 4 3 3 3 4 4 3 1 1 2 1 1 3 3 3 2 1 4 2 3 4 1 4 3 4 4 3 3 2 3 1 4 3 3 2 4 3 2 4 3 4 2 2 2 4 4 4 1 1 3 1 4 4 2 1 3 2 1 4 1 2 3 3 4 4 2 3 1 3 3 1 1 4 3 2 4 2 3 2 4 1 1 3 3 1 1 2 2 2 2 1 3 1 4 4 1 3 4 2 3 1 2 4 4 4 4 4 1 3 2 1 3 3 4 1 4 3 3 3 2 3 3 2 1 2 3 1 1 1 4 1 3 2 2 1 1 4 2 3 1 2 4 2 1 2 1 4 2 3 4 4 4 4 2 2 1 3 1 4 4 1 2 1 2 4 
4 4 4 3 3 1 2 4 4 1 3 2 2 4 2 1 3 2 2 2 2 3 2 2 2 1 3 3 2 2 4 4 2 1 2 4 2 4 4 4 3 2 2 4 1 2 2 2 3 3 2 4 1 1 3 2 2 2 4 1 2 1 2 1 1 3 1 1 4 3 4 1 1 1 1 4 2 2 1 2 3 2 1 3 4 1 1 1 3 4 2 4 4 3 4 2 2 2 2 1 4 2 4 1 1 4 1 4 4 3 4 1 3 4 1 4 4 4 2 1 3 2 1 3 1 3 3 1 4 2 1 4 1 4 2 3 3 2 4 2 2 3 3 4 2 1 2 2 2 2 1 3 1 1 3 3 2 1 2 3 1 4 1 1 4 2 4 
4 2 3 4 3 4 4 3 3 1 3 1 2 4 3 3 1 3 4 4 2 1 3 4 4 1 4 4 3 2 2 3 2 3 3 2 2 2 1 4 3 2 3 4 1 1 3 4 4 1 1 4 1 2 4 3 4 1 2 1 1 3 4 4 2 1 2 2 4 1 4 4 3 1 2 2 4 3 2 3 2 3 4 2 1 3 4 2 4 3 3 2 1 1 2 3 2 4 2 4 4 1 1 3 4 3 4 2 3 3 3 3 1 4 1 2 2 4 4 2 3 3 4 4 2 3 4 1 2 1 4 2 1 2 4 3 2 2 3 3 3 4 4 1 2 3 4 1 1 1 2 3 4 4 2 4 3 1 3 3 1 2 1 2 1 3 4 
4 1 2 1 2 3 4 3 1 3 3 3 3 3 1 4 4 4 1 4 2 3 4 3 2 1 1 2 4 3 3 3 4 2 1 3 4 2 3 1 3 1 3 2 2 2 4 4 2 2 2 4 3 1 3 4 1 4 1 1 3 3 2 2 2 4 2 3 3 1 4 2 4 2 4 2 2 4 3 1 2 3 2 4 3 3 2 2 1 3 3 3 3 4 1 4 4 4 4 2 4 1 3 1 3 2 4 3 2 1 2 1 3 2 3 2 4 2 1 1 1 4 3 4 3 2 2 3 1 4 2 3 2 2 1 2 1 2 4 4 2 3 4 3 3 4 1 3 1 3 3 2 1 4 3 4 3 4 1 1 2 2 4 4 3 3 4 
4 3 1 4 1 2 1 1 3 2 3 3 1 4 4 4 3 4 1 3 1 3 2 2 3 2 2 4 2 2 4 4 3 2 4 3 2 1 3 1 3 3 4 4 3 2 4 2 3 2 1 1 3 1 3 2 3 2 3 1 1 2 4 1 4 1 1 2 1 3 4 4 1 4 2 3 4 4 4 3 3 2 2 2 2 1 2 3 4 2 1 4 1 1 3 3 2 2 1 3 3 1 1 2 3 4 4 1 4 1 1 3 4 4 3 4 2 3 4 4 4 3 3 4 1 3 4 3 4 3 2 4 4 2 1 3 4 4 2 3 3 4 4 3 2 1 4 2 1 2 4 4 3 3 1 4 4 1 2 2 2 3 1 4 3 2 4 
4 3 2 2 3 4 3 1 3 3 3 3 4 1 3 2 3 2 4 1 2 2 2 1 4 2 4 2 1 4 4 4 2 3 4 2 2 1 4 3 1 3 2 2 4 3 2 1 3 1 3 4 2 3 4 3 2 3 2 2 3 2 1 2 2 2 1 1 3 2 4 3 2 1 2 3 2 2 1 3 4 4 1 4 4 1 3 4 2 4 1 2 2 2 2 4 1 3 4 1 4 2 2 2 2 4 1 3 2 1 1 3 4 4 4 3 2 3 3 1 1 4 4 2 4 4 4 2 3 2 1 2 1 3 3 1 3 1 2 3 2 4 3 1 3 2 3 3 4 1 4 2 1 2 1 1 1 3 2 1 3 2 2 4 3 1 4 
4 3 3 1 1 1 2 4 1 1 1 2 4 1 4 1 1 1 1 3 1 4 1 2 3 3 2 2 3 2 3 2 1 3 1 4 1 4 3 4 4 1 2 4 2 3 4 3 2 1 4 1 1 4 3 1 4 3 3 4 3 3 2 4 1 1 4 4 2 1 2 2 2 3 4 3 3 2 3 1 1 1 2 4 1 3 1 4 4 3 1 2 4 3 2 2 2 2 4 1 1 1 4 1 4 4 3 3 3 2 3 3 4 2 2 2 1 1 3 3 3 3 4 3 4 2 2 2 1 3 3 1 4 3 2 1 3 4 1 2 3 3 1 3 4 3 4 2 1 4 2 4 3 3 4 3 1 1 1 4 2 3 3 2 3 1 4 
4 3 3 4 4 1 2 2 1 2 3 1 1 4 3 4 2 2 2 4 2 3 3 4 3 2 1 4 4 3 4 1 3 4 4 2 2 2 2 3 3 2 2 3 3 2 2 1 4 1 2 1 2 2 4 1 1 3 2 4 1 4 2 1 1 1 4 4 1 1 4 1 4 2 4 2 1 2 3 1 1 3 4 4 2 1 1 2 1 3 1 2 2 1 4 2 1 3 2 3 1 3 4 2 1 3 4 4 1 1 3 3 1 1 4 4 3 1 2 1 4 3 2 1 1 4 1 2 3 4 2 3 4 4 3 2 2 2 4 2 3 4 2 2 4 2 2 4 3 1 2 2 1 2 3 2 3 2 4 1 1 3 2 4 3 4 4 
4 4 3 1 2 2 1 4 2 3 2 2 1 4 4 4 2 1 1 1 4 3 3 3 3 2 2 1 3 3 1 1 3 1 3 2 4 1 3 4 4 3 1 3 3 1 1 3 3 2 1 1 4 4 1 3 2 1 3 3 2 3 3 1 4 1 3 2 4 2 2 2 4 1 1 4 1 3 3 1 1 3 2 1 2 1 3 4 1 4 3 3 1 1 4 4 4 3 2 4 4 2 4 1 4 1 1 2 2 4 4 2 4 1 1 3 1 1 2 3 3 2 3 1 4 2 3 1 4 2 2 4 3 4 1 1 2 1 1 4 3 3 3 4 1 1 3 3 4 3 4 1 1 2 4 4 2 1 3 3 2 4 3 2 2 3 4 
4 4 2 1 3 3 1 4 2 4 4 1 3 4 1 1 1 3 1 2 3 3 1 2 1 4 1 2 1 4 3 4 3 4 4 3 1 4 3 1 1 3 1 1 2 2 2 4 4 4 3 4 4 4 4 2 1 3 4 3 4 3 2 3 3 1 3 1 4 1 4 3 3 1 1 2 1 3 3 4 4 3 1 2 4 3 3 3 2 1 4 2 4 4 1 1 2 2 3 4 3 1 3 1 3 3 4 2 4 1 1 4 1 3 3 1 2 3 4 4 1 3 2 4 1 2 3 3 2 4 1 4 3 2 4 2 2 3 2 4 1 4 4 3 3 4 4 1 4 1 1 1 3 2 1 1 1 2 4 1 3 4 3 2 2 1 4 
4 1 3 2 2 3 2 2 4 3 3 2 1 3 2 1 1 2 3 4 3 4 1 4 4 4 4 3 4 4 4 3 4 4 2 2 3 4 4 3 2 1 4 1 1 3 1 4 2 4 2 4 3 3 4 3 4 3 1 4 1 3 1 1 2 4 1 1 1 1 2 2 2 4 2 1 3 2 2 2 3 4 1 3 1 3 4 1 2 1 1 2 3 2 4 3 2 1 4 2 3 3 2 1 3 2 4 1 1 4 4 3 3 1 1 4 3 2 3 4 3 4 4 1 2 3 1 4 3 4 3 1 2 3 3 2 1 4 2 2 2 1 3 4 4 2 1 2 4 3 1 3 3 3 2 1 2 1 2 3 1 4 1 1 4 2 4 
4 1 2 2 3 3 3 3 2 1 3 1 4 4 3 1 4 2 3 4 2 2 3 1 4 4 3 1 4 1 2 1 1 2 2 4 1 4 1 3 3 1 4 1 2 2 4 4 3 4 1 4 1 4 2 4 3 1 4 2 4 1 1 3 3 3 4 2 3 1 2 4 4 3 1 1 2 1 1 3 2 2 1 1 4 4 4 2 1 4 3 1 3 4 1 4 3 4 4 3 3 2 2 1 1 4 2 4 2 2 4 4 4 3 2 1 1 4 1 2 3 4 4 1 1 1 3 4 1 4 1 1 2 4 4 1 3 3 3 4 2 2 4 3 3 3 1 2 1 3 2 4 2 3 2 4 3 3 4 3 3 2 4 2 3 3 4 
4 4 2 1 1 3 3 2 1 2 1 4 4 1 2 4 4 2 3 3 4 2 3 2 1 2 1 4 4 3 2 4 3 4 3 1 2 4 3 4 1 4 2 1 2 3 3 1 2 4 1 4 4 4 1 4 2 4 2 3 4 4 3 2 2 2 2 3 3 1 2 1 2 2 4 3 1 4 2 2 3 2 2 1 3 4 3 3 1 1 1 3 1 1 1 1 4 1 1 4 4 2 2 2 4 4 2 1 1 3 2 1 1 1 1 2 1 4 2 3 4 3 2 3 1 3 1 1 1 3 3 4 3 2 2 1 2 3 4 1 2 4 3 2 4 2 3 1 1 4 1 2 3 3 3 1 1 3 4 3 3 3 4 4 2 3 4 
4 1 2 2 1 1 1 2 2 4 3 2 4 3 3 3 1 1 3 2 2 2 4 3 2 1 1 1 3 3 1 2 3 3 3 4 2 3 2 1 2 4 2 2 2 4 4 3 2 1 1 2 3 1 3 1 4 2 3 3 1 4 3 1 2 2 3 4 1 2 4 1 4 1 4 1 2 2 1 4 1 2 2 1 3 4 2 3 2 2 4 3 2 2 3 2 3 1 4 3 3 2 3 2 1 4 3 3 3 4 2 2 2 4 2 2 2 3 1 2 4 3 2 4 2 4 2 4 4 4 1 1 1 1 4 3 1 3 4 4 2 1 2 1 3 1 2 3 2 4 4 2 3 4 2 3 2 2 4 1 4 3 2 2 4 4 4 
4 3 3 4 4 4 2 3 4 1 3 2 3 1 4 3 3 1 1 1 4 3 1 2 1 1 4 2 3 2 3 1 1 3 2 3 3 3 4 1 3 1 4 3 2 2 1 2 4 3 1 2 3 1 3 3 1 3 3 2 3 4 4 3 1 4 1 2 2 3 4 2 1 4 3 2 3 1 2 1 4 2 4 3 3 2 4 3 2 3 3 1 3 3 3 3 2 4 4 4 1 1 1 4 2 2 3 1 1 3 3 2 3 3 1 4 2 2 3 4 2 3 4 1 3 2 2 2 1 3 1 3 1 4 1 1 2 2 4 1 2 4 2 3 1 1 2 3 2 2 3 3 2 1 1 3 1 1 1 3 3 4 2 1 1 2 4 
4 2 3 3 3 4 2 3 3 4 4 3 2 1 3 1 1 2 4 3 2 3 2 2 2 4 3 4 3 3 3 3 2 1 2 2 1 4 1 1 1 4 4 4 1 1 3 2 3 2 3 3 4 3 4 1 2 3 4 2 2 2 2 2 2 1 1 1 4 1 2 4 3 1 3 4 1 4 4 1 2 3 4 4 3 4 1 2 2 3 4 3 2 2 4 4 1 1 1 3 3 3 4 3 1 1 2 4 3 4 3 3 1 2 3 2 2 3 4 3 1 4 3 2 2 3 2 3 1 2 4 2 1 2 4 3 2 2 2 1 3 1 3 2 2 1 2 3 4 3 2 1 1 2 4 3 3 3 4 3 4 3 4 1 1 3 4 
4 3 2 3 4 1 1 1 1 1 1 4 1 4 3 3 2 2 2 3 1 1 1 2 2 2 3 1 4 1 4 2 3 2 2 2 2 4 3 3 2 2 1 3 2 3 2 3 3 2 3 1 3 4 3 3 4 4 1 4 3 1 4 1 1 2 4 3 1 3 1 1 2 2 3 3 2 1 1 3 3 4 1 2 1 4 2 1 3 1 4 1 4 2 3 2 3 3 2 2 2 1 2 1 1 4 3 3 1 2 2 4 1 3 4 4 3 1 4 1 1 1 2 4 3 4 4 4 2 4 3 1 3 3 2 4 4 4 4 3 3 4 2 1 1 1 3 3 4 4 1 2 3 3 3 2 1 4 3 1 4 4 2 3 3 1 4 
4 2 2 2 3 3 2 3 2 2 2 2 2 4 1 2 3 1 4 3 3 1 4 1 2 1 2 3 4 3 2 1 3 3 3 4 4 1 4 4 1 1 4 1 1 4 3 4 2 1 4 1 2 2 1 4 4 4 1 4 3 2 1 4 1 2 4 2 1 2 1 1 4 2 2 2 4 1 4 3 3 1 3 3 2 2 4 2 1 1 4 4 1 2 2 2 2 2 3 1 2 3 3 1 2 1 3 2 3 3 1 3 4 3 2 1 4 1 4 3 2 3 3 2 1 3 4 2 3 4 3 1 2 1 2 3 4 2 4 4 1 1 3 4 2 2 4 2 4 3 2 4 3 2 4 1 2 2 4 2 3 4 1 3 3 1 4 
4 4 1 2 2 2 3 1 4 2 1 2 3 3 1 2 3 2 1 4 3 3 2 1 2 2 4 4 4 2 2 3 3 4 4 3 1 1 3 1 1 1 3 4 4 2 1 1 4 3 2 2 4 2 4 1 3 4 3 4 1 2 1 4 4 1 1 3 3 4 2 3 1 3 2 3 3 1 3 1 1 3 1 2 3 3 3 2 3 3 3 3 4 4 2 4 2 3 2 2 4 2 4 3 2 4 1 4 3 4 3 4 3 3 4 3 1 2 2 4 1 1 3 2 1 3 2 1 3 2 2 3 3 1 1 1 1 4 1 2 4 2 2 4 4 2 3 2 2 4 1 2 3 4 1 2 3 4 2 3 4 1 3 3 1 3 4 
4 1 1 2 2 3 4 1 2 3 1 3 1 1 2 2 1 2 3 4 1 4 2 3 4 2 3 3 4 2 1 2 2 3 3 3 1 4 3 2 2 3 4 1 4 2 1 4 3 1 4 3 1 2 4 2 2 2 4 1 1 1 3 1 2 2 1 4 2 3 1 1 4 1 3 2 1 1 1 3 3 2 1 1 3 3 4 4 2 4 3 4 4 4 4 4 4 1 2 4 1 1 2 3 1 3 4 1 3 4 3 1 2 3 2 2 1 1 4 4 1 4 4 3 3 4 4 2 3 4 3 3 2 1 4 3 4 4 2 1 1 2 3 1 1 1 3 3 4 2 3 2 1 4 3 2 2 4 2 2 2 2 3 1 2 3 4 
4 3 2 2 3 1 3 3 3 1 4 2 1 3 3 4 2 4 2 2 3 2 3 2 1 4 4 1 3 2 4 4 1 4 1 3 4 1 1 1 1 2 3 2 4 3 4 2 2 4 1 4 4 1 4 1 3 2 2 1 3 2 3 1 2 2 3 4 1 4 2 2 4 3 4 2 4 3 2 4 2 1 1 1 4 4 2 3 2 1 4 3 1 3 2 2 3 4 3 2 1 4 2 1 3 1 4 1 4 1 2 3 1 1 1 4 1 4 4 4 3 4 3 3 4 1 2 3 3 3 4 4 1 1 1 4 3 1 3 1 3 3 3 3 2 1 4 4 1 2 3 1 2 3 2 3 4 2 4 4 3 3 3 4 4 4 4 
4 3 4 1 1 2 1 2 3 4 2 2 3 3 2 3 4 2 1 1 1 3 2 4 3 1 3 3 1 4 1 3 1 4 4 2 4 3 1 2 3 2 4 2 1 1 2 1 2 3 2 2 1 1 3 2 4 2 3 3 3 1 3 4 2 2 4 2 1 2 3 4 2 3 2 2 3 3 4 2 2 2 3 3 2 2 4 3 3 1 2 2 4 3 3 2 2 4 2 1 3 2 1 1 4 4 1 4 4 2 4 2 3 2 2 2 2 1 4 2 3 4 3 4 2 3 4 1 3 1 3 4 3 4 3 1 1 2 1 3 2 1 4 1 4 1 2 4 2 2 1 1 3 2 3 2 1 1 2 4 4 4 3 4 1 1 4 
4 2 4 3 1 4 1 3 2 3 1 3 3 1 1 4 1 3 2 4 1 4 3 4 4 1 3 2 1 2 3 4 2 1 1 3 1 4 1 4 3 1 2 3 4 4 1 2 4 2 4 2 1 1 1 2 4 4 4 4 1 2 3 4 4 4 3 4 2 3 3 2 3 2 1 2 3 2 3 1 2 2 4 3 1 2 2 2 1 2 1 2 1 4 2 2 3 4 3 2 4 4 2 4 2 2 2 3 2 1 4 1 3 1 2 4 4 3 1 1 4 1 2 3 4 2 2 1 1 1 3 2 1 3 1 3 1 3 4 1 1 1 4 2 3 3 1 2 2 3 4 1 2 2 3 2 4 3 4 3 3 1 2 4 1 3 4 
4 4 4 4 2 1 4 1 2 2 4 1 2 3 2 1 2 4 2 4 1 3 4 4 1 1 3 3 2 2 1 2 4 1 4 2 1 2 4 2 2 2 2 1 2 4 4 2 4 2 2 4 2 3 2 3 4 4 1 1 1 4 4 2 3 1 3 2 3 4 1 3 3 1 2 3 2 4 4 4 3 3 1 4 4 1 2 3 1 3 1 4 3 1 4 4 3 1 1 1 1 3 3 3 4 3 4 2 2 3 2 4 3 4 1 3 4 1 2 1 4 2 2 1 2 3 3 3 3 2 3 1 2 2 3 1 4 2 4 3 3 3 4 2 3 2 1 3 1 3 3 2 4 3 1 1 4 1 4 2 2 3 3 2 1 4 4 
4 2 3 3 3 4 4 2 4 3 1 2 4 4 1 1 1 2 1 4 2 3 1 2 2 4 1 1 4 2 3 3 3 2 2 4 4 1 3 1 4 2 2 3 3 4 1 3 3 3 4 1 2 1 3 2 3 1 1 3 2 3 3 4 4 1 2 1 1 1 2 2 4 2 4 3 1 2 2 4 1 3 2 1 4 2 3 1 1 1 4 4 4 2 4 2 2 2 4 4 1 2 2 1 3 1 1 3 2 1 3 1 4 4 3 1 1 3 3 3 4 2 4 4 2 1 1 2 4 4 3 1 1 2 4 1 4 1 4 3 3 4 4 2 3 2 4 4 2 2 2 1 4 4 1 2 4 2 3 2 3 3 3 4 3 4 4 
4 2 4 4 1 1 4 2 3 4 2 1 3 4 2 4 2 3 1 4 3 2 4 3 1 3 3 3 3 1 4 3 4 2 3 2 4 2 2 1 1 4 3 4 4 2 1 1 1 1 3 3 1 3 1 4 1 2 4 4 2 3 2 2 4 4 2 4 2 4 1 2 2 3 4 3 2 2 2 4 2 4 2 4 4 4 2 2 4 2 3 1 1 2 3 1 3 1 3 4 1 1 3 2 3 1 1 1 3 3 1 2 2 3 1 4 1 4 3 2 1 3 4 4 3 4 4 4 4 2 2 4 2 1 3 4 2 2 4 2 4 1 2 2 4 2 1 1 3 2 1 3 3 4 2 2 4 2 3 1 1 4 4 4 1 2 4 
4 1 2 3 4 3 3 4 1 1 3 1 1 3 2 1 2 3 3 3 1 1 3 2 2 2 2 4 4 2 4 2 1 2 3 3 1 3 1 3 4 4 4 3 3 3 1 3 3 1 3 4 1 3 4 3 4 4 1 4 2 2 3 1 2 4 2 3 1 4 4 1 2 2 3 4 2 1 2 2 1 1 4 4 1 4 4 4 2 2 4 4 1 1 4 4 3 1 1 4 1 1 3 4 1 1 3 3 4 3 4 3 3 4 1 2 2 4 3 1 2 2 2 2 3 3 3 1 3 1 1 3 4 3 2 3 3 1 1 1 1 3 2 1 1 4 3 2 3 1 3 3 1 3 3 1 1 1 4 2 3 2 4 3 4 1 4 
4 1 1 4 4 2 2 4 2 4 1 3 3 4 2 3 1 3 3 4 4 1 2 1 4 2 2 4 4 3 3 2 1 2 1 4 3 2 3 3 3 1 2 2 3 1 4 4 2 2 4 4 1 3 1 4 4 2 3 3 2 3 4 4 2 4 1 3 2 3 1 1 3 1 4 2 2 3 3 4 4 4 1 2 3 4 3 1 3 2 3 1 4 2 2 4 4 3 2 3 4 4 2 3 4 2 3 2 2 3 1 2 1 3 2 4 4 1 1 4 2 2 1 3 3 1 4 1 3 3 4 2 4 4 1 1 4 2 4 1 1 3 3 2 1 1 4 1 4 4 1 4 2 2 1 4 4 2 1 1 2 4 4 1 1 1 4 
4 4 4 3 1 4 1 4 1 3 3 1 1 1 2 1 3 2 3 4 2 2 4 3 2 3 3 2 1 4 1 2 2 1 4 3 3 1 1 3 3 2 2 3 1 3 1 4 3 1 1 4 1 3 4 2 3 2 1 1 4 3 1 2 1 4 4 2 3 2 3 1 2 2 1 3 1 3 1 2 3 3 2 4 4 3 3 3 1 3 2 3 2 4 4 1 4 3 2 4 3 4 2 2 3 4 1 2 4 2 4 3 1 2 1 2 2 1 1 3 4 2 4 1 3 2 3 1 4 1 4 2 4 1 3 1 1 1 4 2 3 1 1 3 1 1 2 2 1 2 3 1 4 2 2 1 2 2 2 3 2 2 4 1 2 2 4 
4 2 1 3 4 4 1 1 1 2 4 1 2 1 2 4 2 3 2 2 4 3 2 2 2 2 4 3 4 3 3 4 1 2 1 4 3 3 2 1 1 1 1 3 2 2 1 4 4 2 1 1 4 4 2 2 4 2 3 3 2 4 4 1 3 1 3 4 3 3 4 2 4 3 1 1 3 3 2 4 4 1 4 4 2 1 1 4 4 2 2 3 2 2 3 4 3 1 4 1 2 1 2 2 3 4 3 3 3 3 3 1 1 2 2 4 4 2 4 2 2 2 2 2 1 2 1 1 2 3 3 4 1 3 1 4 4 4 4 3 3 2 2 3 4 3 2 3 1 3 2 4 4 1 3 1 3 2 2 4 2 4 4 1 4 2 4 
4 2 3 4 3 4 3 2 1 4 2 3 3 1 1 4 3 2 2 3 3 4 1 3 2 2 4 2 2 4 1 3 1 2 2 4 1 1 2 4 2 1 4 2 1 2 2 4 3 4 1 3 2 4 2 1 4 3 4 1 1 4 1 2 2 3 3 4 2 4 4 1 4 2 3 3 1 1 4 1 3 2 1 1 4 4 4 2 4 4 1 2 2 1 2 4 1 4 3 2 2 4 2 1 2 1 3 2 4 4 2 1 4 4 3 3 2 4 4 3 4 3 1 4 4 3 1 3 4 3 4 3 2 3 4 2 4 1 3 2 1 3 4 4 1 2 4 3 2 1 2 4 1 3 3 4 3 1 4 4 1 3 1 3 3 2 4 
4 4 4 1 2 2 4 4 2 3 1 4 1 3 4 4 1 4 2 2 2 3 2 3 2 4 2 1 2 1 1 3 3 1 3 1 3 4 1 2 3 1 4 2 4 1 2 1 1 4 4 4 1 3 3 3 2 4 3 3 2 2 4 4 2 1 1 4 2 4 1 1 4 3 4 2 2 1 2 2 3 2 3 4 2 4 2 3 1 4 2 4 1 1 4 3 1 4 2 2 2 4 4 2 4 2 2 1 4 2 4 3 4 2 3 3 1 3 4 4 3 3 1 1 1 4 2 1 3 3 1 3 1 2 2 1 4 2 1 1 4 1 3 1 2 4 1 4 3 3 4 4 4 1 4 4 2 3 4 4 3 4 1 2 2 3 4 
4 2 4 1 4 4 2 3 4 4 3 1 4 4 4 4 4 3 3 1 4 4 4 3 3 1 2 1 4 2 3 2 4 2 2 4 1 3 1 2 3 3 3 1 2 1 3 4 3 1 3 3 2 3 2 1 4 2 3 1 4 1 4 4 4 4 2 2 4 2 1 4 4 4 1 3 3 1 3 3 1 3 2 4 4 1 1 1 2 1 1 2 3 3 3 3 1 1 4 3 4 3 1 2 1 4 3 2 2 4 1 3 3 1 2 1 2 1 4 3 3 3 3 3 4 2 2 4 1 3 2 3 1 1 3 3 2 1 3 3 2 1 1 3 3 1 2 4 3 3 2 2 4 2 4 2 3 3 3 3 4 2 4 3 3 1 4 
4 1 3 1 3 2 1 4 3 1 4 1 1 4 4 2 3 4 1 3 3 1 3 1 2 1 3 3 4 2 3 3 2 2 2 1 4 3 4 2 3 3 4 4 3 2 3 2 3 3 2 3 4 3 2 2 1 4 2 1 4 2 4 1 4 2 2 3 3 3 2 1 2 3 4 4 3 3 4 1 2 4 4 2 1 1 2 2 1 3 4 4 4 3 1 3 4 4 4 1 1 4 2 2 2 4 2 3 1 4 1 4 3 1 4 2 2 2 2 1 4 2 1 2 1 1 4 1 4 2 4 4 4 4 3 4 3 2 2 3 3 3 3 2 4 2 1 1 4 3 4 1 4 1 1 1 1 3 1 2 3 1 2 2 4 2 4 
4 4 4 3 4 3 1 1 1 2 3 1 4 2 3 3 3 4 3 1 2 1 4 2 1 4 4 2 3 1 2 2 4 3 4 2 1 3 4 2 3 2 2 2 4 4 3 3 3 1 3 3 3 3 3 1 2 2 1 1 2 1 3 4 4 1 4 3 1 3 4 2 2 3 1 2 2 2 4 2 2 3 3 4 3 2 4 3 4 4 1 3 3 1 3 2 4 4 3 3 2 2 1 1 1 2 1 1 4 1 2 2 1 4 2 4 1 3 2 2 4 2 3 3 2 2 2 3 2 1 4 1 1 1 4 1 4 4 1 2 1 1 3 1 1 2 1 2 2 2 2 1 3 1 2 3 4 3 3 2 2 1 2 1 4 4 4 
4 4 2 3 1 4 2 2 3 1 2 1 4 1 3 1 1 1 4 4 1 4 3 3 2 4 2 2 3 4 2 2 2 4 1 4 2 1 2 3 1 4 3 2 2 2 1 3 1 3 1 4 1 4 3 1 4 3 3 1 1 2 1 3 3 1 2 1 1 1 3 2 3 2 1 1 2 4 2 4 4 2 4 1 1 4 1 3 4 1 2 1 4 4 2 2 4 3 1 1 4 4 4 3 4 1 2 3 1 1 2 1 4 3 2 4 3 3 3 3 4 4 2 2 2 3 1 3 4 1 4 2 3 2 1 2 3 4 1 1 1 4 4 4 2 1 4 2 1 2 1 1 1 1 2 3 4 3 3 1 3 1 4 4 3 2 4 
4 2 4 4 3 4 4 1 3 4 3 4 4 4 3 3 2 1 3 3 1 1 4 2 4 4 1 4 3 2 2 4 1 2 3 2 1 3 3 2 1 2 3 1 1 4 3 2 4 2 4 2 1 2 1 4 3 2 2 1 3 1 3 2 1 2 1 3 1 3 4 3 2 2 2 3 3 1 2 1 2 3 4 4 4 1 3 4 1 4 2 3 2 1 4 2 3 4 2 4 3 2 1 4 2 3 4 3 4 1 4 3 3 2 2 4 4 3 4 3 1 1 4 1 1 3 1 1 4 1 2 2 2 1 3 3 4 3 4 1 1 1 1 1 1 2 2 2 4 2 1 2 4 3 4 2 4 1 4 1 2 2 4 2 3 3 4 
4 2 2 3 3 3 3 4 3 4 2 4 2 3 4 4 3 1 4 4 3 3 4 2 2 1 1 3 1 3 4 1 1 2 4 2 4 3 4 4 3 3 1 4 2 2 2 3 2 4 2 3 1 2 1 1 4 1 2 4 2 4 3 2 1 1 2 1 3 3 4 1 3 4 1 1 2 1 2 3 1 4 1 3 1 1 3 1 2 1 1 3 2 2 2 1 2 4 3 2 2 2 1 1 1 2 1 1 1 1 3 1 2 2 3 4 1 2 4 2 3 1 2 1 4 4 4 2 1 1 3 1 1 1 2 2 1 4 2 2 4 4 1 4 4 2 4 2 2 3 3 3 3 4 4 3 2 2 2 3 2 2 3 2 2 4 4 
4 2 4 1 2 1 3 2 4 3 4 4 1 4 1 4 1 1 2 1 1 4 4 2 2 3 2 1 2 1 2 3 1 4 4 1 1 2 4 2 4 3 2 3 2 3 2 2 4 1 1 3 3 3 1 1 1 4 4 2 2 2 2 4 2 4 3 2 4 2 3 2 3 3 4 1 2 4 2 4 1 4 3 1 2 1 2 4 2 1 4 2 2 1 3 1 2 4 1 1 4 4 3 1 4 3 1 1 1 4 4 2 1 2 3 2 4 3 1 1 2 2 4 2 2 2 3 3 2 1 4 2 1 4 1 2 2 4 4 1 4 3 1 1 2 4 3 3 3 2 2 1 2 3 1 3 4 4 4 1 2 1 4 4 4 4 4 
4 4 3 4 4 2 1 2 3 3 1 4 4 1 3 2 1 3 2 2 3 1 4 1 1 3 1 4 3 2 3 3 4 1 2 3 2 3 1 1 4 3 3 2 1 3 2 2 4 4 1 1 3 2 4 3 3 4 1 3 1 3 4 2 4 4 2 1 4 1 4 3 3 3 2 4 2 1 3 1 1 1 1 3 2 1 3 2 3 2 4 3 2 3 1 4 3 3 1 1 3 1 3 3 2 3 4 3 2 3 4 4 3 1 4 3 3 2 3 1 2 3 3 3 2 4 1 4 3 3 4 2 2 1 3 4 4 3 3 4 2 3 3 1 3 1 4 3 3 4 4 2 1 4 4 3 2 1 3 1 4 4 2 4 4 1 4 
4 4 3 2 1 2 3 1 3 1 1 2 3 4 4 2 1 1 4 3 4 3 1 2 2 1 2 3 1 3 4 1 3 2 1 2 3 3 1 2 1 4 4 2 4 2 3 3 4 2 1 2 1 3 1 1 3 2 1 4 2 2 1 4 4 2 4 1 4 1 2 3 1 1 3 1 1 2 1 2 3 4 1 1 3 4 4 3 2 1 4 1 4 4 4 1 4 1 1 2 1 2 1 1 2 1 2 3 2 2 1 1 2 4 2 3 3 3 2 4 1 4 4 3 1 2 4 4 3 2 3 2 2 1 2 1 4 4 1 4 2 1 4 4 2 4 4 3 1 3 4 3 1 1 2 4 2 1 3 4 4 3 3 3 2 4 4 
4 4 4 3 3 3 3 2 4 1 3 3 3 3 3 1 2 3 4 2 3 2 2 3 3 3 3 1 4 3 4 2 4 4 4 3 3 4 3 2 2 3 3 3 4 4 4 1 3 1 1 2 4 2 4 3 4 4 4 1 4 4 1 2 1 1 4 1 3 2 2 1 2 2 3 2 4 4 1 2 3 4 1 1 1 3 2 4 4 1 4 1 3 2 2 1 4 4 4 3 3 2 1 2 3 1 4 1 2 2 2 2 3 3 3 1 3 2 4 2 2 4 4 2 2 4 4 3 4 2 1 4 3 2 2 1 2 2 3 1 4 4 2 2 1 1 2 1 1 4 1 4 3 1 2 3 2 2 3 1 2 3 3 4 2 1 4 
4 3 1 1 1 4 4 2 4 2 2 2 1 4 2 2 1 4 2 2 1 1 1 3 1 2 2 4 3 1 4 1 1 4 1 3 4 3 1 4 1 2 4 4 4 4 4 4 4 2 2 3 3 4 3 2 3 3 2 4 4 2 1 3 1 2 3 1 2 4 2 4 2 4 4 2 2 2 3 3 3 2 4 3 3 3 2 1 4 3 4 1 3 2 4 4 4 4 2 1 2 1 4 4 4 2 2 1 4 2 3 3 2 2 1 4 1 4 3 2 1 1 3 4 2 3 2 3 1 1 2 3 3 3 2 1 4 1 2 4 4 4 3 3 1 2 1 4 1 1 4 1 2 1 2 2 1 3 2 1 2 1 3 2 2 4 4 
4 2 1 2 3 2 1 3 1 1 3 2 2 2 3 1 4 2 2 2 1 1 1 1 3 1 3 4 2 1 1 3 2 2 1 4 1 1 1 1 2 1 1 3 4 1 3 4 2 3 1 2 4 2 2 4 2 2 1 2 3 3 4 3 1 1 3 3 4 1 1 4 2 4 1 1 1 1 4 3 1 3 1 4 1 4 2 4 3 3 4 1 1 4 4 2 3 2 3 1 2 4 2 3 4 3 4 1 2 3 1 3 3 4 2 2 2 1 2 2 3 4 4 4 4 4 4 3 4 2 3 2 2 3 2 2 2 1 1 1 3 3 3 2 3 3 1 3 1 2 1 3 3 1 1 4 3 4 1 3 1 1 2 2 4 3 4 
4 1 3 1 3 4 2 3 3 2 1 2 3 2 2 3 1 3 1 4 1 1 2 4 3 3 4 4 3 2 1 4 4 4 3 4 2 2 3 2 3 3 3 1 3 2 1 4 3 1 4 3 4 1 1 3 4 4 4 3 2 3 2 4 3 3 3 2 3 4 2 4 4 3 2 4 4 1 3 3 1 3 1 1 2 2 4 4 2 2 3 2 1 1 4 4 1 3 3 3 2 1 4 1 4 3 2 3 3 3 4 4 1 2 4 3 3 4 1 1 3 4 1 1 1 2 2 4 1 4 2 3 2 1 4 2 1 2 1 4 2 2 1 4 1 3 3 3 2 3 4 1 2 4 4 4 3 1 1 4 1 4 2 2 4 4 4 
4 3 2 1 4 1 3 4 2 1 2 4 3 3 4 3 4 3 3 1 2 3 3 2 1 3 1 1 2 1 4 3 1 3 1 1 4 4 1 3 2 2 1 2 4 2 3 1 3 1 1 2 2 1 1 3 2 1 1 4 4 3 3 4 3 2 1 4 4 1 4 1 1 2 2 1 3 2 2 1 4 1 1 2 2 2 1 4 4 1 1 4 2 2 2 3 4 1 4 4 1 4 3 3 2 1 2 1 4 1 4 2 2 3 3 3 2 3 3 2 2 2 2 4 3 3 1 2 1 2 4 2 3 4 2 3 3 1 2 1 2 2 2 1 3 1 4 4 4 1 1 2 2 1 2 4 4 2 4 2 3 3 2 1 3 2 4 
4 3 2 2 3 2 4 3 2 2 1 2 4 3 3 4 3 3 4 3 3 2 4 2 4 1 4 1 1 2 3 1 1 2 4 2 4 2 4 1 2 4 4 1 2 4 3 3 2 2 4 3 3 1 1 3 4 3 4 3 4 2 1 3 2 3 2 1 1 2 4 1 4 1 2 3 4 3 2 4 3 2 2 1 2 1 3 3 3 2 2 3 1 1 1 3 1 1 1 1 1 2 4 1 2 2 3 3 4 4 3 2 4 1 2 3 1 2 1 3 3 2 4 3 2 4 2 2 2 2 3 2 4 3 1 4 3 3 4 3 4 2 1 1 4 3 2 2 1 1 3 1 2 2 3 2 4 1 3 2 1 2 4 2 1 4 4 
4 4 3 2 1 3 2 2 3 4 4 2 1 2 1 2 1 1 4 2 1 3 1 3 2 3 2 3 1 2 3 1 1 4 2 2 4 1 4 4 3 2 1 1 3 3 2 4 1 3 4 2 2 1 3 2 3 3 3 1 3 4 3 2 4 2 1 4 2 4 4 2 1 4 1 4 4 2 1 1 4 4 1 4 1 2 4 4 1 3 3 3 1 4 3 1 3 1 3 2 3 3 3 1 2 4 2 3 1 4 3 2 1 2 1 1 1 3 1 1 4 4 4 3 4 3 1 2 3 4 3 2 1 2 4 4 3 3 3 4 1 2 4 4 1 3 2 3 3 3 4 2 1 4 4 2 2 3 1 2 2 4 4 3 1 1 4 
4 1 2 3 2 2 4 2 3 3 4 3 2 1 1 3 2 3 4 4 1 3 3 1 4 1 1 4 3 4 3 2 3 1 3 1 2 3 1 2 4 4 4 2 3 2 4 3 4 3 2 4 2 3 1 3 4 2 3 2 1 4 2 4 4 3 2 3 4 2 2 1 1 1 2 2 4 3 4 3 4 1 4 2 1 3 3 3 2 4 2 4 1 4 2 1 1 2 2 1 2 2 2 4 1 4 1 2 1 4 1 2 4 1 4 3 3 2 4 4 3 2 1 2 2 1 4 2 4 4 2 3 4 2 1 1 4 1 3 2 2 3 3 2 2 3 3 4 1 2 2 4 1 2 3 3 4 3 2 2 3 4 2 2 1 3 4 
4 3 2 4 2 4 3 1 4 4 4 1 2 3 1 2 3 1 4 4 1 3 2 4 3 1 3 4 4 3 2 2 1 4 1 3 1 4 4 4 1 3 4 2 4 2 1 3 4 2 4 2 2 2 3 2 4 1 4 2 1 4 3 3 3 1 3 4 4 1 2 1 3 2 3 1 1 3 1 4 1 2 2 4 1 2 1 3 1 1 3 1 1 2 3 2 2 3 1 4 4 2 4 1 4 3 1 4 2 4 3 4 3 2 1 2 4 4 3 1 4 3 4 2 3 2 4 4 1 2 3 4 2 4 2 3 2 3 4 4 4 4 4 4 1 3 3 1 2 3 3 1 1 4 2 2 4 4 3 3 4 4 1 1 3 2 4 
4 2 4 1 1 1 1 1 3 3 2 4 3 3 4 2 3 3 2 2 3 1 4 3 3 2 3 2 1 2 2 2 4 4 4 3 3 2 2 2 2 3 1 2 1 1 4 4 3 2 4 1 2 3 4 4 3 3 4 2 2 4 2 1 3 4 3 3 1 2 4 4 3 3 4 4 3 4 2 2 1 3 2 1 3 3 1 1 3 2 4 4 3 4 3 1 2 2 4 2 3 3 4 3 3 2 3 3 3 2 1 1 3 1 1 3 4 3 1 1 2 3 4 2 2 1 4 3 2 2 4 2 2 2 4 2 1 4 1 2 4 2 4 2 1 1 2 2 2 4 1 4 1 1 2 2 2 2 2 1 3 2 4 3 1 1 4 
4 1 3 4 3 4 1 3 2 2 4 1 2 3 4 1 2 3 3 1 1 2 3 4 3 3 1 2 3 4 3 2 1 2 2 3 2 1 2 2 3 1 4 4 4 4 1 4 2 1 2 1 1 1 3 1 3 4 2 3 1 2 4 2 4 4 4 3 2 3 3 1 4 2 3 3 1 3 1 4 3 1 2 1 1 1 2 1 3 2 3 3 2 1 3 3 4 3 2 1 1 2 4 1 4 2 2 1 4 2 4 1 4 4 3 1 4 1 1 1 3 1 4 3 1 4 2 4 3 3 2 3 1 3 1 2 1 1 3 1 2 1 2 3 3 1 2 4 2 2 3 3 3 3 2 3 3 1 3 2 1 1 3 3 4 1 4 
4 4 4 4 4 1 3 4 4 2 4 3 3 3 2 2 2 2 3 3 4 2 1 1 3 3 2 2 3 2 4 3 4 4 1 2 1 1 1 3 3 3 2 2 4 2 2 1 3 1 2 3 1 3 1 3 4 4 4 3 1 1 3 3 4 2 2 2 4 4 4 1 4 4 3 3 1 1 1 1 4 2 4 2 4 4 1 4 4 2 4 2 2 2 3 3 1 4 4 1 1 1 3 4 2 1 4 3 2 1 3 1 1 3 3 4 3 2 2 3 4 4 1 4 2 2 2 4 4 3 3 1 1 1 4 1 2 1 3 1 1 1 1 4 3 4 3 3 2 4 1 4 2 1 2 4 2 2 3 1 2 2 3 4 2 1 4 
4 2 2 3 4 3 4 4 2 1 4 2 1 3 1 1 4 4 3 3 2 1 2 1 3 4 1 2 1 4 3 1 1 2 4 4 4 2 1 2 1 1 1 1 1 3 4 2 2 3 3 3 1 4 3 3 1 1 1 1 4 4 4 2 3 4 2 1 2 2 1 4 2 4 3 2 4 4 4 2 2 3 3 4 3 4 1 3 2 4 4 3 4 3 1 1 3 3 2 3 2 2 1 4 3 3 2 3 2 3 2 3 3 3 3 1 1 2 4 4 2 2 2 3 4 1 4 1 1 1 3 2 1 4 4 3 1 3 2 1 4 4 2 4 2 2 1 1 3 4 3 4 4 3 4 2 3 2 1 4 1 1 1 3 3 1 4 
4 4 4 3 2 1 4 1 3 4 1 1 2 2 3 2 3 1 3 2 3 4 4 1 2 4 2 3 3 4 4 1 2 1 3 3 2 3 4 2 1 1 2 4 3 3 1 1 4 3 2 3 3 3 2 2 4 3 3 1 3 4 2 4 4 2 4 4 1 1 1 4 4 3 3 1 3 3 3 4 3 1 1 2 1 4 4 3 4 2 2 2 2 3 2 2 4 1 3 4 4 1 4 3 4 2 2 1 3 1 2 3 2 4 2 1 3 3 1 4 1 1 1 2 1 1 2 1 3 2 4 4 1 3 3 3 3 3 4 2 2 3 4 4 4 4 4 2 1 4 2 3 1 4 1 3 1 1 3 4 4 4 1 4 2 3 4 
4 2 1 1 1 1 1 1 3 2 3 2 2 4 3 2 2 2 3 1 4 3 3 4 3 4 2 1 1 3 2 2 4 1 3 3 3 3 2 3 4 1 2 3 4 1 2 3 3 1 3 4 1 2 1 4 4 2 1 1 1 2 2 4 2 4 4 2 1 2 3 1 3 3 4 2 2 2 2 3 1 1 4 4 2 3 2 2 3 2 1 3 3 2 2 3 4 4 3 1 4 4 3 3 3 3 1 1 4 2 1 4 4 1 2 3 3 2 4 1 2 1 4 1 2 2 4 3 1 3 1 3 1 1 4 4 4 3 3 3 3 3 3 2 4 4 3 3 3 3 3 3 1 1 4 4 1 3 3 4 1 3 2 4 3 3 4 
4 1 4 3 2 1 4 2 2 3 3 2 3 1 2 4 3 3 2 2 1 1 4 2 2 1 1 2 4 1 2 1 2 1 2 2 3 4 4 3 1 2 4 4 4 3 4 4 2 4 1 4 4 3 2 2 2 3 3 1 2 1 2 2 1 2 1 2 4 2 4 1 1 4 4 3 2 4 1 4 3 4 1 4 1 4 4 3 3 4 3 4 2 1 4 1 2 2 2 1 2 4 2 3 1 1 4 2 1 4 4 4 4 3 2 4 2 1 4 4 1 2 3 2 1 3 4 3 4 4 4 2 3 4 1 2 1 3 4 3 1 3 4 4 2 2 2 4 2 1 4 4 3 2 3 3 3 2 2 4 3 4 2 1 2 2 4 
4 2 4 3 4 3 3 3 1 1 1 4 3 4 1 1 3 1 3 4 1 4 3 1 4 2 2 2 2 2 2 3 2 4 2 4 1 3 4 1 1 2 1 4 2 2 4 3 1 4 2 4 2 1 1 2 2 4 1 1 2 3 2 3 2 4 4 2 3 1 1 2 2 3 1 2 1 3 1 4 3 4 4 1 4 2 2 3 4 4 1 4 4 2 4 4 1 3 1 2 4 3 2 3 2 2 3 1 4 3 4 4 2 3 3 3 3 1 3 4 2 2 3 4 2 4 4 1 4 1 1 2 3 3 2 1 1 4 3 3 1 4 3 2 3 2 4 3 2 4 2 2 3 4 3 3 3 3 2 1 1 4 2 3 3 4 4 
4 1 3 4 3 1 1 4 2 1 2 4 4 2 2 1 1 4 1 1 1 1 1 1 4 4 2 4 2 1 4 3 1 3 2 4 2 2 2 1 4 4 1 2 4 2 1 3 2 1 2 2 1 4 3 2 2 4 2 1 2 3 1 2 4 2 3 4 3 2 2 3 4 1 3 2 1 2 1 3 2 3 1 2 2 3 1 2 3 3 2 3 1 1 2 3 2 3 1 4 2 4 2 4 3 4 1 4 2 2 3 1 2 3 2 2 2 4 2 2 3 2 3 1 3 2 2 1 2 4 1 2 2 2 2 2 3 2 1 4 2 1 1 3 1 4 3 3 1 4 3 2 4 3 1 4 2 3 1 1 3 1 1 1 3 1 4 
4 2 1 4 4 3 4 4 3 4 3 2 3 2 4 3 1 1 2 4 1 3 1 3 1 1 2 4 2 3 4 2 4 1 2 3 1 3 3 2 3 3 1 4 2 4 2 3 4 2 2 2 3 3 2 3 1 3 4 3 2 3 4 4 2 1 4 1 4 1 3 4 3 3 3 1 2 1 4 4 3 4 3 2 1 2 3 4 1 1 1 2 3 2 2 4 4 4 1 3 2 1 1 3 3 1 2 2 2 4 4 2 3 3 3 3 3 4 3 3 2 1 3 3 3 3 2 3 3 3 1 2 3 2 1 2 3 3 1 1 3 3 4 1 2 3 2 2 4 1 3 2 1 1 2 1 3 3 1 4 4 2 3 3 4 4 4 
4 3 3 2 4 3 4 4 1 2 3 1 3 2 3 1 3 4 3 3 3 4 4 3 3 4 4 2 2 3 2 3 4 3 4 3 2 3 3 1 2 1 3 1 3 4 4 4 4 4 2 4 2 1 1 1 1 1 2 3 1 4 4 3 2 1 1 1 4 2 3 3 1 4 1 4 3 1 1 3 1 4 1 1 3 2 4 4 1 1 2 2 1 1 2 3 1 4 4 1 3 2 3 2 3 4 1 3 2 1 3 3 1 2 2 4 2 1 2 2 2 4 3 3 1 3 1 2 1 4 4 2 4 2 1 1 4 2 4 1 3 4 3 1 1 1 2 1 1 3 2 4 1 2 4 3 1 3 3 3 2 1 2 4 1 1 4 
4 4 4 4 4 4 4 4 4 4 4 4 4 4 4 4 4 4 4 4 4 4 4 4 4 4 4 4 4 4 4 4 4 4 4 4 4 4 4 4 4 4 4 4 4 4 4 4 4 4 4 4 4 4 4 4 4 4 4 4 4 4 4 4 4 4 4 4 4 4 4 4 4 4 4 4 4 4 4 4 4 4 4 4 4 4 4 4 4 4 4 4 4 4 4 4 4 4 4 4 4 4 4 4 4 4 4 4 4 4 4 4 4 4 4 4 4 4 4 4 4 4 4 4 4 4 4 4 4 4 4 4 4 4 4 4 4 4 4 4 4 4 4 4 4 4 4 4 4 4 4 4 4 4 4 4 4 4 4 4 4 4 4 4 4 4 4 

