30
1000
1000

[Node]
0  0  0   0  0
31 0  0   0  0

[pickup]
1       504960928      24          5
2       502795302      25          13
3       502795366      38          15
4       502795408      48          20
5       502795975      48          12
6       502785856      50          5
7       502795303      56          18
8       504507033      63          14
9       502970886      75          7
10      504609080      81          19
11      505246154      90          15
12      505235324      96          19
13      502795382      98          20
14      502795314      99          19
15      504750395      108         7
16      505238370      117         16
17      502787651      124         20
18      503619031      150         12
19      502794188      157         17
20      505195426      273         13
21      502947479      273         20
22      502794583      398         19
23      502798017      476         12
24      502785857      482         12
25      502786899      680         15
26      504930822      705         16
27      505229205      730         6
28      502789312      803         19
29      502795231      1000        17
30      505212230      1000        20

[Speed 0]
0.81
30.0   60.0 0.0 0.6
90.0   150 0.0 0.4
300.0  540.0 0.0 0.81
570.0 630.0 0.0 0.6
660.0 720.0 0.0 0.4
750.0 840.0 0.0 0.81

[Speed 1]
1.33
30.0   60.0 0.0 0.8
90.0   150 0.0 0.6
300.0  540.0 0.0 1.33
570.0 630.0 0.0 0.8
660.0 720.0 0.0 1.3
750.0 840.0 0.0 2

[Speed 2]
1.33
30.0   60.0 0.0 1.0
90.0   150 0.0 0.8
300.0  540.0 0.0 1.33
570.0 630.0 0.0 0.8
660.0 720.0 0.0 0.6
750.0 840.0 0.0 1.5

[Speed 3]
1.5
30.0   60.0 0.0 0.9
90.0   150 0.0 0.8
300.0  540.0 0.0 1.5
570.0 630.0 0.0 0.9
660.0 720.0 0.0 0.8
750.0 840.0 0.0 1.5

[Speed 4]
2
30.0   60.0 0.0 1.1
90.0   150 0.0 0.9
300.0  540.0 0.0 2
570.0 630.0 0.0 1.1
660.0 720.0 0.0 0.9
750.0 840.0 0.0 2

[speed choose matrix]
4 4 4 4 4 4 4 4 4 4 4 4 4 4 4 4 4 4 4 4 4 4 4 4 4 4 4 4 4 4 4 4 
4 3 2 4 2 3 3 3 4 2 4 3 1 4 1 3 3 2 3 2 4 2 3 4 2 1 1 4 2 1 3 4 
4 3 4 4 1 4 4 1 4 3 1 1 3 2 2 1 2 2 2 4 2 2 2 1 1 4 3 3 4 1 4 4 
4 3 1 2 1 2 1 3 2 3 2 3 4 2 4 1 3 2 1 1 4 1 3 3 1 1 3 4 4 2 1 4 
4 1 1 2 4 4 4 1 2 4 3 3 4 2 3 2 4 2 3 2 2 4 1 2 3 1 4 2 2 4 1 4 
4 2 2 1 3 1 4 4 1 3 1 1 1 4 4 1 1 2 2 1 4 2 2 3 2 3 3 4 4 3 1 4 
4 3 3 2 1 1 2 2 1 4 4 4 1 1 3 1 4 4 1 3 4 4 1 1 1 2 3 1 1 4 3 4 
4 4 3 2 1 4 3 3 1 2 2 4 4 3 3 2 4 1 1 2 1 2 1 3 4 3 4 4 2 4 4 4 
4 4 1 4 1 3 4 1 3 3 3 4 3 4 1 1 4 2 2 1 2 4 2 4 1 3 1 2 3 1 2 4 
4 3 1 2 2 4 4 2 2 1 3 4 4 4 4 4 3 3 1 2 1 4 4 3 2 1 2 2 3 2 4 4 
4 3 2 3 2 4 4 2 3 2 1 2 1 3 2 2 1 3 4 1 4 1 1 1 1 1 1 4 3 3 3 4 
4 2 4 1 1 3 4 3 3 1 2 2 2 2 1 1 2 3 2 1 3 1 2 3 2 2 4 4 2 3 1 4 
4 1 2 3 3 1 3 1 2 1 3 2 1 1 4 4 4 4 3 4 1 4 2 4 3 2 3 1 2 1 3 4 
4 4 1 2 4 4 1 4 4 1 1 1 2 1 2 1 4 3 2 4 1 4 1 1 1 1 2 3 2 4 2 4 
4 1 1 3 1 3 1 1 3 1 1 1 3 2 3 1 3 2 3 4 1 4 3 2 3 2 2 1 3 3 4 4 
4 2 3 1 4 1 4 2 4 4 1 1 2 1 3 3 4 4 3 2 3 1 4 3 4 3 3 3 4 1 4 4 
4 1 2 3 4 4 4 3 4 1 4 3 3 1 2 2 4 2 4 1 1 1 1 2 1 2 4 1 2 2 3 4 
4 1 2 1 3 4 2 3 4 2 3 3 3 4 3 4 1 2 1 4 2 4 3 4 3 4 4 2 1 4 3 4 
4 4 4 1 2 2 1 4 1 2 3 2 1 4 1 4 1 1 1 4 1 1 2 2 3 1 3 3 4 1 4 4 
4 4 2 2 3 3 2 1 2 3 3 4 1 1 3 3 1 4 1 1 1 4 4 4 1 4 2 3 4 4 3 4 
4 1 3 1 4 3 4 4 2 3 4 1 3 4 3 1 3 4 4 3 4 3 3 4 4 3 3 3 3 2 2 4 
4 2 2 3 2 3 4 2 4 4 1 2 4 1 2 1 3 1 3 2 4 4 3 4 2 4 4 3 2 3 2 4 
4 2 2 3 4 1 3 3 4 2 2 2 4 3 1 3 4 4 2 1 2 1 4 2 2 3 3 1 2 3 2 4 
4 1 4 1 4 2 3 4 2 3 4 4 4 2 1 2 3 1 3 4 2 2 3 4 3 1 3 2 4 3 3 4 
4 1 2 4 2 1 4 4 4 3 1 3 1 2 1 1 4 1 3 4 4 1 1 3 4 3 1 2 3 1 2 4 
4 1 4 2 3 1 3 3 1 4 3 2 2 3 1 2 3 3 4 1 4 1 4 3 1 1 1 2 4 3 3 4 
4 3 3 2 2 3 2 1 3 2 1 3 3 1 1 4 4 3 4 2 2 1 2 1 2 4 3 4 2 1 2 4 
4 2 3 3 4 4 2 3 2 1 2 3 3 1 1 3 1 1 3 1 2 1 3 1 1 3 1 1 3 4 1 4 
4 2 1 2 4 4 4 4 3 2 1 1 2 2 3 4 4 3 4 3 1 3 3 1 3 2 2 2 3 1 1 4 
4 4 2 1 2 4 4 4 1 4 3 3 1 1 4 1 3 4 2 1 4 4 2 3 4 4 4 2 3 2 3 4 
4 2 1 1 1 3 3 2 4 3 4 2 4 3 3 2 1 1 2 4 2 1 2 2 2 4 2 4 3 4 1 4 
4 4 4 4 4 4 4 4 4 4 4 4 4 4 4 4 4 4 4 4 4 4 4 4 4 4 4 4 4 4 4 4 

