41
700
1000

[Node]
0  0  0   0  0
42 0  0   0  0

[pickup]
1       502786491      21          15
2       503907150      24          5
3       504852746      25          10
4       505162674      27          16
5       504557490      54          9
6       504780339      54          5
7       502788559      56          5
8       505033597      63          9
9       503906574      63          18
10      504944097      70          11
11      505137551      88          14
12      502873629      105         18
13      502786561      111         16
14      504467511      118         7
15      502792385      122         7
16      502985617      126         6
17      504912045      131         11
18      503136759      136         15
19      504787660      162         8
20      502785872      164         13
21      503202377      175         6
22      504406686      176         15
23      503123568      180         8
24      505160758      198         15
25      502798266      201         7
26      503074190      208         10
27      502786480      209         5
28      502791236      210         19
29      502786484      236         6
30      504940726      258         17
31      502798846      259         19
32      504489902      280         15
33      504924578      283         5
34      504938844      334         18
35      503184278      402         6
36      502793835      408         13
37      502790625      426         18
38      504835356      466         13
39      502794668      476         14
40      502791109      513         8
41      504459915      653         19

[Speed 0]
0.81
30.0   60.0 0.0 0.6
90.0   150 0.0 0.4
300.0  540.0 0.0 0.81
570.0 630.0 0.0 0.6
660.0 720.0 0.0 0.4
750.0 840.0 0.0 0.81

[Speed 1]
1.33
30.0   60.0 0.0 0.8
90.0   150 0.0 0.6
300.0  540.0 0.0 1.33
570.0 630.0 0.0 0.8
660.0 720.0 0.0 1.3
750.0 840.0 0.0 2

[Speed 2]
1.33
30.0   60.0 0.0 1.0
90.0   150 0.0 0.8
300.0  540.0 0.0 1.33
570.0 630.0 0.0 0.8
660.0 720.0 0.0 0.6
750.0 840.0 0.0 1.5

[Speed 3]
1.5
30.0   60.0 0.0 0.9
90.0   150 0.0 0.8
300.0  540.0 0.0 1.5
570.0 630.0 0.0 0.9
660.0 720.0 0.0 0.8
750.0 840.0 0.0 1.5

[Speed 4]
2
30.0   60.0 0.0 1.1
90.0   150 0.0 0.9
300.0  540.0 0.0 2
570.0 630.0 0.0 1.1
660.0 720.0 0.0 0.9
750.0 840.0 0.0 2

[speed choose matrix]
4 4 4 4 4 4 4 4 4 4 4 4 4 4 4 4 4 4 4 4 4 4 4 4 4 4 4 4 4 4 4 4 4 4 4 4 4 4 4 4 4 4 4 
4 3 4 2 3 4 1 1 2 1 3 3 2 2 3 2 4 1 4 1 4 3 2 2 2 1 2 2 4 4 3 1 4 2 1 3 3 3 2 2 1 1 4 
4 1 4 3 2 3 2 2 2 4 4 1 4 4 3 1 1 2 2 3 1 3 1 3 4 4 1 1 1 3 2 3 1 4 1 1 4 3 4 3 3 1 4 
4 1 3 4 4 2 2 2 3 3 3 1 1 3 2 4 2 2 4 3 1 2 4 2 1 4 2 3 1 4 2 1 2 2 2 3 4 4 2 1 1 4 4 
4 3 3 1 4 4 1 1 1 2 2 3 1 3 4 3 2 4 4 4 2 4 1 1 4 1 4 1 1 4 3 2 2 4 2 2 1 4 3 1 2 2 4 
4 4 4 3 1 3 3 3 4 1 2 1 4 1 2 4 2 3 2 1 1 3 3 3 1 4 3 2 3 3 2 1 3 2 2 1 2 1 4 2 1 3 4 
4 1 1 4 1 1 2 2 4 1 3 2 4 4 3 2 4 3 2 2 1 4 2 1 3 3 4 3 1 2 3 1 3 2 1 2 2 3 3 4 3 3 4 
4 3 1 1 2 2 1 4 1 1 1 1 4 3 2 1 1 4 1 4 3 3 3 4 3 1 2 4 1 1 3 3 1 1 3 2 4 2 3 4 1 4 4 
4 1 2 4 2 3 4 3 2 3 4 2 4 1 2 1 2 3 4 3 4 1 3 4 4 2 1 3 2 4 3 1 4 3 1 4 3 4 2 1 1 2 4 
4 1 2 4 3 4 1 4 2 2 2 2 4 1 4 4 2 2 2 1 1 4 4 1 4 4 1 4 1 3 3 3 2 4 3 4 3 2 4 2 1 3 4 
4 3 4 2 1 4 3 4 3 1 2 2 2 1 3 2 4 4 2 4 3 1 1 1 2 2 1 4 1 3 2 2 4 3 1 4 4 2 2 2 2 4 4 
4 4 4 2 2 4 4 1 3 4 4 2 4 3 3 4 2 4 1 4 4 2 2 2 3 2 3 4 1 1 4 2 4 3 2 3 2 4 2 1 1 2 4 
4 3 1 4 1 4 1 4 1 1 2 4 3 4 3 1 2 1 4 1 3 1 1 2 1 2 1 4 2 1 3 4 1 1 4 2 2 3 4 1 3 2 4 
4 1 3 1 2 3 2 1 4 1 1 2 4 4 4 1 2 3 2 2 3 3 1 2 1 4 1 3 4 4 1 4 1 2 2 1 3 1 4 2 2 2 4 
4 2 3 1 4 3 2 3 4 4 2 3 1 1 2 3 3 2 4 4 3 3 2 3 2 4 1 2 2 4 4 3 3 1 1 2 4 4 2 1 2 2 4 
4 3 2 1 3 3 3 1 2 2 2 2 4 2 4 3 2 1 3 2 4 3 2 2 1 3 1 2 2 1 4 4 4 2 4 1 2 4 4 1 4 3 4 
4 1 1 4 4 2 1 3 2 4 4 2 4 1 1 3 2 2 1 4 3 2 1 3 1 2 1 2 3 3 1 4 2 2 1 1 3 3 1 1 1 2 4 
4 2 4 2 2 4 4 4 2 3 2 4 1 1 1 1 3 2 3 3 3 4 2 1 3 1 4 2 3 1 4 1 1 1 1 1 2 3 3 1 4 1 4 
4 3 4 1 3 1 1 4 2 1 1 3 1 3 2 2 4 1 1 3 1 2 3 3 2 1 2 4 3 3 4 4 4 3 3 1 1 2 1 3 1 4 4 
4 3 2 1 1 2 3 2 3 4 2 2 2 1 1 3 2 4 4 3 3 1 2 3 1 1 4 4 3 2 1 1 1 2 3 2 4 3 3 1 1 1 4 
4 1 1 2 2 3 1 2 1 4 3 4 3 2 3 1 4 1 2 2 3 4 4 4 2 1 3 1 2 1 1 2 3 4 1 1 4 2 2 2 1 3 4 
4 4 4 3 2 3 1 2 1 4 1 3 2 1 4 2 3 3 3 2 4 1 2 3 4 2 4 3 3 1 2 2 4 1 1 1 2 2 2 4 3 3 4 
4 3 3 3 1 3 1 4 3 3 3 3 2 2 2 2 1 3 3 4 1 2 4 4 2 4 1 4 1 2 2 1 1 2 2 3 4 1 3 2 2 4 4 
4 4 1 2 4 2 2 2 1 1 1 4 2 1 4 4 2 2 1 4 4 4 1 3 4 1 2 1 2 4 1 1 2 2 3 2 2 1 3 3 2 4 4 
4 4 2 3 1 1 4 4 4 2 3 4 3 2 1 4 4 1 1 1 1 4 4 2 1 2 3 1 2 3 2 2 1 1 3 1 2 2 2 3 3 1 4 
4 1 1 1 1 3 4 1 2 2 4 3 4 1 3 1 2 3 2 1 3 4 1 3 4 1 3 2 2 2 2 3 3 1 2 3 2 4 2 4 2 2 4 
4 1 4 2 4 2 2 3 4 1 2 2 1 3 2 2 4 3 2 1 3 3 4 4 4 2 2 3 3 2 4 4 4 2 1 1 4 2 4 2 4 4 4 
4 2 4 1 1 1 1 2 4 2 1 3 2 2 1 4 3 1 2 1 3 2 4 1 4 2 2 1 1 4 1 1 1 1 4 2 1 4 4 3 1 3 4 
4 1 4 2 4 3 1 3 2 3 1 3 3 4 4 1 4 2 1 1 2 3 3 3 2 4 3 4 4 1 1 3 1 4 1 1 3 2 4 1 1 2 4 
4 2 4 2 3 4 1 2 1 3 4 1 2 2 4 3 2 2 2 4 1 4 4 3 4 2 2 3 1 1 2 4 2 3 1 1 1 2 4 2 3 1 4 
4 2 3 2 3 1 3 3 3 1 4 3 3 3 3 1 2 4 1 2 4 4 3 1 2 1 4 4 4 2 2 4 2 1 1 2 2 4 2 1 1 1 4 
4 1 4 4 4 3 2 4 2 4 3 4 1 1 3 3 4 1 3 4 4 1 4 2 3 3 2 1 1 3 1 3 1 1 4 1 4 4 2 3 4 2 4 
4 4 2 2 3 2 3 2 3 4 1 4 1 1 4 3 2 4 3 3 2 2 1 4 4 3 2 3 1 1 4 2 4 4 4 3 4 1 1 1 1 4 4 
4 1 1 1 4 1 2 3 4 2 3 1 3 1 4 1 3 2 2 2 4 2 3 2 1 1 2 1 2 4 4 1 2 3 1 2 3 4 3 1 3 2 4 
4 2 3 4 4 1 2 2 4 2 4 1 1 1 1 4 4 2 2 2 4 2 2 4 4 1 2 1 4 2 3 2 3 2 3 3 3 1 2 2 4 3 4 
4 4 2 1 2 3 2 4 1 1 3 2 4 4 3 3 3 2 1 1 1 3 3 3 2 1 4 3 3 3 2 4 1 2 4 2 3 3 1 3 4 4 4 
4 4 1 3 4 3 1 4 3 2 1 1 2 4 3 3 1 2 1 4 2 1 2 4 2 2 1 4 1 4 1 2 1 1 3 1 1 2 3 1 3 2 4 
4 3 4 2 1 4 1 1 4 3 2 4 4 2 4 2 2 3 1 1 4 3 2 4 1 3 4 4 1 1 2 1 1 1 3 4 3 1 2 1 2 1 4 
4 1 2 4 1 3 4 3 2 1 1 3 3 4 1 2 3 1 2 2 4 2 2 2 3 1 2 3 4 4 3 1 3 3 1 1 1 1 1 4 4 4 4 
4 4 3 1 4 1 3 3 1 3 4 3 3 2 2 3 2 1 1 2 4 2 1 4 2 2 4 3 1 3 2 2 3 2 2 1 2 1 1 3 1 4 4 
4 1 4 3 1 2 3 2 3 1 1 1 1 1 4 4 1 3 1 1 1 4 4 2 1 1 4 3 1 4 3 4 1 4 3 3 4 3 3 3 1 4 4 
4 2 4 4 3 2 4 1 4 3 3 3 1 3 1 4 2 1 1 2 4 1 1 2 2 1 2 4 1 4 3 4 4 4 3 3 2 3 1 2 4 4 4 
4 4 4 4 4 4 4 4 4 4 4 4 4 4 4 4 4 4 4 4 4 4 4 4 4 4 4 4 4 4 4 4 4 4 4 4 4 4 4 4 4 4 4 

