43
1000
1000

[Node]
0  0  0   0  0
44 0  0   0  0

[pickup]
1       502898368      12          6
2       502788282      16          7
3       502785843      16          7
4       502795408      17          7
5       504960928      18          14
6       505123014      20          16
7       504944097      41          9
8       502795303      48          14
9       504512179      48          14
10      502795314      57          20
11      502801079      62          18
12      503907150      63          17
13      502795975      63          13
14      502795434      64          17
15      504609080      67          10
16      502833962      67          13
17      502794188      73          9
18      502970886      77          7
19      502799697      77          12
20      502795372      78          5
21      502795382      87          9
22      504507033      89          10
23      504139409      124         16
24      505164779      127         18
25      505195426      130         11
26      503074303      149         11
27      504940819      166         14
28      502787651      188         17
29      503108157      197         9
30      504317547      205         11
31      502947479      231         17
32      504814520      242         17
33      502791365      247         14
34      503226439      319         12
35      502794583      334         16
36      502798415      354         8
37      502789207      374         12
38      504608410      411         18
39      505229189      472         13
40      505052796      567         9
41      505218118      1000        13
42      504970852      1000        17
43      504940835      1000        18

[Speed 0]
0.81
30.0   60.0 0.0 0.6
90.0   150 0.0 0.4
300.0  540.0 0.0 0.81
570.0 630.0 0.0 0.6
660.0 720.0 0.0 0.4
750.0 840.0 0.0 0.81

[Speed 1]
1.33
30.0   60.0 0.0 0.8
90.0   150 0.0 0.6
300.0  540.0 0.0 1.33
570.0 630.0 0.0 0.8
660.0 720.0 0.0 1.3
750.0 840.0 0.0 2

[Speed 2]
1.33
30.0   60.0 0.0 1.0
90.0   150 0.0 0.8
300.0  540.0 0.0 1.33
570.0 630.0 0.0 0.8
660.0 720.0 0.0 0.6
750.0 840.0 0.0 1.5

[Speed 3]
1.5
30.0   60.0 0.0 0.9
90.0   150 0.0 0.8
300.0  540.0 0.0 1.5
570.0 630.0 0.0 0.9
660.0 720.0 0.0 0.8
750.0 840.0 0.0 1.5

[Speed 4]
2
30.0   60.0 0.0 1.1
90.0   150 0.0 0.9
300.0  540.0 0.0 2
570.0 630.0 0.0 1.1
660.0 720.0 0.0 0.9
750.0 840.0 0.0 2

[speed choose matrix]
4 4 4 4 4 4 4 4 4 4 4 4 4 4 4 4 4 4 4 4 4 4 4 4 4 4 4 4 4 4 4 4 4 4 4 4 4 4 4 4 4 4 4 4 4 
4 2 3 3 1 1 2 4 2 2 1 4 4 4 4 3 2 4 2 3 3 2 4 3 3 3 3 4 2 4 2 3 4 1 1 2 4 2 2 1 3 1 1 3 4 
4 2 2 4 1 3 3 4 2 3 4 2 3 1 4 2 2 4 2 2 3 4 4 3 3 3 1 3 1 3 1 1 2 4 1 4 3 2 3 3 4 3 3 1 4 
4 1 1 4 2 4 4 1 1 3 3 1 1 2 1 2 1 4 2 4 4 2 3 1 2 2 4 1 4 2 3 4 1 4 1 3 4 3 3 2 1 3 3 3 4 
4 3 1 3 4 1 3 1 3 4 1 4 3 4 1 4 4 4 4 1 3 4 4 4 4 1 1 1 1 4 3 2 2 2 2 1 1 1 4 3 1 2 1 2 4 
4 1 4 2 2 1 3 4 1 3 2 4 1 3 3 1 1 4 4 1 3 1 3 3 3 2 2 2 2 2 1 4 2 4 3 3 4 4 1 3 1 2 1 1 4 
4 4 3 4 4 1 3 1 4 3 3 4 4 1 1 4 3 2 3 3 1 4 3 4 3 4 3 2 1 4 1 1 3 1 2 4 3 2 1 1 3 2 4 1 4 
4 2 2 2 2 4 2 1 2 3 2 2 4 4 1 4 3 2 3 2 3 1 4 3 4 2 4 3 3 3 3 1 4 2 1 3 1 1 4 1 3 2 4 4 4 
4 4 2 3 1 1 2 3 1 4 3 3 1 3 3 3 2 2 3 1 1 3 4 4 4 4 3 4 3 4 2 3 1 2 4 3 2 2 2 2 3 2 4 2 4 
4 2 2 3 4 1 4 2 4 2 2 1 1 2 1 4 2 4 2 3 4 2 4 1 4 3 4 4 2 1 3 3 3 3 3 2 3 2 3 3 4 3 1 4 4 
4 4 1 2 1 2 3 2 3 4 4 3 2 1 1 3 4 2 1 1 2 3 1 3 2 1 1 3 3 3 2 3 2 3 1 3 1 3 2 3 2 2 2 2 4 
4 3 2 4 1 1 4 2 1 1 3 1 4 4 2 1 1 4 4 4 4 4 3 2 2 2 1 3 4 2 2 4 3 3 3 3 3 4 3 3 1 2 1 2 4 
4 4 2 3 2 3 2 4 3 1 1 3 4 3 3 3 2 2 2 1 3 2 4 4 4 1 1 1 1 2 2 1 2 3 3 3 3 3 2 4 2 3 1 3 4 
4 3 2 1 3 1 2 4 3 4 1 3 2 3 3 4 2 1 4 4 1 4 1 3 3 2 2 4 2 2 1 3 1 1 3 2 3 4 4 4 2 1 3 4 4 
4 4 1 4 3 4 3 1 2 4 1 1 4 1 2 4 1 3 2 3 1 2 4 1 2 3 4 3 1 4 1 4 2 3 2 1 4 3 3 1 2 4 1 4 4 
4 2 4 2 3 2 2 2 4 2 3 2 2 3 4 2 3 3 4 2 1 2 2 2 4 2 4 1 4 2 2 2 3 2 2 4 4 4 2 2 4 4 4 1 4 
4 1 1 1 3 1 4 2 4 4 1 2 3 3 2 3 1 2 1 4 3 4 3 3 2 3 4 2 2 3 4 3 2 3 2 1 2 4 4 1 3 1 2 2 4 
4 3 3 1 2 2 3 2 2 2 3 1 2 4 3 2 3 3 3 2 3 2 4 3 4 2 2 3 2 2 3 4 2 1 3 1 2 2 2 1 2 1 3 2 4 
4 2 2 3 1 4 3 2 3 2 4 1 2 3 3 3 3 1 3 4 2 4 2 3 3 4 3 1 2 3 4 2 2 4 2 2 3 3 2 2 1 1 1 1 4 
4 2 3 4 3 2 3 4 4 1 3 3 2 3 4 1 1 1 1 3 2 3 1 4 4 1 4 2 1 3 3 2 3 1 4 3 2 3 1 3 4 3 1 4 4 
4 1 3 3 4 3 2 1 2 1 4 3 1 2 3 3 1 3 1 4 1 3 3 2 1 4 2 2 2 3 1 4 1 3 2 2 1 1 3 4 3 1 3 1 4 
4 1 3 3 4 1 3 4 4 1 3 1 1 3 1 3 4 4 4 2 3 1 2 3 2 3 2 1 2 3 1 2 4 2 1 2 3 3 4 1 3 4 3 4 4 
4 1 4 3 3 4 3 1 1 3 3 2 3 4 2 3 2 3 1 2 3 1 3 1 3 1 2 3 1 2 2 1 4 2 4 3 1 3 2 2 3 1 2 2 4 
4 1 1 4 4 4 4 4 3 1 2 1 4 3 3 4 2 1 1 1 4 4 3 4 1 4 1 2 1 3 4 4 2 4 1 3 3 4 1 1 1 1 3 3 4 
4 1 1 1 3 1 3 2 1 1 1 2 4 4 1 3 2 3 2 4 4 4 3 2 1 4 3 1 1 4 2 3 4 3 1 2 4 4 4 2 2 4 1 3 4 
4 3 3 3 4 3 1 4 2 4 1 4 2 2 3 4 3 1 3 2 1 2 2 2 1 4 3 4 1 1 1 4 3 4 2 1 1 4 3 3 2 1 2 1 4 
4 2 1 2 3 1 4 4 1 4 2 1 3 1 2 3 1 4 2 2 4 2 2 1 4 4 2 1 3 1 3 2 1 1 3 4 3 1 3 1 4 4 4 2 4 
4 1 1 1 4 4 3 4 2 4 4 2 4 1 3 2 2 2 1 4 3 4 1 2 3 1 1 1 3 1 1 3 2 1 1 4 3 1 4 1 2 3 2 4 4 
4 1 3 3 2 4 1 4 3 1 2 3 4 4 4 2 1 4 1 4 2 3 1 3 2 2 3 4 1 3 3 4 3 2 4 3 4 4 4 1 4 3 4 2 4 
4 1 2 4 4 1 4 4 3 4 4 1 1 1 3 3 1 3 4 4 4 4 2 1 4 1 2 4 1 4 3 4 1 2 2 3 3 3 2 4 2 3 4 1 4 
4 3 4 4 3 2 1 2 3 2 1 1 3 2 2 4 2 2 3 1 2 3 3 4 1 2 4 2 2 4 3 3 1 2 1 3 2 4 4 1 1 1 4 2 4 
4 3 1 3 3 3 3 4 4 2 2 2 4 1 4 2 3 2 3 3 4 2 2 1 2 3 1 3 4 4 4 3 1 3 1 2 1 1 1 1 1 1 4 2 4 
4 3 2 4 1 4 1 1 2 3 1 3 1 2 1 2 3 2 2 1 2 1 1 3 1 4 4 1 1 3 1 2 3 2 4 1 4 2 4 4 3 4 4 2 4 
4 4 3 2 3 2 4 3 4 3 1 3 4 4 3 1 4 2 2 4 1 4 4 2 3 4 2 2 1 3 2 3 2 3 4 2 1 1 3 1 4 4 1 2 4 
4 4 4 2 2 1 3 2 2 2 3 1 3 2 1 4 4 2 4 2 2 2 2 1 1 4 2 4 4 1 3 2 2 1 4 1 1 3 2 3 1 4 3 4 4 
4 4 3 2 3 1 4 1 2 4 3 2 3 2 4 2 1 3 2 1 3 3 3 3 2 1 3 2 4 1 3 1 4 4 1 4 4 1 4 4 2 4 4 2 4 
4 4 3 4 4 4 1 4 1 2 2 2 2 1 4 3 3 3 1 1 2 2 4 3 3 1 1 1 3 3 2 4 2 2 2 1 1 4 4 4 3 1 1 2 4 
4 2 2 3 1 2 4 3 3 2 1 3 3 1 2 3 1 3 3 4 1 2 1 2 2 2 2 2 1 2 2 4 3 1 1 2 1 3 3 4 2 1 4 4 4 
4 3 4 4 2 4 3 2 2 3 3 3 2 1 4 3 2 1 4 3 2 1 4 2 4 4 4 4 4 1 1 3 3 1 3 1 4 2 3 1 1 4 1 4 4 
4 2 4 3 4 4 2 4 3 3 3 1 4 4 1 3 1 4 1 3 4 4 3 4 1 4 2 1 2 1 4 2 3 4 2 3 2 2 2 4 3 2 3 3 4 
4 4 3 2 1 2 2 4 1 3 2 3 4 2 1 3 2 2 4 1 4 4 1 3 2 4 4 1 2 3 4 2 1 2 4 4 2 1 1 1 1 1 4 4 4 
4 4 3 1 3 4 4 1 2 4 1 1 4 3 1 3 4 1 1 2 4 3 3 4 2 4 3 2 2 3 2 1 1 2 2 2 4 1 2 4 1 4 2 1 4 
4 3 2 4 2 4 2 2 2 3 2 4 2 2 2 2 3 1 1 3 1 2 1 1 1 4 3 1 1 1 4 3 2 3 1 1 1 4 3 2 3 1 2 1 4 
4 2 4 3 4 2 1 3 3 2 2 1 3 2 3 1 3 3 2 1 1 3 2 3 2 3 4 2 1 3 1 4 4 2 4 4 4 4 1 4 3 1 1 4 4 
4 4 4 4 4 4 4 4 4 4 4 4 4 4 4 4 4 4 4 4 4 4 4 4 4 4 4 4 4 4 4 4 4 4 4 4 4 4 4 4 4 4 4 4 4 

