44
1000
1000

[Node]
0  0  0   0  0
45 0  0   0  0

[pickup]
1       504844669      21          10
2       504999730      36          17
3       505179308      47          10
4       502792437      52          18
5       504467511      64          16
6       503207090      70          7
7       502958598      74          12
8       505145108      79          19
9       505096954      80          8
10      504865782      85          5
11      505115866      89          8
12      502798247      90          9
13      505112367      91          8
14      504782558      96          15
15      502997308      109         16
16      504995287      112         15
17      502786834      115         16
18      505190963      119         10
19      504406686      142         16
20      504941658      144         9
21      502795290      155         7
22      502798824      161         11
23      504539530      163         5
24      504940723      166         5
25      503900481      191         6
26      504735557      200         17
27      502786480      243         10
28      503107234      247         8
29      505190348      248         14
30      504950887      268         10
31      504940829      296         17
32      504489902      298         17
33      505088719      301         17
34      502786498      376         9
35      504938844      434         10
36      505170466      478         15
37      503900603      515         18
38      502786974      554         12
39      502790625      616         8
40      504750395      643         7
41      504783205      683         8
42      504938851      710         15
43      505186925      1000        11
44      502795231      1000        11

[Speed 0]
0.81
30.0   60.0 0.0 0.6
90.0   150 0.0 0.4
300.0  540.0 0.0 0.81
570.0 630.0 0.0 0.6
660.0 720.0 0.0 0.4
750.0 840.0 0.0 0.81

[Speed 1]
1.33
30.0   60.0 0.0 0.8
90.0   150 0.0 0.6
300.0  540.0 0.0 1.33
570.0 630.0 0.0 0.8
660.0 720.0 0.0 1.3
750.0 840.0 0.0 2

[Speed 2]
1.33
30.0   60.0 0.0 1.0
90.0   150 0.0 0.8
300.0  540.0 0.0 1.33
570.0 630.0 0.0 0.8
660.0 720.0 0.0 0.6
750.0 840.0 0.0 1.5

[Speed 3]
1.5
30.0   60.0 0.0 0.9
90.0   150 0.0 0.8
300.0  540.0 0.0 1.5
570.0 630.0 0.0 0.9
660.0 720.0 0.0 0.8
750.0 840.0 0.0 1.5

[Speed 4]
2
30.0   60.0 0.0 1.1
90.0   150 0.0 0.9
300.0  540.0 0.0 2
570.0 630.0 0.0 1.1
660.0 720.0 0.0 0.9
750.0 840.0 0.0 2

[speed choose matrix]
4 4 4 4 4 4 4 4 4 4 4 4 4 4 4 4 4 4 4 4 4 4 4 4 4 4 4 4 4 4 4 4 4 4 4 4 4 4 4 4 4 4 4 4 4 4 
4 2 2 4 4 4 3 4 1 4 3 4 4 1 3 3 4 3 3 1 4 2 1 4 3 2 1 2 4 3 3 1 3 3 4 2 2 3 2 3 1 2 3 3 1 4 
4 2 1 1 4 1 4 3 3 1 4 2 1 4 4 1 3 2 2 3 3 3 3 1 3 4 4 3 4 3 2 4 4 4 4 4 3 1 3 3 4 1 1 4 2 4 
4 2 2 4 1 1 2 3 3 1 3 3 1 3 3 2 4 2 1 3 4 1 4 4 4 4 1 3 3 3 3 3 4 1 3 2 4 3 3 3 1 2 1 4 2 4 
4 3 3 3 2 2 2 1 2 3 3 1 3 3 4 3 4 3 1 3 2 4 2 2 3 1 4 3 1 4 2 3 4 4 3 3 3 3 1 1 4 1 2 3 2 4 
4 3 2 3 4 4 2 2 4 1 1 3 2 1 4 4 3 2 3 3 3 1 1 1 4 1 2 4 2 3 2 1 2 1 1 2 2 2 1 3 1 3 1 3 1 4 
4 4 3 3 1 3 3 2 4 3 2 1 2 1 1 3 2 3 2 2 3 2 1 1 3 2 3 1 1 2 1 2 3 3 2 2 2 3 3 3 2 1 4 4 2 4 
4 3 4 1 2 3 1 2 1 2 1 3 1 1 4 4 3 2 1 1 4 2 1 3 4 2 1 2 2 1 1 3 3 1 4 3 2 1 3 3 3 2 1 2 4 4 
4 1 4 4 2 2 4 1 1 1 2 2 1 4 2 3 4 1 3 4 4 1 1 1 3 4 3 3 4 3 1 4 3 2 3 1 3 2 1 1 3 1 3 4 1 4 
4 2 4 4 1 2 2 3 3 2 1 4 2 1 3 3 2 3 1 2 4 3 3 1 2 4 1 3 1 4 4 1 3 1 4 3 3 4 3 2 1 3 2 2 4 4 
4 2 3 2 2 3 3 4 3 1 4 1 4 1 4 2 2 4 1 3 4 1 3 3 1 1 1 4 1 1 4 2 1 2 2 2 4 4 1 2 1 4 2 1 2 4 
4 3 4 3 4 3 2 2 2 1 1 3 3 2 3 1 3 4 1 1 1 3 1 4 3 2 4 1 2 3 4 4 4 1 4 3 2 2 4 2 4 1 3 3 2 4 
4 1 2 1 3 3 2 2 2 2 2 1 2 2 1 2 3 4 4 2 2 3 4 4 1 4 4 2 1 3 2 2 4 2 4 4 2 4 4 4 3 3 2 4 1 4 
4 2 3 1 1 1 2 2 3 4 1 1 4 1 1 2 2 3 2 2 1 2 3 2 3 2 3 4 4 2 3 1 3 3 1 2 2 1 4 1 2 2 1 2 1 4 
4 1 1 4 2 4 2 3 2 2 2 1 3 1 3 3 2 1 1 4 1 3 1 1 2 3 3 1 4 2 1 3 2 4 3 3 3 3 2 3 3 4 4 4 1 4 
4 2 4 1 1 3 3 2 4 3 4 3 2 2 1 2 4 1 4 2 1 3 4 3 3 2 4 1 1 3 2 1 2 2 4 3 3 4 4 4 1 2 1 2 4 4 
4 3 2 4 3 1 2 2 1 1 1 4 4 3 4 1 2 4 2 1 2 1 1 4 2 2 3 3 2 4 1 4 3 2 2 3 4 2 3 2 2 3 1 4 3 4 
4 1 1 4 3 2 2 3 4 3 4 1 3 3 4 2 4 3 1 4 4 2 3 1 3 4 3 3 2 2 1 4 3 2 2 4 3 3 1 2 1 2 2 1 4 4 
4 2 3 3 4 2 1 2 4 1 2 3 3 4 2 3 1 2 1 2 1 1 3 4 4 1 3 1 4 2 2 1 2 2 4 2 4 1 4 4 1 4 2 1 4 4 
4 4 3 1 4 1 1 3 3 1 4 1 3 4 1 2 4 2 3 1 3 1 3 4 1 3 1 4 3 2 3 2 4 3 3 2 1 3 3 1 1 4 3 2 3 4 
4 4 4 1 4 4 4 4 2 3 4 1 1 1 3 4 1 3 4 2 3 4 1 1 2 1 1 4 1 2 4 2 3 3 3 4 4 3 2 2 2 2 1 3 4 4 
4 3 3 2 3 4 3 4 4 2 2 1 2 3 2 2 2 3 3 3 2 1 2 4 2 1 2 4 3 2 4 1 1 1 4 4 2 2 3 1 4 1 3 1 3 4 
4 2 4 4 3 1 2 2 4 2 2 4 1 2 2 4 1 1 4 3 2 1 2 2 2 4 4 1 4 3 4 1 2 1 3 2 1 4 4 1 3 1 2 3 4 4 
4 2 4 4 4 4 4 4 1 1 4 2 4 4 1 1 2 2 3 1 4 4 2 4 2 3 4 1 2 4 2 4 3 4 4 3 4 3 3 2 4 3 1 4 3 4 
4 3 3 4 2 2 4 4 3 3 2 3 4 3 4 1 3 2 4 3 3 4 1 3 4 4 4 4 2 2 3 2 1 2 1 3 2 2 1 2 3 2 4 1 3 4 
4 4 1 2 4 3 1 2 3 2 4 1 3 3 2 4 2 2 1 2 2 3 4 2 4 4 1 3 2 1 4 4 1 4 2 2 2 3 1 4 4 4 2 3 1 4 
4 2 3 1 2 4 4 4 2 3 4 4 1 1 4 3 2 4 2 2 2 4 1 1 3 1 2 3 2 4 2 2 1 1 2 1 3 4 1 1 3 2 2 2 1 4 
4 2 3 1 1 4 1 4 4 3 3 2 1 2 2 4 3 1 1 1 2 2 2 2 1 1 2 4 1 3 4 4 2 3 4 2 4 3 4 1 1 2 4 2 2 4 
4 1 4 3 4 4 2 2 2 1 1 2 3 1 4 1 2 1 3 3 3 2 3 1 1 4 3 4 2 2 2 4 3 4 1 4 2 2 3 1 3 2 1 2 2 4 
4 3 2 2 4 3 2 1 2 1 1 4 1 1 1 3 2 1 2 3 2 4 3 3 1 1 4 4 4 4 2 1 2 1 1 1 1 1 3 2 3 3 1 4 2 4 
4 3 2 1 3 1 4 1 2 2 3 3 4 3 4 3 3 2 2 1 4 4 1 2 4 1 4 1 4 3 4 3 1 3 4 1 4 3 3 4 2 4 3 3 4 4 
4 3 3 2 2 1 3 4 3 1 1 3 4 2 4 4 2 2 1 4 4 3 3 4 4 3 2 4 3 4 2 3 4 2 2 2 3 4 1 1 2 3 1 2 2 4 
4 2 1 1 4 4 2 2 3 4 4 2 3 1 2 4 2 2 1 3 2 4 3 3 3 2 1 2 3 1 1 1 3 3 3 4 2 4 3 3 1 4 1 2 1 4 
4 3 2 3 4 3 1 2 2 1 3 1 1 4 3 3 1 2 2 4 4 1 3 2 4 3 3 1 2 3 2 2 4 1 3 3 1 3 4 4 1 3 3 2 2 4 
4 3 2 3 3 2 1 1 2 2 1 4 4 1 2 4 1 2 1 3 1 3 2 3 4 2 3 2 2 2 3 2 1 4 3 1 3 1 4 4 2 2 1 3 3 4 
4 4 2 4 4 1 3 3 2 1 3 3 2 3 3 2 4 4 3 2 4 4 4 2 1 2 4 2 3 3 2 1 4 2 1 2 1 1 1 4 2 1 1 2 4 4 
4 1 1 3 3 4 1 2 2 2 4 2 4 3 4 3 2 3 1 2 3 1 4 3 4 3 4 2 2 1 1 3 2 4 3 4 1 3 4 3 3 4 3 3 1 4 
4 4 1 3 4 3 4 1 3 4 4 3 3 4 1 3 4 1 2 2 4 2 3 4 1 4 3 4 2 3 1 2 4 1 4 1 3 3 3 4 4 1 2 1 4 4 
4 4 4 4 4 3 1 4 1 3 3 4 2 3 3 2 2 1 2 1 4 2 2 1 1 1 4 2 2 3 1 3 2 3 4 1 2 2 4 2 4 3 3 2 1 4 
4 4 1 2 3 1 4 1 1 1 3 3 2 3 2 3 1 1 2 2 4 3 3 2 4 2 2 4 2 3 2 3 2 4 2 2 2 4 3 1 3 2 3 2 4 4 
4 2 1 1 3 2 2 3 4 3 1 4 1 3 3 4 3 2 2 3 4 2 3 3 2 1 4 3 2 2 1 4 1 3 2 3 3 3 2 3 3 4 4 3 4 4 
4 2 4 4 2 1 4 2 2 4 4 3 4 1 1 2 4 3 3 2 4 2 1 3 3 3 4 3 1 4 2 4 2 2 2 4 1 1 4 4 4 3 2 1 1 4 
4 2 1 4 4 2 2 4 3 2 1 4 1 4 2 2 4 3 2 1 3 3 2 3 1 1 3 3 2 3 4 3 2 3 1 4 4 1 3 3 4 3 4 4 1 4 
4 3 3 2 4 2 2 3 2 3 2 3 4 2 1 2 4 1 2 2 1 4 2 3 2 2 2 4 3 2 4 2 1 4 4 2 4 4 2 2 3 3 3 4 3 4 
4 2 3 4 1 1 4 4 2 3 1 1 3 4 1 2 2 4 1 3 2 2 2 1 4 4 2 4 2 4 4 4 3 3 2 2 3 3 3 3 2 3 1 2 4 4 
4 4 4 4 4 4 4 4 4 4 4 4 4 4 4 4 4 4 4 4 4 4 4 4 4 4 4 4 4 4 4 4 4 4 4 4 4 4 4 4 4 4 4 4 4 4 

