51
1000
1000

[Node]
0  0  0   0  0
52 0  0   0  0

[pickup]
1       502800395      23          19
2       502786491      31          17
3       502792385      42          18
4       504557490      45          14
5       504563723      60          6
6       503240801      62          7
7       504549590      76          8
8       502788388      79          5
9       504780339      84          19
10      504486727      93          16
11      504579938      103         10
12      505117077      113         12
13      505033597      116         20
14      502792057      123         18
15      504467511      124         13
16      504888671      127         18
17      504845350      131         15
18      503906574      133         9
19      505160192      142         14
20      502798649      174         7
21      504306349      189         17
22      504940738      207         16
23      502791236      211         6
24      502786480      212         11
25      504699548      213         5
26      502785877      218         18
27      504548682      227         10
28      503537615      228         8
29      504491355      241         9
30      504489902      258         10
31      502786487      262         13
32      502786561      309         12
33      502798241      312         8
34      502787414      342         16
35      502790625      356         10
36      502785862      359         12
37      505082920      379         12
38      502794067      399         6
39      502798842      420         10
40      504639383      423         5
41      504835356      441         6
42      504912045      495         20
43      504924578      549         15
44      504783211      553         11
45      502793835      599         17
46      504040924      856         12
47      505195369      881         11
48      504930822      1000        8
49      502785853      1000        17
50      504555619      1000        15
51      504940835      1000        18

[Speed 0]
0.81
30.0   60.0 0.0 0.6
90.0   150 0.0 0.4
300.0  540.0 0.0 0.81
570.0 630.0 0.0 0.6
660.0 720.0 0.0 0.4
750.0 840.0 0.0 0.81

[Speed 1]
1.33
30.0   60.0 0.0 0.8
90.0   150 0.0 0.6
300.0  540.0 0.0 1.33
570.0 630.0 0.0 0.8
660.0 720.0 0.0 1.3
750.0 840.0 0.0 2

[Speed 2]
1.33
30.0   60.0 0.0 1.0
90.0   150 0.0 0.8
300.0  540.0 0.0 1.33
570.0 630.0 0.0 0.8
660.0 720.0 0.0 0.6
750.0 840.0 0.0 1.5

[Speed 3]
1.5
30.0   60.0 0.0 0.9
90.0   150 0.0 0.8
300.0  540.0 0.0 1.5
570.0 630.0 0.0 0.9
660.0 720.0 0.0 0.8
750.0 840.0 0.0 1.5

[Speed 4]
2
30.0   60.0 0.0 1.1
90.0   150 0.0 0.9
300.0  540.0 0.0 2
570.0 630.0 0.0 1.1
660.0 720.0 0.0 0.9
750.0 840.0 0.0 2

[speed choose matrix]
4 4 4 4 4 4 4 4 4 4 4 4 4 4 4 4 4 4 4 4 4 4 4 4 4 4 4 4 4 4 4 4 4 4 4 4 4 4 4 4 4 4 4 4 4 4 4 4 4 4 4 4 4 
4 3 4 3 4 3 3 2 1 1 4 1 3 2 4 4 4 1 1 3 4 2 4 1 3 4 2 3 1 4 4 4 2 4 1 4 1 4 1 1 4 4 1 2 1 2 3 4 2 4 4 3 4 
4 1 3 4 1 4 3 4 4 3 2 4 2 2 4 1 2 2 2 1 1 1 2 2 4 4 1 1 3 2 2 3 4 4 2 4 2 4 2 4 2 1 1 4 4 3 1 4 2 3 2 3 4 
4 1 1 4 4 1 1 4 1 1 1 1 1 3 1 1 4 4 4 1 4 4 3 3 3 4 4 3 1 2 1 2 3 2 2 3 4 3 2 2 1 3 4 3 4 2 4 2 2 3 4 2 4 
4 1 1 3 2 1 1 1 4 4 4 1 2 4 4 4 1 1 1 3 1 1 2 1 4 3 4 1 1 1 3 4 4 4 1 4 4 3 3 4 2 3 1 2 2 4 3 4 2 4 3 1 4 
4 3 2 3 3 4 4 3 2 4 1 3 2 3 1 2 3 2 2 3 3 4 1 4 4 2 3 1 1 1 2 4 1 1 3 1 2 2 2 2 1 2 4 3 3 3 1 4 1 2 4 1 4 
4 4 2 2 2 3 3 1 2 4 2 3 4 1 4 4 2 3 4 3 2 2 2 4 1 1 4 1 1 2 3 2 3 4 2 2 3 1 3 2 4 1 3 4 3 3 2 4 4 2 2 1 4 
4 3 4 4 2 3 4 3 3 2 2 2 2 4 4 2 1 4 2 2 2 2 3 3 3 3 1 3 2 4 3 1 1 1 3 3 1 2 2 4 2 3 3 4 2 1 1 3 1 3 4 1 4 
4 1 1 1 2 2 4 1 3 4 4 4 1 4 4 4 4 2 3 2 1 2 4 3 2 2 4 1 1 1 2 4 2 4 1 1 4 3 2 4 2 2 4 2 2 1 4 3 1 2 1 4 4 
4 4 4 1 1 2 2 2 4 2 3 4 3 3 1 3 3 4 2 3 1 4 2 1 2 3 4 3 1 1 4 1 3 2 1 3 2 1 3 4 4 4 2 3 3 4 4 1 1 1 3 1 4 
4 1 1 3 3 4 2 1 3 2 2 4 1 2 3 3 1 2 2 3 4 2 2 2 1 4 4 1 1 4 3 4 2 2 1 4 3 2 1 3 3 4 4 1 3 2 2 2 3 2 2 2 4 
4 2 3 3 2 4 3 2 4 2 4 1 4 4 3 2 3 4 4 1 3 2 1 2 1 3 3 3 3 4 2 2 4 3 4 4 3 3 4 4 1 4 3 2 4 2 1 4 1 4 4 4 4 
4 1 3 2 1 2 3 3 2 1 1 4 1 3 3 1 1 4 2 2 2 2 1 4 4 2 4 3 2 1 1 3 2 3 1 2 4 3 2 1 1 1 3 3 1 2 4 4 3 1 2 4 4 
4 4 2 1 2 2 3 3 4 3 1 2 1 3 1 3 2 2 4 1 4 2 2 2 3 3 4 1 2 4 4 1 3 3 2 2 4 4 1 2 1 4 4 1 2 2 3 2 3 3 4 3 4 
4 2 4 4 2 3 3 2 2 3 4 1 4 2 2 2 1 1 1 1 2 4 4 2 2 4 2 2 3 1 4 3 3 2 2 2 1 2 2 2 4 4 3 2 3 1 4 1 3 2 1 1 4 
4 4 2 4 4 1 1 2 1 2 4 4 1 4 3 2 1 3 2 4 1 2 4 3 2 3 4 2 3 3 4 3 2 3 2 2 1 1 2 1 4 2 4 4 3 2 1 1 4 4 4 1 4 
4 1 2 4 4 3 3 2 1 3 1 1 4 2 2 3 4 3 2 1 3 2 3 3 1 3 3 1 1 4 1 3 2 1 3 2 3 1 2 4 4 1 2 1 4 4 2 3 4 4 1 1 4 
4 3 1 1 2 3 2 4 4 3 1 2 3 4 2 3 1 3 3 2 2 1 1 3 1 1 4 4 1 3 2 4 2 2 1 2 1 1 1 3 4 2 1 2 2 2 1 4 3 4 2 2 4 
4 4 3 2 3 3 4 1 3 4 3 1 1 2 1 4 3 1 1 2 1 4 3 4 1 1 2 3 1 3 2 4 1 2 2 3 2 1 1 2 2 3 1 3 3 4 3 1 1 2 1 3 4 
4 3 4 2 4 4 4 2 4 4 4 4 1 4 4 3 2 3 1 3 1 4 3 3 1 4 3 4 4 1 1 4 2 3 4 1 3 1 3 4 1 4 4 4 3 2 2 3 3 2 4 4 4 
4 3 1 2 1 1 1 1 1 4 3 3 1 4 1 4 3 2 1 3 2 4 2 2 2 4 1 4 4 3 4 2 3 2 2 4 4 3 3 4 1 4 2 3 3 4 4 4 1 1 1 4 4 
4 2 2 2 1 1 2 4 3 1 2 2 3 2 4 2 3 2 3 3 1 3 3 2 4 4 2 3 2 4 3 2 4 4 1 4 2 2 3 2 4 2 3 1 1 4 3 2 1 4 2 1 4 
4 1 4 3 1 4 1 4 4 3 4 3 3 2 1 2 3 3 2 4 3 1 2 1 1 2 4 4 2 4 1 2 2 4 2 4 2 4 3 3 3 4 3 3 2 2 3 4 3 1 2 3 4 
4 2 4 2 3 1 4 1 4 2 4 1 2 3 2 1 3 3 4 4 2 3 1 3 1 2 1 4 1 4 4 1 3 4 3 1 3 2 2 1 2 1 3 2 4 1 4 2 4 2 1 3 4 
4 1 3 2 1 4 3 3 2 1 2 3 3 4 3 2 3 2 1 4 3 1 2 2 4 4 3 4 1 4 3 1 4 2 1 1 3 3 3 1 2 4 1 3 3 1 3 1 2 3 3 3 4 
4 4 1 4 3 2 2 2 4 1 4 3 3 4 4 3 2 1 3 1 1 2 1 2 1 3 1 1 2 2 2 4 3 3 3 3 1 2 1 1 3 3 2 2 3 3 4 1 1 3 2 3 4 
4 3 4 2 3 2 4 1 4 3 1 4 2 4 2 1 4 4 3 2 3 1 2 1 3 3 3 2 1 3 1 2 4 2 4 3 1 3 1 4 4 3 4 4 3 3 3 1 2 1 3 1 4 
4 3 2 2 2 1 2 1 2 3 3 3 2 3 2 4 4 2 3 1 1 4 1 1 2 2 1 1 3 2 1 4 1 4 1 4 3 2 3 3 1 3 2 4 3 1 2 1 1 2 1 3 4 
4 1 1 3 1 3 4 3 2 1 2 4 4 2 1 4 4 2 1 1 1 1 4 3 4 3 1 4 1 1 2 3 2 3 1 2 1 1 3 1 2 4 4 3 2 1 1 4 3 4 3 2 4 
4 3 4 1 1 2 1 3 3 1 3 4 1 3 1 3 4 2 3 2 2 4 3 1 4 1 3 1 3 1 3 3 1 2 3 1 2 4 1 4 1 2 3 2 3 4 1 2 4 2 3 2 4 
4 4 2 1 2 3 4 2 4 4 2 1 3 3 1 4 3 3 4 4 1 1 1 4 1 4 1 2 1 1 4 2 4 3 3 3 2 2 2 2 1 4 1 4 4 2 1 2 2 4 2 1 4 
4 3 4 2 1 4 3 3 4 1 1 2 1 3 1 2 2 4 4 1 2 2 3 2 1 2 2 1 3 3 2 2 2 1 4 4 3 1 3 1 2 2 4 3 4 4 4 2 2 4 2 2 4 
4 4 1 4 2 3 4 3 2 4 2 4 1 1 4 2 2 3 2 3 4 4 3 3 3 3 3 3 2 2 4 3 1 4 2 3 2 1 4 4 4 1 2 3 2 2 4 4 2 4 1 4 4 
4 1 2 4 1 1 3 3 3 4 4 2 4 3 2 3 2 1 2 3 4 1 2 1 3 2 4 1 4 3 1 2 1 3 2 2 4 3 2 4 1 2 2 4 4 3 1 3 2 1 4 2 4 
4 4 3 1 1 3 1 2 1 3 3 3 1 4 1 3 4 1 1 1 2 2 1 2 3 4 3 3 4 4 2 3 2 1 3 3 1 2 3 2 2 4 4 2 4 2 3 4 3 4 2 2 4 
4 2 4 1 3 1 2 4 3 1 4 3 2 4 4 3 2 2 3 1 3 3 2 1 4 4 3 3 3 3 1 1 3 3 2 1 1 3 2 4 2 3 4 2 4 2 2 2 2 4 2 1 4 
4 3 3 3 3 2 3 2 4 3 1 4 1 3 1 4 4 2 1 3 2 3 4 4 4 4 3 4 2 1 3 2 2 2 3 2 4 3 3 3 1 3 1 2 2 2 2 1 2 2 3 3 4 
4 2 2 3 3 4 3 1 1 3 3 1 2 1 1 2 2 3 1 1 3 4 4 2 4 2 3 2 4 4 2 4 4 3 2 1 3 4 4 2 4 2 1 4 3 2 3 1 1 4 4 3 4 
4 4 3 2 3 4 4 2 2 3 4 4 1 1 4 1 2 4 4 4 2 4 2 1 2 3 4 2 4 2 1 2 3 3 2 2 2 1 2 4 2 3 4 2 3 1 3 3 2 2 2 4 4 
4 2 1 2 1 1 3 1 3 3 3 1 2 2 3 1 3 3 3 2 3 3 1 1 3 4 3 2 3 3 3 3 3 2 4 2 4 4 1 1 4 3 1 1 1 4 2 3 1 3 4 4 4 
4 2 2 1 4 1 4 2 3 3 3 3 4 2 2 1 3 1 1 1 3 4 3 2 3 2 4 2 2 2 2 2 4 1 3 1 4 1 3 2 4 4 4 1 2 2 1 1 3 2 2 1 4 
4 2 2 2 3 3 1 1 2 2 3 3 2 3 4 2 4 4 2 1 4 1 3 4 1 1 3 4 3 4 4 3 2 2 3 4 4 3 4 3 2 1 2 4 1 3 2 4 2 2 2 3 4 
4 4 4 3 4 2 3 1 4 4 1 1 4 4 1 2 3 2 1 3 4 2 1 2 1 3 4 3 1 2 2 4 1 4 2 3 4 4 3 3 1 1 3 2 1 4 4 3 4 4 1 4 4 
4 4 2 4 1 1 4 2 3 4 2 4 4 4 3 1 1 4 2 1 2 1 4 4 3 4 4 4 4 4 2 3 3 4 1 4 2 4 1 1 4 3 4 3 3 4 2 4 1 4 3 4 4 
4 2 3 2 3 1 3 1 1 1 2 2 2 2 1 1 3 1 1 1 3 3 1 1 2 1 3 3 3 4 1 4 2 2 4 3 4 3 3 1 2 1 2 2 2 1 1 4 2 2 4 1 4 
4 1 2 2 1 1 2 3 4 3 1 3 3 4 1 3 1 3 2 1 3 1 2 4 2 4 3 1 2 1 3 4 3 2 2 4 1 3 1 3 2 2 2 3 3 4 4 1 3 1 4 4 4 
4 4 2 4 3 4 3 2 4 3 1 1 4 1 4 1 3 1 2 3 2 3 2 4 3 1 4 4 2 2 3 2 3 3 1 2 3 4 2 2 3 1 4 1 2 1 1 2 1 2 1 1 4 
4 3 2 2 2 2 1 3 4 1 1 2 4 4 3 4 4 2 1 3 2 4 4 3 3 3 2 2 1 1 1 1 2 2 4 4 3 1 4 3 2 2 4 3 3 1 4 2 1 4 3 1 4 
4 1 3 1 3 1 1 1 1 3 2 1 4 3 4 3 3 4 2 1 1 4 4 2 1 2 2 4 1 3 4 2 4 3 3 1 1 1 3 1 1 1 2 1 3 3 1 4 1 3 4 2 4 
4 3 4 1 3 3 4 2 3 1 2 1 4 3 4 2 3 1 3 4 2 2 1 2 2 2 4 3 1 4 4 3 2 4 1 3 1 1 3 3 1 1 1 3 2 1 2 4 2 1 1 2 4 
4 4 2 4 3 3 2 1 4 1 2 2 4 4 4 2 2 2 2 1 1 3 1 1 2 3 4 2 4 1 4 3 1 2 3 2 3 2 1 3 1 1 1 3 2 3 1 2 4 4 2 3 4 
4 1 2 4 3 2 3 4 4 3 2 1 4 4 4 4 2 2 2 4 2 4 3 3 4 1 4 2 4 1 4 4 1 1 3 3 2 2 3 3 3 3 1 4 1 4 3 2 3 3 4 2 4 
4 4 4 4 4 4 4 4 4 4 4 4 4 4 4 4 4 4 4 4 4 4 4 4 4 4 4 4 4 4 4 4 4 4 4 4 4 4 4 4 4 4 4 4 4 4 4 4 4 4 4 4 4 

