53
1000
1000

[Node]
0  0  0   0  0
54 0  0   0  0

[pickup]
1       503161393      23          15
2       504648565      25          9
3       504910673      32          6
4       505123014      37          10
5       503225123      37          10
6       504930826      44          12
7       505079993      46          8
8       505128819      47          16
9       504960935      48          6
10      502939981      50          15
11      505112394      53          7
12      503615814      54          20
13      505036392      57          12
14      505170366      66          18
15      505150249      68          14
16      503167459      72          12
17      502786496      72          17
18      504654384      74          15
19      504865786      81          11
20      504042384      82          14
21      502798686      82          9
22      504930829      85          14
23      502792112      85          20
24      503304580      95          13
25      502788402      97          13
26      503557466      100         8
27      505186923      106         5
28      504959617      108         7
29      503167442      110         11
30      503008636      117         12
31      502793597      129         5
32      504940738      141         10
33      504959841      142         10
34      504795387      144         5
35      504940824      149         8
36      503242004      150         16
37      505158222      157         18
38      502789199      165         10
39      504904607      181         16
40      502789900      208         11
41      504040924      222         18
42      504427291      226         11
43      505191728      235         13
44      502794467      242         16
45      503240587      347         20
46      502789170      367         17
47      502792352      375         14
48      503635633      382         15
49      504000237      564         19
50      503168027      575         13
51      504783210      577         10
52      505150247      598         15
53      504639383      760         12

[Speed 0]
0.81
30.0   60.0 0.0 0.6
90.0   150 0.0 0.4
300.0  540.0 0.0 0.81
570.0 630.0 0.0 0.6
660.0 720.0 0.0 0.4
750.0 840.0 0.0 0.81

[Speed 1]
1.33
30.0   60.0 0.0 0.8
90.0   150 0.0 0.6
300.0  540.0 0.0 1.33
570.0 630.0 0.0 0.8
660.0 720.0 0.0 1.3
750.0 840.0 0.0 2

[Speed 2]
1.33
30.0   60.0 0.0 1.0
90.0   150 0.0 0.8
300.0  540.0 0.0 1.33
570.0 630.0 0.0 0.8
660.0 720.0 0.0 0.6
750.0 840.0 0.0 1.5

[Speed 3]
1.5
30.0   60.0 0.0 0.9
90.0   150 0.0 0.8
300.0  540.0 0.0 1.5
570.0 630.0 0.0 0.9
660.0 720.0 0.0 0.8
750.0 840.0 0.0 1.5

[Speed 4]
2
30.0   60.0 0.0 1.1
90.0   150 0.0 0.9
300.0  540.0 0.0 2
570.0 630.0 0.0 1.1
660.0 720.0 0.0 0.9
750.0 840.0 0.0 2

[speed choose matrix]
4 4 4 4 4 4 4 4 4 4 4 4 4 4 4 4 4 4 4 4 4 4 4 4 4 4 4 4 4 4 4 4 4 4 4 4 4 4 4 4 4 4 4 4 4 4 4 4 4 4 4 4 4 4 4 
4 1 4 4 1 3 1 3 1 1 4 4 2 1 2 4 3 2 2 4 3 3 3 4 1 3 1 2 1 1 4 1 4 3 4 1 2 1 3 1 3 1 4 4 4 4 1 1 3 1 4 1 2 2 4 
4 4 1 2 4 2 1 3 4 1 3 4 4 2 4 4 3 2 3 2 3 3 3 4 3 4 3 4 2 2 1 1 4 1 2 3 3 4 1 1 3 2 2 4 3 2 1 4 1 4 2 2 4 4 4 
4 3 2 4 4 3 2 4 2 4 3 3 3 3 3 2 2 2 1 3 3 3 1 3 1 3 2 3 2 2 2 2 2 2 1 4 2 3 2 3 4 2 3 3 2 4 3 3 3 4 3 3 3 4 4 
4 1 1 4 1 3 4 1 2 2 1 3 4 3 3 1 3 4 2 4 2 2 2 4 1 3 1 3 1 4 1 4 4 1 3 2 1 1 4 1 1 4 2 2 4 4 2 1 4 1 1 3 3 4 4 
4 4 3 2 2 3 1 2 1 1 1 4 2 1 1 2 4 2 1 2 1 4 1 1 3 3 3 4 4 1 3 3 1 2 3 3 2 1 1 2 3 4 3 2 4 1 2 1 3 1 2 3 3 4 4 
4 1 2 1 2 2 3 3 1 3 3 3 2 1 1 3 3 2 2 4 2 2 2 1 3 2 4 4 4 3 4 3 3 4 4 4 1 3 2 4 1 4 2 4 2 4 4 2 2 2 2 3 4 2 4 
4 3 4 1 2 4 1 1 1 1 2 3 2 2 1 1 3 2 4 4 1 4 2 2 4 2 3 4 3 3 3 2 2 1 3 1 3 2 2 1 3 4 3 4 4 3 1 4 4 4 1 4 3 4 4 
4 2 1 4 2 2 1 4 3 4 4 1 2 2 1 4 2 1 2 4 2 1 3 3 4 2 2 4 1 2 1 3 3 3 3 3 2 3 1 1 2 2 3 2 4 4 4 3 1 1 2 3 1 2 4 
4 4 4 3 3 3 4 2 4 4 2 3 4 1 4 1 2 3 1 2 2 4 2 4 2 2 1 3 3 2 2 4 4 1 3 2 4 1 1 4 2 4 3 2 4 3 1 4 2 1 3 2 1 1 4 
4 2 2 1 3 1 2 4 4 1 2 3 3 4 1 2 4 3 4 4 1 4 1 2 1 2 1 3 1 1 3 2 3 1 1 4 2 1 1 1 3 3 2 4 1 1 4 3 3 2 1 3 4 3 4 
4 4 3 1 1 3 4 3 3 1 3 4 3 3 3 1 3 3 4 1 1 4 3 2 1 1 4 4 4 1 1 4 3 3 4 4 4 4 3 3 2 1 2 4 2 2 3 3 1 1 1 1 2 3 4 
4 1 2 2 4 1 1 2 3 2 2 1 1 1 4 2 2 3 3 4 4 3 1 3 3 3 4 4 3 3 1 1 2 2 3 1 2 2 4 1 4 3 4 2 2 4 3 3 3 2 4 4 2 2 4 
4 3 4 3 1 3 3 1 2 2 4 4 1 2 1 4 2 3 1 2 1 4 1 1 4 4 1 3 2 4 2 1 1 4 4 1 4 4 1 2 4 3 1 3 3 1 3 4 1 4 3 3 2 4 4 
4 3 2 4 3 4 3 3 3 3 4 2 4 3 2 1 2 4 4 4 4 2 4 4 2 1 2 3 2 1 2 4 2 3 3 4 2 2 3 1 3 1 4 4 2 1 3 3 1 4 3 2 1 2 4 
4 2 4 2 4 3 3 4 1 1 3 4 4 3 1 4 2 4 1 4 3 2 4 1 4 2 2 1 3 3 2 4 4 1 4 2 1 1 2 4 3 2 1 3 3 3 3 4 4 4 3 2 1 4 4 
4 1 1 3 3 2 3 4 1 2 2 4 2 3 3 2 3 1 2 2 1 1 1 3 4 3 4 1 1 3 4 2 2 3 2 3 4 4 4 2 4 2 4 1 3 1 1 2 2 2 1 4 4 4 4 
4 1 4 4 3 2 1 4 3 3 3 1 4 2 1 1 2 4 2 3 3 4 1 2 3 1 2 2 4 2 1 2 3 1 1 4 4 2 4 1 4 3 3 4 4 4 1 1 2 4 2 1 2 2 4 
4 1 3 1 2 4 4 3 1 1 4 4 4 4 2 1 2 3 3 1 4 4 3 2 2 1 2 3 2 1 3 2 1 4 4 1 4 3 2 1 4 1 1 3 4 2 3 4 1 4 1 4 3 1 4 
4 1 3 4 4 1 1 2 3 4 4 1 1 1 4 4 2 3 1 4 4 3 4 2 3 1 1 2 3 1 4 4 2 3 4 1 2 3 3 1 3 4 2 3 2 1 2 1 1 1 2 2 4 1 4 
4 4 4 2 1 2 2 4 1 1 3 4 3 3 1 3 2 4 1 1 2 4 4 1 4 4 1 4 4 4 3 1 3 2 3 1 1 3 2 2 2 2 1 2 1 2 3 1 3 2 3 4 1 3 4 
4 4 4 2 4 3 3 2 4 1 4 3 4 1 3 1 2 1 4 4 2 1 1 1 1 3 1 2 1 4 4 3 3 2 4 2 1 3 1 3 1 3 1 2 3 2 2 1 1 4 3 4 3 3 4 
4 2 3 2 2 4 4 2 3 1 2 3 4 1 2 1 3 1 1 3 4 3 1 1 1 4 3 1 3 4 4 1 2 1 1 1 3 3 2 4 4 1 3 2 4 4 1 4 3 4 3 4 2 2 4 
4 3 2 3 2 2 2 4 1 1 3 2 3 2 4 3 1 1 3 3 4 3 1 2 3 2 1 4 2 2 2 4 2 4 2 4 3 3 3 4 2 3 1 1 1 4 2 3 1 4 4 1 3 3 4 
4 4 1 4 1 2 2 3 2 3 4 2 3 3 3 3 2 4 3 2 2 2 3 1 3 4 3 4 3 1 1 2 1 1 1 3 4 3 2 2 4 2 2 1 3 4 1 1 3 3 3 3 4 2 4 
4 2 2 2 3 4 1 3 4 2 4 4 1 3 4 1 4 3 1 1 4 1 4 2 4 1 1 1 4 2 1 3 2 3 4 4 3 3 3 2 2 1 4 4 4 2 2 3 2 2 4 1 4 1 4 
4 3 2 3 2 4 2 4 4 4 3 4 4 4 2 2 1 3 3 1 1 2 3 4 1 1 1 2 4 4 2 4 2 1 4 4 2 3 2 1 2 3 4 4 4 2 1 1 2 3 1 2 4 2 4 
4 4 4 2 1 1 1 1 2 2 1 3 2 4 3 1 3 4 2 1 3 2 4 3 3 4 3 4 3 1 4 1 4 4 2 1 2 4 4 2 2 1 1 3 4 4 3 1 4 2 3 1 2 2 4 
4 4 3 2 3 4 2 4 4 2 3 3 3 2 3 1 2 4 2 2 2 3 1 4 3 1 2 4 4 3 2 2 3 4 1 1 2 4 4 4 3 3 1 3 4 4 4 1 1 4 3 3 4 3 4 
4 3 2 1 2 2 3 4 3 4 1 3 4 4 3 2 4 4 2 3 1 3 2 1 3 3 4 2 3 3 3 1 2 3 1 2 4 2 1 3 2 3 3 1 1 4 3 3 3 2 4 4 4 4 4 
4 3 3 2 3 4 4 2 3 1 4 2 2 1 1 1 1 2 4 4 3 3 4 4 2 4 4 3 3 1 1 2 3 1 4 1 2 3 4 2 1 2 2 3 1 2 1 4 4 1 3 1 4 3 4 
4 4 4 1 4 2 2 2 4 2 1 4 1 3 4 2 1 2 4 2 2 4 3 2 1 1 4 1 2 3 3 1 3 2 1 1 2 4 3 4 1 2 2 3 1 2 3 3 3 3 1 2 2 4 4 
4 1 4 2 1 3 3 3 1 1 1 4 1 1 4 4 4 1 4 3 1 2 1 1 4 1 3 4 1 1 2 2 4 2 2 3 3 3 1 2 4 3 2 1 1 2 4 3 1 2 1 4 4 1 4 
4 2 2 3 4 4 3 2 1 4 2 1 3 2 3 2 3 2 3 3 4 2 1 3 4 3 4 4 4 1 4 1 1 3 1 3 3 4 1 1 2 1 1 1 4 4 4 1 4 4 3 1 1 4 4 
4 3 4 4 4 2 1 3 1 1 1 1 1 3 3 3 3 4 4 2 1 3 2 4 1 3 3 2 1 1 1 1 2 2 4 3 3 1 4 3 2 1 2 4 4 4 4 2 4 1 3 4 1 3 4 
4 4 4 3 2 1 3 1 1 3 2 4 2 2 2 3 2 3 4 4 4 2 1 1 4 3 4 4 2 1 2 3 1 4 3 2 3 4 4 2 1 2 4 2 1 3 3 3 1 3 2 4 2 4 4 
4 4 1 1 3 3 2 4 4 3 2 1 2 2 4 3 3 1 2 3 4 2 1 1 4 1 3 2 3 3 1 4 4 1 3 4 3 1 2 1 1 3 3 3 2 1 3 2 3 2 3 1 1 4 4 
4 4 3 3 4 1 2 4 1 1 2 4 3 4 3 4 3 2 4 4 1 3 1 3 1 2 4 2 3 3 3 4 3 1 3 3 4 3 1 4 1 1 4 4 4 1 1 2 2 4 4 1 4 3 4 
4 1 2 2 2 3 1 3 3 4 2 2 2 3 1 3 1 1 1 1 4 3 2 2 2 2 3 4 2 2 4 1 2 3 1 2 4 3 1 3 2 3 1 4 2 3 1 3 1 1 3 4 2 1 4 
4 3 1 2 2 2 2 3 1 2 3 3 4 1 4 2 2 2 1 2 4 3 3 3 2 4 3 4 1 4 3 3 4 4 2 2 4 3 3 3 1 1 3 4 3 4 3 1 1 1 4 1 1 3 4 
4 1 3 4 3 4 1 3 3 2 1 4 2 4 1 2 2 3 1 3 4 1 1 3 3 4 1 1 3 1 3 1 2 3 1 4 3 4 1 2 3 3 4 3 4 1 2 4 4 2 4 1 4 3 4 
4 3 1 4 1 3 2 2 3 3 2 1 4 4 1 3 2 2 4 3 3 2 3 3 2 1 3 1 1 4 2 1 2 1 3 3 1 2 3 1 2 4 2 1 2 2 3 4 1 4 3 2 1 3 4 
4 3 1 3 3 1 2 3 3 2 1 1 3 4 3 3 4 4 1 1 1 2 3 4 2 2 3 3 1 4 1 1 3 2 3 4 4 4 3 2 3 2 3 4 2 2 2 1 2 4 4 4 4 1 4 
4 3 3 4 4 3 1 2 4 1 3 4 4 1 1 2 1 4 3 4 2 3 1 2 1 3 1 4 4 3 3 3 2 1 3 3 4 3 3 2 1 2 3 4 1 3 4 3 3 1 3 1 1 1 4 
4 1 3 1 2 2 2 1 4 3 1 2 2 2 4 2 4 1 2 3 4 4 3 1 4 4 2 2 4 1 3 4 1 1 4 3 2 3 1 2 4 2 3 2 2 4 3 1 4 1 2 2 4 1 4 
4 3 4 2 4 1 3 2 3 4 4 4 4 1 4 3 3 4 4 4 2 3 4 2 1 4 4 3 4 1 1 3 3 4 2 4 3 3 2 2 4 1 4 2 3 4 4 2 4 2 2 1 1 3 4 
4 1 2 1 2 4 2 1 2 3 4 1 1 3 1 3 3 1 2 1 1 4 2 1 2 4 4 4 2 3 1 1 4 4 4 4 2 4 2 2 3 4 4 4 3 3 1 1 1 1 2 1 2 2 4 
4 2 1 4 2 3 4 2 1 2 1 1 3 1 1 3 2 1 2 4 2 1 1 4 2 2 3 3 3 4 1 3 2 4 3 3 1 4 3 2 4 3 2 3 4 2 1 2 2 3 3 2 3 4 4 
4 1 4 2 1 1 3 3 2 1 2 1 3 2 1 4 4 4 1 3 1 1 2 4 3 2 4 3 4 4 3 4 3 4 4 1 3 4 3 4 1 1 2 1 1 1 4 3 4 4 1 4 3 2 4 
4 2 3 4 4 1 4 2 2 2 4 4 1 3 4 4 2 3 2 2 4 1 4 1 4 2 4 3 4 2 1 2 1 3 2 2 3 4 4 3 3 4 4 4 4 1 4 3 2 1 1 1 1 3 4 
4 1 2 1 1 1 1 1 2 1 2 2 4 3 2 1 3 1 2 4 2 2 4 4 2 1 2 1 1 3 2 3 4 4 2 4 2 3 3 3 1 4 2 2 2 3 2 2 1 2 4 3 1 1 4 
4 4 1 1 1 2 3 1 1 2 1 3 4 2 3 4 2 3 3 4 3 2 1 3 3 4 3 1 3 3 3 2 2 1 4 1 2 2 1 1 4 4 4 2 3 2 3 1 1 4 2 1 2 4 4 
4 2 3 3 1 1 1 4 4 1 1 4 2 2 4 1 3 2 1 3 3 1 1 3 4 3 2 1 4 3 3 1 3 1 1 1 4 3 2 1 2 2 2 2 2 1 2 1 1 1 1 2 4 3 4 
4 1 3 4 2 2 4 1 1 4 4 1 3 1 2 2 1 1 4 3 1 1 2 2 3 2 4 2 3 2 3 1 2 4 2 3 1 4 2 4 3 1 3 3 1 2 4 2 3 3 2 2 1 2 4 
4 4 4 4 4 4 4 4 4 4 4 4 4 4 4 4 4 4 4 4 4 4 4 4 4 4 4 4 4 4 4 4 4 4 4 4 4 4 4 4 4 4 4 4 4 4 4 4 4 4 4 4 4 4 4 

