54
1000
1000

[Node]
0  0  0   0  0
55 0  0   0  0

[pickup]
1       504729849      25          20
2       503615814      27          5
3       505036392      30          9
4       504865786      33          8
5       505123014      37          10
6       504910673      39          20
7       503167459      39          7
8       503171563      40          15
9       504389727      44          16
10      503161393      47          7
11      505150249      50          6
12      504930826      56          19
13      502796205      57          8
14      505115867      58          14
15      504654384      59          12
16      504398964      61          16
17      503207090      62          18
18      502791163      63          9
19      505186923      66          14
20      504959841      74          11
21      505158222      78          6
22      502798247      79          12
23      503168027      84          18
24      502958598      90          14
25      505170924      91          11
26      504930829      95          9
27      502791700      99          12
28      504782558      100         7
29      504960935      101         5
30      503167442      106         15
31      504959617      108         16
32      503284249      109         13
33      505191728      110         9
34      504042384      112         14
35      503557466      113         13
36      504999730      114         13
37      502792437      132         20
38      505170366      132         17
39      505123006      150         9
40      502789900      159         19
41      502786480      161         20
42      502793194      163         16
43      504940723      166         5
44      504795387      174         12
45      502795290      182         8
46      503242004      189         20
47      505190348      234         6
48      502789170      248         17
49      504940829      264         20
50      502789199      271         19
51      503900481      334         20
52      504040924      389         9
53      505121631      524         17
54      502790625      843         8

[Speed 0]
0.81
30.0   60.0 0.0 0.6
90.0   150 0.0 0.4
300.0  540.0 0.0 0.81
570.0 630.0 0.0 0.6
660.0 720.0 0.0 0.4
750.0 840.0 0.0 0.81

[Speed 1]
1.33
30.0   60.0 0.0 0.8
90.0   150 0.0 0.6
300.0  540.0 0.0 1.33
570.0 630.0 0.0 0.8
660.0 720.0 0.0 1.3
750.0 840.0 0.0 2

[Speed 2]
1.33
30.0   60.0 0.0 1.0
90.0   150 0.0 0.8
300.0  540.0 0.0 1.33
570.0 630.0 0.0 0.8
660.0 720.0 0.0 0.6
750.0 840.0 0.0 1.5

[Speed 3]
1.5
30.0   60.0 0.0 0.9
90.0   150 0.0 0.8
300.0  540.0 0.0 1.5
570.0 630.0 0.0 0.9
660.0 720.0 0.0 0.8
750.0 840.0 0.0 1.5

[Speed 4]
2
30.0   60.0 0.0 1.1
90.0   150 0.0 0.9
300.0  540.0 0.0 2
570.0 630.0 0.0 1.1
660.0 720.0 0.0 0.9
750.0 840.0 0.0 2

[speed choose matrix]
4 4 4 4 4 4 4 4 4 4 4 4 4 4 4 4 4 4 4 4 4 4 4 4 4 4 4 4 4 4 4 4 4 4 4 4 4 4 4 4 4 4 4 4 4 4 4 4 4 4 4 4 4 4 4 4 
4 1 4 2 1 1 4 4 3 2 1 3 3 4 3 2 3 3 1 3 1 2 1 4 3 4 3 2 2 4 2 4 3 2 4 4 1 2 4 4 1 1 2 4 1 4 2 2 1 3 1 1 2 4 3 4 
4 1 1 1 2 4 4 4 4 4 2 4 2 2 4 2 1 2 1 1 2 1 1 3 3 1 2 3 4 1 1 3 3 2 4 4 4 3 3 2 2 4 2 4 3 3 3 1 4 1 1 4 3 3 1 4 
4 4 3 1 2 2 4 1 3 4 2 3 2 3 4 4 1 1 2 1 2 4 2 2 1 1 4 1 4 2 1 3 1 3 1 4 4 2 1 2 4 2 1 3 4 4 3 2 2 3 2 3 2 1 1 4 
4 1 3 2 1 3 4 4 2 3 2 2 1 1 3 2 4 3 3 3 3 1 1 4 4 1 3 4 3 4 2 4 1 1 4 2 3 2 1 2 2 3 3 4 4 3 4 4 1 4 3 2 1 4 4 4 
4 2 2 3 3 1 4 1 3 1 4 3 1 1 2 4 4 3 3 1 4 4 4 4 4 2 2 1 2 4 1 1 1 2 1 2 4 1 1 2 2 2 3 1 4 4 1 1 4 2 2 1 2 3 3 4 
4 2 2 4 3 4 2 2 2 2 4 3 4 3 1 1 2 4 2 1 1 3 1 1 2 1 1 2 2 3 1 4 4 2 3 2 1 2 1 1 4 2 3 3 2 1 2 4 1 2 2 3 1 4 3 4 
4 3 4 1 2 4 3 4 2 2 3 2 3 2 3 3 3 1 3 4 1 3 1 4 1 3 2 2 2 1 1 1 2 1 4 3 1 2 4 2 4 3 1 2 3 4 1 4 4 4 1 3 3 2 2 4 
4 2 1 1 3 4 4 3 4 4 1 3 1 3 2 1 4 3 2 2 4 4 4 3 4 4 3 3 3 3 4 3 1 4 3 3 1 1 3 3 3 4 1 1 3 4 1 4 1 1 1 3 2 4 3 4 
4 4 3 4 3 1 1 3 1 2 4 4 3 1 2 4 2 4 4 3 3 1 4 4 3 2 4 4 1 2 2 3 4 4 3 3 3 1 3 1 1 4 3 3 2 3 1 2 2 1 4 3 4 3 1 4 
4 4 1 1 1 2 1 3 3 3 4 3 2 1 1 1 3 2 1 2 2 1 2 4 3 3 4 2 3 2 2 2 1 4 4 1 2 3 4 3 1 4 4 1 2 3 2 1 2 3 4 3 4 3 4 4 
4 2 3 2 1 4 1 4 3 1 3 3 1 3 2 3 2 2 2 3 3 4 3 4 3 1 3 1 2 1 4 1 2 3 4 1 1 2 4 1 4 4 3 4 1 1 1 1 3 2 3 2 1 4 2 4 
4 3 2 4 4 2 4 4 2 2 2 4 4 2 4 2 3 1 4 1 2 2 1 2 1 2 3 1 1 1 3 4 2 3 1 2 4 2 3 4 1 1 2 4 2 4 4 3 4 1 4 2 4 1 4 4 
4 2 1 1 1 1 4 3 2 2 1 1 4 2 3 4 1 4 4 3 3 4 1 1 3 1 3 2 2 4 4 1 3 3 3 2 2 4 4 1 3 1 3 4 4 2 1 2 2 2 1 4 4 3 4 4 
4 1 3 3 3 4 4 1 3 3 2 1 1 3 1 2 1 2 2 1 2 1 1 1 3 4 3 2 3 3 1 2 1 1 2 3 4 2 4 1 2 2 2 3 2 3 3 1 3 2 3 1 1 1 2 4 
4 3 3 4 2 1 2 4 3 3 2 2 2 4 4 1 3 4 3 4 3 3 2 4 2 4 2 4 3 4 4 2 2 1 3 3 4 2 2 4 1 3 1 4 2 4 1 1 1 3 4 3 1 3 3 4 
4 2 1 2 1 2 3 2 2 2 3 3 2 1 2 2 3 3 3 3 3 1 4 4 2 1 2 1 3 3 4 2 3 2 4 4 1 1 3 1 3 4 1 2 2 2 2 1 4 3 1 2 3 3 4 4 
4 3 4 2 1 4 2 3 4 1 3 4 2 4 3 3 3 1 1 4 4 1 3 2 2 1 4 2 2 1 2 4 4 2 4 1 2 1 1 4 2 1 1 3 1 2 2 3 2 4 3 4 4 3 2 4 
4 2 4 2 1 3 2 3 1 4 4 2 2 1 4 4 4 1 1 1 4 2 2 4 2 3 2 4 1 2 2 3 1 1 3 3 1 1 1 3 4 4 2 3 3 1 2 1 2 2 2 3 4 2 3 4 
4 2 2 1 4 1 2 3 1 1 3 4 2 4 2 2 1 4 2 3 4 4 1 3 2 3 2 4 3 2 4 2 4 4 2 1 3 2 4 2 2 2 2 1 1 4 2 3 1 1 1 3 1 3 3 4 
4 4 4 2 4 3 2 3 2 4 3 1 4 4 2 4 3 2 3 3 1 2 3 2 2 2 1 2 3 4 2 1 3 2 1 2 4 4 3 3 1 1 4 3 4 1 2 4 2 1 4 2 4 3 3 4 
4 2 2 2 1 2 3 1 2 1 4 4 1 2 3 1 1 1 4 4 2 2 1 4 4 4 1 2 1 2 4 4 2 4 3 4 3 4 2 2 3 1 1 3 2 4 2 3 3 2 2 1 1 2 4 4 
4 4 2 2 2 1 2 3 1 3 3 2 3 2 4 3 3 3 2 2 2 1 1 3 1 1 4 3 2 3 2 3 2 2 3 4 3 2 4 2 2 3 3 1 2 1 2 3 2 1 3 3 1 3 3 4 
4 4 2 4 2 3 1 1 4 1 1 2 2 1 3 2 3 2 3 3 4 1 3 1 2 2 4 4 1 2 3 3 1 1 3 2 1 2 2 3 4 4 1 2 3 4 3 1 4 2 3 2 1 4 4 4 
4 4 1 1 3 2 2 2 4 2 1 1 1 1 2 3 2 3 2 1 3 3 4 4 4 3 1 2 2 3 2 4 4 1 4 3 4 4 4 3 2 4 3 4 1 2 3 2 1 3 1 1 1 2 3 4 
4 3 4 1 3 4 4 2 3 4 3 3 3 4 4 4 3 3 1 1 3 1 3 2 3 4 3 4 1 1 3 2 3 3 1 1 1 4 4 1 3 3 1 1 2 1 4 4 2 2 2 1 1 4 3 4 
4 2 2 1 4 3 1 2 1 2 2 1 2 1 1 1 3 2 1 1 2 2 4 3 1 2 2 4 3 1 1 2 4 2 1 1 1 1 2 1 1 4 3 3 2 1 2 4 4 2 2 2 1 1 1 4 
4 1 4 1 3 4 1 4 2 1 3 1 1 4 3 1 2 4 4 4 3 4 1 4 3 1 4 1 1 1 1 1 2 4 3 4 3 3 3 3 4 2 4 2 3 4 3 2 2 2 1 2 4 1 1 4 
4 1 2 2 2 2 3 3 4 3 3 4 4 1 1 2 1 1 2 1 4 2 2 2 3 1 4 3 1 2 1 4 3 4 4 2 1 2 1 4 4 2 3 4 2 1 2 1 3 1 4 1 3 1 2 4 
4 2 3 2 4 4 1 3 1 1 3 1 1 4 2 3 1 1 3 2 2 3 3 4 1 2 4 1 2 1 1 2 3 1 1 1 4 2 2 4 1 4 1 1 2 2 4 4 4 2 4 4 3 2 2 4 
4 4 2 4 3 2 3 2 2 1 3 1 1 1 1 4 2 4 1 1 2 4 3 1 2 2 4 2 4 2 1 1 1 3 1 2 3 4 3 2 1 4 3 1 2 2 3 1 3 2 2 3 1 3 3 4 
4 4 2 3 3 2 2 3 3 1 1 3 3 4 1 4 4 1 4 1 1 4 1 2 1 1 1 4 3 1 4 3 2 1 1 3 4 4 2 1 4 3 2 4 3 4 2 4 3 3 4 2 2 2 2 4 
4 3 2 1 2 3 1 4 1 1 2 3 4 2 3 3 1 1 2 3 1 4 2 2 2 2 1 4 3 1 4 4 4 3 1 2 3 1 2 1 1 1 4 2 1 4 3 2 3 1 4 2 4 4 4 4 
4 4 1 3 3 1 2 3 2 2 1 1 2 2 4 4 1 4 3 3 3 4 2 2 4 4 2 2 4 3 4 2 2 3 2 1 1 3 2 4 3 2 3 2 2 1 3 3 4 3 3 1 1 4 2 4 
4 4 1 3 3 4 4 4 3 3 1 2 4 2 2 3 2 3 2 2 1 1 1 1 1 1 4 1 3 2 4 1 3 4 3 1 2 3 1 3 2 1 1 1 1 1 3 2 4 1 2 2 2 2 4 4 
4 3 4 3 4 3 1 2 3 4 2 3 3 4 3 4 2 2 3 1 3 3 1 4 2 3 4 3 4 4 4 3 1 1 3 3 4 3 4 2 3 1 4 1 3 3 3 1 1 1 1 4 3 1 3 4 
4 3 3 4 2 3 4 4 1 1 1 2 2 1 2 4 2 1 2 1 4 3 3 3 4 4 3 3 3 2 1 1 4 3 2 1 1 2 1 1 4 3 1 2 1 1 3 2 4 2 4 3 3 2 1 4 
4 4 1 2 4 3 1 3 4 4 2 2 4 1 1 1 4 1 4 2 1 3 1 1 1 1 2 4 1 1 3 4 2 4 2 3 1 4 1 2 4 2 2 2 3 2 4 2 4 1 3 4 1 1 1 4 
4 3 1 4 1 1 2 3 1 1 3 3 4 1 3 1 3 1 1 4 4 3 1 2 1 2 2 1 1 3 4 2 2 1 4 3 1 3 1 4 2 2 1 4 2 2 3 1 2 3 3 3 3 1 1 4 
4 2 2 4 3 3 3 1 1 4 2 4 1 3 3 1 3 3 3 2 3 3 3 2 3 2 2 2 2 1 3 4 1 4 1 1 1 1 4 2 3 2 1 4 4 3 1 4 4 4 2 3 1 3 1 4 
4 3 1 1 4 4 4 1 3 4 1 4 2 1 3 1 3 4 1 1 1 4 2 2 4 2 3 1 1 4 4 1 1 1 4 2 1 3 3 2 3 2 4 3 1 2 4 4 4 3 4 2 1 2 2 4 
4 2 3 3 3 2 3 4 3 4 1 3 2 3 1 1 3 4 4 1 3 3 4 4 1 1 1 2 4 4 2 4 4 1 4 4 1 2 3 3 3 1 3 3 1 1 3 3 3 4 4 2 4 2 2 4 
4 2 2 1 3 1 2 2 2 2 4 1 2 3 2 3 1 4 3 4 1 1 3 4 4 1 4 2 4 4 4 3 4 3 4 3 3 1 2 1 4 3 2 2 1 3 4 3 1 1 4 3 3 1 1 4 
4 2 1 1 1 1 3 3 2 1 1 4 1 1 2 1 4 3 3 4 2 4 4 1 3 4 1 3 3 2 2 3 1 3 4 3 3 3 1 2 1 2 3 3 4 2 4 1 1 3 2 1 4 2 4 4 
4 3 3 1 1 2 2 1 3 2 2 1 4 4 4 1 3 2 4 3 3 1 2 4 1 4 1 1 1 2 3 3 1 1 3 3 2 3 1 1 4 4 2 4 2 2 1 3 4 2 1 3 4 2 4 4 
4 3 1 3 3 3 1 3 4 3 1 1 2 4 1 1 4 1 3 4 3 4 3 4 3 2 1 4 2 1 2 2 3 3 3 2 2 4 3 4 3 3 4 3 2 3 3 1 4 3 1 4 2 3 2 4 
4 2 2 1 2 4 4 1 1 1 3 3 2 4 4 4 2 2 2 3 3 4 2 4 4 4 2 4 1 4 1 1 4 4 3 1 2 3 1 3 2 2 2 4 1 3 1 2 2 4 2 4 1 2 4 4 
4 2 2 2 3 3 4 4 4 2 4 2 3 1 3 4 3 3 1 4 3 3 3 4 3 3 1 1 4 3 4 1 3 1 3 1 1 4 4 4 1 1 4 3 1 3 2 4 2 4 1 3 4 1 4 4 
4 4 2 4 1 1 1 1 2 3 4 1 2 4 4 1 3 2 1 1 4 2 1 2 4 4 2 3 3 2 4 3 1 3 4 1 4 4 2 3 1 2 2 2 2 1 2 2 4 2 1 2 3 4 2 4 
4 1 4 4 4 4 4 4 1 1 2 4 2 3 2 2 1 4 3 1 4 2 4 3 3 4 1 2 2 4 3 1 1 3 3 2 2 1 1 2 3 2 3 1 1 3 4 1 4 2 1 1 3 3 3 4 
4 4 1 2 3 3 4 3 1 3 1 2 4 3 1 3 1 4 2 1 4 2 2 1 1 4 4 4 4 1 4 4 2 1 3 1 3 3 4 1 1 4 2 2 1 4 2 1 2 2 2 1 3 3 1 4 
4 3 2 2 4 4 3 2 2 2 3 4 3 2 4 4 4 4 1 4 3 2 3 2 4 1 3 4 3 3 4 2 4 4 4 2 4 2 3 3 2 4 4 1 2 3 2 4 2 2 3 2 3 1 1 4 
4 1 3 1 1 4 4 4 3 2 2 3 3 3 4 3 3 3 4 1 4 2 3 2 2 2 1 1 1 1 4 2 3 1 2 3 2 4 2 3 4 2 1 4 1 3 2 3 3 2 1 2 2 1 3 4 
4 4 2 2 2 2 1 4 2 4 4 3 2 3 1 3 3 2 3 2 4 3 4 4 2 1 3 1 3 3 3 3 2 1 4 1 2 4 4 4 2 2 1 4 3 2 4 4 1 2 2 4 3 3 2 4 
4 4 2 3 1 2 2 2 1 1 4 2 4 2 1 3 1 3 2 3 2 4 3 4 4 3 1 1 3 4 2 1 2 4 4 4 1 1 2 3 4 4 1 3 1 2 2 3 3 3 3 2 4 1 4 4 
4 4 4 4 4 4 4 4 4 4 4 4 4 4 4 4 4 4 4 4 4 4 4 4 4 4 4 4 4 4 4 4 4 4 4 4 4 4 4 4 4 4 4 4 4 4 4 4 4 4 4 4 4 4 4 4 

