57
1000
1000

[Node]
0  0  0   0  0
58 0  0   0  0

[pickup]
1       504632589      22          17
2       505049449      37          9
3       504549590      42          15
4       502851705      48          15
5       504930826      51          19
6       504619160      56          16
7       504489908      62          10
8       502792854      76          19
9       503240801      79          5
10      502789180      82          15
11      505026956      82          9
12      502794770      87          8
13      505084618      90          18
14      502788388      91          18
15      504959617      92          9
16      502794547      106         20
17      505170366      119         11
18      504579938      124         18
19      504307466      131         16
20      504559658      137         18
21      504804145      145         16
22      504563723      153         17
23      502798846      155         9
24      503202377      157         15
25      502798649      165         8
26      504548682      169         11
27      502787056      172         5
28      502789178      172         13
29      502785877      181         16
30      502785862      188         20
31      504539377      196         8
32      504940738      206         6
33      503586355      209         19
34      502787619      220         12
35      504398963      221         15
36      504615511      221         7
37      502788061      221         16
38      504945646      246         18
39      502798241      275         8
40      504491355      281         6
41      503229542      294         9
42      505082920      300         11
43      502790178      309         11
44      502791109      320         20
45      503819061      336         6
46      502798842      364         5
47      502801240      431         19
48      504639383      440         15
49      504783210      475         20
50      502792920      488         16
51      504608410      513         11
52      503184278      542         12
53      502786969      738         8
54      504012514      812         11
55      505047627      1000        19
56      503220254      1000        15
57      502792352      1000        19

[Speed 0]
0.81
30.0   60.0 0.0 0.6
90.0   150 0.0 0.4
300.0  540.0 0.0 0.81
570.0 630.0 0.0 0.6
660.0 720.0 0.0 0.4
750.0 840.0 0.0 0.81

[Speed 1]
1.33
30.0   60.0 0.0 0.8
90.0   150 0.0 0.6
300.0  540.0 0.0 1.33
570.0 630.0 0.0 0.8
660.0 720.0 0.0 1.3
750.0 840.0 0.0 2

[Speed 2]
1.33
30.0   60.0 0.0 1.0
90.0   150 0.0 0.8
300.0  540.0 0.0 1.33
570.0 630.0 0.0 0.8
660.0 720.0 0.0 0.6
750.0 840.0 0.0 1.5

[Speed 3]
1.5
30.0   60.0 0.0 0.9
90.0   150 0.0 0.8
300.0  540.0 0.0 1.5
570.0 630.0 0.0 0.9
660.0 720.0 0.0 0.8
750.0 840.0 0.0 1.5

[Speed 4]
2
30.0   60.0 0.0 1.1
90.0   150 0.0 0.9
300.0  540.0 0.0 2
570.0 630.0 0.0 1.1
660.0 720.0 0.0 0.9
750.0 840.0 0.0 2

[speed choose matrix]
4 4 4 4 4 4 4 4 4 4 4 4 4 4 4 4 4 4 4 4 4 4 4 4 4 4 4 4 4 4 4 4 4 4 4 4 4 4 4 4 4 4 4 4 4 4 4 4 4 4 4 4 4 4 4 4 4 4 4 
4 4 1 3 2 3 2 3 3 2 3 3 3 2 4 3 3 1 1 1 3 2 4 3 3 3 3 4 2 2 4 3 2 4 2 3 4 1 1 3 1 2 4 4 1 3 2 2 4 2 3 2 4 2 3 3 3 4 4 
4 2 3 3 4 2 3 3 1 1 4 4 4 4 3 4 1 4 2 1 2 2 1 1 4 4 1 1 3 4 2 3 1 3 1 3 3 4 2 1 4 1 1 3 3 4 4 4 4 1 1 3 4 3 2 2 3 2 4 
4 2 1 1 3 4 4 1 1 4 2 2 2 3 4 2 1 1 4 1 2 4 2 2 4 3 2 4 3 2 2 2 3 1 2 3 1 3 3 4 4 1 1 4 2 1 3 4 1 2 2 1 1 1 2 3 3 2 4 
4 1 1 4 3 3 4 4 3 1 4 3 2 4 2 4 1 1 1 3 3 4 3 3 3 1 2 1 2 1 4 4 2 4 3 1 4 3 1 1 3 2 1 1 2 3 4 2 2 2 2 3 3 2 4 1 3 3 4 
4 4 3 3 4 1 4 2 4 2 3 1 4 4 1 4 3 4 1 1 1 3 4 4 3 2 2 4 4 1 3 4 3 4 1 4 4 1 4 2 2 4 4 4 3 4 2 2 1 2 2 2 4 1 1 1 2 3 4 
4 1 1 4 3 3 4 3 4 1 1 3 3 3 4 3 1 4 1 3 2 2 4 2 2 2 4 3 2 2 2 2 3 2 3 1 4 2 4 4 3 1 1 2 1 4 1 3 1 2 4 2 2 1 3 2 3 3 4 
4 2 2 1 2 2 3 1 4 4 4 2 3 1 3 4 2 3 3 3 2 1 2 1 1 3 2 2 4 1 1 2 1 2 1 1 2 3 2 3 2 4 4 2 1 1 3 2 4 4 4 4 3 2 2 2 4 4 4 
4 4 1 1 1 4 4 2 2 1 2 4 3 2 3 3 4 3 2 2 1 4 3 2 4 3 1 3 2 2 3 3 2 4 3 2 2 3 2 2 1 3 1 2 3 1 1 2 3 2 3 3 2 2 1 1 3 3 4 
4 1 3 2 1 2 3 4 1 1 2 3 1 1 4 4 4 4 4 2 1 4 3 3 4 2 1 1 1 3 3 2 2 2 3 2 3 2 2 1 4 2 4 2 4 2 2 4 1 4 2 3 3 1 3 1 3 3 4 
4 1 2 3 1 1 2 2 4 4 4 1 1 2 2 4 3 4 3 4 1 2 2 2 2 4 4 1 2 3 3 2 3 2 1 4 3 1 2 3 1 3 2 4 3 1 4 2 2 3 4 4 1 2 2 4 4 4 4 
4 4 3 1 3 1 3 4 3 1 4 3 3 4 2 3 3 1 3 1 4 2 4 1 1 3 4 4 1 4 2 4 2 4 4 4 2 2 1 1 4 4 4 1 2 2 4 1 1 1 4 4 4 3 4 2 4 4 4 
4 4 1 3 2 1 2 4 4 1 4 4 1 2 3 2 1 3 2 3 1 1 2 2 1 3 3 1 3 3 1 4 2 1 3 1 3 4 1 1 1 4 2 1 1 1 4 3 4 3 4 3 1 3 2 3 3 3 4 
4 1 4 4 3 4 1 4 1 3 4 2 2 3 1 2 1 2 1 1 1 2 4 3 4 4 2 4 2 1 1 1 2 1 3 4 4 2 1 3 4 4 4 2 1 3 2 1 2 2 2 3 1 2 4 4 3 2 4 
4 3 4 2 2 4 4 3 3 4 1 2 1 4 1 2 1 4 1 1 4 2 2 2 1 3 3 3 1 4 1 2 2 1 3 1 4 4 3 2 4 1 4 1 3 2 3 3 4 2 1 3 2 1 1 4 3 1 4 
4 2 1 4 1 4 1 4 4 1 1 4 4 2 3 1 4 4 2 4 1 1 3 4 1 2 3 3 3 1 1 2 1 4 1 4 1 1 4 1 1 4 4 3 2 3 1 4 1 1 3 3 3 3 4 1 2 2 4 
4 2 3 3 2 1 1 4 4 2 3 2 4 3 2 1 3 4 2 3 1 3 3 4 4 4 2 2 3 1 4 3 4 2 3 2 4 4 3 4 3 1 2 2 2 3 4 4 4 1 4 2 2 3 3 2 3 4 4 
4 3 3 4 4 3 3 2 4 3 3 1 3 3 4 3 1 4 2 1 4 1 3 3 3 2 4 2 2 2 3 2 2 1 2 1 4 1 2 2 2 1 1 2 1 4 4 3 2 3 1 3 2 2 1 4 3 1 4 
4 2 3 2 1 2 2 1 2 2 2 1 3 4 1 4 3 3 4 2 4 4 3 4 4 3 1 3 2 2 4 4 2 1 2 4 2 2 2 3 2 3 1 1 1 2 1 2 3 4 1 4 2 4 4 4 3 1 4 
4 1 3 1 4 3 2 2 2 3 1 1 4 1 4 4 3 4 1 3 1 2 4 3 3 2 4 1 1 2 2 2 4 2 4 1 2 4 3 4 2 4 3 4 3 4 3 3 2 4 2 4 4 3 3 3 2 4 4 
4 4 2 2 3 3 3 3 2 4 4 4 4 1 3 3 4 1 3 2 4 4 2 2 4 1 1 1 3 3 3 4 2 2 1 2 3 1 2 1 3 1 4 2 2 4 1 1 3 1 1 2 1 2 4 1 4 2 4 
4 4 4 4 3 2 3 2 4 4 4 3 1 1 1 3 2 1 3 2 2 4 4 3 3 4 3 4 3 2 4 4 4 3 2 2 2 4 1 3 2 2 1 1 3 1 1 1 3 1 4 2 2 4 2 4 1 1 4 
4 4 1 1 2 4 1 2 4 2 1 1 4 1 4 2 3 3 2 2 1 3 3 3 4 1 4 2 1 2 2 2 2 4 4 3 3 4 4 2 4 2 3 1 3 3 1 2 4 3 2 4 2 4 1 2 2 1 4 
4 1 3 1 1 3 2 4 3 1 1 4 2 2 1 3 4 2 2 4 2 1 1 2 2 4 4 2 4 2 1 4 2 3 1 3 2 4 2 3 1 3 2 4 1 4 1 4 2 2 4 1 1 1 3 1 1 2 4 
4 4 1 1 4 2 2 4 2 3 4 4 3 3 3 3 3 4 4 4 4 2 1 4 3 2 4 2 2 2 2 3 2 1 2 2 3 3 2 2 1 2 2 2 1 3 3 1 3 4 2 3 3 4 4 3 3 3 4 
4 2 4 3 3 4 1 1 2 4 4 1 3 2 3 1 3 2 4 2 3 1 1 3 2 4 3 4 4 4 2 3 2 3 3 3 3 4 1 3 1 3 2 2 2 3 1 3 4 2 2 2 2 4 3 4 1 3 4 
4 3 2 4 3 2 1 2 4 2 3 3 3 4 3 4 3 3 1 4 2 3 2 2 2 1 4 1 2 1 4 1 3 4 3 2 3 2 1 3 1 1 3 4 2 3 2 2 3 4 4 4 3 4 2 1 1 2 4 
4 3 3 1 1 3 3 2 3 4 1 2 2 4 4 2 2 2 4 3 2 1 1 2 1 1 1 1 2 1 4 1 3 3 4 3 2 1 2 2 3 3 2 4 1 2 4 2 1 2 3 3 3 2 3 1 3 3 4 
4 2 2 1 2 4 2 3 2 2 4 1 1 4 1 2 1 2 2 1 3 4 4 2 2 3 3 3 3 2 4 4 3 4 4 1 4 4 2 1 3 3 3 1 2 1 3 3 4 3 3 3 1 4 4 2 3 4 4 
4 2 1 2 4 3 3 2 2 3 4 4 3 2 2 4 4 1 2 2 3 3 4 4 3 3 1 2 4 1 1 3 1 3 4 4 2 2 4 2 4 1 4 4 3 2 2 4 2 1 3 3 4 1 1 4 1 1 4 
4 2 4 2 3 1 1 2 1 4 2 3 1 2 3 3 4 3 4 1 1 4 2 1 3 1 3 3 3 4 2 2 3 2 3 4 1 1 2 2 1 3 4 3 4 3 1 2 2 1 4 3 2 4 4 2 2 2 4 
4 2 4 1 1 3 3 2 1 2 1 4 3 3 3 4 1 3 2 4 3 2 4 2 4 3 3 2 1 2 3 2 2 4 2 2 3 2 3 1 3 3 2 2 1 1 1 1 2 3 1 3 3 4 2 4 4 3 4 
4 3 3 4 1 2 3 2 1 3 2 4 2 2 3 3 1 1 4 3 4 3 2 1 1 1 1 1 3 2 1 3 4 2 2 4 4 3 1 3 1 2 1 3 2 2 1 4 3 2 3 2 2 2 2 3 2 1 4 
4 2 1 3 2 2 4 1 1 3 4 1 4 4 1 1 2 1 4 2 1 4 3 3 3 2 1 3 2 3 2 3 3 2 3 3 2 4 4 3 4 3 1 4 2 1 4 2 1 1 3 1 4 3 1 2 3 3 4 
4 1 2 3 1 3 2 1 1 4 2 1 3 2 1 1 2 4 1 1 4 3 4 4 4 1 3 1 1 3 4 4 4 3 1 4 4 2 3 3 4 4 2 2 1 3 2 4 3 1 1 3 3 1 3 4 1 1 4 
4 1 4 1 1 1 1 3 2 3 2 1 4 2 3 4 3 3 4 3 4 3 3 1 2 2 1 4 3 1 2 4 4 1 2 1 2 2 3 4 4 3 3 4 3 4 3 1 1 2 1 3 4 3 2 2 4 4 4 
4 3 2 2 1 4 3 4 1 3 3 3 3 3 3 4 3 3 2 1 1 2 1 2 2 2 4 3 4 3 2 4 1 2 3 1 1 3 2 2 4 2 2 1 4 2 3 4 3 1 2 4 2 1 4 2 3 1 4 
4 3 2 1 4 4 3 3 3 1 4 3 2 4 4 2 4 3 3 3 1 3 4 2 4 3 4 1 3 3 2 4 2 1 4 3 4 1 3 1 2 3 4 4 1 3 1 1 3 4 2 2 4 2 4 4 1 4 4 
4 2 3 1 2 3 2 4 3 4 2 1 3 3 1 2 2 1 2 1 2 4 3 4 2 3 3 3 3 4 4 3 2 1 4 1 2 4 3 4 3 1 1 4 2 1 3 4 3 1 4 2 1 3 1 1 1 1 4 
4 4 2 4 2 4 4 1 4 1 3 4 1 4 4 3 3 1 3 2 4 1 1 1 1 1 2 3 2 3 2 4 1 4 3 3 3 4 3 1 3 2 1 3 1 4 1 2 2 1 3 1 4 4 1 2 1 1 4 
4 1 4 1 2 3 3 2 2 2 2 1 1 4 4 1 4 3 4 2 1 4 1 4 3 2 4 1 2 4 4 2 3 4 3 4 3 4 1 3 2 3 2 1 2 2 3 3 3 4 3 4 1 1 1 1 1 4 4 
4 1 2 3 1 2 2 1 2 2 4 2 2 3 3 3 4 4 1 4 3 4 3 2 1 1 1 2 1 2 4 2 1 2 4 1 2 4 2 2 3 2 4 1 2 4 3 1 4 3 1 3 2 4 2 1 3 2 4 
4 1 2 2 3 4 3 3 3 3 4 1 4 4 3 3 4 4 4 2 4 3 3 2 2 4 1 3 2 4 1 2 2 3 4 3 1 4 1 1 1 2 1 4 1 4 1 1 2 1 2 1 2 2 1 1 3 3 4 
4 3 2 4 1 2 1 1 3 2 4 2 1 1 1 2 1 4 2 4 4 2 1 4 2 1 2 2 3 1 3 1 1 2 3 1 2 4 4 2 1 2 1 3 1 2 3 3 1 2 4 1 1 1 4 2 3 1 4 
4 1 3 2 3 3 1 1 1 1 3 1 2 1 4 3 4 2 4 2 2 2 4 1 1 2 2 2 4 4 3 3 4 4 3 1 4 2 4 1 3 3 1 4 3 2 2 3 2 1 4 4 4 1 2 1 4 2 4 
4 3 2 1 3 2 2 2 2 2 1 3 3 1 2 2 3 3 3 2 4 1 3 1 2 2 1 3 2 4 1 1 3 3 1 2 4 4 3 2 2 2 4 3 1 4 1 2 1 1 3 2 3 2 4 4 4 2 4 
4 1 2 3 3 1 4 2 1 1 3 2 4 1 1 1 1 2 2 4 1 1 1 4 1 2 1 4 4 1 2 2 3 3 3 4 3 3 2 2 1 2 3 4 4 2 4 4 1 4 3 1 3 4 4 3 4 2 4 
4 4 2 4 4 3 1 3 4 1 1 4 4 2 4 1 3 3 2 3 1 2 1 4 2 2 1 4 1 4 3 4 2 1 3 3 4 2 2 1 2 4 2 3 1 4 3 2 2 1 3 2 1 4 4 4 2 4 4 
4 2 4 2 4 1 1 4 4 1 4 4 3 2 2 2 1 3 2 4 3 2 3 3 4 2 1 3 2 3 4 2 4 3 1 1 4 1 2 1 1 4 3 1 4 4 2 1 1 4 2 4 4 4 4 3 4 1 4 
4 2 4 2 3 2 1 4 4 3 2 1 4 4 2 3 1 2 3 2 4 4 1 4 3 2 3 2 1 4 3 2 2 1 2 3 1 2 1 1 4 3 1 4 2 2 2 1 3 1 4 2 3 4 4 1 2 2 4 
4 3 4 4 4 2 3 1 2 3 4 1 1 2 2 1 3 2 2 3 4 2 2 2 3 1 2 4 3 1 1 2 1 2 4 3 2 1 1 2 3 4 3 4 1 2 3 2 2 1 4 2 2 4 2 4 1 3 4 
4 3 4 3 2 1 4 4 2 3 4 1 4 3 1 1 2 1 1 1 4 1 4 4 3 4 1 2 2 3 3 2 4 4 2 2 1 2 3 3 1 4 2 3 2 3 4 1 2 3 1 2 1 1 4 4 1 2 4 
4 3 3 4 3 3 3 2 4 1 1 1 3 2 4 3 1 2 3 2 4 1 3 1 1 4 4 4 3 1 2 4 4 2 3 1 1 4 3 1 2 3 4 4 4 1 1 4 1 1 3 3 1 4 4 3 2 1 4 
4 3 1 4 4 1 3 1 3 3 2 4 2 3 4 3 1 3 2 3 3 3 1 3 1 3 1 2 1 1 3 4 2 1 4 1 3 4 1 4 1 4 2 1 3 3 2 4 3 2 4 2 4 3 4 2 2 4 4 
4 3 1 4 4 1 3 3 1 1 4 3 4 4 1 1 3 4 3 3 2 3 2 1 4 2 2 3 4 2 1 2 3 2 4 3 3 4 3 1 2 4 3 3 3 2 2 4 3 2 2 1 4 1 1 3 4 2 4 
4 2 3 3 4 4 2 2 1 1 2 2 1 2 2 1 2 2 1 1 3 4 2 1 2 3 1 3 1 2 3 1 3 1 2 2 4 3 4 1 1 2 3 2 2 1 1 4 1 1 2 3 4 4 4 1 1 4 4 
4 2 1 2 3 2 1 2 2 2 1 1 2 1 4 2 2 2 1 2 1 2 4 2 1 2 3 2 4 1 2 1 2 2 3 4 4 2 3 3 1 3 4 4 2 4 3 1 1 1 1 3 1 4 1 3 3 1 4 
4 1 1 4 2 4 3 4 2 1 3 2 4 2 2 1 2 3 4 3 4 4 2 4 1 4 4 1 4 4 4 4 3 3 2 1 4 4 1 2 3 1 1 4 4 4 2 3 4 3 2 4 1 4 4 2 2 4 4 
4 4 4 4 4 4 4 4 4 4 4 4 4 4 4 4 4 4 4 4 4 4 4 4 4 4 4 4 4 4 4 4 4 4 4 4 4 4 4 4 4 4 4 4 4 4 4 4 4 4 4 4 4 4 4 4 4 4 4 

