59
1000
1000

[Node]
0  0  0   0  0
60 0  0   0  0

[pickup]
1       504615511      14          13
2       504619160      16          17
3       504725765      27          16
4       505036392      28          15
5       505185201      28          8
6       505123014      31          13
7       504729849      33          12
8       502794879      39          12
9       504930826      43          17
10      504944052      43          15
11      504489908      47          11
12      503240801      47          20
13      505131975      50          5
14      502788388      51          11
15      504632589      52          7
16      505170366      53          11
17      504632568      57          16
18      505170924      63          17
19      504579938      70          13
20      505026956      78          5
21      505084618      80          15
22      504549590      81          17
23      504989072      81          19
24      505193078      87          13
25      504726270      91          8
26      502800258      92          19
27      504742888      94          7
28      503242004      95          5
29      504940824      98          15
30      504930829      98          9
31      504851317      101         17
32      504563723      102         8
33      504381435      104         11
34      503284249      125         13
35      504553396      127         19
36      502794547      129         7
37      504878152      136         7
38      502789111      141         19
39      504692561      149         16
40      502796205      151         17
41      504904607      158         12
42      505150270      162         13
43      505107611      164         15
44      503249203      184         6
45      502787414      184         8
46      503064979      190         15
47      504940738      230         5
48      503629917      247         11
49      503819061      284         16
50      502785862      294         13
51      505082920      334         7
52      502798241      337         14
53      503746302      367         10
54      504491355      496         6
55      504040924      588         7
56      502798842      686         15
57      502947275      829         9
58      503220254      871         15
59      504930822      876         8

[Speed 0]
0.81
30.0   60.0 0.0 0.6
90.0   150 0.0 0.4
300.0  540.0 0.0 0.81
570.0 630.0 0.0 0.6
660.0 720.0 0.0 0.4
750.0 840.0 0.0 0.81

[Speed 1]
1.33
30.0   60.0 0.0 0.8
90.0   150 0.0 0.6
300.0  540.0 0.0 1.33
570.0 630.0 0.0 0.8
660.0 720.0 0.0 1.3
750.0 840.0 0.0 2

[Speed 2]
1.33
30.0   60.0 0.0 1.0
90.0   150 0.0 0.8
300.0  540.0 0.0 1.33
570.0 630.0 0.0 0.8
660.0 720.0 0.0 0.6
750.0 840.0 0.0 1.5

[Speed 3]
1.5
30.0   60.0 0.0 0.9
90.0   150 0.0 0.8
300.0  540.0 0.0 1.5
570.0 630.0 0.0 0.9
660.0 720.0 0.0 0.8
750.0 840.0 0.0 1.5

[Speed 4]
2
30.0   60.0 0.0 1.1
90.0   150 0.0 0.9
300.0  540.0 0.0 2
570.0 630.0 0.0 1.1
660.0 720.0 0.0 0.9
750.0 840.0 0.0 2

[speed choose matrix]
4 4 4 4 4 4 4 4 4 4 4 4 4 4 4 4 4 4 4 4 4 4 4 4 4 4 4 4 4 4 4 4 4 4 4 4 4 4 4 4 4 4 4 4 4 4 4 4 4 4 4 4 4 4 4 4 4 4 4 4 4 
4 4 4 4 2 3 4 1 1 4 3 1 3 2 3 1 1 3 3 3 2 1 4 1 2 1 2 1 3 1 1 1 4 3 4 2 3 2 1 2 1 4 3 3 1 4 1 1 4 3 1 2 4 4 4 2 2 4 3 3 4 
4 3 2 4 1 1 4 2 2 4 4 2 4 1 2 2 4 2 3 4 4 1 4 1 3 4 3 4 4 2 1 3 1 2 1 1 1 4 4 4 3 3 3 4 2 3 1 1 2 4 1 3 3 1 2 4 3 1 1 3 4 
4 4 3 3 4 2 4 2 3 1 4 3 4 2 1 1 2 2 2 1 4 3 1 3 1 2 1 2 3 3 2 2 4 1 4 2 1 1 2 1 4 2 4 2 3 3 4 1 3 1 2 4 4 3 3 4 3 2 2 4 4 
4 2 3 1 1 4 2 2 4 4 2 2 4 3 2 1 4 2 1 2 3 2 1 1 3 4 3 1 1 3 4 4 4 3 4 4 3 1 1 4 1 1 4 4 1 2 4 3 3 2 2 4 1 2 2 4 2 1 1 1 4 
4 2 1 1 4 4 3 3 1 3 3 1 3 1 3 1 4 2 2 2 1 3 3 1 4 1 1 3 3 3 1 1 1 4 3 1 4 3 4 4 1 2 1 1 1 3 4 2 1 1 1 4 1 3 2 2 2 4 3 3 4 
4 2 4 3 4 3 3 1 3 4 2 3 1 3 1 2 4 1 2 2 1 4 1 1 1 4 3 3 2 2 4 1 4 1 3 4 2 1 3 3 3 3 2 4 1 2 2 4 1 2 2 2 1 1 4 2 2 1 1 2 4 
4 2 2 2 4 1 3 2 1 1 4 2 4 1 3 3 1 1 3 3 2 3 1 4 1 3 4 4 3 2 2 4 3 3 2 1 2 4 1 1 1 2 4 4 4 2 2 3 1 1 3 4 3 1 4 3 2 3 2 1 4 
4 4 4 2 4 2 2 4 1 1 3 3 3 3 2 3 3 2 2 4 2 4 1 3 3 4 3 1 4 3 3 3 1 3 4 4 1 3 3 1 3 4 3 2 1 4 1 1 1 4 3 2 2 3 1 1 3 2 4 2 4 
4 2 1 1 3 1 3 4 3 3 4 4 4 1 3 4 4 4 1 3 4 4 2 4 2 4 1 4 1 4 1 3 3 1 3 4 2 3 3 4 2 2 1 2 2 3 4 1 3 4 2 3 4 4 2 2 1 4 1 2 4 
4 1 3 2 2 1 4 2 1 2 2 2 1 3 2 2 4 2 4 3 1 2 4 3 3 2 1 4 3 1 4 3 2 2 1 4 1 3 2 3 1 1 4 4 3 2 1 4 1 4 4 2 2 2 2 2 4 3 4 3 4 
4 2 1 4 4 1 3 3 2 2 2 4 1 1 3 2 3 1 2 4 1 1 3 2 4 1 2 1 2 1 2 2 1 3 4 1 4 4 3 4 4 3 3 3 3 3 4 4 3 4 2 4 4 4 4 4 3 3 1 3 4 
4 2 1 3 1 1 1 1 4 3 1 3 4 3 1 1 1 3 2 2 1 3 4 1 3 4 3 2 1 1 4 3 2 2 3 2 1 4 1 1 4 4 2 3 1 2 3 3 1 4 4 1 3 2 1 4 3 2 1 1 4 
4 4 1 2 1 4 1 4 2 1 2 4 3 1 1 2 1 2 4 2 2 1 4 3 1 3 1 2 3 1 3 4 1 3 2 2 2 1 1 1 4 4 3 4 1 3 4 4 2 1 1 3 4 4 4 4 3 3 1 2 4 
4 3 1 3 1 4 3 2 2 3 3 3 4 4 1 4 4 3 2 4 2 2 2 2 2 3 1 2 1 4 3 4 2 1 4 2 1 2 4 3 2 1 2 2 3 2 4 3 3 1 1 2 2 2 3 3 2 4 2 3 4 
4 4 2 2 2 1 1 1 4 2 4 2 3 1 1 3 1 1 3 1 4 4 4 2 1 4 2 2 3 1 4 3 1 1 1 2 3 1 1 1 4 2 2 4 2 3 2 2 3 4 2 4 4 4 2 4 1 2 3 4 4 
4 1 4 3 2 2 4 3 4 4 4 3 4 4 4 4 3 1 3 4 3 3 2 3 4 4 3 4 2 4 2 4 3 2 1 3 3 4 3 2 2 3 3 2 2 3 2 4 2 3 1 1 4 2 4 4 3 3 4 3 4 
4 1 2 4 2 4 3 3 2 2 2 2 1 2 3 4 3 3 3 1 4 1 4 2 4 1 3 2 4 4 2 3 4 3 1 3 1 4 1 2 2 2 3 3 4 2 2 2 2 2 4 1 4 1 2 3 4 1 1 3 4 
4 4 2 1 3 4 4 4 2 2 3 2 1 3 3 2 3 4 4 3 2 2 3 3 3 2 3 2 1 4 1 4 2 1 3 4 2 3 2 4 3 4 1 3 4 2 3 1 4 4 2 4 2 4 4 1 4 3 2 4 4 
4 3 1 2 2 1 4 2 1 3 1 2 3 1 4 3 2 1 3 3 1 3 2 3 1 3 4 4 3 2 2 4 1 1 3 1 3 2 2 3 3 1 3 1 1 1 2 1 1 1 2 3 2 3 1 1 1 3 1 4 4 
4 3 1 1 3 4 3 1 2 2 3 2 4 2 4 2 1 4 3 3 2 1 2 2 4 1 4 4 3 3 4 3 4 2 1 3 1 2 3 2 3 4 1 2 4 1 2 3 1 1 4 4 2 4 1 3 3 4 3 3 4 
4 1 2 2 3 4 1 4 3 2 1 4 2 1 3 1 1 1 4 3 3 1 2 4 4 2 1 1 1 3 3 1 1 1 3 4 4 1 3 4 4 4 1 3 3 3 2 2 1 3 1 3 1 4 3 3 1 3 4 2 4 
4 4 3 4 1 4 3 1 4 4 1 1 4 3 3 1 1 1 3 4 2 4 3 1 2 2 3 2 1 3 1 3 2 4 2 2 4 3 4 1 2 3 1 3 2 3 1 3 4 4 3 4 2 4 2 2 2 3 4 2 4 
4 4 3 3 1 2 4 2 1 2 4 1 4 2 3 1 1 1 1 1 4 3 4 1 4 4 3 3 2 3 3 3 1 4 2 4 2 3 4 1 1 3 3 1 2 1 2 3 2 2 4 2 4 2 1 3 4 2 2 1 4 
4 4 1 2 2 4 1 4 4 3 4 1 4 4 2 2 3 2 2 1 3 3 2 4 3 2 3 2 2 2 1 3 4 4 1 2 2 4 3 4 1 2 4 1 1 2 4 3 1 3 2 4 1 4 4 1 2 4 1 2 4 
4 3 3 1 4 2 1 4 2 3 3 1 3 1 2 4 2 2 3 4 3 1 1 4 3 4 1 1 1 2 3 2 2 1 2 1 3 3 4 1 1 1 1 4 1 4 3 1 1 3 4 2 2 4 1 1 1 4 4 1 4 
4 4 1 2 2 3 4 1 1 1 3 2 2 4 4 4 4 4 1 4 3 2 4 2 4 4 2 1 4 1 4 4 1 2 3 4 2 4 2 3 2 4 3 1 4 1 4 3 4 3 1 4 2 4 1 2 4 4 1 1 4 
4 3 4 2 2 3 4 4 1 3 3 4 2 2 2 3 3 2 3 1 2 3 1 1 4 1 4 1 1 4 1 3 4 3 1 3 4 2 3 2 3 3 4 3 4 3 3 1 3 2 2 3 2 4 3 4 4 1 3 2 4 
4 3 2 1 3 1 2 1 2 4 2 3 2 2 1 2 1 2 3 4 4 3 1 1 2 1 4 2 3 4 1 3 1 1 1 2 4 4 2 2 4 1 2 2 1 1 2 1 2 3 2 3 3 1 4 2 4 4 2 3 4 
4 1 3 3 4 2 3 2 2 4 3 3 1 1 2 4 4 3 4 3 3 1 1 2 4 2 4 2 1 1 4 1 2 4 2 3 3 2 4 3 2 3 2 2 1 4 1 4 1 2 4 3 2 2 1 2 3 1 1 4 4 
4 1 2 4 3 2 2 4 1 4 4 4 3 3 4 4 2 1 1 3 2 1 2 1 2 4 2 2 4 2 4 3 2 1 1 2 2 3 4 1 4 3 1 1 2 1 4 1 3 2 4 3 3 2 2 2 2 3 4 2 4 
4 3 4 2 3 1 1 4 4 2 2 3 3 4 1 2 1 2 1 1 1 3 1 3 4 2 2 3 1 3 1 4 4 2 4 1 4 2 1 2 2 3 3 4 4 4 1 3 1 3 2 3 1 3 4 4 2 2 3 4 4 
4 1 1 2 2 2 3 3 1 1 4 3 4 4 3 1 3 1 3 3 4 1 4 2 1 3 1 2 2 1 1 2 1 4 1 1 2 2 4 3 2 2 3 1 3 4 1 4 4 1 4 2 1 4 4 2 1 1 3 2 4 
4 2 1 3 4 4 3 4 4 2 2 1 1 1 4 2 2 3 3 3 2 4 4 1 1 1 1 1 4 4 1 1 3 2 4 1 2 3 3 3 2 4 1 4 1 1 4 2 2 2 4 2 2 4 4 1 4 2 4 3 4 
4 3 3 2 1 2 1 3 3 4 1 2 2 3 2 3 1 1 1 4 4 1 1 4 2 2 3 2 3 4 2 3 2 2 2 1 4 4 3 4 3 3 3 1 3 3 3 1 1 1 4 1 4 4 4 2 1 1 4 1 4 
4 3 3 2 4 4 2 3 1 4 1 3 4 4 3 4 2 4 3 3 1 3 2 4 4 3 4 3 4 2 1 3 1 1 2 1 3 4 4 1 3 4 3 4 1 4 1 3 3 3 1 1 2 3 4 3 4 4 1 2 4 
4 4 3 4 1 1 2 4 2 3 2 2 2 1 1 4 3 1 1 1 3 1 2 4 1 1 3 1 2 1 3 4 2 2 1 3 1 4 3 3 4 2 3 4 1 4 3 3 4 4 2 1 4 4 3 3 1 4 3 3 4 
4 2 3 2 3 4 3 2 1 3 3 1 2 4 1 4 4 2 2 2 4 1 1 1 3 4 3 4 1 4 1 2 1 1 3 3 1 2 3 2 2 3 2 4 1 2 4 2 2 2 2 2 3 2 3 2 4 4 1 4 4 
4 4 3 1 1 3 3 1 4 3 2 3 1 3 3 1 1 1 3 1 4 2 4 3 3 1 3 1 1 4 1 3 2 4 3 1 3 2 4 4 3 4 2 1 3 4 1 2 2 1 4 2 1 4 4 2 2 3 4 3 4 
4 3 3 1 4 2 1 2 1 1 3 2 4 2 4 3 1 4 3 1 1 2 2 2 1 4 3 4 2 4 1 1 4 4 4 4 2 2 3 2 2 2 1 1 3 2 3 3 4 1 3 2 2 4 2 3 2 3 3 4 4 
4 3 4 1 4 4 3 2 3 3 4 4 1 1 3 3 4 4 1 1 1 3 4 4 1 4 3 4 4 2 4 3 3 4 4 3 1 3 3 3 2 4 3 3 2 4 3 3 4 4 3 1 1 4 2 2 4 3 1 4 4 
4 3 4 3 4 1 2 1 2 2 1 2 1 4 1 2 2 4 4 1 4 2 2 3 3 1 2 1 3 3 3 1 3 4 4 1 2 3 1 3 4 4 3 1 4 3 1 4 3 4 1 4 4 2 4 2 2 4 1 2 4 
4 1 2 3 1 1 3 4 1 2 4 2 1 4 4 4 4 4 3 2 4 3 2 3 2 1 2 2 2 3 1 4 3 2 2 4 2 2 4 3 2 3 2 3 3 2 2 2 1 3 4 4 4 1 1 1 1 2 3 2 4 
4 3 2 3 4 4 3 2 2 4 1 1 3 2 3 4 4 4 3 3 4 1 4 1 2 4 1 4 4 4 3 2 3 4 3 3 4 4 2 3 3 3 1 1 2 2 3 3 2 1 2 1 2 3 2 1 4 2 2 1 4 
4 2 1 1 3 1 4 3 1 1 3 4 2 4 4 1 4 3 1 2 3 1 2 4 3 3 3 2 3 4 2 1 3 3 4 1 3 4 1 4 2 1 3 1 4 2 4 3 1 4 4 3 2 2 2 4 4 1 4 2 4 
4 3 2 2 3 4 2 1 1 4 4 4 2 1 4 4 2 3 2 1 2 3 3 2 1 4 4 4 3 4 1 4 4 4 3 2 4 1 2 3 4 2 4 1 4 2 1 1 4 2 2 4 1 2 2 1 4 1 3 4 4 
4 4 1 3 2 3 3 2 1 4 3 3 2 3 1 4 4 4 4 3 4 4 3 4 3 3 1 1 3 1 4 3 3 1 2 3 4 3 1 3 2 1 2 4 1 3 2 2 1 4 1 1 3 3 2 3 4 1 4 1 4 
4 2 1 4 3 2 3 2 1 3 3 2 2 3 3 1 2 4 2 2 3 1 4 1 4 2 3 1 4 1 3 3 1 1 1 1 3 3 3 1 1 2 4 1 4 1 4 4 2 2 2 3 2 3 3 4 3 4 4 2 4 
4 4 2 1 2 3 1 1 4 4 2 4 1 2 2 3 2 3 3 4 2 1 2 3 3 3 2 4 1 4 1 1 2 3 3 1 1 1 1 2 4 4 4 1 2 2 1 3 1 1 3 2 1 4 2 3 1 1 4 4 4 
4 1 4 1 1 1 3 3 3 4 3 2 4 4 1 2 4 2 3 3 2 3 2 1 2 2 1 1 3 4 2 4 4 4 2 1 4 4 3 2 4 3 3 2 4 2 4 4 4 1 2 3 1 4 4 1 3 2 3 3 4 
4 4 1 1 1 3 1 1 4 3 4 1 1 1 3 2 1 2 2 1 1 1 2 2 3 1 3 1 3 4 4 1 4 2 1 3 4 2 1 3 3 1 4 3 3 4 2 2 4 3 1 1 4 2 3 4 1 4 1 2 4 
4 3 3 4 3 1 3 4 2 1 1 4 4 2 1 2 4 2 1 3 2 1 2 1 1 4 2 4 1 1 4 1 3 1 4 3 1 2 4 1 3 3 4 1 1 2 3 1 1 3 2 3 4 1 4 1 2 4 4 1 4 
4 4 2 3 1 1 1 3 2 2 3 3 2 1 1 2 3 4 3 2 3 1 4 1 2 2 4 3 1 3 1 1 2 2 2 1 3 1 1 4 4 4 2 1 2 1 4 4 4 4 4 1 4 4 3 1 3 1 2 3 4 
4 2 3 1 1 3 2 2 4 3 3 1 3 4 4 3 3 1 2 4 1 3 4 1 2 2 3 2 3 3 2 4 4 1 1 2 2 1 3 3 2 1 2 1 4 1 4 3 4 3 1 3 1 2 2 3 4 4 3 1 4 
4 2 4 2 1 3 4 2 1 2 1 1 2 4 1 2 4 2 3 4 2 3 1 3 4 4 2 1 2 4 4 4 1 3 2 4 2 3 2 3 1 2 1 2 2 2 4 2 4 4 1 4 4 1 2 2 3 1 3 2 4 
4 3 4 3 3 3 4 3 1 2 3 4 1 2 1 4 3 1 1 2 2 4 2 2 4 4 2 1 1 2 1 4 4 3 4 3 1 1 3 1 2 4 4 1 4 1 1 3 4 4 4 3 3 1 2 4 4 3 3 2 4 
4 1 4 1 3 2 4 2 1 4 2 3 1 3 1 3 2 1 1 2 3 3 1 4 3 1 4 3 4 1 4 1 2 1 3 3 2 4 1 1 1 3 4 1 1 4 4 1 1 2 2 3 3 2 4 2 1 2 2 3 4 
4 1 2 1 3 2 1 4 2 4 2 2 4 1 2 2 1 1 4 3 2 2 1 1 4 4 4 3 4 4 4 3 2 4 2 1 3 1 3 3 2 4 3 3 4 3 2 1 4 2 2 2 3 2 2 4 2 3 4 1 4 
4 2 4 2 1 4 4 3 4 2 4 4 1 4 2 3 1 2 2 4 2 2 4 2 1 2 3 4 2 3 1 1 4 2 2 2 3 1 2 3 1 2 4 1 4 1 1 4 2 4 4 3 3 4 3 4 3 2 3 2 4 
4 2 3 2 2 4 1 4 1 3 1 4 2 2 1 4 2 4 3 2 3 3 4 4 3 4 1 1 3 1 3 1 2 4 3 3 1 1 1 2 3 1 4 4 3 2 1 4 1 1 4 3 1 4 1 3 3 1 3 4 4 
4 4 4 4 4 4 4 4 4 4 4 4 4 4 4 4 4 4 4 4 4 4 4 4 4 4 4 4 4 4 4 4 4 4 4 4 4 4 4 4 4 4 4 4 4 4 4 4 4 4 4 4 4 4 4 4 4 4 4 4 4 

