60
1000
1000

[Node]
0  0  0   0  0
61 0  0   0  0

[pickup]
1       504411672      13          16
2       504559662      17          20
3       504930826      36          15
4       502795047      40          17
5       504489908      41          13
6       504959617      45          10
7       503266124      49          19
8       503660969      50          8
9       505170366      53          19
10      504632589      61          17
11      505125143      62          15
12      502789180      77          17
13      504989072      105         12
14      504549590      107         6
15      504742888      109         17
16      502785862      118         20
17      502794547      121         7
18      504579938      121         16
19      502789708      123         11
20      504940824      125         14
21      503304580      130         16
22      505084618      146         16
23      503064979      153         6
24      502851705      158         17
25      505082920      162         10
26      504826545      163         16
27      504539377      164         17
28      504904607      165         7
29      503251699      165         19
30      502793979      174         7
31      502787056      182         15
32      504940738      190         8
33      503202377      203         13
34      503254635      206         7
35      503251698      224         14
36      502787414      229         19
37      504491355      232         16
38      503819061      263         15
39      504579944      279         7
40      502798241      281         13
41      504012514      286         6
42      502787619      295         8
43      503249203      313         13
44      503184278      356         9
45      503746302      362         13
46      503229542      390         10
47      502947275      392         18
48      504040924      470         6
49      504804145      502         18
50      503254639      535         19
51      502790178      628         11
52      504608410      782         14
53      504692561      874         10
54      502798842      927         10
55      504777883      945         6
56      502788061      976         7
57      504930822      1000        9
58      504940835      1000        17
59      504411671      1000        12
60      502804546      1000        10

[Speed 0]
0.81
30.0   60.0 0.0 0.6
90.0   150 0.0 0.4
300.0  540.0 0.0 0.81
570.0 630.0 0.0 0.6
660.0 720.0 0.0 0.4
750.0 840.0 0.0 0.81

[Speed 1]
1.33
30.0   60.0 0.0 0.8
90.0   150 0.0 0.6
300.0  540.0 0.0 1.33
570.0 630.0 0.0 0.8
660.0 720.0 0.0 1.3
750.0 840.0 0.0 2

[Speed 2]
1.33
30.0   60.0 0.0 1.0
90.0   150 0.0 0.8
300.0  540.0 0.0 1.33
570.0 630.0 0.0 0.8
660.0 720.0 0.0 0.6
750.0 840.0 0.0 1.5

[Speed 3]
1.5
30.0   60.0 0.0 0.9
90.0   150 0.0 0.8
300.0  540.0 0.0 1.5
570.0 630.0 0.0 0.9
660.0 720.0 0.0 0.8
750.0 840.0 0.0 1.5

[Speed 4]
2
30.0   60.0 0.0 1.1
90.0   150 0.0 0.9
300.0  540.0 0.0 2
570.0 630.0 0.0 1.1
660.0 720.0 0.0 0.9
750.0 840.0 0.0 2

[speed choose matrix]
4 4 4 4 4 4 4 4 4 4 4 4 4 4 4 4 4 4 4 4 4 4 4 4 4 4 4 4 4 4 4 4 4 4 4 4 4 4 4 4 4 4 4 4 4 4 4 4 4 4 4 4 4 4 4 4 4 4 4 4 4 4 
4 1 2 3 1 2 3 3 2 2 1 1 1 2 1 2 3 3 4 2 4 4 4 3 3 4 2 1 3 1 3 3 4 1 2 1 3 2 1 2 4 2 3 4 1 1 4 2 2 3 4 2 4 3 1 3 2 4 1 3 4 4 
4 1 1 4 4 4 1 2 4 3 1 1 2 3 4 2 2 3 4 3 4 4 2 1 2 2 2 1 1 3 3 4 3 2 2 3 2 3 1 3 1 3 3 1 2 1 1 4 2 4 4 1 4 2 4 2 3 1 4 4 2 4 
4 4 2 1 1 4 2 4 2 1 4 3 2 2 3 1 4 1 1 1 3 2 4 4 2 3 3 4 1 4 3 3 4 2 3 4 1 2 3 4 1 4 3 4 4 3 2 2 3 1 4 2 3 2 2 2 3 3 2 3 2 4 
4 2 4 4 2 4 1 2 3 2 1 1 2 1 4 2 1 1 4 2 3 4 4 4 3 3 1 2 4 2 1 2 2 4 4 4 2 3 3 2 1 2 4 1 4 2 3 4 2 4 2 3 1 2 1 4 1 3 2 2 2 4 
4 2 2 4 3 3 2 2 2 2 2 4 4 2 2 4 1 3 2 1 2 3 4 2 2 4 2 1 1 1 3 2 3 2 4 2 2 2 1 1 3 2 2 2 2 4 2 1 2 2 2 4 2 4 2 3 3 2 2 3 3 4 
4 4 2 1 4 2 4 3 2 2 2 3 4 3 1 3 2 1 3 4 4 2 2 4 1 4 4 2 2 4 2 2 1 4 4 2 2 1 4 2 2 2 4 2 1 1 2 2 2 1 1 2 1 1 2 3 3 4 4 2 1 4 
4 1 2 1 3 2 1 1 2 3 4 4 2 1 1 4 1 3 3 3 2 1 1 1 4 2 1 1 2 1 4 2 1 1 4 3 4 2 2 4 3 3 4 4 4 4 1 1 2 2 1 1 3 4 3 1 1 1 1 2 2 4 
4 3 1 2 3 3 4 1 1 2 3 3 2 1 1 4 2 3 3 2 3 2 4 1 1 4 1 3 2 4 3 3 4 4 1 4 2 3 4 3 2 3 1 4 1 2 1 3 3 3 1 2 4 3 1 4 3 3 4 2 4 4 
4 3 2 1 3 4 4 1 3 4 2 1 1 3 4 2 1 1 1 2 4 4 2 3 3 2 2 2 2 2 3 2 1 2 4 2 2 3 3 3 2 2 3 1 1 2 1 4 2 1 4 2 2 2 2 1 4 2 1 4 1 4 
4 4 3 3 4 2 2 2 2 1 4 3 1 4 1 4 4 3 3 1 2 1 3 4 1 3 1 3 2 2 3 3 2 1 2 3 2 4 1 3 2 2 4 2 4 2 2 1 1 1 4 3 4 1 4 3 3 2 2 4 3 4 
4 4 1 2 3 2 2 3 1 1 4 3 4 1 4 4 4 2 3 4 4 1 3 2 3 1 2 2 3 4 3 3 4 2 4 1 3 1 4 3 2 3 1 4 2 2 2 1 2 2 3 2 4 2 3 1 1 3 1 2 3 4 
4 1 2 1 4 2 4 3 4 2 3 1 2 3 2 1 2 3 1 4 2 3 3 4 4 4 3 4 4 2 3 3 2 2 4 1 2 4 1 2 1 2 1 4 2 1 2 3 1 4 1 1 4 4 1 1 3 3 1 4 1 4 
4 3 3 1 2 3 2 2 4 2 1 3 3 3 1 2 3 2 3 3 2 1 3 2 3 1 1 1 4 2 1 4 3 2 2 4 2 3 3 4 3 1 4 3 2 4 1 3 3 2 4 4 4 3 2 2 3 4 2 1 1 4 
4 3 2 3 1 4 2 4 4 4 4 2 4 2 1 1 3 4 2 4 3 4 4 3 1 2 1 2 2 1 3 3 2 4 1 3 1 2 1 4 3 3 2 4 1 2 1 3 3 1 1 2 2 4 2 1 4 2 4 4 1 4 
4 1 2 2 4 3 2 1 2 1 1 3 2 2 1 3 4 1 4 3 3 3 2 4 3 4 3 4 2 2 4 3 1 2 4 2 2 4 1 1 3 1 3 2 1 3 2 3 4 3 2 1 3 4 2 1 4 4 4 2 4 4 
4 3 4 2 2 1 2 2 3 4 4 4 2 1 4 2 2 2 4 3 2 3 1 2 3 1 3 1 4 4 3 3 1 2 2 1 2 4 1 3 2 4 2 3 2 3 2 4 3 2 2 1 4 1 4 4 3 1 1 1 2 4 
4 3 3 1 4 1 2 4 3 3 2 1 3 3 3 1 1 2 2 2 3 3 1 4 4 4 1 2 2 2 4 4 4 1 2 3 2 4 4 2 1 4 4 4 4 3 2 2 1 2 2 3 3 4 4 2 4 4 2 1 4 4 
4 1 4 1 4 3 3 3 1 2 2 4 2 3 2 4 3 1 3 2 4 2 2 4 1 4 4 4 2 4 2 4 3 2 1 3 3 2 1 1 1 2 1 4 4 2 4 2 2 2 1 2 4 2 2 2 1 1 2 4 3 4 
4 4 2 4 2 2 4 4 1 2 2 2 3 1 2 4 4 2 3 2 3 1 3 1 4 3 3 4 3 3 3 4 3 3 3 3 2 4 2 4 4 2 3 2 3 4 3 3 4 3 1 1 3 4 2 1 4 4 3 3 4 4 
4 4 3 3 1 1 4 4 3 3 1 4 1 2 1 2 3 4 1 1 2 1 3 4 4 2 2 1 2 3 1 4 3 1 3 4 4 4 4 3 4 2 1 2 4 1 2 3 1 1 3 2 1 3 4 4 4 1 4 4 2 4 
4 3 1 3 1 4 2 3 3 1 2 4 3 3 4 3 2 4 2 4 1 1 4 3 4 1 3 3 4 3 2 3 3 4 1 4 2 1 2 4 2 4 4 3 2 1 4 3 1 1 3 3 1 1 4 4 4 1 3 2 3 4 
4 1 1 1 4 4 1 3 4 3 2 2 3 1 4 4 1 2 4 2 4 4 1 1 1 4 2 4 2 2 1 4 1 1 1 4 3 1 3 4 2 2 3 4 2 4 2 2 4 4 1 2 4 2 1 2 2 4 1 4 4 4 
4 1 4 3 4 3 1 2 4 1 2 2 1 4 2 4 4 4 2 3 4 3 4 3 2 2 2 1 1 3 2 2 3 3 2 3 4 2 2 4 1 3 3 2 1 2 4 4 2 4 2 1 4 3 3 3 2 3 3 2 1 4 
4 2 2 1 2 4 1 4 2 2 1 4 4 1 4 2 1 1 1 4 1 3 2 4 2 2 3 1 2 3 2 2 1 4 2 3 3 2 2 1 4 1 3 2 1 4 2 3 3 4 2 2 2 4 2 4 1 4 1 3 1 4 
4 4 2 4 4 3 1 3 1 1 1 4 4 2 4 4 3 4 1 3 4 4 4 3 1 4 4 1 1 3 4 3 1 4 1 4 1 1 1 3 3 4 3 1 2 4 1 4 2 3 1 3 3 1 3 4 4 2 4 3 2 4 
4 1 4 4 3 4 4 3 2 2 4 4 2 3 2 2 4 2 2 1 4 2 4 2 4 2 3 1 1 3 2 1 3 4 2 4 4 1 4 1 2 1 1 3 2 1 3 1 4 4 1 4 4 2 4 3 1 2 1 2 3 4 
4 2 2 2 4 3 4 2 2 4 2 1 1 3 3 4 3 3 1 2 4 3 1 2 1 3 3 2 2 1 2 2 2 2 1 4 3 4 2 1 3 2 2 3 3 1 3 3 1 2 4 3 2 2 4 1 4 2 1 4 2 4 
4 4 4 3 1 3 1 4 2 2 1 2 3 1 3 3 3 1 2 1 1 1 3 2 4 1 3 4 4 2 1 4 4 1 4 4 3 4 1 2 3 3 3 4 2 4 1 1 4 2 2 1 1 3 1 1 2 3 4 2 1 4 
4 1 1 1 4 3 3 4 4 2 3 2 3 2 1 2 2 2 2 2 4 4 2 3 2 1 2 4 1 4 1 1 1 2 4 1 2 3 1 1 3 4 2 4 4 1 1 3 4 3 2 3 3 3 3 3 1 3 1 2 1 4 
4 4 1 3 3 3 2 3 2 1 1 2 4 1 2 1 1 4 4 1 1 4 1 2 1 1 1 3 1 1 4 2 3 4 4 2 2 4 1 4 3 4 1 3 3 1 1 4 4 2 1 4 2 3 3 4 3 2 1 2 1 4 
4 1 2 2 3 1 4 1 1 3 2 1 1 2 2 3 2 1 4 1 4 3 4 1 2 4 2 1 4 4 1 1 2 1 1 2 3 2 3 3 2 1 3 4 3 3 2 2 1 1 1 4 2 3 3 4 4 3 2 1 1 4 
4 1 4 4 2 2 4 1 4 3 4 4 4 2 4 3 2 2 1 1 4 3 1 2 2 4 2 2 2 1 2 3 2 2 3 2 1 2 2 2 1 2 1 1 4 4 1 3 3 3 4 3 4 2 2 4 3 1 1 3 1 4 
4 1 1 2 2 4 2 1 1 1 2 1 3 1 4 1 3 1 3 4 2 1 2 4 2 1 3 3 4 3 2 4 1 1 4 1 3 2 3 4 1 4 3 4 2 3 2 2 2 1 4 1 2 3 1 2 3 2 3 3 2 4 
4 1 4 3 4 4 3 2 1 3 3 4 2 1 1 2 4 4 1 4 3 3 1 4 3 3 1 3 4 3 1 2 3 3 1 4 4 2 4 1 1 1 4 3 4 1 1 3 3 3 2 3 4 4 3 4 3 3 2 1 4 4 
4 3 1 2 2 4 1 2 2 2 4 2 2 3 4 1 2 3 1 4 2 3 2 1 4 4 4 1 1 1 2 3 1 3 3 1 3 4 2 2 2 3 4 4 3 1 4 3 3 2 4 3 3 1 3 4 4 4 3 2 2 4 
4 1 1 4 3 4 3 1 2 1 1 4 2 3 3 4 3 4 4 3 2 3 3 1 2 3 3 4 2 1 3 4 4 4 4 2 1 4 1 1 1 1 1 3 4 1 4 4 4 3 2 3 1 1 4 2 3 3 4 3 3 4 
4 4 2 4 3 1 4 2 2 1 4 3 1 1 4 2 1 2 4 2 1 4 4 3 1 3 4 1 2 3 1 2 4 3 1 2 2 2 2 4 3 3 3 2 4 4 3 3 4 2 4 3 1 4 4 1 4 2 3 2 4 4 
4 4 2 3 3 2 4 3 1 2 1 3 4 2 3 1 3 4 3 2 2 2 4 2 1 1 1 1 1 2 1 2 2 1 1 4 3 3 1 3 3 4 3 1 4 4 1 2 4 4 2 2 4 4 3 1 4 2 4 3 4 4 
4 3 4 4 1 3 3 1 1 3 4 1 3 3 2 2 3 4 1 4 3 4 2 3 4 1 3 4 1 1 1 4 1 2 4 1 2 2 2 1 2 1 2 1 4 3 2 3 2 1 1 1 4 2 4 2 2 3 1 1 4 4 
4 2 2 4 4 3 2 4 2 3 2 1 4 3 3 1 4 3 1 3 3 3 3 3 2 3 2 2 2 3 4 2 2 3 4 3 4 4 4 1 3 4 2 1 2 2 3 1 2 4 3 2 4 1 3 2 1 4 4 3 2 4 
4 4 3 2 4 3 1 2 3 1 4 3 1 1 3 2 3 1 2 1 4 4 4 3 2 4 4 3 3 4 3 3 1 2 4 1 3 2 3 4 1 4 1 2 3 4 3 2 1 3 1 4 4 3 3 3 2 2 1 1 2 4 
4 1 1 2 4 4 1 4 3 4 1 4 2 1 1 4 4 2 1 3 3 1 3 3 3 1 3 3 2 2 4 3 2 4 2 2 1 1 1 2 1 4 3 2 1 2 2 2 2 1 4 1 3 4 4 4 4 2 3 3 3 4 
4 3 3 4 1 3 4 4 2 2 3 1 4 1 3 3 1 3 1 3 1 3 1 4 1 1 4 4 4 2 1 2 2 1 1 4 1 4 3 1 1 2 1 3 1 1 2 4 4 3 1 4 3 1 4 1 4 3 4 4 2 4 
4 4 1 3 1 1 3 4 4 4 3 4 3 2 2 2 4 4 1 1 2 2 2 1 2 4 4 4 3 3 1 3 3 3 2 2 3 2 1 4 1 3 3 4 4 2 2 1 2 2 4 1 3 4 1 1 4 1 3 1 3 4 
4 4 2 1 2 2 4 4 1 1 1 1 3 4 4 3 3 1 2 4 2 2 1 2 3 2 3 2 4 1 2 2 3 4 3 3 4 4 2 4 4 4 2 4 1 3 4 4 1 2 3 1 3 3 4 3 4 4 4 4 2 4 
4 4 1 1 3 1 1 1 3 4 4 4 1 3 4 3 3 2 2 3 4 3 4 1 4 2 1 1 4 4 1 1 1 4 4 2 2 3 1 4 3 3 4 4 3 2 2 4 3 2 1 3 1 4 4 2 2 2 1 1 2 4 
4 4 1 3 2 2 2 1 3 3 3 1 1 4 2 2 3 3 4 1 4 4 2 1 1 4 3 3 2 3 4 3 1 4 4 1 1 4 2 4 3 3 4 1 2 1 2 3 2 2 3 4 1 1 1 2 3 4 2 3 2 4 
4 3 4 3 3 3 3 3 1 4 4 2 2 2 3 1 4 3 2 4 4 2 4 2 4 3 4 2 1 4 3 1 4 3 3 2 1 2 4 3 2 3 4 4 1 3 4 3 3 3 4 3 4 4 4 1 2 3 4 4 4 4 
4 4 1 2 4 2 2 4 3 1 2 2 3 4 1 3 4 4 4 1 1 4 3 2 2 3 1 1 3 3 4 3 4 2 2 2 4 2 3 2 4 4 4 4 3 2 2 4 1 2 2 1 2 2 4 2 3 2 1 1 2 4 
4 3 1 2 2 2 1 3 4 2 1 4 2 2 3 3 1 3 1 3 3 3 1 4 3 4 2 3 4 4 1 2 1 3 4 1 1 1 3 2 2 3 4 4 2 1 2 2 1 4 2 3 4 2 1 1 4 1 4 3 4 4 
4 3 2 2 3 3 1 4 4 2 3 4 4 3 2 4 2 3 4 4 4 1 3 1 3 1 3 4 2 3 4 2 2 4 1 2 2 4 1 2 3 1 1 1 3 2 3 3 1 3 1 2 3 2 1 2 3 2 3 4 1 4 
4 3 1 1 4 4 2 3 3 2 4 3 1 3 3 4 1 3 2 3 1 4 4 4 3 3 1 4 2 2 3 1 1 2 4 2 1 3 3 1 3 2 4 1 4 1 2 2 3 2 3 2 1 2 1 1 4 4 2 3 3 4 
4 2 3 1 1 2 1 1 4 4 2 4 3 4 4 4 4 1 1 3 2 1 4 2 4 3 4 4 3 1 4 3 3 2 4 2 1 4 4 2 2 1 1 4 3 2 4 3 3 1 3 4 2 4 4 1 3 2 4 3 3 4 
4 3 2 3 2 1 2 1 2 2 1 4 3 2 4 3 1 2 4 2 1 2 1 4 2 3 2 4 1 3 2 2 4 1 1 2 3 3 3 1 4 1 4 4 3 1 3 4 2 3 4 1 2 3 3 4 4 3 2 1 3 4 
4 2 1 2 1 4 4 1 3 4 1 1 4 3 2 1 1 4 1 3 4 3 4 2 2 4 3 1 1 1 1 3 1 1 3 4 2 3 2 4 4 1 2 2 4 1 2 3 1 1 4 2 2 2 4 1 2 2 2 4 3 4 
4 3 3 4 3 2 2 3 3 3 2 2 3 2 2 3 3 2 4 3 3 2 4 3 2 4 2 4 1 1 4 1 3 4 1 3 3 1 4 1 3 2 4 3 4 4 1 3 1 3 1 1 2 4 2 3 3 2 3 4 2 4 
4 4 1 3 3 3 3 3 3 1 1 4 1 1 3 1 3 2 4 2 3 2 4 3 1 2 2 2 4 3 4 3 4 4 2 1 1 1 1 2 4 1 4 3 1 2 2 3 3 2 1 2 4 4 1 3 2 2 3 2 2 4 
4 3 4 4 4 3 2 3 2 3 4 3 2 2 4 1 4 2 2 1 2 2 2 3 4 4 1 4 4 1 2 4 1 1 2 2 4 2 3 4 3 3 1 1 2 3 4 2 3 2 4 1 1 3 4 2 1 2 4 4 1 4 
4 2 4 4 4 4 3 2 1 1 2 3 1 1 1 4 2 4 4 3 3 4 2 1 2 3 2 2 3 3 1 3 1 3 3 1 2 1 1 4 4 3 2 3 1 1 4 3 1 4 3 2 1 1 4 1 2 4 1 2 4 4 
4 4 4 3 3 3 3 2 3 2 2 1 3 4 1 1 1 4 2 2 1 4 2 1 1 2 3 4 4 3 4 3 4 1 4 4 3 1 3 2 2 3 1 1 3 2 4 2 1 1 3 3 3 3 1 3 1 1 1 3 2 4 
4 4 4 4 4 4 4 4 4 4 4 4 4 4 4 4 4 4 4 4 4 4 4 4 4 4 4 4 4 4 4 4 4 4 4 4 4 4 4 4 4 4 4 4 4 4 4 4 4 4 4 4 4 4 4 4 4 4 4 4 4 4 

