61
1000
1000

[Node]
0  0  0   0  0
62 0  0   0  0

[pickup]
1       505162674      21          17
2       504995287      25          9
3       503640888      27          7
4       505160192      37          19
5       504999730      62          12
6       502791163      66          15
7       502798824      72          9
8       502791700      75          13
9       504865782      77          8
10      504735557      80          7
11      504579944      94          9
12      502792441      95          11
13      502792437      97          12
14      502789230      101         6
15      504782558      102         20
16      503266124      103         10
17      505190963      110         9
18      505137588      132         10
19      502873629      135         12
20      504707951      135         10
21      502791054      152         18
22      502958598      157         16
23      502790450      157         18
24      502794247      157         12
25      505195369      160         7
26      503219384      165         6
27      505191730      166         7
28      504717668      169         20
29      504744533      174         10
30      502793194      179         5
31      505160758      185         20
32      504750395      185         13
33      504555619      186         12
34      504940723      191         12
35      505235087      191         14
36      502798247      196         10
37      502786917      196         18
38      502795290      197         14
39      502790955      214         10
40      502786834      216         7
41      504800636      221         8
42      502786480      246         9
43      503900481      252         6
44      502786974      259         17
45      504940829      263         14
46      502790595      274         18
47      504406686      282         17
48      504928743      310         11
49      502786482      316         10
50      504489902      321         5
51      502796219      416         14
52      505115866      436         17
53      503257871      464         19
54      504804143      507         12
55      503900603      522         9
56      502796218      585         12
57      505121631      599         17
58      502791061      684         8
59      502786965      976         8
60      503525248      1000        7
61      502790625      1000        5

[Speed 0]
0.81
30.0   60.0 0.0 0.6
90.0   150 0.0 0.4
300.0  540.0 0.0 0.81
570.0 630.0 0.0 0.6
660.0 720.0 0.0 0.4
750.0 840.0 0.0 0.81

[Speed 1]
1.33
30.0   60.0 0.0 0.8
90.0   150 0.0 0.6
300.0  540.0 0.0 1.33
570.0 630.0 0.0 0.8
660.0 720.0 0.0 1.3
750.0 840.0 0.0 2

[Speed 2]
1.33
30.0   60.0 0.0 1.0
90.0   150 0.0 0.8
300.0  540.0 0.0 1.33
570.0 630.0 0.0 0.8
660.0 720.0 0.0 0.6
750.0 840.0 0.0 1.5

[Speed 3]
1.5
30.0   60.0 0.0 0.9
90.0   150 0.0 0.8
300.0  540.0 0.0 1.5
570.0 630.0 0.0 0.9
660.0 720.0 0.0 0.8
750.0 840.0 0.0 1.5

[Speed 4]
2
30.0   60.0 0.0 1.1
90.0   150 0.0 0.9
300.0  540.0 0.0 2
570.0 630.0 0.0 1.1
660.0 720.0 0.0 0.9
750.0 840.0 0.0 2

[speed choose matrix]
4 4 4 4 4 4 4 4 4 4 4 4 4 4 4 4 4 4 4 4 4 4 4 4 4 4 4 4 4 4 4 4 4 4 4 4 4 4 4 4 4 4 4 4 4 4 4 4 4 4 4 4 4 4 4 4 4 4 4 4 4 4 4 
4 3 3 1 2 4 2 3 3 1 4 1 2 1 4 1 4 1 3 4 2 3 4 4 3 4 2 1 3 4 1 2 4 4 4 3 1 4 2 2 1 2 3 2 4 4 3 1 1 3 1 1 3 4 4 4 2 4 1 3 1 3 4 
4 2 2 3 1 4 1 4 1 2 1 1 3 2 3 1 3 2 2 4 2 3 4 4 3 2 3 4 2 1 2 4 4 4 4 2 3 3 2 3 4 4 4 1 1 1 3 3 3 3 1 1 4 3 2 4 3 4 2 4 1 2 4 
4 4 3 3 4 2 3 4 3 2 4 1 4 3 3 1 2 1 3 4 2 2 3 3 2 4 1 4 3 4 1 3 4 3 2 3 4 3 3 2 3 3 3 1 2 3 2 2 4 2 3 4 4 4 4 1 4 2 3 2 2 4 4 
4 1 1 2 4 1 2 1 1 1 3 4 1 2 2 3 3 3 2 4 2 2 3 1 4 4 3 3 3 4 1 3 2 3 2 2 4 4 3 1 4 4 3 1 1 4 2 1 2 4 1 4 2 4 2 2 1 1 1 1 1 4 4 
4 2 4 2 1 4 4 2 1 1 2 2 2 3 2 3 1 3 4 1 2 1 2 4 3 2 3 3 1 4 2 1 2 4 2 3 3 3 1 2 3 2 4 3 3 1 1 4 1 4 1 1 1 4 1 1 3 4 1 2 1 1 4 
4 3 1 3 3 4 2 4 3 1 4 3 2 2 1 1 1 2 2 2 3 3 2 4 1 4 4 1 1 3 1 2 4 1 4 1 3 4 1 4 4 3 3 4 1 1 4 2 4 2 3 2 3 1 2 3 1 4 3 2 1 2 4 
4 1 2 2 3 4 3 2 4 3 4 1 4 4 1 3 2 2 2 1 3 4 3 2 1 4 1 4 1 1 1 2 4 1 4 2 2 4 4 2 1 2 2 1 2 1 4 3 1 4 3 2 3 4 1 3 1 3 2 3 3 2 4 
4 2 4 1 1 3 4 2 1 3 3 3 2 4 2 2 2 3 2 4 4 4 3 2 4 2 2 4 2 2 3 3 2 3 4 3 1 4 4 1 4 2 4 4 2 4 4 1 1 2 4 1 2 4 2 2 3 3 2 4 2 3 4 
4 4 3 3 1 1 1 4 3 3 2 4 1 3 1 4 2 2 1 4 1 3 2 1 1 1 3 4 1 3 4 3 3 1 2 4 1 4 3 3 3 3 1 3 4 3 3 4 2 1 1 1 4 1 3 4 2 2 2 2 2 3 4 
4 2 1 4 4 4 2 3 4 4 4 1 2 4 1 4 1 2 1 3 3 2 4 2 1 4 2 4 1 1 3 2 2 3 1 4 3 1 2 4 4 4 1 3 4 2 1 3 3 4 4 2 1 3 2 2 2 2 4 2 4 4 4 
4 4 1 2 3 1 4 2 3 2 3 2 2 1 3 2 3 4 3 4 4 1 4 2 2 3 2 3 3 1 2 2 4 1 2 1 1 1 1 1 3 1 4 2 3 1 3 3 3 1 3 1 1 1 2 4 2 3 3 4 4 4 4 
4 4 1 1 3 4 3 1 2 1 3 3 3 3 2 1 2 3 4 2 2 4 4 4 1 3 3 2 3 2 3 4 4 2 4 4 2 1 4 1 2 1 3 3 1 1 2 1 3 2 2 3 3 1 3 4 2 2 4 2 1 4 4 
4 2 3 4 2 4 4 3 3 4 3 4 2 2 1 1 4 2 4 1 3 3 2 1 4 4 1 2 1 1 4 2 1 3 2 4 4 2 1 1 4 3 4 1 1 3 1 1 2 3 2 3 1 1 3 3 1 1 1 3 1 2 4 
4 4 2 1 4 3 4 2 2 1 1 3 3 2 1 3 4 3 4 2 2 1 2 2 3 1 2 1 4 1 4 2 2 3 1 1 3 3 1 4 1 2 4 3 3 3 2 2 4 1 3 4 3 2 2 3 1 2 3 1 1 4 4 
4 4 3 2 2 4 2 3 2 3 4 4 1 2 4 4 1 2 1 3 1 1 2 3 2 3 4 1 2 1 2 4 4 3 4 4 2 4 4 4 2 4 4 2 4 4 3 4 4 4 4 3 1 4 1 3 1 3 2 1 1 2 4 
4 2 1 4 1 4 4 1 2 3 1 3 4 2 2 1 2 2 4 1 2 3 3 3 3 4 3 1 3 2 3 1 2 1 1 4 4 3 1 1 1 1 4 1 2 1 2 4 1 2 4 1 2 2 2 1 3 2 2 4 3 3 4 
4 2 4 2 1 2 4 4 1 4 3 3 3 3 3 4 3 3 3 3 2 2 1 4 3 4 4 2 1 4 1 1 1 2 2 4 2 4 4 3 3 4 2 2 1 3 2 3 4 1 4 1 2 2 1 1 1 1 3 1 3 1 4 
4 2 4 2 1 3 2 4 2 1 2 2 3 3 2 4 4 1 1 4 1 2 3 2 4 3 3 1 4 1 2 2 4 2 1 3 4 3 2 3 3 1 1 2 1 1 1 3 1 2 2 2 1 2 2 2 2 3 2 1 1 3 4 
4 3 3 4 3 1 4 4 4 4 3 1 2 2 3 3 4 1 2 1 3 2 4 4 4 1 1 4 2 2 4 4 4 3 2 4 3 3 4 2 1 2 1 4 4 1 1 4 4 2 4 3 2 1 3 4 2 1 2 4 2 4 4 
4 1 2 2 2 1 4 2 4 4 3 4 2 2 1 2 4 3 4 2 2 3 1 4 2 3 4 1 4 3 2 2 1 2 4 2 2 4 4 3 2 2 1 2 4 1 4 3 3 4 1 2 1 2 3 2 3 2 1 4 4 3 4 
4 1 1 3 2 1 4 2 3 2 1 4 4 4 3 1 2 3 4 4 3 3 3 4 2 3 4 1 1 3 4 4 1 3 3 4 2 3 1 2 1 1 1 3 1 2 3 4 4 1 2 3 1 1 3 2 4 3 4 3 1 2 4 
4 1 1 1 4 2 1 4 2 1 1 1 3 4 3 3 1 4 1 4 2 4 2 3 1 3 2 4 1 2 4 4 4 4 2 1 3 2 3 4 3 3 3 3 1 1 1 4 1 4 3 4 3 3 4 2 2 3 3 4 3 4 4 
4 4 2 4 2 3 3 3 2 1 3 4 4 2 4 4 1 1 1 3 3 4 2 2 4 4 1 3 4 3 4 4 4 2 1 4 3 1 2 1 1 4 2 2 4 3 3 2 1 1 3 2 4 3 3 1 3 1 3 3 2 4 4 
4 2 1 4 1 4 1 2 1 2 4 2 2 1 3 2 4 4 1 1 2 1 4 2 2 3 1 2 2 4 2 1 3 2 3 1 3 1 3 3 3 4 1 4 3 1 3 4 3 1 2 4 4 1 2 2 4 2 1 4 1 2 4 
4 4 3 3 1 4 1 2 1 2 2 1 3 1 4 3 2 4 2 1 1 1 2 2 2 2 2 2 4 1 4 1 1 4 4 2 1 1 4 4 4 1 2 2 2 2 1 3 3 4 4 2 3 2 2 4 1 1 1 3 1 2 4 
4 3 4 4 3 1 2 1 2 2 4 2 3 4 1 3 3 2 2 3 4 4 3 1 2 2 1 1 3 1 2 4 1 1 4 1 4 2 3 3 1 3 2 3 3 2 3 4 2 1 4 3 1 2 1 4 2 2 1 4 1 2 4 
4 2 4 2 3 1 1 1 1 1 3 1 3 2 4 1 1 1 4 2 3 4 2 1 3 4 4 4 1 2 3 1 1 1 2 2 2 4 4 2 1 1 3 1 3 2 3 4 4 2 3 4 2 2 1 1 1 2 4 2 3 3 4 
4 4 3 1 2 1 1 2 1 2 1 2 2 4 1 3 3 1 4 2 1 4 4 1 4 1 3 2 4 3 4 3 4 1 1 2 2 4 2 4 2 4 2 4 3 1 3 2 1 3 4 4 2 1 3 2 4 1 3 2 4 4 4 
4 4 2 2 2 1 2 4 1 4 4 1 1 1 2 1 3 4 1 4 1 4 3 2 2 1 4 1 2 1 3 1 3 2 3 1 3 4 2 1 2 2 2 2 4 1 3 4 4 2 1 3 3 1 1 3 2 3 3 3 1 1 4 
4 4 1 3 3 2 1 4 3 2 3 3 1 1 1 1 3 4 2 3 3 1 2 1 3 3 1 3 1 3 1 3 4 2 1 1 2 2 1 2 1 1 2 4 4 3 3 3 3 2 4 2 1 2 3 3 2 4 3 4 1 1 4 
4 1 3 1 1 1 1 1 2 4 2 1 1 2 4 3 3 3 3 1 1 4 3 1 3 4 3 3 1 1 4 1 2 3 4 2 4 2 2 2 3 4 4 3 3 1 3 3 3 2 1 4 2 4 2 1 3 4 4 1 3 4 4 
4 4 3 2 3 1 4 1 4 1 1 3 3 4 4 2 1 4 1 4 2 2 4 4 3 4 4 3 2 2 2 2 1 1 4 1 4 2 4 2 1 2 3 3 1 4 3 4 4 1 1 2 4 4 1 4 1 2 3 1 4 3 4 
4 1 3 3 3 2 4 1 2 1 4 3 3 2 2 2 1 2 4 2 3 1 1 3 4 4 1 4 1 4 4 2 3 4 3 4 4 4 1 3 1 1 4 4 2 3 4 2 3 1 1 4 3 3 3 2 1 4 4 1 1 1 4 
4 2 4 1 2 1 4 1 3 2 3 2 4 4 1 1 1 2 4 2 1 3 2 4 2 1 1 2 4 1 1 1 4 2 1 4 2 2 2 3 1 2 2 3 2 1 1 1 1 2 1 3 1 1 4 4 1 2 2 4 1 4 4 
4 3 3 2 4 4 1 3 4 3 4 1 4 2 2 2 3 1 4 4 4 3 1 4 1 4 4 1 1 2 2 3 1 4 3 4 4 2 3 2 2 2 3 3 1 1 3 1 3 2 2 3 4 4 4 3 1 4 3 2 2 3 4 
4 3 3 4 1 1 4 1 1 2 1 1 1 3 4 1 3 2 3 1 1 2 4 4 4 3 1 3 3 1 2 3 2 1 4 1 3 4 1 1 1 2 4 4 2 3 1 4 4 4 3 4 4 3 3 3 2 3 1 3 4 1 4 
4 1 4 1 3 1 4 4 4 3 4 1 1 3 3 4 1 2 3 2 1 1 4 1 2 2 1 1 3 4 3 3 1 4 3 3 4 2 2 4 2 2 3 3 3 3 2 2 3 3 1 1 2 1 3 4 1 1 4 4 1 4 4 
4 3 1 4 1 2 2 1 2 1 1 4 1 4 1 2 1 4 2 4 1 2 2 2 3 2 1 2 3 1 1 4 3 3 4 2 4 2 1 2 2 1 2 1 4 2 3 2 3 4 2 4 1 1 3 1 2 2 1 4 1 1 4 
4 3 2 2 1 1 3 1 2 1 1 4 1 2 1 3 1 3 1 4 2 1 4 1 1 2 1 1 2 1 2 1 3 2 4 1 2 1 2 2 3 1 4 3 3 4 1 4 3 3 2 1 4 2 2 4 3 1 2 2 2 3 4 
4 3 4 2 4 2 3 2 1 2 2 3 4 4 3 2 1 1 4 3 2 3 4 1 3 1 3 3 4 4 2 4 1 3 4 1 3 1 2 2 4 4 3 3 4 1 4 1 3 4 1 4 3 4 1 2 3 1 2 2 2 1 4 
4 1 1 2 3 3 2 2 4 2 4 2 3 4 2 3 2 4 2 4 4 1 4 2 3 4 4 2 1 1 2 3 1 1 2 1 2 4 2 1 4 4 4 2 3 3 3 3 2 3 1 2 3 1 4 2 2 3 4 1 1 1 4 
4 3 1 3 4 4 3 3 4 3 4 4 1 3 1 1 3 1 3 1 2 2 1 1 2 4 2 3 3 2 4 4 2 2 3 2 4 3 4 3 3 3 4 2 1 2 3 1 4 4 3 4 2 3 2 1 1 2 2 1 3 3 4 
4 3 2 2 1 2 2 2 2 2 2 3 4 4 3 2 2 1 4 1 2 4 4 2 1 3 4 1 4 2 2 4 1 4 1 4 2 1 4 3 1 4 4 3 3 1 3 1 4 2 1 1 4 1 4 4 1 4 2 4 2 2 4 
4 3 1 1 2 2 2 1 4 2 4 2 4 2 3 1 2 3 4 3 4 4 4 3 2 1 2 3 4 2 4 3 2 2 1 3 3 4 3 1 3 4 4 3 3 4 2 3 4 4 3 2 3 4 2 4 3 2 4 3 1 4 4 
4 4 3 2 2 1 2 1 1 2 4 3 3 2 4 4 3 4 1 3 3 4 1 3 4 1 2 2 2 2 3 3 2 4 1 2 2 4 1 3 1 2 4 2 2 1 4 4 2 4 4 1 4 4 2 2 2 1 1 3 2 3 4 
4 1 4 4 2 2 1 3 4 2 3 2 3 3 4 2 4 2 1 3 4 3 2 4 3 4 1 4 4 1 4 4 2 4 1 1 2 2 2 3 4 2 2 3 1 1 1 2 1 4 4 2 2 2 2 2 3 3 2 3 2 2 4 
4 3 2 4 4 3 2 1 2 4 2 1 1 2 4 2 3 3 3 2 1 4 3 2 2 3 1 2 3 3 1 2 3 4 3 3 1 3 4 3 4 2 3 1 4 2 3 4 4 3 3 1 4 1 4 1 2 1 2 2 4 4 4 
4 2 3 1 1 4 2 1 2 4 3 2 2 3 1 3 4 1 1 3 4 1 3 2 4 1 3 1 2 2 2 1 4 1 2 3 2 3 1 1 4 4 4 1 2 4 4 1 3 2 2 3 2 1 4 1 1 3 2 4 3 2 4 
4 4 3 4 3 1 2 4 3 2 4 3 4 1 3 4 4 3 2 1 1 1 2 4 4 4 4 2 4 1 3 4 1 4 4 4 2 1 4 4 3 3 2 4 1 3 4 3 4 1 2 4 1 2 2 1 1 4 4 2 4 2 4 
4 4 3 4 4 4 2 1 3 2 4 3 4 4 4 2 3 4 3 1 4 2 1 4 3 4 2 4 3 3 3 4 2 1 3 2 2 3 3 3 1 4 2 1 3 4 2 2 2 1 2 2 2 1 1 1 1 4 4 4 3 3 4 
4 4 2 1 3 1 1 2 2 3 3 1 2 2 3 1 4 4 1 2 1 3 4 1 3 1 1 2 2 3 4 3 3 2 1 2 3 4 1 1 1 2 3 4 1 2 2 4 1 4 3 3 2 1 2 2 4 2 3 4 2 4 4 
4 2 4 4 1 2 2 3 2 3 4 2 2 3 3 3 4 3 2 2 1 4 4 2 4 2 4 3 2 3 1 4 1 4 2 4 3 3 4 3 3 1 2 2 4 4 2 2 2 2 1 2 2 3 2 2 4 3 2 3 2 1 4 
4 3 3 3 4 3 2 3 3 4 3 3 3 1 2 3 3 3 3 2 3 1 1 1 3 3 3 1 1 3 2 2 1 3 3 4 1 1 1 4 3 2 4 1 4 4 3 3 1 1 4 3 4 4 2 4 3 1 2 1 3 1 4 
4 4 1 3 4 4 2 4 2 4 1 4 4 4 2 1 4 1 2 4 4 4 1 1 1 3 4 2 2 3 4 4 4 3 1 4 3 3 1 4 2 4 1 2 2 2 2 3 1 4 3 4 2 2 2 3 1 1 3 3 3 1 4 
4 2 4 1 4 4 4 1 4 2 2 1 1 4 1 4 4 4 2 3 3 1 1 1 3 1 2 3 3 2 1 1 3 1 4 2 2 1 2 4 3 1 2 3 3 3 4 4 4 2 4 4 2 1 3 2 2 3 3 3 3 4 4 
4 4 4 4 3 4 2 1 4 4 3 2 2 1 1 2 4 2 3 3 3 4 3 4 2 2 2 2 1 4 4 3 1 1 4 3 3 2 4 1 1 3 1 2 1 2 3 3 1 3 4 3 4 2 3 4 4 2 1 2 2 4 4 
4 2 2 1 3 3 2 4 2 2 1 4 2 2 4 2 1 4 1 2 1 1 2 1 2 1 1 1 4 2 3 4 1 1 4 2 2 1 4 3 3 2 3 4 3 4 2 4 2 4 2 2 1 3 4 2 1 3 1 3 3 1 4 
4 4 2 4 4 2 4 4 1 4 4 1 2 2 4 3 3 4 1 2 2 4 1 4 3 1 3 3 2 2 3 4 1 2 3 1 3 2 1 1 1 2 1 1 4 3 4 3 4 3 4 4 4 2 1 4 3 2 1 2 2 3 4 
4 4 4 3 3 3 4 3 1 2 4 2 1 1 4 1 3 2 4 2 2 2 1 4 2 3 4 2 1 4 3 4 1 2 4 2 3 3 4 2 3 4 3 4 2 1 1 3 1 4 4 3 2 4 2 3 3 2 4 1 3 3 4 
4 2 4 4 1 1 3 4 2 2 1 4 4 3 3 3 3 2 4 1 1 3 3 2 2 1 2 4 1 3 3 1 3 2 4 1 1 4 2 3 4 2 2 1 2 2 2 1 2 2 1 3 2 4 4 2 1 4 4 4 4 1 4 
4 2 3 2 1 4 4 3 2 1 2 1 3 1 4 1 3 3 3 1 2 3 3 3 1 3 4 2 1 1 4 3 3 1 2 4 2 1 4 3 2 2 4 2 2 3 3 4 2 1 1 3 1 3 2 1 4 1 4 2 2 1 4 
4 4 4 4 4 4 4 4 4 4 4 4 4 4 4 4 4 4 4 4 4 4 4 4 4 4 4 4 4 4 4 4 4 4 4 4 4 4 4 4 4 4 4 4 4 4 4 4 4 4 4 4 4 4 4 4 4 4 4 4 4 4 4 

