62
1000
1000

[Node]
0  0  0   0  0
63 0  0   0  0

[pickup]
1       502800395      11          10
2       503689218      13          8
3       504780339      15          5
4       504558778      16          8
5       502785866      17          7
6       504557490      25          17
7       502898368      25          15
8       502788559      31          8
9       503907150      32          7
10      502791464      33          9
11      503589812      39          8
12      504944097      41          15
13      504433520      47          10
14      502787235      58          18
15      504913105      60          8
16      504944047      61          13
17      504852746      62          13
18      502785872      63          14
19      504411672      67          16
20      502792385      67          5
21      502936595      71          7
22      502786561      74          18
23      503273252      77          18
24      503225123      81          19
25      504467511      81          13
26      503641528      96          10
27      503978903      99          18
28      503587915      105         7
29      502789160      115         9
30      502798845      124         7
31      504591167      125         16
32      502786480      129         7
33      504486727      130         17
34      503657465      132         17
35      502875595      139         18
36      502985617      145         6
37      504489902      160         19
38      505121631      164         11
39      504306349      181         11
40      505190963      189         8
41      502791236      206         5
42      503192571      213         15
43      503592373      226         15
44      503278639      229         12
45      505195369      239         12
46      505195131      242         18
47      502800753      265         20
48      503074190      272         8
49      504813165      281         19
50      502789111      297         11
51      504699548      300         8
52      502794668      307         13
53      504938844      335         5
54      502785846      341         6
55      502787162      372         5
56      505236089      376         13
57      502793877      381         12
58      502791109      427         7
59      503123568      434         12
60      504966944      472         9
61      505080279      1000        10
62      502804546      1000        12

[Speed 0]
0.81
30.0   60.0 0.0 0.6
90.0   150 0.0 0.4
300.0  540.0 0.0 0.81
570.0 630.0 0.0 0.6
660.0 720.0 0.0 0.4
750.0 840.0 0.0 0.81

[Speed 1]
1.33
30.0   60.0 0.0 0.8
90.0   150 0.0 0.6
300.0  540.0 0.0 1.33
570.0 630.0 0.0 0.8
660.0 720.0 0.0 1.3
750.0 840.0 0.0 2

[Speed 2]
1.33
30.0   60.0 0.0 1.0
90.0   150 0.0 0.8
300.0  540.0 0.0 1.33
570.0 630.0 0.0 0.8
660.0 720.0 0.0 0.6
750.0 840.0 0.0 1.5

[Speed 3]
1.5
30.0   60.0 0.0 0.9
90.0   150 0.0 0.8
300.0  540.0 0.0 1.5
570.0 630.0 0.0 0.9
660.0 720.0 0.0 0.8
750.0 840.0 0.0 1.5

[Speed 4]
2
30.0   60.0 0.0 1.1
90.0   150 0.0 0.9
300.0  540.0 0.0 2
570.0 630.0 0.0 1.1
660.0 720.0 0.0 0.9
750.0 840.0 0.0 2

[speed choose matrix]
4 4 4 4 4 4 4 4 4 4 4 4 4 4 4 4 4 4 4 4 4 4 4 4 4 4 4 4 4 4 4 4 4 4 4 4 4 4 4 4 4 4 4 4 4 4 4 4 4 4 4 4 4 4 4 4 4 4 4 4 4 4 4 4 
4 1 4 4 2 1 2 1 2 3 3 3 3 1 4 1 2 4 3 2 2 4 4 1 2 2 2 1 3 4 2 2 1 3 3 1 2 3 2 4 2 4 4 3 1 4 1 1 1 1 1 3 1 3 2 1 4 3 2 4 4 1 3 4 
4 4 3 1 1 2 2 1 4 3 2 2 4 2 1 4 2 4 1 3 3 3 1 4 2 1 4 1 2 3 2 3 4 1 4 1 2 4 1 2 2 4 3 3 2 2 2 4 4 2 3 3 3 2 2 4 4 2 1 2 1 2 4 4 
4 2 2 1 3 2 3 4 4 4 4 3 1 4 1 1 3 3 2 3 1 4 4 1 1 2 3 3 1 4 4 3 1 3 2 2 2 2 1 1 4 2 3 4 4 3 2 2 3 4 4 2 1 4 1 4 4 2 1 1 2 3 3 4 
4 3 1 1 4 1 1 4 1 1 2 3 4 3 1 1 3 4 2 4 2 2 1 1 4 2 4 4 4 3 1 2 2 3 3 4 3 3 4 1 2 4 1 4 1 3 4 4 1 1 1 4 4 4 2 4 3 1 3 2 1 4 1 4 
4 1 2 2 3 1 2 4 4 2 1 4 2 3 2 2 1 3 2 1 2 2 4 4 1 2 2 3 2 2 3 3 4 1 1 2 2 3 2 1 3 1 3 4 1 2 4 4 3 2 3 2 4 3 4 1 2 1 2 4 3 1 3 4 
4 4 3 2 2 4 3 3 2 1 3 2 3 2 1 3 1 1 2 1 1 3 2 2 3 2 3 3 3 1 2 3 3 2 1 4 1 1 2 3 4 4 4 3 1 3 3 1 1 1 2 2 1 1 3 4 2 4 3 1 4 4 2 4 
4 3 3 3 3 3 1 1 3 1 2 3 1 3 2 3 2 3 1 4 2 3 1 1 1 3 4 3 4 4 3 2 1 1 2 4 3 4 4 3 2 4 4 4 4 2 1 1 2 4 2 2 2 3 4 2 3 2 2 1 4 3 3 4 
4 2 1 2 3 4 1 1 2 1 2 2 4 3 4 1 1 4 1 1 4 3 4 1 4 4 1 2 4 4 1 4 2 1 1 1 2 2 1 2 1 3 4 3 1 3 1 4 2 2 1 4 3 3 2 1 4 1 2 4 4 2 1 4 
4 2 4 3 2 1 3 4 4 3 3 2 2 4 3 2 4 3 2 1 3 3 1 4 2 1 3 1 3 2 2 1 2 1 3 4 4 4 1 4 2 4 1 1 1 1 1 4 4 3 4 4 4 2 4 1 3 3 2 1 3 1 4 4 
4 1 4 4 3 3 1 3 3 1 1 1 2 4 2 2 2 3 2 1 4 4 2 3 1 3 4 3 2 1 3 4 2 1 1 3 3 1 1 4 2 1 1 2 3 3 4 3 1 1 1 2 3 2 1 3 1 4 4 1 4 3 1 4 
4 1 4 2 3 1 3 4 1 3 2 4 4 3 4 2 4 3 2 2 2 1 1 1 4 2 3 2 1 3 1 4 1 3 4 1 4 3 2 4 1 3 1 3 1 1 4 4 1 1 2 2 3 2 4 1 3 2 2 1 2 4 2 4 
4 2 1 3 1 1 2 2 2 4 2 4 3 3 1 4 1 3 3 3 1 3 3 3 2 4 4 2 1 1 4 1 4 3 3 2 3 1 3 2 4 4 4 4 1 3 1 4 1 4 1 3 1 2 4 1 1 4 1 1 2 2 3 4 
4 4 1 4 1 4 3 2 3 4 3 4 1 3 4 3 3 2 1 1 1 1 4 1 1 3 4 2 1 2 1 3 4 2 1 4 2 2 4 1 4 4 1 4 2 4 3 1 1 3 2 2 1 3 1 1 2 2 4 3 1 1 4 4 
4 1 4 3 4 4 4 2 2 3 1 2 1 3 4 4 2 2 2 4 4 3 1 2 1 3 1 2 2 4 4 3 1 3 3 4 4 3 4 2 3 2 3 3 2 2 3 4 2 1 3 4 4 3 1 2 3 4 2 3 1 4 1 4 
4 4 1 1 2 2 4 2 1 2 3 3 2 4 4 3 1 3 3 4 3 1 1 4 1 3 3 2 3 2 4 1 4 3 1 4 2 1 2 3 4 2 1 1 4 2 2 2 3 3 3 1 2 3 1 2 2 3 2 3 2 2 3 4 
4 2 3 4 3 3 1 4 1 2 2 2 1 4 4 2 3 1 4 1 2 4 1 1 3 3 2 2 1 4 3 1 4 3 3 3 2 1 4 4 4 4 1 4 4 3 2 4 3 4 4 4 2 4 4 4 3 2 2 3 4 1 3 4 
4 2 2 4 3 2 1 4 4 3 4 3 4 3 1 3 3 4 2 4 4 2 2 2 3 2 2 3 2 1 1 1 2 3 4 1 1 4 3 4 1 3 1 4 3 2 2 3 2 4 4 1 2 4 1 1 2 3 1 3 4 3 4 4 
4 3 1 2 2 2 3 2 4 2 1 1 1 2 2 3 4 3 1 3 4 4 4 3 4 2 3 1 2 1 4 1 1 4 1 3 1 1 2 1 1 1 2 4 2 4 1 1 2 4 4 2 1 2 3 3 4 4 2 4 2 4 4 4 
4 4 3 4 1 4 3 1 1 4 3 4 4 2 3 1 4 3 1 1 1 2 4 4 3 3 4 3 3 2 4 1 1 4 1 3 3 1 3 3 4 1 4 4 4 1 4 2 1 2 4 2 4 1 1 3 4 1 2 3 1 4 3 4 
4 4 2 3 1 1 2 1 1 1 2 4 1 2 3 1 2 1 2 4 2 1 2 2 1 1 3 3 2 1 1 1 2 1 3 1 2 3 2 2 2 4 1 4 4 4 2 1 1 1 2 4 4 3 4 4 3 2 1 4 1 2 1 4 
4 4 4 3 2 4 1 4 3 3 1 3 4 4 4 4 4 1 1 1 2 4 1 2 4 1 3 3 1 1 4 1 4 2 2 2 1 1 4 2 4 1 3 1 1 3 2 1 2 3 3 1 1 3 2 1 4 2 4 3 4 1 3 4 
4 3 4 4 2 2 3 3 1 1 3 1 3 3 3 3 2 3 1 3 1 2 2 2 1 4 3 3 3 2 4 3 3 4 2 4 3 4 2 3 2 3 4 2 4 3 2 4 3 1 2 3 1 4 2 1 3 4 2 1 4 3 4 4 
4 4 2 4 3 2 2 4 4 4 3 4 1 4 3 1 4 4 2 3 3 2 1 3 4 4 1 3 3 3 2 1 1 3 3 4 4 3 4 3 4 2 1 4 2 3 3 4 1 3 4 3 3 4 1 4 1 3 4 3 4 3 2 4 
4 2 2 4 1 4 2 4 4 4 2 1 2 3 1 4 2 1 3 1 4 1 2 1 2 1 3 3 4 1 1 3 3 4 4 3 2 3 1 3 4 2 4 3 1 4 3 2 4 3 3 2 1 3 3 4 1 4 4 3 2 1 2 4 
4 1 3 2 1 3 2 2 2 1 2 1 4 2 3 2 3 1 2 2 2 4 2 4 1 2 4 1 1 1 4 3 2 3 2 1 2 3 2 2 2 3 4 4 4 3 1 2 2 1 2 4 3 2 2 1 2 4 2 4 2 1 2 4 
4 4 3 1 1 1 4 4 3 1 1 3 4 2 4 3 3 4 3 1 1 2 4 3 4 4 4 1 1 2 3 1 3 3 2 2 1 3 2 2 2 2 1 4 1 3 4 1 1 3 4 3 4 4 1 3 3 1 4 3 3 1 2 4 
4 2 2 4 1 3 1 2 4 4 1 4 4 3 1 4 1 2 3 2 2 4 1 4 4 4 4 4 1 3 4 4 3 2 2 4 2 1 1 2 4 4 3 3 3 2 1 2 3 2 1 1 2 2 2 2 3 4 3 1 4 2 3 4 
4 4 1 4 2 1 4 2 3 4 3 4 1 2 1 1 4 3 2 4 3 1 3 4 2 2 4 1 1 4 2 1 3 4 1 4 2 2 4 1 2 3 1 3 2 2 1 4 4 2 3 1 2 1 1 1 1 2 2 4 2 4 4 4 
4 3 1 4 2 2 3 1 4 3 2 2 2 1 4 3 4 2 1 2 4 3 1 4 1 1 1 2 3 4 1 4 4 3 4 3 4 4 3 2 3 3 4 1 3 4 2 1 1 2 4 2 3 2 3 2 1 3 3 2 3 1 2 4 
4 4 2 4 2 1 2 4 1 1 1 4 3 4 4 4 2 2 3 3 3 4 2 1 2 1 1 1 4 1 3 4 1 2 2 2 1 1 4 4 4 3 4 2 3 3 1 2 4 1 1 4 2 1 2 4 1 2 1 2 4 2 1 4 
4 4 1 3 1 1 4 3 1 1 3 4 4 1 1 3 2 2 2 1 2 2 3 3 2 4 2 1 1 3 2 2 2 3 4 4 4 3 1 3 3 1 2 2 2 3 1 4 2 4 3 3 2 3 4 3 3 1 1 4 4 2 1 4 
4 2 2 4 1 2 3 2 1 4 1 4 2 4 4 1 3 4 2 4 3 4 1 2 4 3 4 3 4 2 3 3 3 1 1 3 3 1 3 2 3 1 1 1 4 2 2 2 4 2 1 2 4 2 4 3 2 3 2 4 3 4 3 4 
4 1 2 4 1 4 3 2 4 4 1 4 1 1 1 4 3 4 2 1 2 3 2 3 4 2 1 2 3 2 2 2 4 1 3 3 2 1 3 4 3 2 4 2 3 1 1 2 2 2 4 3 4 2 3 2 1 1 1 4 1 2 4 4 
4 4 3 4 1 2 2 1 4 1 2 1 3 2 3 2 4 4 2 1 3 1 1 2 2 3 3 3 4 1 1 3 3 4 2 4 1 2 2 2 1 2 3 2 3 4 1 2 1 1 3 3 1 2 3 4 4 3 1 2 3 4 4 4 
4 4 1 2 1 4 1 1 4 2 3 3 1 3 2 1 4 4 1 3 2 1 1 2 1 2 3 1 1 2 2 3 2 3 3 3 4 4 2 3 1 2 3 3 3 3 4 2 2 3 3 4 2 1 1 4 2 3 1 1 4 3 1 4 
4 2 4 3 2 3 2 3 4 2 1 3 2 2 4 4 4 4 1 1 2 3 1 3 4 3 3 4 2 4 1 3 2 4 4 2 3 2 2 2 3 3 4 4 3 1 4 1 2 4 3 4 3 2 2 1 4 1 2 1 2 4 2 4 
4 4 4 1 1 4 1 3 1 4 4 3 3 3 2 1 2 3 1 4 4 4 2 3 4 2 2 2 4 1 1 2 3 4 3 2 1 1 4 2 4 4 4 4 3 4 3 1 2 3 4 4 3 1 3 1 2 3 1 4 2 4 2 4 
4 2 4 2 2 1 3 1 3 2 1 4 3 4 4 3 4 4 3 2 1 3 1 1 2 2 2 4 1 3 2 1 2 1 2 4 1 1 1 3 4 4 4 1 3 3 4 2 3 4 2 1 4 1 4 3 4 3 2 3 2 3 1 4 
4 4 4 3 2 1 2 4 4 2 2 4 1 3 4 1 2 1 4 2 2 2 3 1 2 1 1 2 3 4 1 1 1 2 4 4 3 1 1 3 4 3 1 2 2 2 2 1 2 1 1 4 2 1 1 1 2 1 2 1 3 1 1 4 
4 3 3 3 2 4 4 3 3 2 1 4 3 2 3 3 4 1 3 2 3 3 1 3 3 2 2 4 2 2 1 4 4 2 3 4 1 2 4 4 3 3 1 4 1 3 3 2 1 4 4 4 4 2 1 1 2 2 4 2 2 3 3 4 
4 4 3 3 4 4 1 4 2 1 3 4 2 3 1 4 3 2 4 3 4 3 1 3 1 2 2 2 3 2 3 1 3 3 2 1 3 2 4 4 2 1 2 3 2 1 1 2 2 3 2 1 3 4 1 2 2 1 3 4 3 4 4 4 
4 2 4 2 4 2 1 1 2 1 1 3 3 2 3 4 2 3 2 2 4 3 3 1 1 2 2 1 4 1 1 4 4 3 1 4 3 2 2 2 4 1 3 1 4 1 2 4 3 3 2 4 4 4 3 4 4 2 1 3 4 2 4 4 
4 1 2 4 1 1 2 3 2 1 1 3 1 3 4 4 4 4 2 3 3 4 3 3 1 2 4 2 1 4 1 4 2 1 2 3 2 2 1 4 1 1 2 1 1 1 4 4 1 3 4 1 4 1 4 1 2 3 1 3 1 1 4 4 
4 4 4 1 1 2 3 3 4 1 1 4 4 1 2 4 4 4 1 2 3 4 2 2 4 2 2 4 1 2 4 1 3 3 4 3 4 2 4 4 2 4 1 2 4 4 2 3 4 2 1 2 2 4 3 2 2 1 4 2 1 3 4 4 
4 2 4 1 1 4 3 1 4 4 4 2 1 4 2 3 3 4 1 3 3 1 2 1 1 3 2 1 3 1 1 1 2 4 2 4 1 3 3 1 4 4 3 1 1 1 3 4 2 3 3 4 3 2 4 1 4 3 2 3 1 3 3 4 
4 2 4 4 2 4 1 1 3 1 2 2 4 3 1 4 2 3 1 3 4 2 2 2 2 2 4 1 4 3 4 1 1 1 2 2 2 3 4 3 3 1 3 3 1 1 3 1 4 1 3 2 4 1 3 3 1 4 2 3 2 1 3 4 
4 3 2 1 1 1 1 3 2 2 2 3 4 1 3 4 2 1 4 4 4 1 2 3 2 2 3 3 2 4 2 2 1 1 3 1 1 4 4 1 2 3 4 2 4 4 1 3 3 4 2 4 2 1 2 2 4 3 3 1 1 3 3 4 
4 3 4 2 1 2 1 3 1 2 2 3 4 3 1 3 3 1 4 2 4 4 3 1 2 1 1 1 1 4 3 1 3 4 3 2 3 1 1 2 2 1 2 3 2 2 1 3 1 2 1 4 2 1 3 3 4 3 4 2 1 2 2 4 
4 2 2 1 1 2 1 4 4 2 4 3 2 4 1 2 2 1 3 2 3 1 1 4 1 4 3 2 2 3 1 1 4 3 4 1 4 2 2 1 3 4 4 3 1 2 1 4 3 4 3 3 4 3 4 4 2 2 3 4 3 2 3 4 
4 1 2 3 1 4 2 1 3 4 3 4 1 2 4 3 4 4 3 1 4 3 1 4 2 1 1 4 1 4 2 4 1 3 3 2 4 3 2 4 3 4 1 3 1 3 2 4 4 4 2 1 3 1 4 1 4 4 2 2 4 2 4 4 
4 4 4 4 2 1 1 1 4 3 2 4 3 3 1 1 1 2 2 3 3 4 2 4 2 4 3 4 1 4 2 2 3 3 4 3 2 3 3 1 2 1 2 1 3 2 4 3 1 4 2 3 2 4 2 4 1 2 3 4 2 4 2 4 
4 3 2 4 2 4 2 1 1 1 3 3 4 2 2 4 4 2 3 1 1 1 3 3 4 2 1 4 1 1 3 3 3 3 2 2 3 3 4 4 2 4 1 3 3 1 4 4 1 2 3 3 3 4 3 4 1 2 3 3 1 3 4 4 
4 1 2 4 3 3 4 1 1 4 3 2 3 4 4 1 1 1 4 1 4 2 1 4 4 1 1 3 4 1 2 4 2 3 4 1 3 3 2 4 2 3 2 1 4 4 3 1 3 1 3 4 3 3 2 4 2 1 3 1 4 4 3 4 
4 3 4 2 1 3 2 4 3 3 2 1 2 4 2 3 2 4 2 3 1 1 4 1 3 3 1 3 3 1 4 4 3 3 2 2 3 4 4 2 4 3 1 3 3 1 3 2 2 3 2 4 4 1 3 1 2 4 2 2 4 1 1 4 
4 4 3 1 4 1 1 4 2 3 1 2 1 2 2 3 4 2 2 2 4 3 4 1 2 3 4 4 4 2 2 2 3 4 3 1 1 2 2 2 1 3 1 4 1 2 3 3 2 3 4 3 4 2 1 2 2 3 2 2 4 4 1 4 
4 3 4 4 3 2 3 4 2 3 3 3 1 2 4 4 2 1 3 2 1 3 2 1 4 1 1 2 4 4 2 2 1 4 4 1 1 2 4 4 2 4 4 4 2 1 4 3 3 2 2 1 3 2 1 4 4 4 3 4 2 4 1 4 
4 1 1 3 3 2 3 4 4 3 3 2 2 4 4 3 1 2 2 4 2 3 2 2 4 2 3 3 2 4 2 4 1 3 2 3 4 4 3 3 3 2 1 1 4 4 3 2 3 4 4 2 4 4 4 4 3 3 1 3 4 4 3 4 
4 2 2 1 2 3 3 2 3 2 1 4 2 1 4 1 2 4 3 4 1 2 1 3 2 4 1 3 3 4 2 1 3 4 1 2 4 3 3 4 1 3 1 1 4 1 4 2 1 2 2 3 3 1 3 3 3 1 4 3 2 4 4 4 
4 1 1 1 3 4 1 3 1 3 2 1 4 4 3 3 4 4 3 2 1 3 4 2 3 2 1 2 2 2 2 1 1 2 4 3 4 3 3 4 2 1 2 1 2 3 3 3 1 4 4 3 1 2 2 4 2 3 1 3 1 1 4 4 
4 1 1 1 3 4 4 2 1 3 2 2 2 4 2 1 3 3 3 3 1 1 1 3 4 4 1 2 2 3 1 1 2 3 4 4 3 2 3 2 4 2 2 3 4 2 3 4 3 1 4 1 2 3 1 3 2 3 3 2 2 4 3 4 
4 3 3 3 4 2 3 4 1 3 1 1 2 4 4 1 3 2 4 3 3 4 1 4 1 1 1 2 2 4 3 4 3 4 2 4 3 3 1 1 2 3 1 2 3 2 3 4 3 2 1 4 3 1 2 4 3 1 1 2 4 1 4 4 
4 4 3 3 1 1 3 3 1 3 3 3 1 1 2 2 1 4 4 1 1 4 4 2 1 2 1 2 2 2 3 4 4 2 3 2 3 1 1 3 3 4 2 1 1 2 4 2 3 2 3 1 1 4 1 2 3 2 2 4 4 1 4 4 
4 4 4 4 4 4 4 4 4 4 4 4 4 4 4 4 4 4 4 4 4 4 4 4 4 4 4 4 4 4 4 4 4 4 4 4 4 4 4 4 4 4 4 4 4 4 4 4 4 4 4 4 4 4 4 4 4 4 4 4 4 4 4 4 

