64
1000
1000

[Node]
0  0  0   0  0
65 0  0   0  0

[pickup]
1       502785852      11          14
2       503686465      11          7
3       504449422      13          6
4       502785848      25          6
5       502801079      39          20
6       502795303      48          16
7       505018320      54          15
8       503641850      54          18
9       504512179      60          7
10      502788210      60          13
11      502795302      69          9
12      503262469      69          15
13      504609080      77          11
14      502796457      77          20
15      504483241      83          10
16      503221322      84          11
17      502985617      84          9
18      503074303      91          11
19      502795314      99          6
20      504697856      100         8
21      502799697      101         17
22      502794343      111         5
23      504226419      114         12
24      502970886      124         5
25      504139409      124         8
26      502786784      134         10
27      504467528      140         12
28      504398964      145         7
29      504813165      152         12
30      503108157      160         19
31      505094999      172         9
32      504761212      173         8
33      504940819      191         16
34      502787651      194         11
35      502802038      200         9
36      502791365      200         7
37      505129431      219         8
38      504695606      219         18
39      503012774      226         13
40      502799157      229         17
41      504814520      231         20
42      502786541      265         13
43      502947479      285         20
44      504589401      297         8
45      504970852      312         14
46      502788888      325         9
47      502794583      355         9
48      502786503      364         14
49      505176368      380         20
50      502798415      419         6
51      503122205      419         11
52      502787837      422         10
53      504966944      442         9
54      503157758      480         13
55      502976944      491         8
56      505012229      492         14
57      505188477      493         16
58      502789207      493         20
59      504851316      624         7
60      504783206      707         12
61      504608410      819         10
62      504766184      834         14
63      502789312      1000        7
64      502795654      1000        13

[Speed 0]
0.81
30.0   60.0 0.0 0.6
90.0   150 0.0 0.4
300.0  540.0 0.0 0.81
570.0 630.0 0.0 0.6
660.0 720.0 0.0 0.4
750.0 840.0 0.0 0.81

[Speed 1]
1.33
30.0   60.0 0.0 0.8
90.0   150 0.0 0.6
300.0  540.0 0.0 1.33
570.0 630.0 0.0 0.8
660.0 720.0 0.0 1.3
750.0 840.0 0.0 2

[Speed 2]
1.33
30.0   60.0 0.0 1.0
90.0   150 0.0 0.8
300.0  540.0 0.0 1.33
570.0 630.0 0.0 0.8
660.0 720.0 0.0 0.6
750.0 840.0 0.0 1.5

[Speed 3]
1.5
30.0   60.0 0.0 0.9
90.0   150 0.0 0.8
300.0  540.0 0.0 1.5
570.0 630.0 0.0 0.9
660.0 720.0 0.0 0.8
750.0 840.0 0.0 1.5

[Speed 4]
2
30.0   60.0 0.0 1.1
90.0   150 0.0 0.9
300.0  540.0 0.0 2
570.0 630.0 0.0 1.1
660.0 720.0 0.0 0.9
750.0 840.0 0.0 2

[speed choose matrix]
4 4 4 4 4 4 4 4 4 4 4 4 4 4 4 4 4 4 4 4 4 4 4 4 4 4 4 4 4 4 4 4 4 4 4 4 4 4 4 4 4 4 4 4 4 4 4 4 4 4 4 4 4 4 4 4 4 4 4 4 4 4 4 4 4 4 
4 3 4 3 1 4 1 3 3 3 1 2 4 3 1 1 3 2 3 4 1 4 3 3 4 1 3 4 2 3 2 4 4 2 3 1 4 2 4 2 3 3 2 1 2 4 3 3 3 3 3 3 4 1 1 1 3 2 4 1 3 3 3 1 3 4 
4 2 4 4 2 1 2 1 2 3 4 1 1 4 3 1 2 1 4 1 2 3 3 2 3 2 1 3 3 1 1 4 1 2 4 2 4 1 1 1 4 2 3 4 3 1 3 3 4 1 2 2 1 3 2 2 2 2 3 2 4 4 2 2 4 4 
4 3 2 4 2 4 3 2 4 2 1 3 1 4 4 1 3 2 1 1 4 3 4 2 3 3 4 3 3 3 1 3 2 4 3 4 1 2 1 3 3 4 2 2 2 4 3 2 2 4 3 4 4 3 2 3 4 1 4 4 4 2 1 4 2 4 
4 1 2 3 1 4 3 2 2 1 3 4 3 2 1 4 1 1 2 4 3 4 3 4 4 4 3 4 4 2 2 1 1 1 3 1 1 1 3 1 2 3 3 2 4 2 2 1 3 1 2 1 4 4 2 1 4 3 1 1 4 1 4 3 1 4 
4 1 2 1 1 4 2 1 2 1 1 4 4 3 3 2 4 1 2 3 2 2 2 3 2 4 4 1 1 1 2 4 2 1 2 2 1 4 1 4 2 2 4 4 3 4 4 4 1 1 3 1 1 2 3 2 4 3 1 2 3 2 4 2 2 4 
4 3 4 2 4 1 1 1 1 3 1 3 3 1 1 3 1 2 4 1 1 2 4 1 2 1 4 2 2 1 1 3 1 2 3 3 1 1 1 3 3 4 2 2 1 1 1 3 3 2 1 1 3 1 4 3 4 1 1 3 2 3 3 3 3 4 
4 2 3 2 3 4 4 2 4 4 4 2 2 4 1 1 1 1 1 1 2 2 2 3 2 2 3 3 2 2 4 2 4 2 4 3 4 4 3 4 2 1 3 1 2 1 3 2 1 1 4 3 3 4 3 3 2 4 4 2 3 2 3 2 2 4 
4 3 2 4 2 2 2 1 1 2 4 3 1 3 3 2 1 3 4 1 2 4 3 3 2 4 4 2 4 3 1 3 2 4 2 1 2 1 3 4 2 4 1 2 1 4 4 2 1 3 1 1 4 3 4 1 3 4 2 1 1 1 4 2 3 4 
4 4 2 2 2 2 3 3 1 3 1 4 1 2 2 4 4 4 3 4 3 3 4 3 2 1 3 2 4 3 4 2 3 1 2 2 3 3 1 4 1 4 1 3 3 1 4 2 1 1 3 3 4 4 4 3 2 2 1 1 1 3 3 4 4 4 
4 2 3 4 1 3 2 2 2 2 3 4 3 2 2 3 4 3 1 1 4 1 1 1 4 4 2 3 4 1 4 4 1 2 1 1 3 3 4 2 3 3 1 2 1 2 4 2 4 3 2 2 1 4 2 4 1 4 3 3 3 2 3 3 1 4 
4 3 2 3 4 2 3 2 2 1 2 1 3 3 3 3 3 2 3 3 4 4 4 1 4 3 1 1 4 2 2 2 2 1 3 2 4 1 3 2 1 2 3 4 4 1 3 3 2 2 3 2 1 1 2 4 1 4 1 3 2 4 2 2 1 4 
4 4 2 2 2 4 2 1 4 2 2 4 1 2 1 3 2 2 3 4 2 2 3 2 1 3 2 1 3 3 3 2 1 3 2 1 1 4 4 1 4 3 3 4 3 4 1 4 1 3 3 3 1 2 4 4 1 4 2 3 2 1 1 3 3 4 
4 3 2 1 4 2 1 3 3 3 3 2 1 3 2 4 1 2 3 2 3 1 3 2 2 3 2 1 2 4 3 4 1 2 2 4 4 1 4 2 2 3 2 2 3 3 3 3 3 2 3 2 4 2 4 3 4 1 3 4 1 2 2 1 1 4 
4 1 2 4 2 1 1 1 3 2 2 3 3 3 4 2 1 3 2 4 4 4 4 4 3 3 1 4 1 1 3 4 1 2 1 1 3 4 2 1 4 2 2 1 2 3 3 1 2 1 4 4 1 2 1 4 3 3 2 2 4 3 1 2 4 4 
4 3 1 1 3 1 3 4 1 4 4 2 2 3 2 4 3 4 3 2 3 4 4 3 1 2 1 3 3 1 4 3 4 1 1 1 1 4 1 3 1 2 1 1 2 4 4 1 3 3 4 4 1 2 4 1 1 4 3 3 1 2 3 4 1 4 
4 1 2 1 3 4 2 4 2 3 2 1 3 3 4 4 4 1 4 4 4 4 1 1 2 1 4 2 3 1 3 3 3 1 4 4 2 4 4 1 4 4 3 3 2 2 4 3 1 4 1 1 1 2 3 4 3 2 3 4 2 2 2 2 4 4 
4 3 1 1 4 3 4 1 1 1 4 2 4 4 4 4 4 2 1 3 1 3 4 1 3 4 1 1 1 3 3 1 1 2 1 2 2 1 4 3 4 2 3 3 3 1 1 2 3 2 3 4 2 3 4 2 3 4 3 3 2 3 1 4 4 4 
4 2 2 1 1 4 2 2 2 4 2 1 4 1 1 3 1 2 1 4 1 1 2 3 4 1 1 1 3 2 1 4 2 2 2 2 2 2 4 4 3 4 4 3 2 3 4 1 4 3 4 1 2 2 4 4 4 4 3 1 3 4 4 3 3 4 
4 4 2 1 3 4 4 1 1 2 2 2 3 4 3 4 4 2 2 3 3 2 4 2 1 2 1 1 2 1 3 4 1 2 2 2 2 4 1 3 4 3 4 1 2 3 1 4 2 2 4 3 2 1 4 4 3 2 1 4 1 3 2 2 2 4 
4 1 2 3 2 3 1 2 4 2 1 2 1 1 4 3 3 3 4 4 3 3 1 2 2 2 2 3 1 3 4 4 4 1 3 3 3 4 1 1 4 4 4 2 1 3 1 1 3 1 4 1 1 3 2 2 1 1 3 3 3 2 3 4 4 4 
4 1 3 3 4 1 2 4 1 4 1 3 4 2 4 3 3 3 2 3 3 4 3 1 4 3 3 4 1 4 1 3 1 4 2 3 2 3 3 4 2 2 1 1 4 1 2 3 4 1 2 2 1 1 2 1 2 3 4 1 1 4 3 3 1 4 
4 2 4 4 3 4 2 1 3 4 4 1 1 2 3 2 2 4 3 2 2 3 1 4 1 2 1 4 1 3 2 3 2 4 2 2 4 4 2 2 2 1 1 3 1 1 3 3 2 4 4 3 4 4 3 3 2 3 1 2 4 1 2 4 1 4 
4 2 4 3 2 2 4 3 2 4 2 3 4 3 2 4 1 3 3 4 1 1 4 2 4 3 4 1 3 4 3 3 1 1 4 1 1 2 1 3 2 3 2 1 3 4 3 2 3 3 2 2 4 4 4 3 3 1 4 3 4 4 1 3 2 4 
4 4 4 4 2 2 3 3 2 4 3 2 4 4 4 4 4 2 3 1 4 3 1 2 3 2 3 1 3 2 2 1 2 2 4 2 4 1 2 1 1 1 3 4 3 1 3 3 3 1 3 1 2 3 1 2 1 2 3 2 2 1 1 1 4 4 
4 2 3 1 3 1 2 1 2 4 1 3 3 1 1 1 2 2 1 1 4 1 3 4 2 1 4 1 4 1 1 3 4 2 1 2 2 2 3 2 4 1 2 1 1 2 4 4 1 1 2 1 3 1 4 2 1 4 2 1 4 3 4 1 3 4 
4 4 2 4 4 2 2 3 3 2 1 1 2 4 3 1 4 2 4 2 2 1 4 1 1 4 1 4 2 3 3 2 3 4 4 2 2 4 2 1 3 2 3 3 1 3 4 4 2 2 3 3 4 2 2 2 1 2 1 2 4 3 2 1 3 4 
4 4 4 4 3 2 3 2 2 2 2 1 3 4 2 2 2 2 1 1 4 4 4 1 1 3 2 2 3 3 1 1 3 3 1 1 1 2 3 2 4 4 4 3 3 1 1 1 4 3 4 1 2 3 1 2 3 4 2 4 4 3 1 3 2 4 
4 1 2 1 3 2 2 1 4 1 2 4 3 4 1 1 4 4 2 4 1 4 4 2 3 4 3 1 2 4 4 4 2 3 3 4 4 2 1 2 3 4 3 1 3 4 4 2 1 2 2 1 1 2 4 1 2 3 4 1 1 3 3 3 4 4 
4 1 1 2 3 2 1 3 4 2 1 4 1 3 1 3 3 1 4 2 4 2 2 1 2 4 1 2 3 1 1 2 3 1 1 3 2 4 1 2 4 3 1 3 4 3 3 4 1 1 2 4 1 1 2 4 4 4 3 4 1 3 3 1 4 4 
4 2 2 3 3 1 2 3 3 1 3 3 3 2 1 1 1 4 1 4 4 3 3 1 2 4 1 4 3 4 1 1 1 4 3 4 1 3 3 4 1 3 1 3 4 1 1 2 1 1 2 2 1 3 3 3 3 3 3 1 2 1 1 4 1 4 
4 1 4 2 3 4 1 3 4 2 4 3 3 4 3 2 4 1 4 4 3 2 4 1 3 2 2 1 3 2 4 3 1 4 1 3 1 2 2 2 4 3 3 3 4 4 2 2 3 1 2 4 4 3 2 4 4 4 2 3 3 4 3 2 4 4 
4 2 1 4 4 4 2 3 1 1 1 2 2 3 4 2 3 1 1 1 4 1 2 4 1 1 1 3 1 4 3 2 3 4 4 3 1 1 4 1 3 4 2 2 3 2 1 2 1 2 2 1 3 4 4 4 3 1 1 2 4 4 4 2 1 4 
4 4 1 4 1 2 4 1 3 3 3 1 2 4 2 3 1 2 3 4 2 2 1 1 1 4 3 2 3 3 1 4 3 1 4 1 4 1 4 3 3 4 3 3 2 2 3 3 3 1 1 3 2 3 3 2 1 2 1 2 2 4 4 1 4 4 
4 3 4 2 3 2 4 1 3 3 1 2 2 2 4 2 4 3 3 1 1 1 3 2 3 3 3 4 2 4 2 1 4 4 2 4 3 3 4 3 1 4 1 2 2 2 3 1 2 4 2 4 4 3 2 2 4 1 2 3 1 1 1 3 1 4 
4 4 2 4 4 3 4 4 1 4 3 4 2 3 2 2 2 1 3 1 1 4 4 1 4 2 1 2 3 2 1 4 2 1 3 2 1 1 4 3 3 2 2 4 1 2 2 2 3 4 1 3 2 1 1 2 4 1 2 3 1 4 3 2 1 4 
4 4 4 3 2 4 1 4 3 2 2 1 1 1 3 3 3 3 1 3 4 3 1 4 2 4 1 3 4 1 1 2 2 1 1 1 1 4 3 1 3 3 4 4 4 2 2 1 4 3 1 4 2 4 4 3 2 1 4 1 1 3 1 1 4 4 
4 1 3 4 4 2 4 4 2 4 4 4 3 1 4 3 1 4 2 2 2 1 4 1 2 1 3 2 3 2 1 3 4 4 1 4 4 2 1 3 2 2 1 3 2 3 4 4 1 1 1 1 1 1 2 3 1 3 4 1 4 3 1 4 1 4 
4 2 3 1 1 2 4 1 2 4 1 4 2 4 1 4 3 4 4 1 3 1 3 2 3 2 2 1 1 2 4 1 2 2 3 2 1 3 3 2 4 4 3 4 3 1 1 3 3 4 3 1 1 2 3 4 4 1 3 1 4 1 3 1 1 4 
4 4 2 1 2 2 3 1 2 4 1 4 4 3 4 1 2 3 2 4 3 2 4 4 4 1 3 2 2 2 3 3 1 2 1 4 3 2 2 4 2 2 2 2 1 4 4 3 1 4 3 3 2 2 4 3 4 1 2 4 3 3 2 2 1 4 
4 3 3 4 4 1 4 3 2 4 2 1 2 2 4 1 2 3 2 4 1 1 4 2 2 3 3 2 2 4 4 1 3 3 3 1 2 3 3 1 4 4 3 1 3 4 3 4 4 4 1 2 1 1 1 3 4 2 3 3 3 3 4 2 4 4 
4 4 1 2 4 1 3 3 4 4 2 1 4 4 4 3 3 2 2 3 2 4 4 2 1 1 1 4 4 2 1 1 3 1 1 4 4 4 3 2 3 1 4 3 4 1 3 3 2 3 2 4 4 4 4 1 3 3 1 1 4 4 4 1 3 4 
4 4 4 4 4 3 3 2 1 4 1 2 2 3 4 1 2 2 2 3 4 1 2 1 2 3 4 3 1 3 1 2 4 1 2 1 3 3 2 3 1 2 2 1 4 1 4 3 4 3 2 4 1 2 3 2 3 1 2 1 2 1 4 1 4 4 
4 2 1 2 2 1 3 2 3 1 1 2 1 4 4 2 4 3 2 4 4 4 2 4 3 1 3 2 3 2 2 2 2 2 1 2 1 3 2 1 3 4 1 1 3 2 1 2 4 2 4 4 2 3 2 1 1 4 4 3 3 4 1 1 2 4 
4 1 4 1 4 2 4 1 2 4 4 1 1 3 3 2 4 3 1 1 2 4 3 3 1 3 3 2 3 2 1 2 4 3 4 1 4 3 4 3 2 2 4 3 4 1 3 4 1 2 3 1 2 3 1 3 2 3 1 3 4 2 1 1 2 4 
4 3 2 1 1 1 3 3 1 1 2 2 2 1 3 3 1 3 2 2 4 4 2 4 3 2 2 1 1 1 3 4 1 1 4 2 3 2 2 1 4 1 3 4 3 3 3 3 2 4 1 2 4 1 1 4 2 4 2 3 2 1 1 1 1 4 
4 4 4 1 1 4 4 1 4 1 1 4 4 2 4 3 3 1 4 2 4 4 1 4 2 3 2 1 1 2 2 3 1 4 4 4 2 2 4 1 4 2 2 2 4 1 2 1 1 4 2 4 3 2 3 1 3 4 1 4 1 1 1 4 3 4 
4 3 2 3 1 1 4 1 4 3 3 2 2 1 1 1 3 3 4 3 3 1 2 3 1 4 4 4 1 4 1 2 2 3 4 4 3 1 3 1 2 4 3 4 2 3 2 1 1 2 2 2 2 4 2 2 1 1 1 1 4 2 1 4 1 4 
4 2 1 2 2 1 4 4 3 1 1 2 2 4 3 1 1 2 3 4 2 1 4 3 1 3 3 3 1 2 1 1 3 2 1 4 1 4 4 2 2 3 1 3 2 4 4 3 1 3 1 1 1 2 2 2 2 3 4 4 4 3 3 2 2 4 
4 3 2 4 2 2 4 4 3 3 3 2 4 2 3 2 3 3 2 2 3 1 2 2 1 3 2 4 4 2 3 3 3 4 1 2 3 2 2 1 2 3 2 1 2 3 2 3 2 1 3 3 2 3 1 2 4 2 3 1 1 3 4 3 2 4 
4 1 3 1 3 2 3 4 4 1 3 1 4 1 2 4 1 3 1 4 3 2 4 4 3 4 3 4 1 3 2 1 4 1 1 4 4 1 4 4 3 1 4 1 2 4 4 1 3 3 3 4 4 3 4 2 4 2 1 3 1 1 4 4 1 4 
4 2 1 4 2 4 2 3 1 2 4 4 4 4 3 3 4 2 1 2 1 2 1 1 1 3 2 1 4 1 1 4 4 3 4 4 4 4 1 1 2 2 1 2 1 3 1 4 2 4 1 2 4 3 4 4 4 4 2 1 3 3 3 3 2 4 
4 3 2 3 4 1 3 1 4 4 2 1 2 1 1 2 3 1 3 2 2 3 2 3 1 4 2 2 4 4 1 3 3 1 2 2 2 4 4 3 2 1 2 2 2 2 4 4 1 2 3 3 2 3 3 4 1 1 2 1 4 1 2 1 4 4 
4 4 1 3 2 1 3 3 3 4 3 1 2 4 1 4 4 1 3 2 3 3 3 2 2 3 2 3 1 3 2 1 3 3 3 1 2 1 4 4 3 3 3 4 2 1 4 3 1 4 4 2 2 3 4 4 4 3 1 1 3 3 2 4 1 4 
4 4 1 2 3 3 3 3 2 2 1 4 4 1 4 4 3 4 2 3 4 3 2 1 4 3 1 3 2 2 4 3 1 1 3 4 2 4 4 3 1 2 1 4 3 1 2 2 4 1 4 4 2 2 2 3 3 3 2 4 1 1 2 4 1 4 
4 2 3 2 1 3 4 2 1 1 1 1 1 3 3 4 2 4 4 4 1 1 4 1 3 4 2 4 3 1 3 3 2 4 4 3 1 4 2 1 4 4 2 3 1 1 3 4 2 2 4 4 3 2 1 3 3 1 2 2 2 3 4 2 2 4 
4 4 1 1 2 4 1 3 4 4 1 1 1 1 2 2 1 1 4 3 2 4 3 1 2 3 1 2 4 4 2 3 4 4 4 1 2 4 4 1 1 4 1 3 4 4 3 2 4 3 1 4 1 2 1 2 1 3 4 2 3 4 2 1 1 4 
4 2 1 2 2 4 2 3 4 1 1 2 3 3 3 3 4 1 2 1 4 2 4 4 2 3 3 4 4 3 1 3 4 3 1 4 4 2 3 4 1 4 4 3 2 2 2 4 3 1 3 4 4 2 2 1 4 3 1 1 2 1 2 1 3 4 
4 1 3 4 3 4 1 2 2 3 1 4 4 3 2 2 3 2 3 4 3 1 1 3 4 1 3 3 2 4 4 3 4 3 1 2 4 2 1 4 2 3 2 3 2 2 2 2 3 4 4 4 2 1 3 3 3 2 3 1 4 3 3 2 3 4 
4 4 4 4 4 2 3 3 1 3 1 4 1 4 4 4 3 3 2 4 4 3 3 3 3 3 3 3 1 1 2 2 4 1 4 3 4 1 1 1 4 3 1 1 3 4 1 2 3 3 2 1 1 3 3 4 1 3 1 2 4 4 2 1 2 4 
4 1 4 3 2 4 3 1 2 3 1 3 4 3 4 1 4 3 2 2 1 2 2 2 2 2 1 1 1 2 2 4 1 3 4 1 3 4 3 1 4 3 3 1 1 2 2 2 1 1 2 4 2 2 4 2 4 1 2 1 3 3 4 3 1 4 
4 4 4 4 2 1 3 3 1 2 2 2 2 1 2 4 1 1 2 3 4 4 3 3 3 4 2 1 3 2 3 4 3 4 1 4 4 1 3 2 2 3 1 3 4 3 3 4 1 1 1 1 3 2 1 1 1 1 1 3 2 2 3 3 1 4 
4 3 2 4 3 4 2 3 4 4 1 2 3 4 2 2 1 3 3 3 1 2 3 2 4 4 4 2 2 2 2 3 1 4 2 3 3 2 3 2 1 3 1 2 3 4 4 3 3 3 2 2 4 2 4 3 1 3 2 4 1 4 4 4 4 4 
4 1 2 3 3 4 4 1 1 2 2 1 1 1 1 4 3 1 3 4 3 4 4 2 4 3 4 1 4 1 1 3 1 4 4 2 4 2 2 3 3 3 4 4 4 1 4 1 2 3 4 2 2 3 2 2 2 2 1 1 4 2 1 1 4 4 
4 3 3 3 2 4 1 3 3 1 1 3 3 1 2 3 2 2 4 4 3 1 2 3 1 4 4 4 1 3 4 3 1 4 1 3 1 4 4 1 2 1 1 1 1 1 4 1 2 2 2 4 2 1 3 2 2 4 2 2 4 4 4 2 3 4 
4 4 4 4 4 4 4 4 4 4 4 4 4 4 4 4 4 4 4 4 4 4 4 4 4 4 4 4 4 4 4 4 4 4 4 4 4 4 4 4 4 4 4 4 4 4 4 4 4 4 4 4 4 4 4 4 4 4 4 4 4 4 4 4 4 4 

