64
1000
1000

[Node]
0  0  0   0  0
65 0  0   0  0

[pickup]
1       505112367      16          19
2       505123014      28          6
3       503099514      33          8
4       505096954      49          16
5       502789389      50          12
6       505162674      53          17
7       505115866      56          20
8       505123006      60          19
9       502793194      68          15
10      503207090      70          13
11      502791700      75          9
12      502798247      75          14
13      503219384      80          16
14      505245608      83          18
15      502789230      93          17
16      502792437      97          15
17      505195369      98          10
18      504888674      100         11
19      504558778      104         12
20      504959617      108         6
21      504959841      113         5
22      504999730      118         18
23      504539530      123         6
24      502873629      136         10
25      502795290      148         12
26      502791054      151         17
27      502958598      156         14
28      502790450      157         16
29      504787660      159         5
30      502794247      161         8
31      504744533      173         16
32      505246152      182         17
33      504865782      191         15
34      504928743      210         20
35      505160758      218         6
36      505191730      220         16
37      504804143      221         5
38      504735557      225         17
39      502786480      227         17
40      505235087      230         16
41      505137588      239         10
42      504940723      250         20
43      503107234      267         5
44      502786917      308         7
45      505190963      310         5
46      502792441      313         8
47      504938851      343         19
48      502790595      357         20
49      504938844      362         20
50      503257871      395         13
51      503157758      418         8
52      502790596      425         12
53      502786561      430         13
54      505186925      441         7
55      504800636      484         6
56      502796219      522         9
57      505080279      574         12
58      504783205      591         13
59      502796218      706         20
60      504461227      923         19
61      502791061      929         12
62      505145108      1000        18
63      502790625      1000        14
64      503525248      1000        8

[Speed 0]
0.81
30.0   60.0 0.0 0.6
90.0   150 0.0 0.4
300.0  540.0 0.0 0.81
570.0 630.0 0.0 0.6
660.0 720.0 0.0 0.4
750.0 840.0 0.0 0.81

[Speed 1]
1.33
30.0   60.0 0.0 0.8
90.0   150 0.0 0.6
300.0  540.0 0.0 1.33
570.0 630.0 0.0 0.8
660.0 720.0 0.0 1.3
750.0 840.0 0.0 2

[Speed 2]
1.33
30.0   60.0 0.0 1.0
90.0   150 0.0 0.8
300.0  540.0 0.0 1.33
570.0 630.0 0.0 0.8
660.0 720.0 0.0 0.6
750.0 840.0 0.0 1.5

[Speed 3]
1.5
30.0   60.0 0.0 0.9
90.0   150 0.0 0.8
300.0  540.0 0.0 1.5
570.0 630.0 0.0 0.9
660.0 720.0 0.0 0.8
750.0 840.0 0.0 1.5

[Speed 4]
2
30.0   60.0 0.0 1.1
90.0   150 0.0 0.9
300.0  540.0 0.0 2
570.0 630.0 0.0 1.1
660.0 720.0 0.0 0.9
750.0 840.0 0.0 2

[speed choose matrix]
4 4 4 4 4 4 4 4 4 4 4 4 4 4 4 4 4 4 4 4 4 4 4 4 4 4 4 4 4 4 4 4 4 4 4 4 4 4 4 4 4 4 4 4 4 4 4 4 4 4 4 4 4 4 4 4 4 4 4 4 4 4 4 4 4 4 
4 2 3 2 3 1 3 3 1 1 2 4 3 3 2 2 3 3 3 3 4 3 3 1 1 4 2 2 3 3 1 3 1 2 2 3 3 3 2 3 2 3 2 2 3 2 3 1 1 2 1 1 3 1 2 4 2 3 1 2 2 1 3 2 2 4 
4 2 1 1 3 3 4 1 1 3 3 1 3 3 3 4 1 2 2 2 4 2 4 4 2 3 1 1 3 2 1 2 3 3 1 2 1 4 4 3 4 4 3 3 4 2 2 1 1 3 2 3 3 3 4 4 2 2 3 2 3 3 3 4 1 4 
4 4 1 1 4 2 2 2 1 1 1 2 2 4 3 4 1 2 2 1 2 3 2 4 4 3 2 4 2 1 1 1 2 1 2 2 4 2 4 4 3 4 2 2 3 3 3 1 4 2 1 2 3 1 4 4 3 3 1 4 2 3 1 4 3 4 
4 4 3 4 2 1 3 4 3 4 2 2 1 2 2 3 3 1 4 4 3 2 3 1 4 1 3 3 1 4 4 2 1 1 1 2 3 4 4 2 1 3 2 2 4 2 3 3 1 1 2 2 4 1 1 2 1 2 4 4 1 2 2 3 1 4 
4 4 4 2 2 2 2 3 2 1 3 1 1 2 3 2 4 1 4 4 2 4 2 4 2 3 4 4 4 2 3 4 2 1 3 3 1 4 1 3 3 4 4 3 1 1 2 1 2 1 4 4 4 4 4 1 2 3 4 2 1 3 2 2 1 4 
4 1 2 3 3 2 2 2 4 2 3 3 1 1 3 3 2 3 4 3 4 4 4 1 3 1 1 4 4 4 2 2 3 4 3 4 4 1 3 1 4 1 2 3 3 4 3 2 2 4 1 1 4 1 3 4 1 2 2 3 3 3 3 4 3 4 
4 2 3 4 1 2 4 2 3 1 3 1 3 2 3 2 3 1 1 3 3 4 4 4 1 3 2 2 1 2 1 4 3 2 2 1 1 3 2 2 1 1 4 1 2 4 3 4 2 1 4 1 3 4 4 3 3 4 1 1 4 3 3 2 1 4 
4 4 4 2 1 4 4 2 3 4 4 4 4 4 4 3 3 4 2 1 3 3 1 1 1 4 1 4 4 1 1 2 1 1 4 1 3 1 3 1 2 1 2 4 4 1 3 3 3 2 4 1 2 1 2 3 3 4 3 2 2 2 3 2 2 4 
4 2 4 1 3 1 2 2 4 4 1 3 4 2 1 1 2 3 1 3 1 1 2 4 2 4 1 4 1 4 1 2 3 2 3 2 2 1 3 3 2 4 1 4 1 3 2 1 2 3 4 4 2 2 1 4 1 1 3 1 4 2 2 3 1 4 
4 2 1 4 1 3 3 3 2 2 3 3 1 1 4 1 3 3 3 4 1 2 1 1 4 1 3 1 1 1 3 4 2 3 3 4 3 2 2 4 1 4 1 2 4 3 3 2 4 1 1 2 2 1 2 4 4 2 2 4 4 3 4 1 2 4 
4 3 4 2 4 4 3 2 2 1 4 4 3 2 3 4 4 2 1 1 4 2 2 2 3 4 4 2 3 3 3 3 1 4 3 1 2 1 1 4 3 3 4 3 4 4 4 1 2 3 2 4 4 4 1 1 2 4 3 1 1 2 4 3 4 4 
4 4 2 1 2 3 3 1 2 3 2 3 3 3 3 3 1 2 2 2 1 3 1 1 4 1 1 2 2 3 4 3 1 2 3 4 3 2 3 3 1 1 3 2 3 3 4 2 4 4 2 1 1 4 2 2 2 4 3 2 1 3 3 4 1 4 
4 2 2 3 3 3 3 3 2 4 2 1 4 1 2 3 4 2 2 4 2 4 4 2 2 1 1 4 4 2 3 4 2 1 2 2 1 4 1 3 1 4 4 1 1 2 4 4 1 1 4 2 2 1 4 4 1 1 3 2 1 4 2 2 1 4 
4 4 3 1 3 3 2 2 1 4 4 1 4 2 2 4 3 2 2 1 3 4 4 4 1 2 3 4 3 3 2 2 1 2 2 4 3 4 1 3 1 2 1 3 1 4 1 1 4 1 1 3 2 2 1 2 2 3 4 4 2 1 3 2 2 4 
4 4 4 1 4 3 4 3 2 3 1 2 4 4 4 3 1 4 3 3 1 2 3 3 1 1 4 2 4 2 4 3 3 4 2 4 2 4 2 1 1 2 3 4 4 2 1 3 2 2 1 3 1 4 2 1 3 2 2 3 1 3 4 2 3 4 
4 3 1 2 2 1 1 1 4 4 1 2 3 1 4 1 1 4 3 1 4 2 1 1 3 1 3 4 2 2 4 2 1 3 2 3 3 2 1 2 1 4 4 1 4 4 3 3 3 1 3 2 1 4 3 4 3 4 1 1 3 3 2 3 2 4 
4 3 2 2 1 2 2 1 2 3 2 1 2 4 3 4 4 3 1 3 4 4 4 4 1 1 2 3 1 4 1 4 3 1 2 1 4 2 1 3 3 3 3 3 1 2 4 1 3 2 1 1 2 3 3 4 2 1 1 2 3 1 4 2 1 4 
4 1 2 4 4 3 4 1 4 3 2 2 1 1 3 1 4 4 4 4 1 1 3 1 2 3 4 2 2 4 3 2 3 3 3 3 3 4 1 3 2 2 1 4 2 4 4 4 2 2 2 4 2 2 4 2 3 2 1 4 2 3 4 4 4 4 
4 2 4 1 3 1 3 3 3 1 1 3 1 4 4 3 4 4 3 3 4 1 2 3 1 3 1 2 2 3 2 2 1 2 2 2 4 1 1 4 1 2 1 3 2 4 1 4 3 1 2 3 4 4 1 3 1 4 2 2 2 3 3 1 4 4 
4 2 1 1 3 4 2 4 4 3 3 2 1 3 2 3 2 1 1 1 3 4 4 1 3 1 1 4 4 2 4 2 4 1 4 1 3 3 2 3 1 1 3 4 1 1 4 3 2 3 4 3 4 3 2 1 3 2 4 3 3 2 1 4 2 4 
4 2 1 2 1 1 4 1 1 4 3 2 4 2 1 1 1 4 4 4 1 3 1 4 1 4 4 2 2 1 3 3 1 4 4 3 2 3 2 4 1 2 2 4 4 3 4 3 2 2 2 2 1 3 2 1 2 1 1 3 4 3 4 2 4 4 
4 2 1 2 4 4 1 4 1 2 4 1 4 1 3 3 3 2 4 1 1 2 4 2 4 2 4 3 4 1 1 4 1 4 1 3 4 3 3 4 4 3 1 2 3 2 1 2 2 4 4 2 2 2 4 2 3 3 3 2 3 3 2 1 4 4 
4 3 4 4 2 3 3 4 1 4 2 3 4 3 1 1 1 1 2 2 1 1 3 2 1 2 3 3 4 2 1 2 1 1 1 1 1 4 4 2 1 1 1 2 1 3 2 2 4 2 3 1 2 4 4 4 3 1 2 4 4 3 1 3 2 4 
4 1 3 3 2 4 4 1 1 1 1 4 3 2 2 1 3 3 1 1 2 4 3 4 4 3 2 1 4 4 4 3 3 2 4 1 1 4 4 3 1 4 2 2 1 2 2 2 3 3 2 3 4 2 1 3 2 1 4 2 1 1 3 2 4 4 
4 4 3 1 4 1 4 4 2 3 1 1 2 3 4 1 3 2 3 1 3 2 2 1 2 3 2 2 1 3 4 2 1 1 2 2 1 3 2 2 1 3 1 3 1 3 2 4 4 1 2 4 3 1 3 3 1 3 4 1 4 3 2 2 1 4 
4 4 2 1 4 3 4 4 2 1 4 1 3 2 3 3 1 4 4 3 3 1 2 2 4 3 1 1 1 3 2 1 3 2 4 1 3 2 3 3 4 4 1 1 2 3 3 2 3 2 2 4 4 3 1 4 3 2 4 1 4 1 4 4 3 4 
4 1 1 4 2 4 3 3 2 4 3 3 3 2 1 3 3 4 1 3 3 4 1 2 4 1 1 3 2 2 1 3 2 1 1 3 3 4 1 2 1 2 1 1 4 2 1 4 4 3 3 2 4 4 4 2 2 1 1 4 3 1 1 3 3 4 
4 4 3 3 4 4 3 4 4 4 4 2 1 1 1 4 1 3 3 4 1 4 1 2 3 2 1 3 2 4 4 3 1 2 4 4 1 1 2 3 2 4 2 3 3 4 2 3 4 4 4 1 2 2 4 4 1 1 4 1 1 3 2 4 1 4 
4 1 3 1 4 1 4 1 3 4 3 3 3 4 3 4 2 1 2 3 4 2 2 4 3 1 2 4 3 2 3 4 3 2 1 3 2 2 3 4 2 1 1 4 4 4 2 1 4 4 1 3 1 4 2 2 3 4 1 3 1 3 4 4 3 4 
4 4 3 1 3 4 2 4 2 4 4 1 3 1 2 4 3 3 3 3 3 1 3 2 2 3 2 4 3 4 3 3 1 4 3 3 4 1 4 1 2 2 4 3 2 2 1 2 4 3 3 2 3 1 3 4 1 4 3 1 1 4 4 3 1 4 
4 3 3 3 1 1 1 2 4 2 2 3 2 3 3 4 1 3 4 4 2 2 3 1 3 1 1 2 2 2 1 1 4 2 2 3 1 4 3 3 3 3 3 3 3 3 3 1 2 3 3 3 1 1 2 4 4 4 1 2 3 3 2 1 3 4 
4 3 3 3 3 2 4 2 2 1 2 3 2 1 4 4 4 2 1 1 3 1 4 1 3 1 4 1 3 3 2 1 1 4 3 3 4 4 3 1 2 2 3 3 2 4 4 1 2 4 1 1 2 4 2 3 3 2 2 1 4 4 1 3 1 4 
4 1 2 4 4 1 1 1 3 1 3 1 2 4 4 1 2 1 4 4 3 4 2 4 4 3 2 2 4 4 4 3 1 3 1 3 1 1 2 1 4 1 1 1 2 4 4 1 4 1 1 4 2 4 2 2 1 3 3 4 3 2 2 3 3 4 
4 1 4 4 4 2 1 1 4 3 1 2 2 3 1 2 2 2 1 1 2 3 1 1 3 1 2 3 3 4 3 4 3 4 4 4 1 4 3 2 1 4 4 4 2 3 4 4 1 1 3 3 3 1 1 1 3 2 4 4 4 4 4 3 4 4 
4 2 1 4 2 2 3 3 3 2 1 1 2 4 1 3 3 4 1 1 4 1 4 1 3 2 1 3 3 4 2 3 1 4 4 1 1 1 2 2 3 4 3 1 2 4 4 3 2 1 4 3 2 3 3 4 2 1 4 2 2 1 3 3 1 4 
4 1 1 3 4 3 3 3 1 1 1 4 4 1 4 2 4 4 4 3 1 1 1 2 1 2 3 3 4 1 1 3 2 1 4 4 1 4 4 2 2 3 1 1 4 2 4 2 4 4 2 1 4 2 4 4 4 2 3 4 2 1 1 1 3 4 
4 4 4 3 1 1 1 2 3 2 1 2 4 3 2 2 3 3 1 4 4 1 4 1 4 3 3 4 2 4 4 4 2 3 4 3 1 4 1 1 1 4 2 2 3 3 4 2 4 4 3 4 1 4 2 2 1 2 1 1 4 3 3 3 2 4 
4 3 4 1 3 3 1 3 1 2 3 4 1 2 1 2 1 4 2 4 2 3 1 3 1 1 4 2 4 4 4 2 2 2 3 4 3 3 1 1 2 4 3 4 4 3 2 4 2 1 1 3 2 4 2 1 1 4 4 1 2 3 4 1 4 4 
4 3 1 1 1 4 4 4 2 1 1 4 4 3 1 1 4 3 4 1 2 4 4 1 2 2 3 4 2 1 3 1 3 1 4 2 3 4 1 4 3 4 2 2 4 3 3 3 1 3 4 3 1 4 4 1 3 2 4 4 2 1 2 1 4 4 
4 1 2 1 3 2 4 1 3 4 4 1 2 3 2 2 3 2 2 2 1 4 4 3 3 1 4 1 4 2 2 3 2 4 3 4 4 4 1 2 4 4 2 2 1 4 4 4 4 3 3 3 2 4 1 4 4 2 2 3 1 2 4 2 1 4 
4 1 1 3 1 2 4 3 3 2 3 2 4 1 4 3 2 1 4 1 1 1 3 1 3 2 2 4 2 1 3 4 4 2 4 4 2 4 4 1 1 4 3 2 1 4 1 4 3 3 3 4 2 3 1 4 4 1 2 2 3 3 3 1 3 4 
4 2 3 1 3 3 4 4 3 3 4 2 4 3 1 1 1 3 3 1 2 4 2 4 2 1 4 4 4 1 1 2 3 4 3 1 3 4 4 1 4 4 1 2 4 2 3 4 1 3 1 4 3 3 3 4 4 2 2 3 3 4 1 4 1 4 
4 4 2 1 3 4 1 3 1 3 4 2 3 3 4 3 3 1 3 2 1 1 2 3 1 4 3 3 3 2 1 2 3 3 4 4 1 1 4 3 1 1 2 4 1 1 2 2 2 2 4 4 1 1 3 3 1 4 1 4 3 2 4 2 1 4 
4 3 1 2 4 1 4 2 3 2 2 2 1 4 3 3 2 1 3 2 2 3 2 1 3 1 4 3 1 4 4 1 2 3 1 1 2 2 3 4 1 4 4 1 2 2 1 4 3 3 3 3 1 4 4 1 4 1 1 2 2 2 3 4 4 4 
4 2 4 1 1 1 4 4 1 2 1 3 2 4 3 2 2 3 2 4 4 4 2 3 4 3 3 3 2 4 4 1 4 2 4 1 3 1 4 3 4 2 3 1 2 1 3 4 4 1 4 3 4 3 4 2 1 3 4 1 4 4 4 2 2 4 
4 2 4 4 4 1 3 1 4 2 1 2 3 4 1 1 1 4 3 3 2 1 1 1 2 1 3 4 2 1 1 4 2 1 4 1 3 3 2 3 3 1 3 4 2 3 3 1 3 1 4 1 4 2 1 2 3 3 2 1 2 1 4 3 2 4 
4 2 3 2 3 3 3 3 4 2 3 4 3 2 4 3 2 4 1 2 1 1 3 1 3 1 4 1 4 3 2 3 2 4 2 4 1 1 2 1 2 1 1 3 1 4 3 3 1 4 4 1 2 4 3 2 2 3 2 4 1 2 1 4 4 4 
4 3 3 3 2 1 4 1 2 3 3 2 2 2 3 1 3 4 4 2 4 2 3 4 2 2 4 3 3 4 2 1 1 1 4 2 4 2 2 3 4 1 2 1 2 3 4 1 1 1 3 1 2 4 3 4 2 2 4 1 3 3 3 4 4 4 
4 3 4 2 4 2 4 2 2 4 4 1 2 1 1 3 1 1 1 4 4 2 2 2 4 1 1 1 4 2 4 2 2 4 3 3 1 1 2 2 2 2 2 3 1 1 3 3 4 4 4 3 2 2 3 3 3 3 1 1 3 2 2 4 1 4 
4 1 3 1 1 3 3 1 3 3 4 2 1 4 1 2 4 2 1 3 1 2 2 4 1 3 2 4 2 4 1 1 1 3 2 1 3 1 4 1 2 4 4 4 1 1 4 2 3 4 2 1 3 4 4 4 1 1 2 3 4 3 1 4 2 4 
4 4 2 4 2 1 3 2 1 3 4 4 1 3 2 2 4 4 2 2 3 3 1 4 3 1 3 2 1 4 2 1 4 2 3 4 4 3 4 1 2 4 1 1 1 4 1 4 3 2 1 4 2 4 4 2 2 4 3 1 4 2 1 4 4 4 
4 2 2 3 4 3 1 3 1 1 4 3 2 1 1 3 3 1 2 4 1 4 2 1 4 2 4 2 4 2 4 3 1 3 2 4 2 2 1 1 3 1 1 2 4 4 4 2 1 1 4 4 2 4 1 2 4 1 3 2 1 1 2 4 4 4 
4 4 2 1 2 4 1 3 3 3 1 4 4 1 1 1 1 3 1 2 4 1 1 1 4 1 3 1 1 2 3 1 4 4 1 1 2 1 4 4 4 3 1 4 2 2 2 4 3 3 1 2 1 3 1 2 3 1 4 1 3 4 1 2 2 4 
4 2 3 4 1 1 3 3 3 2 3 3 4 3 2 4 3 1 3 3 1 4 2 4 4 4 3 4 1 1 3 4 1 3 4 2 2 4 4 3 3 1 1 3 3 2 1 4 2 4 1 3 2 2 4 4 4 3 1 3 1 4 1 4 2 4 
4 1 4 4 1 4 1 3 4 1 2 3 3 2 1 4 4 1 3 4 1 3 4 2 4 4 3 2 4 2 4 4 4 3 1 4 1 1 2 2 1 4 2 4 1 4 2 1 1 4 4 2 3 2 4 1 1 1 4 2 2 3 4 2 1 4 
4 1 3 1 4 4 2 4 4 1 2 3 1 3 3 3 3 1 1 1 4 3 2 3 1 4 2 1 4 1 2 2 4 2 4 1 2 4 1 2 1 1 2 3 3 3 2 3 2 2 2 1 1 2 2 3 2 4 2 2 2 3 4 1 1 4 
4 3 2 2 3 1 2 4 1 3 2 4 3 2 2 1 3 1 4 2 4 1 2 3 2 3 4 1 1 1 3 1 4 3 4 1 4 4 3 3 4 3 2 4 2 3 2 1 2 1 1 2 4 2 2 1 1 3 1 1 2 2 2 4 1 4 
4 3 2 4 1 3 4 1 2 1 2 1 1 4 1 2 4 2 1 1 3 4 2 4 4 4 4 1 1 4 1 1 4 1 2 3 2 2 4 2 2 1 1 2 4 4 3 4 4 3 1 4 3 2 1 1 1 4 1 2 3 3 4 4 3 4 
4 1 1 3 2 4 3 2 3 2 4 2 4 3 1 4 3 2 2 2 2 3 1 3 3 2 3 4 4 2 2 3 1 4 1 3 4 4 3 1 1 4 2 3 4 4 3 2 4 2 3 1 2 1 2 1 1 4 3 3 4 2 2 1 4 4 
4 1 1 1 1 2 1 1 2 4 4 3 3 2 1 2 2 3 2 4 3 4 2 3 1 1 1 2 3 4 1 2 2 2 3 1 4 1 3 1 2 2 3 4 2 1 1 2 4 2 3 1 1 4 2 2 2 3 1 3 2 3 4 4 2 4 
4 2 4 1 4 2 1 2 3 3 2 2 3 2 1 2 4 4 1 3 1 3 4 2 4 3 3 1 3 4 3 4 3 3 2 3 3 3 1 2 3 4 1 1 2 4 2 1 3 2 3 4 3 1 3 3 2 3 1 3 4 1 1 3 2 4 
4 1 4 3 4 4 1 2 1 3 2 3 2 3 1 3 3 1 3 3 3 4 3 1 1 3 2 3 4 2 4 2 1 2 2 4 1 3 2 4 4 3 3 2 1 1 2 3 1 1 4 2 2 3 4 2 3 3 3 2 4 2 1 1 1 4 
4 2 2 4 4 4 3 1 4 4 2 2 1 2 1 3 4 3 2 3 2 4 2 1 4 2 1 2 1 1 4 3 4 3 4 1 1 3 3 3 1 3 3 1 2 1 4 4 3 2 2 3 2 1 4 4 3 4 3 4 4 4 1 1 4 4 
4 3 3 2 4 3 1 2 2 4 3 3 4 3 3 4 4 2 3 1 3 4 2 2 3 2 1 1 4 3 4 4 4 4 1 2 1 1 3 3 2 3 4 3 1 2 1 3 1 4 1 3 3 3 2 3 4 2 1 2 3 4 2 2 2 4 
4 4 4 4 4 4 4 4 4 4 4 4 4 4 4 4 4 4 4 4 4 4 4 4 4 4 4 4 4 4 4 4 4 4 4 4 4 4 4 4 4 4 4 4 4 4 4 4 4 4 4 4 4 4 4 4 4 4 4 4 4 4 4 4 4 4 

