65
1000
1000

[Node]
0  0  0   0  0
66 0  0   0  0

[pickup]
1       503824141      23          17
2       502787651      24          18
3       502790342      27          18
4       502799157      34          7
5       504483241      42          12
6       504449422      52          15
7       504512179      52          9
8       505121657      58          9
9       502794188      60          17
10      505018320      62          16
11      502794343      64          5
12      505117077      67          19
13      502795314      75          8
14      504507033      79          12
15      505008224      80          13
16      504697856      82          13
17      502794886      83          14
18      504609080      83          11
19      502785770      90          16
20      502786784      113         6
21      504139409      124         6
22      505164779      129         19
23      502970886      131         12
24      504467528      139         16
25      504940819      141         8
26      502787837      146         7
27      502799697      147         18
28      503978903      150         10
29      504589401      150         19
30      502791365      151         20
31      502786541      155         15
32      502801750      157         15
33      504813165      169         15
34      503012774      182         16
35      505012229      183         9
36      504489902      190         10
37      502794583      207         11
38      503122205      207         9
39      503226439      211         14
40      504814520      216         12
41      502788438      218         17
42      502789207      236         14
43      502787917      239         12
44      505170361      258         15
45      505164780      271         13
46      503108157      288         12
47      502786503      296         9
48      503074303      306         18
49      502789178      318         5
50      505188477      322         6
51      502793979      349         19
52      502947479      355         20
53      502794727      365         7
54      502798415      393         20
55      503838473      401         15
56      502976944      442         19
57      504966944      446         16
58      502801827      458         17
59      503157758      459         18
60      502787101      463         18
61      502785866      556         9
62      502785857      567         17
63      502786969      859         17
64      504851316      936         18
65      504940835      1000        11

[Speed 0]
0.81
30.0   60.0 0.0 0.6
90.0   150 0.0 0.4
300.0  540.0 0.0 0.81
570.0 630.0 0.0 0.6
660.0 720.0 0.0 0.4
750.0 840.0 0.0 0.81

[Speed 1]
1.33
30.0   60.0 0.0 0.8
90.0   150 0.0 0.6
300.0  540.0 0.0 1.33
570.0 630.0 0.0 0.8
660.0 720.0 0.0 1.3
750.0 840.0 0.0 2

[Speed 2]
1.33
30.0   60.0 0.0 1.0
90.0   150 0.0 0.8
300.0  540.0 0.0 1.33
570.0 630.0 0.0 0.8
660.0 720.0 0.0 0.6
750.0 840.0 0.0 1.5

[Speed 3]
1.5
30.0   60.0 0.0 0.9
90.0   150 0.0 0.8
300.0  540.0 0.0 1.5
570.0 630.0 0.0 0.9
660.0 720.0 0.0 0.8
750.0 840.0 0.0 1.5

[Speed 4]
2
30.0   60.0 0.0 1.1
90.0   150 0.0 0.9
300.0  540.0 0.0 2
570.0 630.0 0.0 1.1
660.0 720.0 0.0 0.9
750.0 840.0 0.0 2

[speed choose matrix]
4 4 4 4 4 4 4 4 4 4 4 4 4 4 4 4 4 4 4 4 4 4 4 4 4 4 4 4 4 4 4 4 4 4 4 4 4 4 4 4 4 4 4 4 4 4 4 4 4 4 4 4 4 4 4 4 4 4 4 4 4 4 4 4 4 4 4 
4 2 4 2 3 2 1 1 1 1 3 2 1 2 4 1 1 1 2 3 2 3 1 4 4 3 1 2 2 3 2 4 3 4 2 1 1 3 3 2 2 3 3 3 3 4 4 1 1 1 4 3 3 1 3 3 3 1 2 3 1 1 4 3 2 1 4 
4 4 1 1 2 2 4 4 3 3 1 3 1 1 3 4 4 3 2 1 1 4 2 4 4 4 3 4 1 3 3 3 1 1 4 4 4 4 3 2 2 2 3 2 2 4 1 2 1 1 3 4 2 2 4 4 3 4 1 3 4 1 1 1 2 3 4 
4 3 2 1 1 1 2 3 3 1 1 1 4 3 3 2 3 4 4 2 4 4 3 3 3 1 1 4 4 4 1 4 1 1 4 1 3 4 3 3 3 4 2 1 1 2 1 1 1 2 2 1 2 1 2 2 4 2 3 3 2 4 2 1 4 2 4 
4 4 2 3 1 2 1 2 4 1 3 4 3 3 2 4 2 3 2 1 4 2 4 3 2 3 1 2 4 4 1 1 2 3 2 4 4 3 3 2 1 3 3 1 1 4 3 1 3 4 4 4 1 2 3 1 1 3 2 4 2 1 1 4 2 2 4 
4 4 1 3 2 2 2 1 1 1 1 3 1 1 3 2 1 1 4 2 1 1 4 1 4 1 3 4 2 3 2 4 3 4 2 1 4 2 4 4 3 1 3 2 2 4 3 1 3 4 3 2 2 3 3 4 4 4 3 4 1 3 2 1 3 1 4 
4 4 4 2 1 3 4 1 1 4 2 3 2 3 2 1 3 4 1 1 4 2 1 2 4 4 4 3 3 1 4 2 2 4 3 3 4 2 3 1 2 4 4 3 3 2 1 1 1 4 4 2 4 1 4 4 1 4 1 4 1 4 4 1 2 2 4 
4 4 1 3 4 4 4 3 2 3 3 4 4 1 1 2 1 2 3 1 1 3 1 2 2 3 3 4 4 2 1 3 4 4 1 1 2 4 4 3 2 4 2 4 3 4 2 4 3 1 4 1 3 1 1 4 3 3 1 4 4 1 2 3 2 4 4 
4 2 2 3 4 1 2 1 4 4 4 3 1 4 2 4 3 1 4 4 4 3 3 3 2 4 1 3 2 1 3 2 2 3 1 4 4 2 2 3 3 3 4 1 2 2 4 4 4 1 2 3 4 1 1 1 1 2 4 1 3 2 1 2 4 4 4 
4 2 1 4 2 2 3 1 1 3 1 3 2 3 3 1 3 1 1 2 4 2 3 1 2 2 1 3 2 2 2 4 4 1 3 4 3 1 3 1 2 2 4 3 2 4 3 1 3 1 3 4 3 4 1 1 2 4 4 3 1 2 3 1 4 3 4 
4 3 1 4 1 2 2 1 1 2 1 2 1 3 1 4 4 4 3 4 1 1 2 2 4 3 1 1 1 1 4 3 2 4 2 1 2 1 1 1 1 3 4 3 3 2 4 3 1 3 4 1 3 1 3 3 1 3 3 4 2 1 4 3 3 4 4 
4 2 4 4 1 1 1 3 1 2 2 2 1 3 4 4 2 1 2 2 1 1 1 4 2 4 4 3 2 1 4 1 3 2 1 2 3 2 2 3 4 1 1 3 4 4 4 4 1 3 3 4 1 3 2 1 3 2 4 2 2 1 2 4 1 4 4 
4 3 4 3 2 1 4 4 1 4 4 1 1 3 3 2 2 1 4 1 2 1 4 4 3 1 1 1 4 4 1 1 4 3 1 2 3 2 2 3 3 1 4 3 2 1 1 4 1 2 1 1 2 2 4 3 4 1 3 2 4 1 2 3 3 3 4 
4 4 4 3 1 1 3 1 3 2 4 2 2 2 1 1 3 1 2 1 2 4 4 1 1 4 4 4 3 3 1 2 1 3 3 4 3 4 4 3 3 4 2 1 3 2 1 2 4 1 1 1 2 1 2 1 2 4 1 1 2 4 3 1 2 4 4 
4 1 4 4 1 4 2 1 4 3 1 2 3 4 3 1 1 1 4 1 3 2 4 2 2 1 4 3 4 4 4 3 4 4 4 4 3 1 3 2 1 3 1 2 4 1 4 2 2 2 3 3 4 3 2 1 1 3 2 1 3 4 2 1 3 2 4 
4 4 2 2 4 4 3 4 3 1 1 1 4 1 3 2 4 3 1 4 4 4 1 3 3 4 3 2 3 4 1 3 2 1 2 3 2 1 3 2 4 4 4 1 1 4 3 3 4 4 4 1 2 3 4 3 1 1 4 3 1 4 3 2 2 2 4 
4 2 1 3 4 3 1 1 3 3 2 1 1 1 2 3 1 3 3 2 2 1 4 1 2 3 4 4 4 4 1 1 2 4 2 4 2 1 1 4 2 4 1 4 4 3 3 4 4 2 3 2 1 4 3 2 4 2 2 4 2 3 1 2 1 3 4 
4 1 1 3 2 2 1 4 3 3 1 2 4 2 2 1 1 2 3 3 3 1 1 3 4 3 1 2 4 1 1 2 1 2 1 1 1 2 3 3 2 2 3 1 3 2 3 2 1 2 1 3 3 2 2 1 1 4 2 4 2 3 1 4 4 1 4 
4 1 2 2 2 4 3 4 4 2 2 4 1 3 3 4 3 2 3 3 1 4 3 4 4 3 3 1 4 3 1 1 2 2 2 2 4 2 2 1 3 1 2 1 2 1 4 2 4 4 3 1 4 2 1 3 3 2 1 1 3 1 3 1 2 1 4 
4 4 4 2 2 4 1 4 1 2 2 1 2 2 2 2 3 3 3 3 4 2 4 3 1 2 4 3 3 3 1 1 1 1 2 1 4 2 4 4 2 3 1 2 3 1 3 3 1 2 1 4 3 3 1 3 3 1 4 1 4 2 2 4 3 3 4 
4 3 4 2 1 2 3 1 2 4 3 3 1 2 1 2 1 1 1 3 4 4 4 2 4 4 1 4 1 4 3 2 4 2 1 3 1 1 2 4 4 3 3 3 4 1 3 2 2 2 4 2 1 2 4 3 1 1 3 4 1 4 2 3 3 1 4 
4 4 2 1 1 2 1 1 3 4 4 2 4 1 1 1 1 3 1 2 3 1 4 3 1 2 3 4 1 3 2 3 1 2 3 1 1 4 1 4 3 3 1 4 3 3 4 4 1 1 1 4 1 3 1 1 4 2 2 2 3 3 3 3 3 3 4 
4 4 3 4 3 2 3 1 2 2 3 1 1 1 2 4 3 1 1 1 1 1 4 3 2 4 4 2 3 1 4 1 2 3 1 1 2 1 1 4 4 2 1 2 3 1 4 3 1 3 4 3 4 3 3 2 1 4 1 1 2 2 2 2 2 2 4 
4 4 2 1 1 3 1 4 1 3 3 3 3 1 1 3 2 3 1 3 1 3 4 3 2 1 4 1 2 1 3 2 1 2 4 3 3 1 2 2 4 4 4 1 2 4 2 2 3 1 2 1 4 4 4 3 2 3 1 3 1 1 1 3 1 2 4 
4 2 2 1 3 2 1 1 4 2 4 3 1 4 4 4 2 3 2 3 2 4 3 4 2 2 1 2 3 1 1 3 3 1 2 1 4 4 1 2 3 1 3 3 3 2 1 2 4 1 3 3 3 2 3 4 1 2 2 1 2 2 3 1 1 2 4 
4 4 1 4 2 1 4 3 3 2 2 3 3 2 3 2 2 4 2 2 1 4 4 1 1 3 2 1 4 4 2 1 2 4 4 3 3 3 2 4 1 2 4 2 3 1 2 1 3 4 2 3 1 2 1 1 4 1 4 4 1 2 4 1 1 1 4 
4 4 1 4 3 3 3 4 2 1 3 3 3 3 4 1 4 1 1 4 1 1 2 4 2 3 2 3 2 4 1 4 1 4 1 4 3 1 2 1 4 2 4 1 3 4 2 2 3 3 3 2 4 1 3 1 4 1 3 2 4 4 2 2 1 1 4 
4 3 1 2 3 2 2 1 2 3 4 2 1 2 2 4 4 2 1 4 2 1 3 3 1 1 2 1 4 4 3 2 1 3 3 1 4 1 4 3 1 4 3 3 3 4 1 4 2 1 2 4 4 1 2 3 3 4 2 3 1 3 4 1 3 1 4 
4 2 3 3 3 2 4 3 1 4 2 4 3 1 3 1 4 3 2 3 1 1 4 4 1 3 1 1 2 3 3 4 4 1 1 4 1 1 3 1 1 3 1 3 2 1 3 2 4 2 2 1 2 1 2 1 2 2 1 3 4 2 1 4 2 4 4 
4 2 1 4 2 1 3 4 1 1 4 3 3 1 4 2 2 3 1 2 1 3 1 3 3 2 3 2 2 1 2 1 2 3 1 2 4 2 4 1 4 2 3 2 2 1 2 4 3 3 4 3 4 1 3 2 3 4 1 2 2 1 2 4 4 4 4 
4 1 1 2 4 2 4 1 1 4 3 4 1 4 2 2 2 4 4 1 1 2 2 2 1 2 4 4 2 3 3 2 1 1 3 2 2 4 2 1 4 4 1 4 2 4 2 1 2 3 1 2 1 3 3 3 2 3 3 4 3 2 3 1 1 4 4 
4 4 2 4 4 1 1 1 2 1 1 2 1 4 4 1 1 3 1 2 1 2 4 1 4 4 2 3 2 3 3 1 4 3 1 1 4 4 3 2 1 3 4 4 2 3 2 4 4 2 4 1 2 4 2 2 4 3 1 3 3 4 4 2 2 1 4 
4 2 4 1 4 3 2 2 1 3 1 3 3 2 2 1 1 3 2 3 4 2 4 2 1 1 4 4 2 1 3 1 4 1 2 2 4 4 4 1 4 2 4 4 3 1 2 2 4 4 2 3 2 2 4 1 1 4 3 1 2 3 1 4 1 1 4 
4 3 3 2 4 1 2 1 1 1 3 1 4 4 1 4 2 4 3 1 2 3 1 3 2 2 2 2 4 2 3 1 2 2 2 1 3 4 4 1 4 1 3 3 3 1 4 4 2 3 2 3 2 2 3 2 4 1 3 1 2 2 1 3 2 1 4 
4 4 2 3 1 3 1 4 1 4 2 1 4 4 2 2 4 1 1 4 1 3 2 1 1 3 3 4 3 2 4 4 2 1 1 1 1 4 2 2 2 2 1 4 1 2 2 2 2 3 2 2 3 2 1 3 1 4 3 4 2 2 4 3 4 2 4 
4 4 3 1 2 4 2 4 4 3 3 4 3 3 3 4 2 2 4 4 1 1 4 2 2 2 1 4 2 3 4 3 2 1 4 1 2 3 2 2 2 1 4 2 4 2 2 1 4 4 4 1 1 2 3 4 4 3 1 4 4 2 1 2 4 4 4 
4 1 1 4 3 3 3 4 2 3 3 4 4 4 2 3 1 2 1 1 4 4 1 4 1 1 4 3 2 1 3 1 3 4 1 2 3 1 4 4 2 4 4 3 3 3 3 4 4 2 4 4 3 4 4 1 4 1 4 4 2 3 1 3 1 1 4 
4 4 4 2 4 1 3 2 1 1 3 4 1 4 3 3 1 3 2 3 3 4 3 3 4 4 1 3 1 3 2 3 3 2 4 2 4 1 4 2 3 2 4 1 1 3 3 2 3 3 1 3 2 2 4 2 3 1 1 3 2 2 1 1 2 1 4 
4 1 1 2 4 3 3 2 4 2 4 2 4 2 3 3 3 1 1 1 1 3 4 1 4 4 1 2 1 1 3 3 1 4 3 4 1 1 3 4 1 2 2 4 3 2 2 4 2 1 1 1 4 3 2 1 3 4 1 3 4 1 3 1 3 4 4 
4 2 4 1 1 3 2 4 3 4 4 1 3 3 4 4 3 1 1 3 1 1 4 4 4 2 1 1 4 4 1 4 1 3 1 1 2 1 3 1 2 4 1 3 1 4 2 4 2 1 4 2 3 4 1 3 4 1 4 4 4 2 3 2 4 4 4 
4 3 3 3 4 4 4 3 4 4 2 2 4 1 1 4 2 2 2 1 1 2 2 4 4 4 1 3 4 4 1 4 4 4 4 1 1 4 1 3 3 2 4 3 2 2 4 4 2 1 3 4 1 3 3 1 2 2 2 2 2 3 3 2 4 3 4 
4 3 3 2 1 2 2 4 3 2 3 1 4 3 4 3 4 3 2 4 3 3 1 3 2 2 4 2 1 3 2 2 4 3 2 4 2 3 1 4 4 3 4 4 4 3 1 3 2 3 1 1 2 3 1 1 4 2 2 3 2 3 4 2 1 2 4 
4 3 2 4 1 2 3 2 4 4 2 3 3 4 2 4 3 1 4 3 1 4 3 1 4 3 2 1 3 2 1 4 1 4 4 3 4 3 1 2 2 2 2 3 2 1 4 3 2 3 1 2 1 1 4 4 4 1 2 3 3 2 2 3 2 2 4 
4 2 4 1 1 2 1 4 2 3 2 3 2 2 1 4 3 2 4 2 1 3 1 3 2 2 1 4 2 1 1 4 3 1 4 3 4 4 2 4 2 1 3 4 2 3 4 4 1 3 1 3 1 2 3 1 4 1 2 4 4 3 4 3 3 1 4 
4 2 2 3 4 2 2 1 4 3 4 2 3 1 4 2 2 2 4 4 4 2 4 4 2 4 1 1 4 3 4 4 1 4 3 1 3 1 2 4 3 3 3 4 4 4 3 1 3 2 3 2 2 1 2 1 4 2 4 2 2 3 2 1 3 3 4 
4 4 2 3 1 1 4 1 2 2 1 4 1 2 4 3 4 4 1 4 2 4 1 4 1 2 2 3 3 1 1 4 4 2 4 3 2 2 1 2 2 1 4 2 4 1 1 3 2 3 4 2 4 2 2 1 1 1 4 3 2 3 2 3 2 1 4 
4 1 4 2 2 2 2 3 3 4 3 3 1 2 3 4 1 3 1 1 4 1 1 3 3 2 1 1 1 1 3 4 4 3 3 2 3 4 4 2 4 1 2 4 3 3 4 3 1 4 3 4 2 1 2 1 3 3 2 1 1 1 4 1 4 1 4 
4 3 2 1 3 2 2 3 2 4 3 3 2 1 4 4 3 3 3 2 1 1 4 1 4 4 3 4 3 3 1 3 3 2 3 1 1 4 2 2 3 1 1 3 3 4 4 1 2 3 2 3 1 3 3 3 4 3 2 1 4 2 2 1 4 3 4 
4 1 2 3 4 2 1 3 3 4 1 4 1 1 3 3 4 3 2 3 4 4 4 2 2 3 1 3 1 3 4 4 4 2 4 2 3 3 4 3 1 3 4 3 3 3 2 1 1 3 2 1 2 2 2 2 1 2 2 3 4 3 4 1 2 1 4 
4 2 2 3 3 1 1 1 4 2 1 3 2 1 4 3 3 3 4 1 3 1 4 3 4 4 4 4 3 1 4 4 2 4 1 4 3 3 2 2 2 4 2 1 1 2 2 3 1 2 3 4 2 3 3 4 3 1 4 3 1 2 3 4 1 2 4 
4 3 1 1 1 2 1 1 2 1 4 1 3 2 2 2 2 1 2 2 4 2 1 3 2 1 2 1 3 3 4 2 1 3 3 3 4 1 4 4 2 4 4 2 2 2 4 3 2 3 3 4 4 4 1 4 4 2 3 1 2 4 2 3 1 4 4 
4 3 2 4 1 1 3 1 3 2 2 3 2 3 1 4 3 1 1 3 4 4 3 2 2 1 4 3 2 3 3 1 4 4 4 2 2 2 1 3 2 1 4 4 2 4 1 1 3 4 2 1 2 2 3 4 2 3 3 1 2 2 3 2 1 1 4 
4 2 4 2 1 4 2 1 2 1 4 4 1 1 1 3 1 4 2 2 1 3 1 2 4 2 2 3 4 1 4 3 4 4 3 3 2 1 4 3 2 4 4 1 4 2 2 3 3 4 4 2 2 4 3 2 1 1 2 3 2 4 4 4 3 2 4 
4 3 4 3 2 4 3 4 2 2 3 4 2 3 1 3 1 2 3 3 2 3 4 3 2 3 3 2 1 1 3 4 1 2 3 2 1 1 4 3 2 4 1 2 1 3 1 3 4 2 4 2 4 3 2 3 1 2 3 1 3 4 2 4 1 1 4 
4 4 3 2 2 2 4 1 3 2 1 3 2 3 4 1 1 3 4 3 4 4 2 2 2 4 1 3 1 3 2 4 2 3 4 4 3 4 4 1 2 1 4 2 3 4 4 4 2 3 4 2 3 2 3 2 3 3 4 1 4 3 1 3 2 3 4 
4 4 1 3 4 4 1 3 4 4 1 4 3 1 2 3 1 2 4 2 2 1 4 2 2 2 4 3 1 1 4 4 3 3 1 2 4 4 4 3 4 2 3 2 4 3 1 1 2 2 4 4 2 2 3 1 4 3 3 1 1 2 4 2 2 3 4 
4 4 3 1 2 1 4 2 4 2 3 1 4 4 1 2 3 1 1 3 1 1 4 2 4 4 1 1 2 1 2 4 1 1 2 1 4 2 4 3 2 2 1 1 4 2 4 4 3 3 1 1 3 1 1 3 4 2 2 2 2 3 3 1 2 4 4 
4 4 3 2 3 3 3 4 3 3 1 2 1 3 3 3 1 2 1 1 4 2 3 3 3 3 4 3 4 1 2 1 2 3 3 2 4 4 4 1 2 1 1 4 4 4 4 3 2 4 3 2 1 1 4 2 1 2 2 3 1 2 3 2 3 4 4 
4 2 1 3 4 3 3 1 1 4 3 1 3 2 1 3 1 4 1 1 1 3 2 1 4 3 3 4 2 3 4 3 3 4 4 3 3 1 3 4 3 3 3 4 1 4 4 4 1 1 1 4 1 1 1 2 3 1 4 2 2 1 4 1 1 4 4 
4 2 3 2 3 2 2 3 2 4 1 3 3 2 1 1 2 1 3 2 2 3 1 1 2 2 3 2 3 2 4 2 1 1 4 3 1 4 3 4 3 3 3 3 3 2 3 4 4 3 3 3 2 4 2 4 1 2 2 3 1 3 1 2 4 3 4 
4 4 2 1 1 2 2 2 1 2 3 4 2 3 2 2 4 4 4 3 1 3 4 1 4 2 4 3 4 4 1 2 4 2 4 1 3 3 4 3 3 2 1 1 3 4 1 2 4 2 4 2 3 1 4 4 2 1 3 1 3 2 1 2 2 2 4 
4 3 1 1 3 3 2 4 1 1 1 4 4 2 2 1 4 4 3 2 3 2 4 3 4 4 3 4 4 4 3 4 2 2 2 2 3 2 4 3 2 2 4 2 4 1 1 4 2 2 3 3 1 4 2 1 4 2 3 3 1 2 3 1 1 2 4 
4 4 1 1 1 3 1 4 3 4 3 1 2 3 1 4 1 1 3 1 4 3 1 3 2 4 4 2 2 2 3 4 3 1 1 4 4 4 1 1 1 2 1 4 2 2 1 4 3 2 4 4 2 2 1 4 3 2 2 4 2 1 3 1 4 4 4 
4 2 3 1 1 4 4 3 3 3 2 4 2 3 4 1 1 1 4 4 4 4 1 3 3 1 4 2 4 2 2 3 3 1 3 4 3 3 2 1 4 2 2 2 2 4 2 2 2 1 4 4 1 4 1 2 3 4 3 1 3 1 2 3 1 1 4 
4 1 4 2 1 4 3 1 1 4 3 3 3 2 1 4 1 1 2 4 2 3 4 4 4 4 4 1 1 3 3 2 2 1 1 1 1 1 1 4 3 1 3 3 4 1 3 4 4 3 3 3 4 3 3 1 4 1 1 2 3 3 3 4 2 3 4 
4 3 1 4 2 2 2 1 4 1 1 2 3 3 2 4 4 4 3 1 3 1 3 1 4 1 1 2 4 1 3 2 3 4 2 2 2 3 1 3 2 4 1 3 3 3 2 1 1 1 4 3 1 3 1 4 3 3 3 2 2 2 3 3 4 3 4 
4 4 4 4 4 4 4 4 4 4 4 4 4 4 4 4 4 4 4 4 4 4 4 4 4 4 4 4 4 4 4 4 4 4 4 4 4 4 4 4 4 4 4 4 4 4 4 4 4 4 4 4 4 4 4 4 4 4 4 4 4 4 4 4 4 4 4 

