66
1000
1000

[Node]
0  0  0   0  0
67 0  0   0  0

[pickup]
1       504558778      23          17
2       503907150      28          19
3       504729849      33          7
4       505033597      33          13
5       502787864      34          16
6       504944047      35          8
7       504557490      45          6
8       504433520      47          17
9       502788559      47          6
10      503589812      48          5
11      504944097      52          8
12      504467511      55          13
13      505162674      66          7
14      504343657      69          6
15      505117949      71          19
16      504852746      74          6
17      504783211      77          19
18      505029423      82          7
19      502786561      90          9
20      504354545      93          13
21      504780339      95          8
22      502786619      101         5
23      503291816      105         11
24      505143425      115         18
25      504486727      118         13
26      502787162      119         10
27      502792385      125         7
28      503592373      132         6
29      503657465      133         16
30      505137588      139         5
31      502985617      141         9
32      502789111      141         6
33      502785872      141         6
34      504787660      147         7
35      502786480      164         17
36      503136759      173         16
37      503188362      183         16
38      504835356      188         15
39      502798846      197         17
40      504699548      198         9
41      505160758      204         19
42      502794067      208         9
43      504591167      211         10
44      502792419      223         7
45      502791236      232         11
46      503012782      252         6
47      502800395      255         14
48      504940726      259         13
49      502800753      263         13
50      505076939      272         11
51      503074190      290         5
52      504912045      292         18
53      505045729      317         20
54      503192571      326         8
55      502785849      350         9
56      503278639      350         9
57      502798266      368         6
58      502790625      370         17
59      503297612      393         8
60      504938844      402         17
61      504924578      403         18
62      502786499      410         18
63      502791109      492         12
64      502794668      562         10
65      502804546      624         10
66      505080279      941         7

[Speed 0]
0.81
30.0   60.0 0.0 0.6
90.0   150 0.0 0.4
300.0  540.0 0.0 0.81
570.0 630.0 0.0 0.6
660.0 720.0 0.0 0.4
750.0 840.0 0.0 0.81

[Speed 1]
1.33
30.0   60.0 0.0 0.8
90.0   150 0.0 0.6
300.0  540.0 0.0 1.33
570.0 630.0 0.0 0.8
660.0 720.0 0.0 1.3
750.0 840.0 0.0 2

[Speed 2]
1.33
30.0   60.0 0.0 1.0
90.0   150 0.0 0.8
300.0  540.0 0.0 1.33
570.0 630.0 0.0 0.8
660.0 720.0 0.0 0.6
750.0 840.0 0.0 1.5

[Speed 3]
1.5
30.0   60.0 0.0 0.9
90.0   150 0.0 0.8
300.0  540.0 0.0 1.5
570.0 630.0 0.0 0.9
660.0 720.0 0.0 0.8
750.0 840.0 0.0 1.5

[Speed 4]
2
30.0   60.0 0.0 1.1
90.0   150 0.0 0.9
300.0  540.0 0.0 2
570.0 630.0 0.0 1.1
660.0 720.0 0.0 0.9
750.0 840.0 0.0 2

[speed choose matrix]
4 4 4 4 4 4 4 4 4 4 4 4 4 4 4 4 4 4 4 4 4 4 4 4 4 4 4 4 4 4 4 4 4 4 4 4 4 4 4 4 4 4 4 4 4 4 4 4 4 4 4 4 4 4 4 4 4 4 4 4 4 4 4 4 4 4 4 4
4 4 2 3 2 1 1 1 3 1 1 3 1 3 4 2 2 2 3 2 4 4 4 3 3 2 4 3 2 4 3 2 2 4 3 4 1 4 3 1 2 4 2 3 3 4 4 2 1 2 2 4 4 1 4 4 2 4 4 1 4 1 4 1 2 1 1 4
4 1 3 3 2 1 2 2 2 2 3 1 3 4 1 3 1 4 4 2 1 4 4 1 2 3 4 1 4 1 4 3 3 1 3 4 2 2 2 2 2 2 1 1 4 3 3 1 1 3 2 3 4 4 3 3 2 4 2 4 4 1 4 3 3 2 1 4
4 4 1 4 4 3 1 3 1 1 4 4 3 4 4 1 3 4 3 1 2 2 3 4 1 2 4 1 4 2 4 1 4 1 1 4 1 4 4 4 3 1 3 2 4 1 4 3 2 4 3 3 1 1 3 1 2 3 4 1 2 2 3 3 2 1 1 4
4 2 4 2 3 3 3 4 3 2 2 3 3 4 4 4 4 4 2 2 1 1 2 2 1 4 2 4 2 1 4 1 1 1 2 4 1 2 2 4 4 4 3 1 4 4 1 2 2 4 4 4 3 1 1 2 4 2 1 1 4 3 2 1 3 3 2 4
4 3 3 3 4 3 2 2 1 3 2 4 3 3 2 3 1 2 1 1 3 4 4 1 2 1 2 2 1 1 4 1 4 4 3 4 3 1 3 2 3 3 1 4 2 4 1 2 2 1 1 2 3 4 2 3 2 1 4 4 3 3 2 4 3 1 2 4
4 4 3 4 4 1 4 4 3 3 1 2 4 1 2 1 1 1 2 4 4 3 3 4 3 3 4 2 3 4 3 1 4 3 4 4 2 1 1 2 3 4 3 2 2 3 3 4 3 3 4 3 2 4 4 3 2 1 1 2 4 2 1 3 4 3 1 4
4 3 1 1 4 4 2 1 3 1 1 4 1 3 4 2 3 2 4 3 4 2 4 2 3 1 4 2 3 1 2 2 1 3 3 3 3 2 4 1 2 4 3 4 2 2 1 1 2 4 2 2 2 1 2 1 4 4 4 2 1 1 1 2 2 1 4 4
4 1 1 3 4 4 4 3 2 4 1 2 4 4 1 3 3 2 1 4 3 1 4 2 4 3 3 3 1 3 1 1 2 4 3 4 1 4 3 1 3 1 2 4 4 1 4 3 4 3 1 3 4 4 4 1 1 1 4 2 2 1 3 2 2 3 3 4
4 2 1 1 1 1 2 1 1 2 2 1 2 1 2 1 1 2 3 4 4 4 2 1 1 4 4 3 1 2 1 4 1 4 4 4 2 1 2 4 1 1 4 3 3 4 4 4 1 2 1 4 1 1 1 2 2 2 4 2 3 2 1 1 1 3 3 4
4 3 1 1 1 2 1 2 2 2 4 2 4 1 4 3 2 4 2 4 1 4 1 2 4 3 1 4 1 2 4 1 4 1 2 3 3 2 4 4 3 1 3 2 1 3 1 4 2 2 2 4 3 1 2 3 2 3 2 4 4 4 2 4 4 3 3 4
4 2 3 2 1 1 4 1 2 4 2 4 2 3 3 3 1 4 4 1 2 3 3 2 1 4 1 2 2 4 3 2 1 4 3 1 2 4 1 1 4 4 4 2 4 2 1 3 3 1 1 1 4 1 2 2 2 4 4 2 4 3 1 3 1 3 1 4
4 4 4 1 4 4 1 1 4 4 4 1 3 1 1 2 2 1 2 1 4 3 3 2 1 3 3 2 1 3 4 3 2 2 1 2 4 2 2 3 1 1 4 1 4 1 3 4 1 4 4 4 2 4 1 1 3 2 3 3 3 4 2 2 1 4 4 4
4 3 1 3 2 4 1 4 4 2 4 1 1 4 3 2 3 2 1 4 3 4 1 2 1 2 2 2 4 2 1 3 2 4 4 4 2 4 1 2 2 2 3 1 3 2 3 4 4 4 2 2 4 4 3 4 2 2 1 2 3 1 4 4 2 3 1 4
4 3 3 4 3 2 1 3 4 2 1 1 3 1 4 3 1 1 3 2 3 4 1 2 1 3 4 1 3 4 4 3 3 4 3 3 2 2 4 4 4 4 4 3 3 3 1 3 4 3 3 1 2 3 2 3 2 2 3 2 4 2 4 4 1 3 1 4
4 2 2 4 1 2 1 1 1 3 4 3 3 3 4 4 1 4 2 2 2 2 4 1 4 3 2 1 4 3 3 2 4 1 1 4 3 3 1 2 2 2 4 1 1 1 3 3 1 2 1 2 4 2 3 3 4 3 4 4 1 3 3 2 3 1 4 4
4 4 1 4 4 3 1 2 2 2 2 3 4 3 2 4 4 2 2 1 4 1 4 1 2 3 2 3 4 2 4 3 1 1 1 2 4 4 2 1 4 1 3 1 4 4 1 2 1 4 3 4 4 2 1 4 3 2 2 3 3 4 2 3 1 2 3 4
4 3 4 3 1 4 1 4 3 4 1 2 4 4 4 1 3 2 4 2 1 4 2 3 3 2 3 3 3 2 1 2 2 1 4 3 2 1 1 1 3 1 3 4 2 3 3 4 3 1 2 2 2 2 2 3 2 4 1 4 4 3 4 3 2 3 2 4
4 1 2 2 1 3 4 2 2 1 1 4 2 2 4 2 1 3 3 4 1 2 3 2 4 3 4 3 3 2 4 4 4 4 2 4 2 2 4 1 3 1 4 4 2 3 2 3 2 4 3 2 2 3 4 4 4 4 1 1 1 3 1 4 2 1 4 4
4 2 3 1 1 2 2 1 3 4 1 4 1 3 3 3 1 4 3 2 1 1 2 1 1 3 2 1 2 4 3 4 2 4 4 1 2 3 1 2 4 2 4 3 3 3 4 1 4 2 3 4 4 2 4 2 3 2 2 1 3 4 3 3 2 2 4 4
4 2 1 4 3 1 3 4 3 3 1 1 4 3 1 2 1 3 2 2 1 4 4 3 1 1 1 1 4 4 2 4 4 1 4 4 4 3 2 3 3 2 2 2 2 4 1 4 1 2 4 1 2 4 3 2 4 3 1 4 3 2 4 4 3 2 2 4
4 2 4 3 1 1 1 3 1 2 2 2 1 3 1 2 3 4 2 1 1 3 1 4 4 1 2 2 3 3 1 2 1 1 4 3 4 4 3 4 4 2 3 1 3 4 3 1 2 4 4 2 4 1 2 2 2 2 2 4 2 1 3 3 3 2 3 4
4 3 4 2 4 2 3 2 3 1 3 2 2 2 1 2 3 1 4 3 1 2 3 2 4 2 1 1 1 1 3 2 3 2 1 4 4 4 3 1 4 3 2 1 1 2 2 2 3 1 1 4 4 2 4 2 1 2 4 2 4 3 2 2 3 3 2 4
4 1 1 1 2 3 2 2 1 2 4 1 3 4 4 2 1 4 1 3 2 1 3 3 1 1 4 1 1 2 3 1 4 2 2 4 4 2 4 2 4 4 4 1 3 2 4 4 2 2 4 3 2 1 4 4 2 3 2 2 1 2 1 4 2 1 3 4
4 3 2 3 3 4 2 1 4 2 1 1 1 1 3 3 1 2 4 4 4 2 2 3 3 1 3 1 4 2 1 2 4 4 4 2 3 2 2 3 2 2 2 4 2 4 4 1 4 1 2 4 1 2 3 2 1 4 2 4 1 1 2 4 3 1 4 4
4 3 3 4 2 2 4 3 3 4 2 1 2 3 3 4 2 2 1 3 4 1 3 1 4 2 4 2 1 3 4 3 2 1 2 2 1 4 1 2 4 4 4 1 2 1 3 4 1 3 4 1 3 1 3 3 3 1 4 1 4 3 4 3 3 4 3 4
4 4 4 4 4 4 2 2 3 2 1 3 3 2 1 2 3 2 1 4 2 2 1 3 1 3 3 2 1 4 4 2 3 1 1 3 4 2 1 3 1 1 2 4 4 3 4 1 3 4 1 1 4 2 3 3 2 1 3 1 3 2 1 4 1 1 1 4
4 1 4 3 3 2 3 2 3 3 1 1 3 2 1 3 1 1 2 1 2 3 3 1 1 2 1 4 3 2 1 1 2 1 4 2 4 3 1 1 1 4 1 2 4 1 1 2 4 2 2 2 3 4 4 1 1 4 3 2 3 1 2 3 4 1 2 4
4 3 1 1 2 3 2 4 2 2 4 2 2 4 3 4 3 4 3 3 4 1 2 4 4 2 4 2 3 2 4 4 2 3 1 3 3 4 3 2 3 4 1 3 2 3 3 4 3 1 4 4 1 4 2 4 4 4 3 4 2 4 2 3 4 4 4 4
4 2 3 2 2 3 2 1 2 4 1 3 2 2 1 2 1 3 2 1 2 2 2 3 2 4 3 4 4 3 3 4 2 2 3 2 3 1 3 3 4 1 4 4 1 1 4 1 1 4 1 2 2 3 4 1 2 1 4 4 4 4 2 2 1 3 2 4
4 4 2 4 3 4 4 2 2 1 3 4 1 4 3 3 2 1 1 3 3 4 2 4 2 3 4 4 4 1 2 3 3 2 3 3 1 4 4 3 1 1 4 4 1 3 4 3 4 3 3 1 4 4 1 1 1 3 1 4 3 4 2 1 2 3 2 4
4 1 1 2 4 4 4 1 4 3 3 2 4 2 4 3 1 4 3 1 1 4 4 3 3 2 3 3 1 3 2 4 2 4 3 1 4 3 3 4 3 4 2 4 3 3 3 3 2 3 4 2 2 4 4 1 3 2 2 3 3 4 3 2 3 4 3 4
4 2 2 1 3 4 1 2 1 1 2 1 4 2 2 3 4 3 1 4 2 1 2 3 1 3 3 1 3 1 4 2 4 4 4 1 1 3 4 3 4 2 2 1 1 3 3 4 2 1 1 3 4 4 4 2 2 2 2 4 3 3 3 2 3 4 4 4
4 4 2 3 1 2 4 3 1 3 2 4 1 2 3 3 4 3 4 4 2 1 1 1 1 1 4 1 3 2 3 2 3 1 3 3 3 1 1 4 2 3 2 1 2 2 1 1 1 2 4 3 3 4 3 4 4 3 1 1 3 3 2 4 3 3 3 4
4 4 4 4 1 2 4 2 1 1 3 3 4 2 3 4 4 2 3 3 3 3 2 1 4 1 3 4 2 4 3 2 2 1 1 3 2 2 1 4 1 4 4 3 4 3 3 4 3 4 3 1 3 1 4 1 2 4 3 2 1 2 2 3 4 1 2 4
4 3 4 1 1 4 3 1 2 1 4 4 3 2 2 1 1 2 3 3 2 1 1 3 1 1 1 2 2 4 1 3 1 4 2 1 2 1 4 3 1 2 4 1 2 1 3 2 2 1 1 4 4 4 2 2 3 1 3 3 3 1 1 2 4 1 1 4
4 1 2 2 2 4 2 2 3 1 4 4 4 4 3 1 1 4 2 2 3 4 3 3 4 2 3 3 3 4 1 2 4 2 2 2 3 2 1 4 2 2 3 4 3 3 4 1 3 3 2 4 3 1 2 2 1 3 1 2 3 2 1 3 3 1 1 4
4 1 3 3 4 2 2 3 2 3 1 2 4 4 2 2 4 4 4 2 1 4 4 2 2 2 4 2 2 4 4 2 3 1 2 4 4 3 3 3 1 2 3 1 3 1 2 2 1 2 2 2 3 1 3 4 2 4 1 2 1 1 1 1 4 3 1 4
4 4 1 4 2 4 3 1 2 4 4 4 3 3 2 2 2 3 4 1 3 1 2 4 4 4 1 2 3 4 1 1 4 1 3 1 4 3 4 3 2 2 1 4 1 1 3 4 4 1 4 3 4 2 4 3 1 4 2 3 3 3 1 4 1 2 2 4
4 2 3 2 3 1 4 1 1 2 2 3 2 2 2 2 4 4 1 1 2 4 3 1 3 1 2 2 4 3 2 4 3 3 1 3 2 4 3 4 1 2 1 2 4 1 2 3 4 2 3 2 1 3 3 3 4 1 3 4 4 4 4 4 2 1 3 4
4 1 1 2 4 4 3 3 4 4 1 1 3 1 2 3 1 1 4 4 3 2 3 4 1 2 3 4 2 1 1 4 1 2 2 2 2 1 1 3 2 1 2 1 3 3 3 2 2 1 4 2 1 3 4 1 4 1 2 1 3 1 2 1 2 4 1 4
4 3 1 3 1 1 4 3 1 3 3 1 2 1 3 4 4 3 1 4 4 3 1 3 1 1 1 1 2 4 1 1 1 4 2 4 4 4 3 2 1 3 2 1 2 1 1 1 1 1 3 2 4 1 3 1 4 2 4 2 3 4 4 1 3 3 4 4
4 2 4 3 3 3 2 3 2 3 1 3 1 2 1 1 4 1 4 3 1 1 1 2 1 3 1 2 2 1 3 4 1 1 2 3 1 2 3 3 1 2 2 4 2 2 2 4 2 2 3 4 3 1 1 1 3 4 2 1 2 4 2 3 1 1 3 4
4 3 2 2 2 3 1 2 3 2 3 2 4 2 4 1 3 3 1 2 4 2 3 2 1 4 1 1 4 4 2 2 3 1 4 1 2 4 4 2 3 3 1 1 3 1 4 3 4 4 3 2 4 3 3 3 2 1 3 2 1 1 2 4 4 2 4 4
4 2 1 3 4 4 2 4 3 1 2 4 2 3 3 1 2 1 4 3 3 4 1 3 1 2 2 1 2 1 2 2 1 2 4 3 1 2 3 3 2 3 1 1 1 4 4 4 3 2 2 4 2 3 4 4 2 3 4 3 4 1 2 4 2 3 4 4
4 3 1 2 3 4 1 1 4 2 1 2 3 1 3 2 4 3 1 1 1 1 4 2 1 4 2 1 3 3 3 1 1 3 2 1 1 1 4 3 1 2 4 2 2 3 4 1 3 2 3 1 2 4 2 3 1 1 1 3 3 2 4 2 4 4 3 4
4 3 2 2 3 2 3 4 1 2 1 1 2 4 4 2 4 4 4 1 4 3 1 3 4 2 2 3 2 4 3 4 1 3 4 3 4 1 1 3 4 3 2 4 4 2 4 2 2 1 2 2 4 2 2 1 3 2 2 4 2 4 1 2 3 2 4 4
4 1 4 2 3 2 3 2 4 2 2 3 2 1 1 3 1 2 4 1 4 2 3 2 1 2 3 3 4 4 2 1 3 4 1 3 1 2 4 1 4 3 1 3 2 2 1 3 3 4 2 1 2 2 3 3 2 3 4 3 4 2 4 2 3 3 3 4
4 2 4 3 4 3 2 4 1 3 1 2 3 2 2 1 1 2 1 1 4 1 2 3 3 3 4 1 2 2 2 1 4 1 1 2 1 4 3 1 2 3 1 1 2 3 3 2 3 4 4 4 4 2 4 1 1 1 4 2 3 1 2 1 2 3 1 4
4 2 2 4 4 3 3 3 1 1 1 1 2 3 4 2 4 2 2 4 1 4 3 2 2 4 3 2 3 1 3 4 4 4 3 2 2 2 2 2 4 3 3 4 1 3 3 4 1 3 1 2 4 1 3 2 2 2 1 4 3 4 2 1 3 3 2 4
4 3 3 1 3 4 1 3 4 3 2 2 1 1 3 4 4 1 2 4 2 3 2 2 1 3 4 4 1 1 4 2 2 2 1 4 4 3 1 2 3 4 1 4 4 1 3 1 1 2 1 4 2 2 3 3 4 3 2 2 3 4 3 3 3 2 2 4
4 3 3 2 4 1 2 1 2 3 4 4 2 2 4 3 3 1 3 1 1 2 2 2 2 1 4 3 2 3 2 3 4 1 1 3 1 3 3 1 3 4 3 2 2 4 2 2 4 4 3 1 4 2 4 1 4 4 1 3 1 4 4 3 3 4 3 4
4 4 3 4 2 1 2 3 1 4 3 1 2 4 2 1 4 1 2 3 4 4 2 1 1 3 4 3 4 1 1 2 4 1 1 2 1 2 3 4 2 2 2 4 3 3 3 1 2 3 2 4 3 1 2 3 1 4 2 3 1 3 2 3 4 1 3 4
4 4 1 4 3 4 3 4 2 4 1 1 4 2 3 4 1 1 2 3 2 4 1 4 1 3 4 2 1 3 4 2 3 4 2 1 2 4 4 1 1 4 3 1 2 2 2 3 1 1 2 1 4 4 3 2 4 2 1 1 3 1 3 2 4 3 2 4
4 1 4 2 4 1 2 2 1 2 2 3 3 2 4 1 3 4 2 4 4 3 3 1 4 2 1 3 1 2 2 3 3 1 2 2 3 4 4 2 1 4 4 1 1 2 3 3 2 4 2 1 3 2 2 4 2 4 3 1 3 3 2 4 1 3 2 4
4 1 2 4 3 2 1 2 4 4 4 4 2 3 1 4 4 1 4 1 2 2 3 2 2 2 1 2 1 4 4 4 3 4 1 2 4 2 1 2 4 1 2 3 2 1 4 3 4 1 3 2 2 3 1 1 4 1 1 2 3 2 1 2 2 3 3 4
4 4 1 4 1 2 3 3 2 3 2 4 2 3 1 1 2 1 3 1 1 2 3 1 1 1 1 2 2 3 4 3 2 4 4 1 4 3 3 3 4 3 1 2 2 1 1 1 4 1 3 3 4 4 1 4 1 4 1 1 2 4 4 2 3 4 2 4
4 4 1 1 2 4 1 1 2 4 3 4 3 3 1 2 3 4 4 3 1 2 2 3 2 3 3 2 2 2 2 2 2 3 3 2 1 2 1 1 4 3 3 4 4 3 4 3 4 1 1 3 2 4 1 3 1 3 4 2 2 3 3 2 4 4 4 4
4 4 1 4 3 3 2 1 3 1 3 3 4 2 3 4 4 1 1 4 3 4 2 2 2 2 3 2 4 2 1 1 2 3 2 4 1 3 2 2 1 4 1 2 1 4 1 4 1 2 2 1 2 3 1 4 1 2 2 2 4 4 1 2 3 2 2 4
4 1 3 1 4 2 3 1 4 4 1 1 3 4 4 2 1 1 3 3 1 3 1 2 3 3 3 2 4 1 4 2 2 4 4 1 4 3 3 2 3 3 4 1 3 1 3 3 2 1 3 3 1 4 1 1 2 3 4 1 1 2 4 1 2 1 1 4
4 4 4 1 4 2 3 4 4 1 3 2 4 1 3 3 1 3 3 1 1 2 3 2 2 4 3 3 3 1 1 1 2 3 4 2 2 4 1 2 4 3 3 3 4 4 4 4 2 4 1 4 4 1 1 4 2 1 1 4 3 4 2 1 3 4 1 4
4 4 4 2 2 3 1 3 1 3 4 4 2 3 1 3 2 4 4 4 4 3 1 1 1 3 1 2 4 2 4 2 4 2 1 1 3 3 4 3 4 1 3 4 1 1 3 2 2 3 2 4 3 4 3 1 1 4 2 4 1 3 3 1 1 2 1 4
4 3 4 4 4 1 1 3 2 3 4 3 3 2 2 3 4 2 1 4 2 3 1 3 3 2 3 3 4 3 2 4 1 2 4 3 4 2 4 4 3 2 1 1 3 2 4 2 2 2 2 1 1 4 4 2 3 2 2 3 4 2 3 1 4 2 1 4
4 1 1 3 2 3 2 2 3 4 1 2 2 3 1 1 3 2 2 1 2 1 1 4 4 4 2 1 1 1 1 1 3 4 4 2 2 3 3 4 3 2 3 1 2 4 4 2 3 3 4 1 4 3 4 1 3 2 4 4 1 2 1 1 1 2 4 4
4 4 1 1 3 2 4 4 2 2 3 3 2 1 4 2 1 2 1 3 4 4 1 3 2 3 2 4 3 2 2 2 1 2 2 4 3 2 4 2 3 2 3 4 2 2 4 3 1 1 3 4 1 1 1 2 2 3 3 3 2 3 3 3 2 3 1 4
4 2 4 2 1 4 3 2 4 3 4 2 2 1 2 3 1 2 1 2 4 2 4 4 4 4 1 3 3 2 2 4 2 4 1 4 3 3 2 3 2 1 3 3 2 4 2 4 3 1 1 2 3 2 1 2 1 2 1 4 4 1 1 4 3 3 1 4
4 2 1 3 3 3 1 1 2 3 1 1 2 4 1 4 3 3 3 2 4 3 3 2 3 1 1 2 2 4 2 1 3 3 3 2 1 4 4 4 2 2 4 3 3 2 1 1 2 3 2 1 4 3 2 2 4 1 2 2 3 4 1 2 2 4 2 4
4 4 4 4 4 4 4 4 4 4 4 4 4 4 4 4 4 4 4 4 4 4 4 4 4 4 4 4 4 4 4 4 4 4 4 4 4 4 4 4 4 4 4 4 4 4 4 4 4 4 4 4 4 4 4 4 4 4 4 4 4 4 4 4 4 4 4 4

