68
1000
1000

[Node]
0  0  0   0  0
69 0  0   0  0

[pickup]
1       504780339      8           12
2       504699548      28          10
3       505229189      33          14
4       505162674      34          19
5       504467511      34          20
6       504913105      39          7
7       504507032      44          17
8       505137551      49          12
9       502939981      52          12
10      504558778      53          16
11      505235624      57          8
12      502792385      59          16
13      504835356      63          19
14      502936595      63          6
15      503225123      65          13
16      504557490      66          14
17      502786496      71          12
18      504411672      94          11
19      505244402      94          17
20      503641528      97          16
21      505235324      99          7
22      503240587      103         5
23      502786561      113         9
24      504940824      115         13
25      502793597      116         5
26      502798266      122         13
27      504701928      134         14
28      502985617      142         18
29      505190963      148         15
30      502792272      149         15
31      502792112      155         14
32      504486727      155         18
33      502793877      155         18
34      505234068      163         11
35      505033597      192         17
36      502794067      204         8
37      502786480      204         9
38      505160758      234         19
39      502798846      236         5
40      504489902      237         9
41      503557118      239         19
42      503188362      254         13
43      502793947      267         15
44      502785866      277         5
45      504940726      278         12
46      504306349      289         14
47      502788034      293         19
48      502798686      309         8
49      502787235      326         9
50      502791236      347         17
51      504938844      374         10
52      504924574      378         20
53      504970852      384         17
54      502789160      388         15
55      504924578      396         13
56      502787525      423         5
57      503123568      433         10
58      505045729      441         10
59      504873847      456         17
60      504000237      478         12
61      505080279      541         16
62      504427291      772         16
63      505047627      867         16
64      504783210      1000        13
65      504746348      1000        20
66      504411671      1000        8
67      504459915      1000        13
68      502804546      1000        5

[Speed 0]
0.81
30.0   60.0 0.0 0.6
90.0   150 0.0 0.4
300.0  540.0 0.0 0.81
570.0 630.0 0.0 0.6
660.0 720.0 0.0 0.4
750.0 840.0 0.0 0.81

[Speed 1]
1.33
30.0   60.0 0.0 0.8
90.0   150 0.0 0.6
300.0  540.0 0.0 1.33
570.0 630.0 0.0 0.8
660.0 720.0 0.0 1.3
750.0 840.0 0.0 2

[Speed 2]
1.33
30.0   60.0 0.0 1.0
90.0   150 0.0 0.8
300.0  540.0 0.0 1.33
570.0 630.0 0.0 0.8
660.0 720.0 0.0 0.6
750.0 840.0 0.0 1.5

[Speed 3]
1.5
30.0   60.0 0.0 0.9
90.0   150 0.0 0.8
300.0  540.0 0.0 1.5
570.0 630.0 0.0 0.9
660.0 720.0 0.0 0.8
750.0 840.0 0.0 1.5

[Speed 4]
2
30.0   60.0 0.0 1.1
90.0   150 0.0 0.9
300.0  540.0 0.0 2
570.0 630.0 0.0 1.1
660.0 720.0 0.0 0.9
750.0 840.0 0.0 2

[speed choose matrix]
4 4 4 4 4 4 4 4 4 4 4 4 4 4 4 4 4 4 4 4 4 4 4 4 4 4 4 4 4 4 4 4 4 4 4 4 4 4 4 4 4 4 4 4 4 4 4 4 4 4 4 4 4 4 4 4 4 4 4 4 4 4 4 4 4 4 4 4 4 4 
4 1 2 3 1 4 3 3 3 3 1 2 2 1 3 3 3 1 4 4 2 2 3 1 2 4 1 4 1 4 2 4 1 1 2 4 3 4 3 3 1 1 1 3 2 4 4 3 2 1 3 2 2 1 3 3 2 4 4 2 4 3 3 3 2 3 2 4 1 4 
4 4 1 4 4 2 1 2 1 2 3 2 4 1 1 3 4 4 4 1 4 1 4 4 3 2 2 3 2 2 4 3 4 3 2 2 4 4 2 4 3 1 2 3 3 4 3 1 2 1 4 2 3 3 3 2 2 3 2 1 4 4 3 1 3 4 4 3 2 4 
4 2 4 4 3 3 3 4 4 1 3 2 4 2 3 4 1 1 2 4 2 2 4 1 4 2 2 4 1 4 3 3 2 1 1 4 1 2 4 3 2 1 2 3 4 2 3 3 2 3 4 4 2 2 3 2 2 1 2 1 4 2 3 3 3 2 1 1 2 4 
4 3 2 1 3 1 2 3 2 2 2 1 1 1 2 3 2 2 2 1 4 1 2 3 2 2 1 1 1 2 3 4 1 2 2 1 3 2 4 1 4 3 4 1 2 3 4 1 4 1 3 4 4 1 1 3 4 3 2 1 3 3 2 2 3 1 2 3 1 4 
4 3 1 2 3 1 2 2 2 1 3 3 2 3 4 1 2 2 1 2 4 4 4 4 3 4 2 3 4 1 2 2 2 2 1 1 1 4 4 4 1 3 4 1 3 4 2 1 3 1 1 2 4 1 3 3 2 2 3 2 1 3 3 3 1 1 1 4 2 4 
4 1 3 2 1 2 1 1 4 1 1 3 4 3 1 4 1 2 2 4 4 2 3 4 3 4 4 1 2 3 3 4 4 1 3 3 1 1 2 2 2 4 1 2 1 2 3 1 2 2 1 3 4 4 2 4 4 3 2 4 4 2 1 1 4 4 2 2 4 4 
4 1 4 2 4 2 3 2 2 4 4 3 4 2 1 4 2 4 4 3 4 2 4 3 3 1 1 3 2 2 3 3 3 2 2 2 2 2 3 2 3 2 1 3 4 2 3 3 1 1 1 3 1 2 2 3 3 3 2 1 4 4 1 2 2 4 1 4 4 4 
4 4 2 4 2 2 1 2 2 2 3 2 2 4 2 4 3 1 4 3 1 2 2 3 4 2 4 2 4 3 1 4 3 2 2 2 1 1 3 2 4 3 2 1 4 3 1 1 3 3 4 1 4 1 2 4 4 1 1 3 3 2 4 1 2 3 3 2 4 4 
4 1 4 4 2 1 3 4 3 1 1 1 4 3 2 1 1 1 2 4 4 1 4 4 3 3 1 4 3 2 4 4 3 4 2 2 4 4 1 1 1 1 2 3 4 4 3 2 4 1 2 2 3 1 3 1 1 1 3 4 2 4 2 2 4 3 1 2 1 4 
4 4 4 2 1 4 3 1 2 2 1 3 3 3 4 4 1 4 2 1 3 4 4 4 1 4 4 1 4 2 1 4 2 2 3 3 1 3 2 1 1 4 2 1 2 1 3 2 3 1 2 3 4 1 2 1 1 3 1 4 2 1 1 2 2 3 4 2 4 4 
4 3 3 4 1 2 3 1 2 1 4 4 2 3 2 1 4 3 4 1 2 4 1 3 2 3 2 3 3 3 1 2 4 3 4 3 3 2 1 2 1 2 2 4 2 4 4 3 1 2 3 2 3 4 1 2 2 1 2 4 1 3 3 4 4 3 1 4 1 4 
4 2 4 3 4 2 1 2 2 4 4 4 2 4 2 1 4 4 2 3 4 2 3 2 3 1 3 3 1 1 1 3 3 4 1 4 2 2 4 3 2 3 3 2 4 1 3 4 2 1 4 1 1 3 3 2 3 4 2 1 3 1 3 2 3 3 1 1 1 4 
4 4 2 2 4 3 1 4 3 4 1 4 2 4 3 3 3 4 4 2 4 2 1 4 4 4 2 3 4 2 1 2 1 4 4 1 2 3 4 4 3 2 1 1 2 1 4 3 2 2 2 4 3 3 4 3 1 2 4 2 2 1 2 1 3 2 2 1 3 4 
4 2 2 2 4 3 1 2 3 4 1 1 3 3 2 1 4 3 3 3 4 2 3 1 3 2 3 1 1 1 3 4 1 4 4 3 4 2 3 2 3 4 1 4 4 4 2 1 1 3 1 1 4 3 2 1 3 3 1 4 3 2 2 3 2 4 2 3 1 4 
4 1 3 1 3 2 2 2 4 1 4 1 3 2 1 4 3 2 2 1 2 2 3 3 2 2 4 3 1 4 2 2 1 4 1 4 4 4 4 1 2 4 4 4 4 4 2 4 4 4 3 3 1 3 4 1 3 3 3 3 3 1 3 3 1 3 4 2 3 4 
4 1 3 2 3 2 4 4 4 4 1 4 4 2 2 2 2 1 4 2 4 1 3 4 4 1 1 1 3 1 2 3 1 1 1 2 2 4 2 4 4 3 1 1 2 1 1 2 2 2 1 2 2 4 1 4 4 4 2 2 2 4 1 3 4 3 4 4 4 4 
4 2 4 2 3 4 4 1 2 1 1 3 2 2 2 2 4 1 3 1 1 3 2 4 2 3 1 3 4 3 2 4 4 2 1 1 2 2 1 1 2 2 1 1 1 4 2 3 4 3 2 2 2 4 3 4 2 1 3 3 3 4 4 1 1 1 4 1 2 4 
4 3 1 3 3 3 2 3 3 3 1 3 1 4 2 4 1 4 1 3 3 1 3 2 3 1 2 3 3 4 1 3 2 4 2 2 3 3 3 2 3 2 1 3 2 2 4 2 2 2 4 1 4 2 4 2 3 1 1 2 3 3 2 3 1 1 2 3 4 4 
4 3 4 4 3 2 1 1 1 4 2 4 3 1 1 2 3 1 1 4 2 2 4 4 1 3 2 1 3 2 3 2 2 3 2 1 3 1 2 2 3 2 3 1 1 4 3 1 1 4 3 2 1 2 4 1 1 2 3 3 4 4 2 3 3 1 2 1 3 4 
4 4 4 2 3 1 3 2 2 3 4 4 1 3 4 3 4 1 4 2 3 2 3 3 2 4 2 2 3 4 1 4 3 3 2 2 1 2 4 2 1 2 1 2 1 1 3 3 4 1 1 3 3 2 2 2 1 2 2 2 1 3 3 1 4 3 2 4 1 4 
4 3 1 4 4 2 3 3 4 1 1 2 3 2 1 1 3 2 1 1 3 4 1 4 1 3 1 3 2 2 4 3 1 2 2 2 3 2 1 3 3 3 1 3 1 1 1 4 2 2 2 3 1 1 2 4 3 1 1 2 1 4 3 4 4 2 2 3 3 4 
4 3 3 3 2 2 4 2 2 1 3 3 1 4 3 2 2 3 1 3 3 2 2 1 4 1 3 1 1 3 3 2 4 3 2 1 2 3 4 4 4 3 3 2 2 1 3 2 1 2 3 3 1 4 1 2 3 2 4 4 4 1 2 3 4 3 1 3 1 4 
4 4 1 2 3 4 4 1 1 2 4 1 1 3 3 3 4 4 3 1 4 3 1 1 2 3 1 1 2 3 3 2 4 2 1 1 1 4 3 2 3 2 4 4 3 3 1 3 4 4 2 2 4 2 4 4 1 4 4 3 4 4 3 4 3 1 4 1 3 4 
4 2 2 4 3 1 3 4 1 3 1 1 3 1 1 4 1 1 3 4 3 2 2 4 3 2 4 1 4 2 1 3 3 4 1 3 4 3 2 1 3 1 4 1 3 1 3 1 4 3 1 3 4 4 4 4 4 3 3 3 2 1 4 3 1 3 4 1 1 4 
4 4 4 4 4 4 2 3 4 4 1 2 1 1 4 2 1 1 1 1 3 3 4 3 3 3 3 2 1 2 4 1 1 2 4 2 3 1 3 1 3 3 3 3 1 3 2 1 4 4 2 1 4 1 3 1 4 3 1 2 1 1 2 3 2 4 1 4 3 4 
4 2 3 4 2 1 3 1 2 2 3 3 4 3 4 4 2 4 2 2 1 3 2 3 4 3 2 4 2 2 1 4 3 4 1 4 1 3 1 1 3 4 3 3 1 1 2 1 2 4 4 1 3 4 1 2 2 4 3 2 3 3 2 2 2 3 2 4 4 4 
4 4 2 4 3 2 3 2 3 1 3 3 3 1 4 2 1 2 2 4 4 4 3 1 3 2 1 1 3 4 1 2 2 4 3 3 3 1 2 2 1 3 2 4 4 4 4 2 3 2 1 2 2 2 3 2 1 3 1 2 3 3 3 3 4 4 2 2 4 4 
4 2 1 4 1 2 3 2 1 3 3 2 2 1 4 1 1 3 3 3 1 3 2 2 4 3 3 4 4 3 1 1 4 2 4 2 4 4 1 1 1 3 2 4 2 2 1 1 3 2 2 4 2 3 1 1 1 3 1 3 2 4 3 2 2 2 3 1 2 4 
4 1 4 1 3 3 2 1 3 4 2 4 4 3 3 3 3 4 1 4 1 2 2 2 1 4 1 2 4 3 4 4 4 4 2 3 1 4 3 4 3 2 1 4 2 3 1 2 1 2 3 3 1 3 3 2 4 3 4 1 1 1 4 3 3 3 4 1 2 4 
4 3 1 2 3 3 3 4 4 4 1 1 1 2 3 2 4 3 3 3 4 4 2 2 3 2 4 4 3 4 1 4 3 1 3 2 4 1 3 3 1 3 1 3 4 1 4 3 3 3 3 4 1 2 4 3 1 1 3 1 1 4 1 1 1 1 4 3 2 4 
4 3 3 2 1 3 4 2 4 3 3 2 2 1 1 3 4 3 1 1 2 2 2 1 2 3 4 4 2 4 3 4 3 2 2 3 3 2 2 1 2 1 3 1 2 1 3 4 2 3 3 4 4 4 1 4 1 2 4 2 1 3 2 3 4 3 2 2 1 4 
4 3 2 1 3 3 3 2 1 2 3 1 3 2 2 2 2 1 4 2 1 4 1 3 3 3 3 2 3 4 4 2 3 1 4 1 3 3 4 2 1 3 3 4 2 1 1 2 2 2 1 3 1 4 3 1 2 4 2 4 1 3 1 3 1 4 1 1 4 4 
4 1 3 4 1 2 1 4 1 4 3 2 1 3 1 2 1 4 2 3 1 2 4 3 2 1 2 2 2 2 3 4 3 2 2 3 4 2 4 4 3 4 1 2 4 2 3 2 3 1 3 1 1 2 2 1 4 2 4 2 3 1 2 3 1 1 2 3 1 4 
4 3 1 1 3 2 4 2 1 1 4 1 3 3 1 1 4 4 4 2 3 3 4 2 1 4 4 1 3 2 1 3 2 1 1 1 4 4 1 4 1 4 1 1 1 3 1 4 2 3 4 1 4 4 2 2 4 1 1 1 3 1 1 2 1 1 4 4 2 4 
4 4 2 2 3 4 2 3 2 3 4 3 3 1 1 2 1 1 2 3 4 1 1 2 4 4 4 2 4 2 1 4 1 2 1 1 3 1 1 4 3 4 1 1 3 1 4 4 4 3 2 4 1 4 1 4 2 2 3 1 1 4 1 2 3 3 2 1 4 4 
4 2 2 2 4 1 2 1 2 3 4 3 3 4 4 3 2 3 1 4 1 1 4 2 4 3 4 2 1 2 1 2 4 4 3 3 1 4 2 4 1 4 4 2 4 1 2 2 1 1 1 3 2 1 1 1 1 4 4 3 2 2 1 3 4 3 3 1 1 4 
4 3 1 4 1 2 4 3 2 1 1 3 2 3 1 3 2 1 4 1 3 2 3 4 2 4 3 1 2 1 4 2 1 3 2 2 1 4 2 3 3 1 1 4 3 1 2 3 3 3 1 1 2 4 3 4 1 3 2 4 2 3 1 1 1 3 4 2 4 4 
4 1 1 4 3 3 4 1 1 4 1 1 4 4 4 4 2 3 3 1 1 3 4 4 1 3 2 2 4 2 4 4 3 3 2 3 2 3 2 2 2 4 1 2 1 4 1 3 1 3 1 3 3 4 2 1 1 3 4 4 4 2 1 1 3 1 4 3 3 4 
4 4 1 2 4 4 1 2 3 2 3 3 4 4 1 1 3 1 1 2 1 1 4 3 3 4 4 3 4 4 1 1 2 2 4 1 2 2 4 1 3 2 1 1 3 1 4 4 4 1 4 1 4 3 1 3 1 2 1 4 2 1 4 3 2 2 4 1 1 4 
4 2 3 3 1 4 4 4 3 3 3 1 4 2 2 3 1 2 3 3 4 2 1 1 2 4 3 3 3 2 4 1 2 2 1 4 2 4 1 2 2 1 2 1 3 3 1 2 2 3 3 3 4 3 1 4 2 2 4 2 4 1 4 2 4 3 3 4 3 4 
4 4 4 1 3 1 1 4 1 4 1 2 2 1 1 2 3 4 3 2 3 1 3 4 4 3 2 2 2 1 2 1 4 3 4 3 4 2 4 1 1 1 2 4 1 1 2 1 2 1 3 4 2 3 2 3 3 1 3 3 4 3 2 1 1 3 4 4 3 4 
4 2 2 3 2 4 2 1 1 3 3 1 2 1 1 1 3 4 3 3 2 4 2 1 4 2 2 1 1 3 3 1 1 1 2 4 2 3 1 4 2 2 1 1 3 1 2 2 2 2 3 2 2 2 1 1 3 4 4 2 4 1 2 3 4 2 2 4 1 4 
4 1 4 1 1 4 1 3 1 4 4 3 2 2 1 1 4 3 1 2 2 2 1 4 1 2 2 3 4 4 2 3 1 4 1 2 2 2 1 2 4 4 1 2 2 4 1 1 1 3 2 3 4 4 1 1 2 1 3 4 4 3 3 3 4 1 1 3 2 4 
4 3 1 4 2 1 4 2 3 3 4 3 2 4 1 2 2 2 4 4 2 3 1 1 3 2 3 4 1 1 4 2 2 4 4 1 2 3 2 2 4 1 3 2 4 1 1 3 4 1 2 4 4 4 1 4 4 2 1 1 4 1 4 1 1 4 1 1 3 4 
4 1 2 3 1 2 3 4 4 4 1 1 4 3 3 1 3 1 1 3 2 4 3 3 1 1 2 1 4 4 3 3 3 1 1 1 1 1 4 4 4 4 2 4 4 2 3 4 2 1 4 4 2 1 3 1 3 3 2 1 3 3 1 4 2 3 3 4 2 4 
4 1 4 1 1 2 2 3 1 1 4 1 2 2 3 4 2 2 1 1 3 1 4 1 3 3 3 2 3 2 4 4 2 4 2 1 4 3 2 2 2 3 3 4 2 4 2 3 2 3 1 2 3 1 1 2 4 4 2 3 1 3 2 3 2 4 1 3 3 4 
4 1 4 4 4 1 2 4 4 3 1 3 3 1 1 3 2 2 4 4 4 2 2 2 3 3 1 2 2 1 1 3 2 4 4 1 1 1 1 2 4 4 4 4 2 1 2 2 4 2 4 2 2 1 2 3 2 2 3 3 3 2 1 3 2 2 2 2 1 4 
4 3 1 4 3 3 4 3 2 3 3 1 4 4 3 1 3 2 1 2 2 1 4 1 1 2 4 2 2 3 1 3 3 4 1 4 3 4 3 2 2 3 4 3 4 2 2 1 4 3 3 1 3 1 4 3 1 1 4 1 1 2 1 2 1 1 1 3 1 4 
4 1 3 2 4 3 4 3 1 2 4 2 3 2 4 2 1 2 1 2 1 1 4 2 3 1 2 2 2 3 1 3 4 4 2 1 2 4 1 1 1 3 1 1 3 3 2 3 3 1 2 3 2 4 1 1 4 1 3 4 2 4 1 4 4 3 1 2 2 4 
4 4 1 3 1 1 3 4 4 4 4 2 4 2 1 3 4 4 4 1 3 2 3 4 1 1 1 3 3 4 3 1 4 3 3 4 2 2 1 4 2 3 1 3 2 1 2 3 2 2 2 3 2 3 4 2 1 4 2 1 3 1 3 2 3 2 4 3 1 4 
4 1 3 1 2 4 1 1 2 1 1 3 2 4 1 1 2 3 1 1 1 3 2 1 1 1 3 1 4 4 3 4 1 2 1 4 4 2 2 1 4 3 2 1 1 2 4 2 2 3 3 2 3 3 4 1 2 3 4 3 2 4 2 4 1 4 4 4 1 4 
4 1 4 1 2 2 4 2 3 4 3 3 3 2 3 3 1 3 2 4 2 1 4 1 2 3 3 4 3 1 2 2 2 2 4 1 2 4 1 1 3 4 4 4 3 3 1 2 3 2 2 1 4 2 3 1 2 3 3 1 4 1 4 3 4 3 2 1 3 4 
4 1 4 2 3 2 4 1 4 1 4 4 2 4 1 2 1 3 3 4 4 1 4 4 1 3 1 3 4 1 3 4 4 2 3 1 2 3 2 2 4 1 1 1 3 2 4 1 4 4 4 2 4 4 2 1 2 4 2 3 2 3 4 2 1 4 3 1 1 4 
4 3 2 4 1 3 2 1 1 3 1 3 2 1 1 1 4 1 1 1 2 1 2 2 1 1 1 1 4 4 1 3 4 2 1 1 3 2 2 3 3 2 2 4 4 4 2 2 4 3 3 3 2 2 4 2 3 1 3 3 1 4 3 4 4 3 1 2 4 4 
4 4 2 3 3 4 4 1 2 2 4 1 2 3 1 3 2 4 2 3 2 3 2 3 3 4 4 2 4 4 3 4 1 1 4 4 3 2 1 2 2 1 1 1 2 2 1 3 4 2 4 2 2 2 1 3 2 1 2 1 3 4 3 2 4 4 4 3 3 4 
4 2 3 3 1 4 3 2 4 1 4 2 1 1 1 1 1 3 3 3 3 4 1 1 1 2 2 1 3 3 3 1 1 2 3 2 4 4 2 3 3 3 2 4 4 2 4 2 2 2 4 2 3 1 4 2 3 3 4 3 3 4 3 3 4 1 1 3 2 4 
4 3 4 4 2 1 1 4 1 4 1 3 4 1 2 2 3 4 3 4 3 2 2 4 4 4 2 3 1 2 1 2 3 1 4 3 4 2 3 3 3 1 1 1 1 1 2 3 4 4 2 3 3 1 1 4 2 4 3 1 4 3 4 2 1 4 2 2 3 4 
4 1 1 3 2 1 2 2 2 4 4 2 2 3 1 2 4 4 4 1 3 4 2 1 1 2 2 4 3 3 4 2 3 3 4 1 4 3 1 3 2 2 2 1 1 4 2 4 2 3 3 3 4 3 4 4 4 3 1 3 2 3 3 1 2 3 3 2 3 4 
4 3 2 4 3 1 4 3 4 1 2 1 1 2 1 4 2 2 2 4 1 2 3 1 1 3 2 2 2 3 3 2 4 1 3 2 4 3 3 1 2 4 2 4 3 3 1 1 3 1 2 4 3 3 4 4 2 3 1 1 3 1 2 4 3 4 2 1 4 4 
4 3 3 2 3 1 3 3 1 2 2 1 4 4 2 2 4 4 1 1 3 1 4 2 3 3 4 2 2 1 3 4 3 3 2 2 1 4 2 4 3 2 3 2 3 1 1 1 3 3 2 2 4 1 2 2 1 2 4 3 3 1 1 1 4 1 4 4 2 4 
4 1 2 3 2 4 4 3 2 2 2 3 2 2 1 1 3 1 2 1 4 2 1 1 3 3 2 3 4 4 2 2 1 3 3 4 1 1 3 1 1 2 4 2 1 1 2 2 3 2 4 4 4 1 2 3 3 2 2 4 4 2 1 1 4 3 2 2 2 4 
4 2 3 4 1 1 1 1 4 1 4 2 4 2 1 2 1 1 1 4 1 2 2 1 1 2 1 1 4 4 2 4 3 1 2 3 4 1 2 3 4 2 2 2 2 1 3 1 4 2 1 4 4 2 4 1 4 1 3 2 2 2 2 1 1 4 1 4 4 4 
4 2 2 1 1 3 3 2 2 4 1 1 2 4 3 2 1 3 2 4 4 4 2 2 2 4 2 3 3 1 2 4 3 2 2 1 4 1 1 2 2 2 3 1 3 2 1 4 2 1 3 2 1 3 3 4 4 3 2 2 2 4 2 3 3 3 2 3 4 4 
4 3 3 3 4 4 4 4 2 4 4 1 2 4 2 4 4 3 2 4 3 1 3 4 2 4 2 2 2 2 3 1 4 3 1 3 1 3 1 2 4 3 2 1 1 1 2 2 3 1 2 3 2 2 4 4 4 3 3 1 1 4 3 1 2 1 4 1 1 4 
4 2 2 2 4 4 4 2 4 2 1 2 2 3 4 4 4 4 4 4 2 3 4 1 2 2 2 3 3 1 4 3 4 4 3 1 3 2 3 3 4 1 3 4 2 3 3 2 3 4 2 4 3 2 3 4 2 4 4 3 4 1 2 4 3 2 3 1 4 4 
4 4 4 4 4 1 4 4 4 2 4 1 2 1 3 4 2 3 1 4 2 1 3 4 1 4 2 4 4 3 3 3 2 3 1 3 4 2 4 2 2 1 1 3 4 4 3 2 2 2 2 3 1 1 1 2 3 1 2 2 3 3 4 3 2 2 1 4 2 4 
4 3 2 2 4 3 2 3 3 2 1 1 4 1 3 2 4 3 4 3 2 4 2 2 2 1 3 2 3 4 3 4 4 3 4 2 2 2 1 1 2 3 2 2 1 2 1 4 3 4 1 1 2 2 1 3 2 1 2 3 1 1 2 3 2 1 1 4 3 4 
4 2 3 4 3 3 4 3 3 3 1 2 3 2 2 1 1 2 1 4 1 2 2 1 1 2 1 4 4 3 4 2 3 3 1 2 3 2 1 3 4 1 4 2 3 3 1 2 1 3 3 1 1 2 4 2 1 2 1 4 1 4 1 4 3 2 1 3 4 4 
4 4 4 4 4 4 4 4 4 4 4 4 4 4 4 4 4 4 4 4 4 4 4 4 4 4 4 4 4 4 4 4 4 4 4 4 4 4 4 4 4 4 4 4 4 4 4 4 4 4 4 4 4 4 4 4 4 4 4 4 4 4 4 4 4 4 4 4 4 4 

