71
1000
1000

[Node]
0  0  0   0  0
72 0  0   0  0

[pickup]
1       503640888      15          12
2       505162674      21          18
3       505112367      24          8
4       505115866      25          5
5       504995287      25          10
6       503099514      32          9
7       504925786      34          19
8       503617238      34          11
9       502791700      41          18
10      505096954      41          19
11      504844669      44          14
12      502792437      44          13
13      503207090      49          16
14      502793194      53          11
15      505179308      54          5
16      502791054      59          5
17      504878152      62          10
18      502873629      75          13
19      504999730      83          14
20      502798247      83          13
21      504870492      88          18
22      504804143      104         9
23      505121631      114         13
24      503257871      115         16
25      504940723      118         10
26      503304580      119         20
27      502958598      122         7
28      502795290      132         20
29      502786834      133         6
30      503219384      135         5
31      505137588      144         8
32      504787660      144         14
33      504539530      148         12
34      504707951      153         19
35      503107234      154         5
36      502786480      154         15
37      502790450      157         8
38      504941658      170         14
39      505191730      172         6
40      502789178      172         17
41      505158222      178         16
42      504950887      190         5
43      504406686      204         11
44      502786917      220         16
45      505123006      222         14
46      504489902      223         10
47      505190963      239         10
48      502790595      241         13
49      504940829      272         20
50      505145108      279         19
51      504717668      282         15
52      503208855      284         18
53      503900481      319         8
54      504938844      347         18
55      505160758      348         16
56      502786482      357         17
57      502796219      378         16
58      504783206      381         18
59      502790625      401         8
60      504800636      436         18
61      502786974      442         13
62      502796218      501         5
63      505088719      561         14
64      502790596      616         13
65      504783205      653         6
66      503525248      707         12
67      503900603      748         17
68      502795231      863         16
69      502791061      881         6
70      502804546      936         12
71      504040924      1000        7

[Speed 0]
0.81
30.0   60.0 0.0 0.6
90.0   150 0.0 0.4
300.0  540.0 0.0 0.81
570.0 630.0 0.0 0.6
660.0 720.0 0.0 0.4
750.0 840.0 0.0 0.81

[Speed 1]
1.33
30.0   60.0 0.0 0.8
90.0   150 0.0 0.6
300.0  540.0 0.0 1.33
570.0 630.0 0.0 0.8
660.0 720.0 0.0 1.3
750.0 840.0 0.0 2

[Speed 2]
1.33
30.0   60.0 0.0 1.0
90.0   150 0.0 0.8
300.0  540.0 0.0 1.33
570.0 630.0 0.0 0.8
660.0 720.0 0.0 0.6
750.0 840.0 0.0 1.5

[Speed 3]
1.5
30.0   60.0 0.0 0.9
90.0   150 0.0 0.8
300.0  540.0 0.0 1.5
570.0 630.0 0.0 0.9
660.0 720.0 0.0 0.8
750.0 840.0 0.0 1.5

[Speed 4]
2
30.0   60.0 0.0 1.1
90.0   150 0.0 0.9
300.0  540.0 0.0 2
570.0 630.0 0.0 1.1
660.0 720.0 0.0 0.9
750.0 840.0 0.0 2

[speed choose matrix]
4 4 4 4 4 4 4 4 4 4 4 4 4 4 4 4 4 4 4 4 4 4 4 4 4 4 4 4 4 4 4 4 4 4 4 4 4 4 4 4 4 4 4 4 4 4 4 4 4 4 4 4 4 4 4 4 4 4 4 4 4 4 4 4 4 4 4 4 4 4 4 4 4 
4 2 4 1 3 1 1 3 1 2 3 1 4 4 4 1 4 2 3 4 2 3 3 3 2 1 1 1 3 2 3 3 3 2 1 1 1 3 1 1 2 4 2 1 3 3 4 3 1 4 2 2 1 1 4 2 1 3 1 2 4 4 3 4 4 2 3 3 1 3 2 3 4 
4 2 4 3 4 2 1 1 1 1 3 1 2 3 2 2 3 3 1 4 1 4 3 4 2 2 1 3 2 1 3 4 2 3 4 2 4 4 2 2 1 1 1 2 1 4 3 1 2 2 2 1 2 4 1 1 4 1 1 1 3 3 2 3 1 3 1 1 1 2 2 3 4 
4 4 4 4 4 3 2 4 2 4 2 2 2 1 2 2 1 4 3 1 3 2 4 1 3 2 4 2 2 1 4 1 3 3 2 1 1 1 2 3 2 2 4 2 1 3 1 2 4 4 2 3 4 3 1 3 4 3 2 4 1 3 2 2 1 2 4 1 4 4 2 2 4 
4 4 1 2 1 4 2 3 4 4 1 4 2 1 3 1 2 3 4 3 3 2 1 4 3 4 1 3 4 4 4 4 4 2 2 3 1 1 4 4 1 4 2 2 1 2 4 3 2 1 2 1 1 4 2 2 2 1 2 1 2 2 4 3 1 4 1 1 2 4 2 1 4 
4 2 4 1 4 3 3 2 2 2 4 1 3 2 2 3 1 1 1 2 1 1 2 3 3 3 3 3 3 3 2 1 3 3 2 2 1 3 2 2 2 3 1 2 4 1 2 2 3 4 2 2 2 2 1 4 3 3 1 2 3 2 3 4 4 3 4 1 2 2 2 2 4 
4 3 2 1 3 4 3 3 3 1 3 1 3 4 1 3 1 3 3 1 1 2 1 1 1 3 3 3 3 1 3 3 3 2 2 4 3 4 3 2 1 4 3 4 3 2 3 1 1 3 4 1 1 4 4 3 3 1 3 3 1 1 4 4 2 3 3 2 1 4 3 3 4 
4 1 3 2 4 4 4 2 2 1 1 3 3 3 2 2 1 1 2 3 2 3 4 4 2 3 4 2 1 1 4 1 1 3 2 3 1 3 1 2 3 2 1 1 2 2 2 3 4 4 2 2 2 3 1 4 1 4 4 1 3 4 4 3 2 4 2 3 3 3 4 1 4 
4 1 4 4 2 4 4 1 2 1 3 1 3 1 1 3 4 1 2 3 2 3 3 3 4 1 3 2 4 4 3 3 2 2 3 4 2 1 3 2 3 3 4 2 4 2 1 3 3 4 3 2 4 2 4 1 2 2 2 1 2 1 2 2 2 2 2 3 2 2 2 2 4 
4 2 3 3 4 2 2 3 4 1 2 2 1 3 2 2 4 3 1 1 2 2 1 3 2 4 3 1 1 2 1 1 1 2 1 3 1 1 2 2 4 4 4 4 3 2 2 3 1 1 1 4 1 4 3 4 4 2 4 4 3 2 3 2 4 1 2 2 2 2 3 2 4 
4 1 4 1 3 3 3 1 4 1 2 3 2 3 1 3 3 2 4 1 2 1 4 3 2 1 4 2 3 4 4 1 4 2 2 4 1 1 3 4 4 2 1 3 2 3 3 3 4 1 4 1 3 1 2 2 1 4 2 2 1 3 4 1 3 2 2 2 2 4 2 4 4 
4 4 3 3 3 1 2 2 4 1 1 2 3 4 1 1 4 2 3 2 4 3 2 3 4 3 1 1 2 4 4 3 1 3 1 4 4 1 1 1 1 2 4 1 3 3 3 2 1 3 2 1 4 2 1 1 3 3 2 3 4 4 1 2 3 3 2 1 3 3 4 1 4 
4 2 3 4 1 1 4 2 3 1 1 4 3 1 3 2 1 2 2 2 2 3 4 2 2 4 4 3 3 2 4 3 3 1 3 2 3 3 1 1 4 4 2 2 3 4 1 2 1 1 4 3 2 4 2 4 1 2 3 3 3 4 3 3 1 2 4 4 3 4 2 1 4 
4 3 3 2 2 3 1 2 3 3 1 4 3 4 3 3 1 1 3 4 4 3 3 1 4 2 1 3 3 2 1 2 4 3 1 4 1 4 1 2 3 1 4 3 2 3 2 1 3 1 3 1 2 4 3 2 4 4 1 1 1 2 2 2 2 3 3 2 4 2 2 1 4 
4 1 1 4 1 3 1 2 1 2 3 1 1 1 3 1 4 2 1 4 1 4 1 1 2 3 2 1 1 3 2 4 4 2 2 3 3 4 2 2 2 2 3 4 2 4 2 2 4 4 1 4 3 2 3 2 1 1 2 4 1 3 2 3 2 4 2 1 2 1 1 3 4 
4 4 1 1 3 1 2 2 4 4 4 2 1 2 2 3 4 3 1 1 2 2 1 2 1 3 1 3 2 3 3 1 4 1 3 4 4 3 3 3 4 1 3 3 2 1 4 3 2 1 1 3 4 2 1 3 1 1 2 4 4 1 1 2 4 2 1 4 3 4 1 4 4 
4 4 3 1 1 1 2 2 2 2 3 4 2 3 2 1 1 4 1 2 2 4 4 3 4 4 3 2 2 1 4 2 3 4 1 4 2 4 3 3 1 3 1 3 3 4 2 2 1 3 4 1 4 3 2 3 4 2 4 2 4 3 4 2 2 3 2 2 4 3 2 3 4 
4 4 3 4 4 1 4 1 1 2 3 1 2 2 1 3 3 1 1 1 1 1 4 1 3 4 2 1 4 2 2 2 2 2 2 3 2 2 3 3 1 3 2 3 2 2 2 1 2 4 2 4 1 2 2 2 3 1 3 1 1 3 3 1 1 1 1 1 3 2 2 1 4 
4 2 3 3 1 3 2 2 1 1 4 3 3 2 4 3 2 2 4 1 3 2 3 2 4 1 3 4 1 2 2 2 1 2 2 1 3 4 4 2 3 3 4 3 1 1 1 1 1 4 4 3 2 1 4 3 4 4 1 3 2 4 4 4 4 1 3 4 3 1 2 3 4 
4 1 1 3 1 2 4 3 2 3 2 2 3 1 2 2 3 1 3 1 4 3 2 2 3 4 4 4 4 3 3 4 4 3 2 4 1 3 2 1 2 1 3 2 2 4 3 1 2 4 3 1 4 1 3 2 4 2 3 3 3 1 1 4 1 1 2 2 4 1 2 1 4 
4 4 1 1 3 4 1 2 1 4 4 3 3 4 1 1 4 1 4 3 4 2 1 4 4 3 1 3 2 4 1 2 3 1 2 2 4 4 1 2 1 2 1 4 3 4 1 3 3 1 3 2 4 3 1 2 3 3 1 1 3 4 3 1 2 4 3 2 1 2 2 1 4 
4 4 2 4 4 3 3 1 1 4 4 2 1 3 1 3 1 3 2 1 4 1 4 2 2 3 1 3 2 4 2 4 2 1 2 3 4 4 2 2 3 1 4 1 1 1 1 2 1 1 4 1 3 3 2 1 4 2 4 2 4 3 2 4 3 3 3 4 2 1 4 2 4 
4 1 3 1 2 1 4 3 4 4 2 3 3 4 4 2 1 3 2 4 4 3 1 2 1 1 1 4 2 3 4 2 4 4 4 1 3 2 2 2 3 3 3 2 4 3 3 4 4 2 1 2 3 3 2 4 4 4 2 3 2 2 2 4 2 4 2 1 2 2 1 3 4 
4 1 4 3 3 1 2 1 2 1 4 1 2 3 1 2 4 3 4 4 2 4 1 1 2 4 4 2 2 3 3 2 1 2 1 3 2 2 1 3 3 4 2 1 1 2 2 3 2 2 3 1 2 2 2 3 4 1 3 4 4 3 1 4 2 1 2 3 1 1 3 3 4 
4 3 4 3 3 4 3 4 4 1 3 3 1 1 4 1 2 4 3 4 3 2 4 2 1 2 2 2 2 1 3 3 3 4 1 2 3 3 3 2 1 1 3 2 3 1 4 2 4 3 3 2 1 1 1 4 1 3 1 2 1 4 2 4 2 2 2 2 1 4 4 1 4 
4 4 4 1 4 2 2 2 3 3 2 4 1 4 1 3 4 2 2 1 3 1 3 2 3 4 1 4 2 4 1 3 2 1 2 2 2 2 1 1 1 4 3 2 3 1 4 3 1 3 4 4 1 1 3 4 2 1 2 4 2 1 4 4 4 1 3 2 3 1 4 4 4 
4 3 2 1 1 4 3 3 2 2 4 3 1 1 1 3 3 3 2 4 4 4 3 2 1 3 2 4 1 2 4 2 3 3 4 3 4 3 2 1 1 1 4 1 3 2 3 3 3 3 2 4 1 3 4 3 4 3 2 3 1 2 4 2 2 2 3 1 4 1 1 2 4 
4 1 4 3 1 4 2 2 2 2 3 4 4 3 2 3 3 4 3 1 1 4 3 3 3 2 2 3 2 1 2 1 1 1 1 3 1 1 1 4 2 4 4 4 1 3 4 1 2 2 4 2 2 3 2 4 3 4 2 1 2 2 2 4 3 4 1 1 1 1 4 2 4 
4 1 1 1 3 1 3 3 4 1 2 1 1 4 4 2 2 2 2 4 4 4 1 1 3 1 4 2 3 3 2 1 4 2 1 2 1 1 3 2 1 4 3 4 2 1 3 3 3 2 2 2 3 4 1 4 2 2 1 4 2 2 2 4 4 3 3 3 3 3 4 3 4 
4 3 4 2 1 3 2 4 4 3 1 3 4 4 2 4 3 1 2 1 4 2 1 3 4 4 2 1 4 4 1 2 3 2 4 4 4 3 1 2 4 2 2 4 3 1 4 2 3 2 4 3 1 4 1 2 4 3 2 4 4 2 1 1 1 2 2 4 2 3 3 1 4 
4 4 3 1 3 4 1 1 2 2 1 3 1 2 4 1 2 2 4 1 3 4 3 4 3 2 4 1 4 3 1 3 2 3 1 4 4 4 3 4 1 2 4 3 1 4 2 2 3 3 3 2 4 1 1 4 2 2 2 2 4 3 2 2 2 3 3 3 4 2 2 4 4 
4 2 3 3 2 1 4 2 4 4 2 3 3 4 2 1 4 1 3 1 3 1 3 4 1 1 3 4 1 1 4 2 1 1 4 4 3 4 1 4 3 1 4 1 4 1 3 1 2 2 2 3 3 4 2 1 1 4 2 1 4 3 1 2 4 4 3 3 2 1 1 3 4 
4 3 2 2 3 1 2 1 1 3 2 4 4 2 4 1 2 2 3 4 3 4 3 3 2 2 3 1 4 3 3 3 3 2 2 1 3 4 3 1 2 3 4 2 1 4 2 1 3 2 4 1 4 4 1 1 2 2 3 2 3 1 4 4 4 1 3 1 1 2 2 3 4 
4 3 1 3 2 1 4 1 1 3 4 4 3 4 2 3 3 2 4 2 1 4 1 1 1 3 3 4 1 1 2 4 2 3 4 4 4 1 3 2 1 3 3 3 2 2 4 3 1 1 3 4 1 4 3 4 3 1 1 4 3 4 3 2 3 3 4 1 3 3 2 3 4 
4 2 2 4 3 2 4 3 1 1 1 4 2 1 2 3 4 4 2 2 3 4 2 3 4 1 3 2 4 3 3 1 1 2 1 1 4 2 3 4 4 3 3 2 3 2 1 1 2 1 4 3 2 3 2 2 1 2 1 4 3 1 3 1 4 3 2 3 1 2 2 4 4 
4 2 4 2 1 4 2 4 1 4 1 1 1 4 4 3 4 4 4 1 3 4 4 3 3 1 1 3 4 4 3 2 4 2 2 2 3 1 4 1 2 4 3 2 4 1 1 2 3 3 4 2 3 3 3 2 3 2 3 1 3 2 1 1 1 4 2 4 1 1 2 2 4 
4 2 4 2 2 4 4 4 4 4 4 2 4 1 4 1 1 4 3 1 2 3 2 2 4 1 4 4 1 4 2 1 3 4 2 2 4 3 2 4 2 3 3 4 2 4 4 1 1 2 2 3 4 1 1 4 4 2 2 2 2 1 2 2 1 3 4 1 3 2 1 3 4 
4 3 4 2 1 2 2 2 3 2 1 4 1 1 1 1 4 2 2 4 2 2 4 3 1 4 2 4 4 3 3 3 2 4 4 1 2 1 3 2 2 2 2 2 4 4 3 4 1 1 4 3 3 1 4 3 3 1 1 3 4 3 4 1 4 3 4 4 2 1 4 4 4 
4 3 3 3 2 3 4 1 4 1 3 4 3 1 1 3 3 1 2 2 1 3 1 4 2 2 3 4 3 1 2 4 2 2 2 1 2 2 4 4 1 3 1 4 1 4 2 1 1 2 4 3 1 1 2 4 4 1 3 2 3 3 3 3 3 4 1 1 4 4 4 1 4 
4 1 1 4 3 4 3 4 1 2 2 3 3 2 1 1 1 2 4 1 1 2 2 3 1 4 3 4 1 3 2 1 4 2 1 3 1 1 3 2 2 2 4 2 4 4 4 4 4 1 3 4 4 3 4 2 1 2 3 1 1 2 3 4 2 2 1 2 3 3 4 1 4 
4 4 4 2 2 3 2 2 1 2 4 2 2 3 3 2 4 3 2 4 1 4 1 3 3 1 3 2 1 3 3 3 3 1 3 1 3 1 1 3 2 4 4 4 3 3 2 4 3 1 2 3 3 3 1 4 2 4 1 2 2 4 3 4 2 1 3 4 4 2 4 4 4 
4 1 3 3 1 1 1 3 4 1 3 1 4 3 1 3 2 4 4 4 2 2 2 3 1 2 4 1 4 2 3 4 2 3 4 4 1 2 3 1 4 3 2 3 1 1 4 2 3 3 4 1 1 4 4 3 2 4 2 1 3 1 3 1 3 3 3 1 4 1 4 2 4 
4 2 2 3 2 3 3 2 2 4 4 3 4 2 4 4 1 3 4 4 3 2 2 4 4 3 3 2 4 2 4 4 3 4 2 4 4 3 1 3 1 1 1 2 4 1 3 1 4 1 2 4 1 4 1 3 1 2 4 1 4 2 3 4 2 4 3 1 2 2 2 2 4 
4 4 1 1 4 1 2 3 4 1 1 2 2 3 3 1 1 2 4 1 3 1 1 2 3 4 4 1 4 4 4 2 4 1 2 4 2 2 2 3 1 1 3 1 4 1 4 4 3 3 4 4 2 3 3 2 2 1 2 3 3 4 3 3 2 2 1 3 3 2 3 2 4 
4 1 1 3 3 3 2 4 1 1 3 4 1 2 1 4 4 1 1 4 3 1 4 1 4 2 4 3 3 2 4 1 3 2 1 2 3 4 3 1 1 3 1 4 3 1 4 3 1 3 2 4 1 4 2 2 2 3 2 3 1 1 2 2 4 4 2 1 1 2 3 4 4 
4 4 1 2 3 4 3 1 3 4 1 1 1 3 2 2 3 4 4 4 1 2 4 2 3 2 3 1 2 3 1 4 1 3 2 2 4 4 3 4 3 3 2 2 2 1 4 1 4 4 1 3 3 3 4 1 4 1 3 4 3 3 3 2 1 1 2 4 2 1 4 2 4 
4 1 4 4 1 2 1 2 4 2 4 2 1 4 1 2 1 4 2 2 3 1 4 4 3 4 3 4 4 3 4 1 3 1 4 2 3 2 2 3 4 4 1 2 4 4 4 4 2 1 4 4 4 1 3 3 4 4 2 4 2 4 1 1 4 2 2 4 3 2 2 1 4 
4 4 1 1 1 4 2 3 1 1 3 3 1 1 4 2 3 4 3 3 3 2 1 2 1 2 1 4 1 3 1 1 4 2 1 4 1 1 4 3 3 4 1 3 4 4 4 4 4 2 4 2 3 4 1 1 2 2 2 4 3 2 1 2 3 1 4 4 1 1 4 3 4 
4 2 2 3 1 2 1 1 3 4 2 1 2 1 4 4 3 1 2 3 3 3 4 4 4 4 4 2 4 1 3 1 1 3 2 3 2 4 2 4 1 4 1 1 3 2 2 3 2 4 1 1 4 2 2 2 4 4 3 1 4 1 4 1 1 2 3 4 3 3 4 1 4 
4 2 1 1 2 1 1 1 1 3 1 1 2 1 2 2 1 3 2 3 4 3 1 1 4 2 2 3 3 3 1 4 2 2 4 2 3 3 4 3 4 3 3 1 1 1 3 1 1 3 3 3 1 2 1 4 1 2 4 1 1 1 3 2 4 4 3 3 2 4 4 3 4 
4 3 4 2 1 3 1 2 4 1 3 3 1 2 1 3 2 1 2 4 3 3 3 3 3 4 4 1 3 1 2 1 2 4 3 3 1 4 2 3 4 1 1 2 4 3 4 1 3 2 1 2 3 1 3 1 3 1 1 2 1 1 1 2 4 1 3 3 4 2 4 2 4 
4 3 3 2 4 3 3 3 3 4 4 4 1 1 3 3 1 1 3 3 1 2 2 1 1 3 2 2 1 1 4 3 1 2 4 2 3 1 3 1 2 4 3 2 1 3 2 1 4 2 3 4 4 3 1 2 1 3 1 4 1 2 2 3 3 3 1 1 4 4 4 3 4 
4 3 3 1 4 2 1 1 2 4 4 1 2 3 2 2 1 1 2 4 3 3 1 2 4 3 1 1 4 3 2 3 3 1 3 2 3 1 4 3 2 3 1 3 4 4 2 2 3 4 4 3 4 4 1 4 1 1 2 4 1 1 4 2 1 4 1 1 4 1 3 4 4 
4 1 2 3 3 2 1 2 2 2 3 2 4 2 3 4 3 2 1 2 1 4 4 3 4 1 2 3 4 2 2 2 2 3 3 1 2 3 4 3 3 1 2 3 1 1 2 1 2 4 3 4 4 4 1 1 3 4 3 1 3 3 1 1 1 2 4 2 3 3 1 3 4 
4 4 2 2 4 4 3 2 4 2 2 1 2 4 3 3 1 1 3 3 3 2 1 2 4 4 3 1 1 1 2 4 3 4 1 1 3 1 4 3 4 3 2 3 3 3 1 2 3 2 4 2 1 3 4 1 1 3 3 1 3 1 4 1 2 1 1 1 1 3 4 4 4 
4 3 2 4 4 4 2 2 4 1 3 3 4 3 4 3 2 2 3 4 2 2 1 4 3 1 3 3 2 3 1 4 1 2 2 1 4 1 3 3 3 1 3 1 4 3 4 4 3 1 4 4 2 1 3 4 4 3 4 4 4 2 4 1 3 3 1 3 2 2 1 1 4 
4 1 3 1 3 3 3 2 4 1 4 3 2 4 3 4 3 4 3 4 4 1 4 3 3 2 4 3 3 2 1 4 1 1 2 2 2 2 3 2 4 4 4 1 2 4 1 4 1 4 1 4 2 3 3 4 1 3 3 4 2 3 1 1 1 1 4 3 2 1 1 2 4 
4 1 1 2 3 2 3 3 2 2 3 2 3 2 1 2 2 3 2 4 4 4 4 3 3 4 1 1 4 2 1 1 1 1 3 4 2 2 1 3 1 2 4 2 3 1 2 4 1 1 2 4 3 2 4 2 3 2 3 2 1 1 1 4 2 1 3 2 1 4 3 3 4 
4 3 4 1 3 1 3 2 4 4 1 2 4 1 3 1 1 3 4 1 3 3 4 3 2 2 2 3 2 2 1 2 4 3 1 1 3 4 3 1 4 3 4 2 2 1 4 4 4 4 1 4 3 3 1 1 4 4 3 2 2 4 1 2 1 4 2 3 1 1 4 3 4 
4 2 4 3 3 3 3 3 1 2 3 1 1 4 4 4 1 1 1 2 3 1 3 4 3 4 4 3 2 4 1 2 2 3 4 1 3 2 1 4 3 1 4 2 3 4 3 3 4 4 1 4 1 2 4 3 4 1 1 2 2 2 3 4 2 4 4 1 1 1 4 1 4 
4 1 1 3 1 2 3 3 2 3 4 2 4 3 4 1 4 4 4 4 1 2 2 2 1 4 2 4 2 2 1 2 3 2 4 1 1 1 3 2 1 4 4 4 3 2 1 2 2 4 4 3 1 2 2 4 2 3 4 4 3 4 1 3 2 2 2 2 3 3 2 3 4 
4 2 2 2 4 1 3 1 4 3 1 1 4 1 1 4 1 2 1 3 4 1 1 4 1 1 2 2 4 2 2 3 1 2 1 3 2 4 4 3 2 1 3 3 1 1 2 4 3 2 1 4 4 4 3 1 3 4 3 3 3 2 3 2 4 4 2 3 3 3 3 3 4 
4 1 1 3 4 4 2 2 3 3 1 4 4 3 2 3 1 4 4 3 1 3 4 1 1 1 1 2 1 3 2 3 2 3 3 4 1 3 3 3 3 1 2 1 3 3 1 3 3 4 3 2 1 3 3 2 2 2 2 1 4 3 2 3 1 4 4 2 3 3 1 4 4 
4 3 2 4 3 1 2 3 4 1 3 3 2 2 3 4 2 4 4 2 2 4 3 4 3 1 2 1 1 2 4 4 4 4 2 4 1 2 3 3 3 2 2 1 2 3 2 4 3 1 2 1 4 4 1 2 3 3 2 3 2 1 2 2 1 4 1 3 2 2 4 3 4 
4 4 2 3 3 4 3 1 4 1 3 1 4 2 2 1 1 2 3 1 4 4 3 3 4 4 4 2 1 1 1 3 3 1 1 1 2 4 4 1 2 4 2 1 1 2 2 1 2 1 3 4 1 1 3 3 2 3 2 2 3 3 1 1 3 2 2 3 4 2 4 1 4 
4 2 3 1 3 2 4 4 3 4 1 2 3 1 3 4 2 3 4 4 1 3 1 3 2 1 4 3 3 2 1 4 2 1 3 4 2 4 1 1 2 3 2 3 3 4 3 2 1 4 1 3 2 3 2 4 2 2 2 4 2 3 3 2 3 4 2 2 3 1 1 2 4 
4 4 2 4 4 1 1 4 1 3 1 4 1 4 1 3 4 1 3 4 3 3 1 3 1 2 2 2 1 1 2 4 3 4 2 2 1 3 3 1 1 4 2 2 1 4 2 3 1 1 3 2 1 3 4 1 3 3 2 1 1 3 4 4 2 1 2 2 4 2 4 4 4 
4 1 3 4 4 3 2 1 2 1 2 4 1 2 4 4 2 4 4 4 1 1 2 3 1 4 1 2 1 3 2 4 4 3 3 1 1 2 1 2 2 4 4 2 1 4 4 1 2 4 4 1 2 3 3 4 4 3 4 2 3 1 2 1 2 3 2 2 3 3 3 1 4 
4 2 4 1 1 2 1 4 1 2 4 2 1 4 4 2 1 3 2 2 1 4 1 4 2 2 4 1 4 4 1 2 3 2 3 2 1 3 2 4 2 4 4 3 1 1 3 3 3 2 4 2 4 2 3 1 3 2 1 3 2 1 4 1 4 3 1 3 3 4 3 4 4 
4 3 3 4 4 3 3 4 1 2 2 2 1 2 2 3 1 1 4 1 4 1 4 1 3 3 1 4 3 2 3 4 1 1 4 2 4 2 3 3 3 2 4 1 3 4 3 2 3 1 2 2 2 3 4 1 2 2 3 1 3 4 1 2 2 2 4 4 4 4 4 2 4 
4 4 1 4 1 3 2 4 4 3 4 1 3 4 1 1 2 2 3 2 4 4 2 4 2 4 3 1 4 1 4 3 1 2 4 2 2 4 3 2 3 4 1 4 1 2 4 4 1 4 3 3 3 1 3 2 3 3 1 1 1 3 4 4 4 3 3 2 1 2 2 2 4 
4 2 3 3 3 1 4 3 3 4 2 1 4 2 1 1 4 2 4 2 1 3 2 1 2 3 3 3 1 2 2 2 4 3 4 2 1 3 3 2 3 2 1 1 2 3 2 4 1 4 2 3 2 1 1 3 2 2 4 4 2 1 3 1 3 4 4 2 4 1 2 1 4 
4 4 4 4 4 4 4 4 4 4 4 4 4 4 4 4 4 4 4 4 4 4 4 4 4 4 4 4 4 4 4 4 4 4 4 4 4 4 4 4 4 4 4 4 4 4 4 4 4 4 4 4 4 4 4 4 4 4 4 4 4 4 4 4 4 4 4 4 4 4 4 4 4 

