75
1000
1000

[Node]
0  0  0   0  0
76 0  0   0  0

[pickup]
1       502785856      27          11
2       504900247      33          10
3       504729849      42          9
4       504449422      42          17
5       502795303      48          6
6       504654398      48          17
7       504609080      52          18
8       502795366      57          8
9       502799157      62          6
10      504512179      63          10
11      502801079      65          12
12      502794469      66          12
13      505195426      67          11
14      505121657      69          13
15      502795302      72          6
16      502795373      78          17
17      502970886      82          20
18      502878271      85          20
19      502795434      86          7
20      502788559      88          8
21      504758586      88          7
22      504896908      91          7
23      502795382      97          14
24      505012229      98          11
25      504483241      104         13
26      502795975      106         16
27      504695606      109         14
28      502789997      112         13
29      502796457      116         20
30      502788438      118         12
31      502794343      122         20
32      505170069      132         15
33      503592373      132         7
34      503262469      134         15
35      502797785      136         5
36      504139409      137         15
37      502795314      149         20
38      503657465      151         10
39      504633794      153         9
40      502800905      156         5
41      504561518      161         14
42      505238370      163         18
43      504761212      174         16
44      502787519      182         10
45      504697856      184         8
46      502799697      190         16
47      503291816      193         5
48      504800636      193         19
49      502785770      198         5
50      504814520      203         18
51      502990031      238         6
52      504940819      256         14
53      502789207      270         18
54      505129431      281         11
55      502791109      287         17
56      503108157      290         12
57      503838473      312         12
58      503074303      314         6
59      504717668      327         14
60      504783206      334         13
61      502794583      354         12
62      502947479      378         20
63      502791365      420         11
64      502787651      422         19
65      502786541      433         5
66      503226439      434         15
67      502794668      441         18
68      502976944      468         19
69      502798415      486         16
70      505229205      557         17
71      502801750      614         5
72      504783121      624         8
73      504467528      726         19
74      502787101      766         16
75      504940835      1000        14

[Speed 0]
0.81
30.0   60.0 0.0 0.6
90.0   150 0.0 0.4
300.0  540.0 0.0 0.81
570.0 630.0 0.0 0.6
660.0 720.0 0.0 0.4
750.0 840.0 0.0 0.81

[Speed 1]
1.33
30.0   60.0 0.0 0.8
90.0   150 0.0 0.6
300.0  540.0 0.0 1.33
570.0 630.0 0.0 0.8
660.0 720.0 0.0 1.3
750.0 840.0 0.0 2

[Speed 2]
1.33
30.0   60.0 0.0 1.0
90.0   150 0.0 0.8
300.0  540.0 0.0 1.33
570.0 630.0 0.0 0.8
660.0 720.0 0.0 0.6
750.0 840.0 0.0 1.5

[Speed 3]
1.5
30.0   60.0 0.0 0.9
90.0   150 0.0 0.8
300.0  540.0 0.0 1.5
570.0 630.0 0.0 0.9
660.0 720.0 0.0 0.8
750.0 840.0 0.0 1.5

[Speed 4]
2
30.0   60.0 0.0 1.1
90.0   150 0.0 0.9
300.0  540.0 0.0 2
570.0 630.0 0.0 1.1
660.0 720.0 0.0 0.9
750.0 840.0 0.0 2

[speed choose matrix]
4 4 4 4 4 4 4 4 4 4 4 4 4 4 4 4 4 4 4 4 4 4 4 4 4 4 4 4 4 4 4 4 4 4 4 4 4 4 4 4 4 4 4 4 4 4 4 4 4 4 4 4 4 4 4 4 4 4 4 4 4 4 4 4 4 4 4 4 4 4 4 4 4 4 4 4 4 
4 1 4 3 1 4 3 4 2 3 4 1 1 4 2 4 1 4 4 1 2 4 1 4 3 1 4 3 1 2 1 3 3 3 3 3 2 2 1 1 2 3 4 1 1 3 2 1 4 2 4 2 4 1 4 3 2 3 2 1 1 1 4 1 2 4 1 3 2 3 4 2 2 4 2 4 4 
4 3 4 1 2 1 4 4 1 3 2 4 2 2 1 1 1 3 4 4 3 1 1 4 2 3 4 1 4 4 4 1 4 4 2 4 1 2 4 3 1 1 4 2 3 1 2 3 2 2 3 4 4 3 3 2 3 1 3 3 2 4 4 2 4 1 3 3 3 4 1 4 1 1 3 1 4 
4 2 3 3 2 3 1 1 4 1 3 3 4 2 2 2 2 3 3 2 4 1 1 3 1 4 1 3 1 1 3 1 3 3 1 1 3 4 3 4 2 4 2 4 4 2 1 4 3 3 2 1 3 4 3 2 4 3 1 3 2 3 3 2 2 2 3 4 4 3 3 4 3 3 1 4 4 
4 4 3 1 4 3 4 4 4 2 3 1 3 2 3 4 1 2 4 1 4 4 1 3 4 4 2 1 2 4 1 4 3 3 1 1 4 1 3 1 2 3 3 4 4 1 4 4 2 1 2 2 2 4 2 3 1 4 2 2 4 1 3 1 1 3 4 1 1 2 2 4 3 2 3 3 4 
4 3 2 3 1 3 4 1 3 4 3 2 1 4 4 2 1 3 2 1 3 2 1 1 1 1 1 4 1 2 2 3 2 1 4 4 1 1 1 1 1 4 1 4 2 4 2 3 1 3 4 4 2 4 3 2 1 4 3 1 2 2 3 1 1 3 4 3 2 4 2 2 4 1 3 3 4 
4 1 2 2 2 4 4 1 4 1 2 4 3 2 3 1 3 3 3 3 2 2 4 2 2 3 1 2 3 3 3 4 1 2 4 2 3 3 3 2 2 3 1 1 3 4 2 3 1 3 3 1 4 4 3 4 3 1 4 3 3 4 3 3 3 3 4 1 3 4 2 3 1 2 4 1 4 
4 2 3 1 1 2 1 3 3 3 1 4 4 2 4 1 4 1 2 3 1 3 2 2 2 3 1 2 3 4 4 1 1 2 3 4 1 2 2 2 1 4 4 3 4 2 3 4 1 3 3 4 4 1 4 1 2 2 3 3 1 2 1 1 4 2 4 2 1 2 2 1 4 3 3 4 4 
4 4 1 1 3 1 2 1 2 1 2 1 2 4 1 1 3 4 2 4 3 1 1 2 3 4 3 4 4 3 1 2 4 1 3 4 2 3 3 2 1 3 3 4 3 1 3 2 3 1 4 2 1 2 2 1 2 2 2 2 1 2 3 3 4 2 1 3 1 1 3 4 2 4 1 3 4 
4 2 3 1 4 4 1 3 1 3 2 3 2 1 1 2 4 4 2 1 1 1 1 4 4 1 3 4 3 1 2 2 3 1 4 3 2 1 2 3 3 3 4 3 2 2 4 1 1 3 3 1 4 4 3 3 4 1 2 1 2 2 3 3 1 4 3 3 3 1 3 4 1 4 2 2 4 
4 3 1 3 1 3 1 3 3 1 2 2 2 3 1 1 4 2 1 1 2 3 3 1 4 3 1 4 2 1 3 2 3 3 3 4 4 2 3 1 1 4 1 3 3 3 3 1 3 3 4 4 2 3 2 1 4 2 1 2 3 2 2 1 4 3 3 1 4 1 4 1 1 3 3 4 4 
4 1 2 4 4 4 4 4 1 2 4 1 3 2 2 3 4 1 3 3 1 3 4 4 3 2 4 3 4 2 1 3 3 3 1 2 1 3 2 4 3 1 3 3 4 1 3 2 4 1 4 1 4 4 3 2 3 2 2 2 4 1 1 1 4 3 2 1 2 1 4 2 4 2 3 2 4 
4 3 4 2 1 2 4 3 1 1 2 1 2 1 1 4 2 2 2 3 1 2 1 2 1 2 3 4 4 1 4 4 4 3 4 2 4 2 2 3 2 2 2 3 3 2 4 2 1 3 2 4 2 2 2 2 4 1 2 1 2 1 4 4 2 4 3 3 3 1 1 3 2 3 2 3 4 
4 3 4 2 2 2 3 1 3 4 2 2 2 3 3 3 1 1 3 1 4 3 1 3 3 2 2 1 1 3 2 3 1 2 4 1 1 3 1 1 2 2 4 3 3 4 3 2 1 2 2 1 4 1 2 4 2 1 4 1 3 2 4 2 4 4 3 4 4 2 3 2 3 4 4 2 4 
4 4 3 3 2 1 2 3 4 2 4 2 4 4 1 1 3 1 1 4 2 1 2 3 4 1 3 4 2 3 3 4 4 4 1 4 2 2 2 2 2 1 3 2 4 4 4 3 1 1 2 2 2 1 1 2 4 2 2 1 3 1 4 4 3 2 3 3 3 1 3 4 4 3 4 1 4 
4 2 3 1 2 1 1 1 4 4 3 4 3 2 2 4 2 4 3 1 4 3 4 3 2 2 4 4 1 4 4 1 2 4 2 2 3 3 3 2 2 4 4 1 2 4 3 3 2 3 2 2 1 3 4 3 4 1 1 1 2 4 3 1 2 3 2 3 2 2 4 4 3 2 3 2 4 
4 3 4 2 2 4 3 2 1 3 4 3 1 2 2 1 4 1 2 4 2 4 4 3 1 2 2 1 3 2 2 3 4 2 1 4 4 3 2 4 2 2 3 1 2 4 2 2 3 2 4 3 2 4 2 3 3 1 4 2 1 2 2 3 1 1 1 3 4 1 3 4 4 3 1 4 4 
4 4 2 2 2 4 4 2 1 1 2 1 2 3 3 3 4 2 3 3 2 3 2 3 4 1 3 2 2 4 1 2 1 3 3 1 2 2 2 3 4 3 3 2 1 1 4 1 4 2 2 4 4 3 1 4 1 3 2 2 3 2 3 4 2 1 1 3 3 4 4 1 1 4 4 3 4 
4 3 1 3 2 1 1 2 4 1 1 2 1 4 3 4 4 4 4 2 4 2 2 2 3 3 4 3 2 2 1 1 4 4 2 3 2 1 4 1 4 2 2 3 4 1 4 4 1 3 4 3 4 1 2 3 1 3 4 3 2 2 2 1 2 3 2 4 4 1 2 3 4 1 4 2 4 
4 2 3 3 3 1 2 1 1 2 1 4 4 4 1 1 2 1 3 4 2 2 1 1 1 3 4 1 1 3 3 3 4 1 3 1 3 4 4 2 1 1 2 4 4 2 4 2 3 1 1 3 3 3 3 2 2 4 2 4 1 1 2 3 1 1 1 3 2 2 3 4 3 3 1 1 4 
4 4 3 2 2 1 3 2 3 4 2 1 1 2 2 3 4 4 3 2 3 3 2 3 1 2 3 1 3 3 1 1 1 4 2 3 4 2 1 2 1 2 2 1 3 3 1 2 1 1 1 2 2 4 2 3 4 2 3 4 2 4 2 2 3 2 1 2 1 3 4 2 4 2 2 4 4 
4 3 3 2 2 4 2 3 4 1 4 3 1 3 1 3 1 1 2 2 1 1 2 1 3 3 4 4 3 3 4 1 4 4 4 4 3 2 4 1 4 1 3 2 3 2 2 4 2 2 2 4 1 2 2 4 4 3 1 3 1 4 4 2 4 4 3 1 4 1 2 2 2 4 3 4 4 
4 2 1 1 4 4 2 4 4 4 3 4 4 1 1 3 2 3 1 1 1 4 3 1 2 1 2 4 1 4 2 3 3 2 4 4 4 3 2 4 3 1 3 4 1 4 1 3 3 3 4 3 1 3 4 2 3 2 1 3 1 2 1 4 2 2 1 2 2 4 2 4 1 4 3 1 4 
4 1 2 3 3 1 4 4 4 3 4 3 1 3 1 2 1 1 1 4 2 3 4 3 3 3 1 2 3 1 1 4 1 1 3 3 2 4 3 3 4 4 2 2 2 4 1 1 2 3 3 1 1 3 1 4 4 4 4 1 2 3 3 2 1 2 3 2 4 3 1 2 4 3 4 1 4 
4 3 4 1 3 4 2 2 1 4 2 2 3 2 2 1 1 2 3 1 3 1 2 3 1 2 3 2 1 1 2 3 3 3 3 3 4 2 3 3 4 1 4 2 2 1 1 1 1 2 4 4 4 4 3 3 3 1 3 1 1 3 3 3 1 2 4 4 4 3 3 3 3 3 1 4 4 
4 1 3 3 4 1 1 1 3 1 4 1 3 3 4 3 3 2 2 3 3 1 4 3 2 1 4 3 2 3 1 1 3 2 3 4 1 1 3 2 1 3 1 2 3 3 1 1 3 2 4 3 4 3 4 2 3 1 4 3 1 1 4 4 1 2 2 2 3 3 2 1 2 1 3 1 4 
4 1 4 4 4 4 4 1 2 4 1 2 4 3 2 3 1 1 1 4 4 3 4 2 4 2 2 3 3 4 4 4 4 4 1 1 2 3 1 1 4 1 3 2 1 1 2 1 3 2 2 4 1 4 3 1 3 2 1 3 3 2 2 2 3 3 3 1 1 4 4 3 4 1 1 4 4 
4 2 2 3 2 1 2 4 4 2 2 1 2 1 1 4 4 3 4 3 3 2 2 4 2 3 3 3 4 4 3 2 1 3 3 1 4 1 4 3 1 1 2 2 4 4 3 4 1 4 2 1 3 1 2 1 3 1 2 2 4 1 2 4 4 1 1 4 1 1 3 4 2 4 4 3 4 
4 4 3 4 1 3 1 1 2 4 1 1 1 1 4 4 2 1 1 2 2 4 3 1 3 3 3 2 4 2 1 3 3 4 3 4 3 1 2 2 2 1 3 1 1 4 4 3 2 1 1 3 2 3 2 1 1 3 2 1 2 3 2 3 2 1 3 1 1 1 2 1 2 2 1 1 4 
4 4 1 4 4 1 2 3 1 1 4 3 2 3 3 1 1 3 1 2 1 1 4 4 2 4 1 2 4 3 2 2 4 4 1 3 3 2 3 3 2 1 4 2 1 3 4 1 3 2 1 2 2 3 2 1 4 3 4 2 3 1 1 2 1 3 2 1 3 4 1 3 2 1 2 4 4 
4 1 1 2 2 2 3 2 1 2 2 2 1 2 3 1 3 2 2 1 1 2 4 4 1 1 3 3 1 2 3 4 2 2 2 2 2 2 1 2 1 3 3 4 1 1 4 2 1 1 4 2 3 3 2 3 2 1 4 3 3 3 2 1 2 2 1 3 1 2 4 3 2 3 2 2 4 
4 1 3 1 2 1 1 3 2 3 1 1 4 1 3 4 4 2 4 1 2 3 2 2 2 2 1 3 4 3 4 3 4 4 4 4 2 1 4 4 1 4 1 2 3 2 2 1 3 2 3 4 2 1 4 3 4 3 1 4 4 4 3 3 4 4 2 4 2 1 3 4 2 3 2 2 4 
4 2 4 2 1 2 3 3 1 3 3 4 1 1 1 4 2 4 2 4 3 1 2 4 1 3 3 1 3 1 3 2 2 4 4 1 3 4 2 1 2 4 4 3 1 1 4 3 3 2 4 4 1 1 3 4 3 4 3 1 3 1 1 4 1 2 4 3 4 2 2 1 1 1 3 4 4 
4 2 3 4 4 1 2 3 2 2 1 1 4 4 2 3 1 4 1 4 2 4 4 3 2 3 2 3 3 2 2 1 2 3 2 2 2 3 2 1 3 4 4 3 4 2 4 2 1 1 3 3 1 4 3 4 3 3 1 2 3 1 2 2 4 2 2 1 2 1 3 1 4 4 3 4 4 
4 4 2 4 3 1 2 1 2 2 2 1 1 3 3 3 4 1 3 2 1 1 4 4 3 2 2 2 2 2 2 1 3 1 4 3 2 3 4 2 3 1 1 1 4 1 2 1 4 4 3 4 3 1 4 1 3 4 3 2 1 4 3 4 4 4 2 4 3 4 3 4 2 1 3 4 4 
4 1 4 1 3 4 3 3 3 4 1 1 2 4 2 1 4 2 3 1 1 3 2 2 2 3 1 4 3 4 2 4 1 2 4 4 2 3 2 1 3 4 1 4 2 2 3 3 2 3 3 3 3 2 2 2 3 4 4 3 2 2 3 4 4 4 4 2 1 2 3 4 4 4 4 4 4 
4 3 4 4 4 3 1 4 4 2 4 4 4 1 3 4 3 3 4 4 3 1 1 4 3 3 4 3 4 1 1 1 4 1 4 4 2 1 2 2 1 3 4 4 4 2 4 2 3 2 3 3 3 3 4 3 3 4 3 1 1 2 4 1 1 2 4 1 4 4 2 3 4 1 3 3 4 
4 2 4 3 4 3 4 2 2 4 2 1 4 3 1 1 3 1 2 3 1 3 2 4 1 3 1 2 4 2 1 1 3 3 4 3 4 4 1 3 2 3 1 3 3 4 3 1 1 2 3 1 3 4 1 3 3 2 2 4 1 1 4 3 4 2 2 2 4 1 3 2 2 3 4 2 4 
4 1 2 2 3 3 4 1 2 2 2 3 3 3 3 2 3 3 1 4 3 2 2 4 2 2 1 2 3 1 1 4 4 4 4 1 3 4 3 2 2 1 3 1 1 3 4 3 3 2 1 4 1 2 1 4 2 1 3 4 2 2 2 2 3 2 2 3 4 4 4 4 3 3 1 2 4 
4 2 4 2 4 4 3 2 2 1 1 3 4 2 3 1 2 3 1 1 4 2 4 3 3 2 1 1 2 3 3 4 3 2 3 4 4 4 3 3 1 1 1 3 2 4 1 3 2 4 4 1 1 3 1 4 1 2 1 3 2 4 2 2 3 2 3 4 1 2 3 1 3 3 4 1 4 
4 1 1 2 4 1 4 2 4 1 1 1 4 3 1 4 3 1 3 4 4 2 3 3 1 1 1 3 4 4 1 1 4 3 3 3 3 2 3 4 2 1 4 3 1 4 2 2 2 4 3 4 2 4 3 4 3 4 2 3 4 1 2 2 2 3 1 4 4 3 1 2 1 3 2 4 4 
4 1 1 4 3 3 1 2 1 4 4 3 1 3 4 2 2 1 3 3 2 3 3 3 2 2 2 2 3 2 1 4 2 4 2 2 2 3 3 1 3 2 2 1 2 4 3 2 4 3 3 1 1 3 1 4 4 4 1 4 2 3 2 3 3 1 2 4 4 1 4 1 2 2 2 3 4 
4 1 4 2 2 4 3 2 3 4 2 1 3 3 2 1 1 2 2 3 4 4 2 2 1 4 2 4 2 1 3 1 4 4 1 4 3 2 1 1 2 3 2 2 4 1 1 3 2 4 2 4 4 2 3 2 2 2 1 3 1 2 3 4 1 3 1 3 1 3 2 3 4 4 3 2 4 
4 2 4 4 4 2 2 3 4 1 3 1 2 4 1 1 3 1 4 2 4 2 1 4 1 2 3 4 3 4 2 2 4 1 3 1 4 1 1 3 3 1 1 2 4 2 4 2 1 1 2 3 2 2 4 4 3 3 3 2 3 3 3 3 3 4 1 3 3 3 3 4 1 3 1 3 4 
4 1 2 1 4 3 1 3 3 1 1 4 1 3 3 4 2 1 2 2 1 3 2 2 3 4 1 4 1 3 2 4 1 2 3 3 1 2 4 1 1 1 4 1 2 2 1 4 1 4 4 2 4 4 2 1 1 2 4 2 1 1 2 1 3 2 1 1 4 4 1 4 1 2 4 2 4 
4 4 1 3 3 3 4 4 2 2 4 1 3 1 3 1 1 3 3 1 3 2 3 2 3 1 2 4 4 4 4 1 2 4 4 1 4 4 1 3 3 2 3 3 3 4 3 2 3 1 4 4 1 2 1 4 4 1 3 4 4 1 3 1 4 1 4 1 3 1 3 2 1 2 4 3 4 
4 4 2 3 3 2 1 4 2 1 4 2 2 3 2 3 3 2 1 3 1 1 2 4 3 3 1 2 4 2 2 1 4 3 3 1 4 2 3 2 3 3 3 1 4 1 3 4 3 1 3 4 3 3 2 4 3 3 1 4 2 4 3 3 1 2 3 4 4 4 1 3 3 2 1 4 4 
4 2 4 2 3 3 4 3 3 1 3 1 3 1 2 3 2 1 2 1 3 1 4 4 4 1 2 1 3 4 4 1 2 2 4 1 1 4 4 4 4 2 4 4 1 2 3 3 2 1 3 3 2 1 2 4 3 3 3 4 1 4 3 2 2 4 4 2 1 2 3 2 2 2 1 3 4 
4 1 3 3 3 3 3 1 2 3 4 4 3 2 2 3 2 4 3 4 1 4 4 1 3 1 4 2 3 3 3 3 2 1 4 3 3 1 1 2 4 3 2 3 4 2 2 1 3 3 4 4 3 2 4 2 3 2 4 2 2 2 3 1 1 4 2 4 1 4 2 1 4 3 2 1 4 
4 1 4 2 2 1 2 4 2 1 4 4 1 4 1 4 3 3 1 4 4 1 3 2 4 2 3 1 2 4 3 1 3 3 1 4 1 3 1 2 2 4 3 2 4 2 1 4 3 1 2 3 3 2 2 4 2 2 1 3 1 1 4 3 2 2 3 1 2 3 4 1 2 4 4 1 4 
4 2 4 4 3 2 2 4 3 3 3 2 3 2 3 4 3 3 4 4 3 2 4 1 1 3 4 1 4 1 3 2 4 4 2 3 3 3 2 2 2 4 1 1 3 1 3 4 3 3 1 3 2 2 4 1 1 2 2 4 2 3 4 2 2 3 3 2 2 4 3 4 1 2 2 3 4 
4 4 3 2 4 4 4 1 3 3 2 3 3 3 4 3 2 3 4 2 3 4 1 1 4 4 1 1 2 1 4 1 4 3 3 2 1 2 1 1 1 3 3 3 1 2 4 3 2 2 1 4 1 4 1 4 4 4 3 3 3 1 1 4 3 4 1 2 3 3 2 2 4 3 2 2 4 
4 2 1 2 3 3 4 4 3 3 4 3 4 3 2 3 2 2 4 4 1 4 2 3 2 4 2 4 3 3 2 3 2 3 2 1 1 2 4 1 4 3 2 2 1 4 4 3 4 1 2 1 2 3 2 4 2 2 1 1 4 3 2 4 3 1 1 4 4 3 4 2 3 3 3 2 4 
4 4 4 1 3 1 1 4 2 3 4 1 3 4 3 4 3 4 1 3 1 3 4 3 2 1 2 4 2 4 1 1 1 3 4 3 1 4 3 3 1 1 1 1 1 2 4 4 1 3 2 2 3 1 1 2 2 1 2 3 2 4 1 2 3 1 3 3 3 3 4 1 3 1 1 3 4 
4 1 3 4 1 2 4 1 3 3 3 4 4 3 1 2 4 2 4 1 2 2 3 3 4 1 2 4 3 4 2 4 4 3 1 2 2 4 4 2 1 1 4 4 2 2 3 4 1 1 1 4 2 3 4 4 3 2 4 2 2 4 3 3 2 4 3 2 4 3 1 4 2 4 4 2 4 
4 1 3 1 3 2 4 4 1 3 1 2 3 1 4 4 1 4 3 3 3 1 2 3 3 4 4 3 1 3 4 2 2 2 2 1 2 3 2 2 1 2 3 1 3 1 4 4 3 2 3 1 4 1 4 2 3 4 4 1 4 1 2 3 2 4 4 3 2 4 3 1 3 3 1 3 4 
4 2 4 2 2 3 3 1 3 2 4 2 3 1 2 4 2 2 1 3 2 1 3 3 2 1 3 2 3 4 4 4 2 1 3 1 3 3 3 4 4 1 3 2 2 2 3 2 2 2 4 2 4 3 4 4 1 4 3 2 2 2 3 1 3 4 1 1 4 1 1 4 4 1 1 4 4 
4 4 1 4 4 4 2 1 4 2 3 3 1 3 1 2 1 4 3 2 4 1 3 1 2 2 2 4 1 1 4 2 4 4 3 1 4 4 3 3 2 3 1 2 4 3 2 3 4 1 4 1 3 2 2 3 3 2 1 4 3 3 2 1 3 4 3 2 3 1 2 2 2 1 1 2 4 
4 3 3 1 4 3 2 1 4 2 3 3 3 4 3 3 4 2 4 4 4 1 1 3 1 2 3 3 3 4 4 3 3 3 1 3 1 2 2 3 1 4 1 4 3 3 2 2 1 1 1 3 4 1 3 1 2 1 2 2 4 4 4 2 2 4 1 4 2 3 4 2 4 4 2 1 4 
4 3 3 4 1 2 4 4 4 3 2 3 3 3 4 3 3 2 2 3 4 4 3 1 3 3 2 3 3 4 4 4 3 3 4 2 1 4 4 2 4 3 1 1 2 1 2 4 3 2 4 2 3 1 3 1 2 2 1 1 1 1 4 2 3 3 3 4 2 1 1 3 3 1 4 3 4 
4 2 3 1 1 2 3 2 3 2 3 2 3 1 3 3 4 4 3 1 3 2 4 1 4 1 4 1 2 3 2 3 2 2 2 1 2 2 3 1 3 4 3 2 3 4 3 4 4 3 2 4 3 2 3 4 3 2 1 1 3 2 4 1 2 4 4 4 4 2 4 4 4 2 1 3 4 
4 1 4 3 4 4 3 1 1 3 4 2 3 1 1 4 4 2 4 2 3 4 2 2 2 1 3 3 2 4 2 1 4 2 2 2 1 1 4 2 1 3 3 4 1 2 4 4 2 2 4 1 2 3 2 1 4 3 4 4 4 4 4 3 1 3 4 1 2 1 3 1 1 2 1 2 4 
4 3 2 4 2 2 3 4 4 1 4 2 3 3 4 3 2 1 2 3 4 3 3 3 1 4 4 2 1 1 4 2 2 1 3 1 1 3 1 2 2 1 3 1 1 2 4 3 3 4 4 3 3 2 1 4 3 4 2 1 2 2 3 1 3 4 3 3 1 1 1 1 3 3 1 3 4 
4 1 3 4 2 1 1 2 3 2 1 2 3 4 4 3 4 2 1 1 3 2 2 4 3 1 1 3 3 2 2 2 4 1 2 4 1 1 2 3 2 4 3 4 4 1 3 1 2 1 1 3 2 1 4 2 2 2 4 4 3 4 1 1 2 2 3 1 4 2 1 3 3 3 3 2 4 
4 1 4 4 4 3 2 3 1 2 4 4 4 4 1 3 2 2 4 2 4 4 3 2 2 2 2 2 1 2 2 1 4 3 1 4 3 3 4 1 3 4 4 1 2 1 4 2 3 4 4 4 1 3 3 1 4 2 2 4 3 3 4 1 2 4 1 1 2 4 4 2 1 4 2 2 4 
4 1 4 3 1 4 1 1 1 1 4 3 4 4 3 1 1 2 4 1 4 4 2 2 3 1 2 1 3 4 1 4 4 2 3 1 1 3 2 1 1 4 2 2 4 2 4 2 1 1 4 1 4 1 4 2 2 1 4 4 4 4 4 1 1 1 4 1 2 4 1 3 1 2 3 2 4 
4 4 3 4 1 2 3 4 2 2 2 3 3 1 2 2 2 1 3 4 4 3 3 2 4 1 4 1 1 4 4 1 1 1 2 2 3 4 1 4 1 1 2 2 2 2 1 1 3 2 1 4 1 3 1 2 3 4 2 4 4 2 3 4 4 3 4 4 2 4 3 2 1 1 4 2 4 
4 2 2 4 1 4 3 3 4 3 2 2 3 4 3 1 3 2 3 4 3 1 1 4 2 3 1 3 1 2 3 3 4 3 4 3 4 4 3 1 1 4 4 4 4 4 3 3 2 4 4 1 3 3 3 2 2 1 1 3 2 1 3 1 1 4 4 4 1 3 1 1 2 1 1 4 4 
4 3 4 2 3 1 1 4 4 1 2 3 4 4 4 3 1 1 3 1 4 2 2 3 4 1 3 2 3 4 1 1 1 2 1 3 2 4 4 2 3 4 4 1 1 4 2 2 2 1 1 2 1 1 3 3 3 3 3 2 4 4 4 1 4 1 1 4 3 3 3 3 3 3 2 2 4 
4 3 1 4 3 2 4 3 4 3 4 2 2 3 4 4 2 3 2 3 4 2 1 2 4 3 3 2 3 3 2 4 1 1 2 4 1 4 4 4 3 2 3 4 2 2 4 2 3 4 1 2 1 2 3 2 1 1 2 2 2 1 4 4 2 1 1 1 4 3 4 4 4 1 3 3 4 
4 2 1 3 4 4 3 2 1 4 2 2 1 3 1 1 3 3 2 3 2 4 3 3 3 4 3 4 1 3 1 1 2 4 1 3 4 2 1 4 1 1 4 2 1 2 4 2 4 3 1 1 3 2 2 4 3 2 4 2 2 1 4 2 2 3 4 3 3 3 4 4 4 4 4 1 4 
4 3 1 2 3 1 4 2 3 3 2 3 2 2 4 2 1 3 2 1 2 1 2 4 4 3 1 3 4 1 1 3 4 4 1 3 3 2 1 3 4 1 4 3 3 3 1 2 3 4 4 3 1 3 1 4 4 1 2 4 2 1 1 3 4 2 2 4 3 3 2 1 3 3 2 1 4 
4 1 2 3 1 4 1 1 2 2 1 1 3 4 2 3 1 2 1 3 2 3 3 3 2 3 1 1 4 3 4 1 4 1 4 3 3 2 2 4 4 2 1 1 3 4 1 4 3 2 1 1 4 3 2 3 2 3 1 4 3 3 1 4 3 2 2 2 4 2 2 3 4 4 1 4 4 
4 3 4 2 3 1 2 2 4 4 3 3 1 4 1 2 2 1 4 3 2 4 3 2 3 3 4 4 1 1 1 1 1 4 3 3 3 4 2 4 3 3 2 3 4 2 2 1 2 1 2 2 1 2 2 2 3 3 2 4 2 1 2 4 4 4 1 3 3 2 3 1 2 4 2 4 4 
4 1 1 2 2 3 3 2 4 2 2 2 2 4 4 1 2 2 4 4 2 3 3 4 3 3 3 2 4 4 2 3 2 3 4 2 1 3 4 1 2 3 2 1 4 2 4 2 4 4 1 3 3 3 1 3 3 1 4 2 1 4 3 3 3 3 4 1 2 4 1 1 3 1 3 1 4 
4 4 2 4 4 3 4 4 2 4 2 3 3 3 4 4 4 2 3 4 3 3 2 4 2 1 4 3 3 4 3 4 2 4 1 4 1 2 1 4 2 1 4 2 1 3 4 2 4 1 2 4 3 1 4 3 2 3 1 1 4 3 1 4 4 1 3 1 3 1 2 2 2 2 2 2 4 
4 4 4 4 4 4 4 4 4 4 4 4 4 4 4 4 4 4 4 4 4 4 4 4 4 4 4 4 4 4 4 4 4 4 4 4 4 4 4 4 4 4 4 4 4 4 4 4 4 4 4 4 4 4 4 4 4 4 4 4 4 4 4 4 4 4 4 4 4 4 4 4 4 4 4 4 4 

