76
1000
1000

[Node]
0  0  0   0  0
77 0  0   0  0

[pickup]
1       502790268      12          8
2       503660969      12          20
3       502898368      18          15
4       504632589      22          17
5       504725765      25          5
6       504878152      26          11
7       504558778      28          20
8       504944052      30          6
9       504944067      32          9
10      503228783      34          13
11      504306349      41          16
12      504549590      42          16
13      505049449      47          17
14      503240801      47          11
15      502794879      48          20
16      504619160      53          10
17      503615814      54          10
18      502936595      55          13
19      505029423      57          19
20      502794547      59          7
21      505193078      59          16
22      504486727      65          19
23      504467511      70          8
24      502800395      71          8
25      504944097      81          10
26      505121631      84          17
27      504851317      85          11
28      505026956      91          12
29      504726270      95          11
30      503225123      95          18
31      502792385      106         17
32      502875595      110         12
33      505076939      110         9
34      504912045      111         11
35      504742888      115         8
36      504940824      117         6
37      502786561      128         11
38      503094206      131         14
39      504354545      132         7
40      504904607      145         6
41      505084618      146         12
42      503099590      153         18
43      504489908      162         17
44      502786480      163         13
45      502798266      165         10
46      503746302      170         17
47      504692561      181         8
48      502796205      183         11
49      504563723      191         6
50      504940738      194         14
51      504945646      207         15
52      503251699      211         16
53      504608410      215         11
54      502800753      219         16
55      502798241      223         18
56      503202377      225         11
57      502787414      235         14
58      503278639      242         5
59      503168027      245         20
60      502786495      254         9
61      503242004      268         17
62      502791236      274         19
63      503689218      276         7
64      505160758      287         16
65      504040924      292         20
66      504699548      294         13
67      503254639      301         19
68      502793979      336         12
69      504888671      351         11
70      503184278      379         20
71      504835356      408         13
72      504938844      429         8
73      502787837      470         14
74      504930822      836         11
75      503254635      875         6
76      502804546      1000        19

[Speed 0]
0.81
30.0   60.0 0.0 0.6
90.0   150 0.0 0.4
300.0  540.0 0.0 0.81
570.0 630.0 0.0 0.6
660.0 720.0 0.0 0.4
750.0 840.0 0.0 0.81

[Speed 1]
1.33
30.0   60.0 0.0 0.8
90.0   150 0.0 0.6
300.0  540.0 0.0 1.33
570.0 630.0 0.0 0.8
660.0 720.0 0.0 1.3
750.0 840.0 0.0 2

[Speed 2]
1.33
30.0   60.0 0.0 1.0
90.0   150 0.0 0.8
300.0  540.0 0.0 1.33
570.0 630.0 0.0 0.8
660.0 720.0 0.0 0.6
750.0 840.0 0.0 1.5

[Speed 3]
1.5
30.0   60.0 0.0 0.9
90.0   150 0.0 0.8
300.0  540.0 0.0 1.5
570.0 630.0 0.0 0.9
660.0 720.0 0.0 0.8
750.0 840.0 0.0 1.5

[Speed 4]
2
30.0   60.0 0.0 1.1
90.0   150 0.0 0.9
300.0  540.0 0.0 2
570.0 630.0 0.0 1.1
660.0 720.0 0.0 0.9
750.0 840.0 0.0 2

[speed choose matrix]
4 4 4 4 4 4 4 4 4 4 4 4 4 4 4 4 4 4 4 4 4 4 4 4 4 4 4 4 4 4 4 4 4 4 4 4 4 4 4 4 4 4 4 4 4 4 4 4 4 4 4 4 4 4 4 4 4 4 4 4 4 4 4 4 4 4 4 4 4 4 4 4 4 4 4 4 4 4 
4 3 1 4 1 3 3 4 1 3 4 2 2 2 4 2 3 1 2 1 3 1 4 4 1 3 1 2 2 3 2 1 4 3 4 2 1 4 4 2 1 3 4 3 2 3 4 2 2 2 3 4 1 2 3 2 1 2 2 1 4 2 4 4 1 4 4 2 3 3 4 3 1 2 3 3 3 4 
4 2 2 4 2 1 1 4 2 4 3 1 4 3 2 3 1 3 3 2 3 1 2 4 2 2 2 1 2 1 4 4 4 2 3 2 4 4 1 1 1 3 1 2 3 4 2 2 1 2 4 3 3 1 3 3 3 1 4 4 2 1 2 3 2 1 3 3 1 4 1 4 3 2 2 1 2 4 
4 3 1 4 4 1 1 1 3 1 4 2 4 1 3 2 4 4 1 1 3 4 3 2 2 3 4 1 2 1 4 4 1 3 4 3 2 3 3 1 2 3 3 4 3 3 1 4 2 3 1 2 4 3 2 2 1 4 4 2 4 1 3 4 2 1 2 4 3 4 4 4 1 4 1 4 4 4 
4 3 2 3 4 4 1 3 2 2 3 3 2 3 1 3 3 1 1 4 4 1 2 4 1 3 1 1 2 3 2 1 3 1 2 3 4 2 3 3 4 1 1 2 1 4 3 3 1 4 2 4 1 3 3 2 2 2 1 2 4 2 1 2 4 2 1 3 3 2 3 2 4 2 1 1 4 4 
4 1 3 2 2 1 4 3 2 2 2 2 4 1 3 3 4 1 1 1 3 1 1 3 1 3 3 3 2 1 2 3 4 3 3 3 4 2 3 2 4 1 1 4 3 3 1 3 4 3 4 1 3 4 3 3 3 3 4 3 4 3 2 1 3 1 3 3 4 2 3 4 3 1 3 4 2 4 
4 4 1 2 1 1 4 2 2 4 2 4 2 4 1 4 3 1 3 1 3 1 2 4 1 1 3 1 2 3 1 3 2 4 2 3 3 3 4 4 4 3 1 3 3 3 2 3 3 2 4 1 4 4 1 1 4 2 3 4 3 1 3 3 3 4 3 4 3 1 1 3 1 2 4 2 3 4 
4 3 1 3 2 4 1 1 1 4 3 4 3 3 3 2 3 2 2 4 4 2 1 1 1 3 3 2 1 2 1 2 2 1 2 3 4 2 3 3 4 4 2 3 2 1 3 2 1 2 1 1 4 3 4 3 3 3 1 4 2 1 3 3 1 4 2 2 4 3 4 3 1 3 4 3 3 4 
4 3 2 2 3 1 4 4 3 2 2 2 3 1 4 2 3 3 3 2 1 1 4 1 4 2 1 2 1 2 2 3 4 4 1 1 3 2 3 4 3 4 4 4 2 2 3 1 4 2 4 2 3 1 2 2 1 3 4 1 2 3 4 2 1 1 4 2 2 2 4 4 2 4 1 1 1 4 
4 4 2 3 1 4 1 3 2 3 1 1 1 3 1 2 3 4 1 2 4 2 2 2 1 2 1 4 3 1 4 1 1 4 2 2 2 2 4 4 3 2 1 3 1 1 1 1 2 2 3 2 2 4 1 3 3 1 4 3 3 4 3 4 1 1 4 2 2 2 4 2 4 2 2 1 1 4 
4 3 1 4 1 1 4 1 1 4 4 1 3 2 2 3 3 3 1 4 1 1 3 4 2 3 4 2 1 2 3 2 1 3 1 4 2 4 4 1 2 1 4 2 2 3 3 3 2 3 4 2 3 4 4 3 2 1 1 2 4 4 4 3 2 2 4 2 4 2 1 1 3 2 3 3 2 4 
4 2 2 3 2 4 2 1 3 2 2 3 4 3 3 1 2 4 4 4 3 2 2 1 3 3 1 3 4 1 4 4 3 1 3 2 2 3 1 4 4 4 4 3 3 3 2 1 4 4 4 4 3 3 1 1 3 1 1 1 1 4 4 2 4 4 1 1 1 2 3 4 4 4 4 4 3 4 
4 3 4 4 4 2 1 4 2 2 1 2 4 4 1 4 1 1 1 4 4 3 3 1 2 3 3 4 4 3 2 2 2 2 1 1 2 2 1 1 1 1 3 2 2 1 4 1 2 2 4 2 4 3 1 2 4 3 2 3 2 4 3 3 3 1 3 3 1 3 2 1 2 2 2 3 3 4 
4 1 3 4 4 1 3 1 3 4 1 3 1 1 2 3 4 4 2 2 2 3 2 3 1 3 1 4 2 3 3 3 1 2 3 2 4 3 2 2 2 2 3 4 4 1 2 1 4 3 1 4 2 2 2 3 2 1 4 1 4 4 4 1 4 3 4 1 2 1 2 4 1 3 1 4 4 4 
4 1 1 3 1 2 2 4 4 4 3 1 4 2 1 4 2 1 4 4 4 4 4 1 1 1 1 4 1 1 4 3 1 1 2 4 2 2 1 4 4 4 3 3 4 1 4 1 4 4 4 4 2 1 4 2 4 4 2 3 1 2 1 2 3 3 2 4 1 3 3 1 4 2 3 4 3 4 
4 2 3 3 3 4 4 4 4 1 1 1 1 3 1 3 3 1 3 4 2 1 3 4 3 3 1 1 1 3 4 2 2 3 1 3 1 1 4 2 1 2 3 2 3 4 3 3 2 2 3 2 1 3 2 2 1 4 2 4 2 1 4 3 1 1 2 1 4 4 3 4 3 1 3 2 1 4 
4 2 4 2 3 1 4 2 2 3 1 1 2 4 1 4 1 2 1 3 2 4 1 1 2 4 2 2 3 3 4 1 1 4 3 2 1 2 2 2 4 2 2 4 4 3 3 3 4 2 1 2 2 1 4 2 4 4 4 4 3 2 2 4 3 1 4 1 4 1 1 1 4 3 2 1 3 4 
4 2 3 1 3 4 4 2 3 1 2 1 1 1 1 1 3 2 4 4 2 3 2 3 1 2 2 3 1 4 4 4 3 2 1 3 3 3 1 4 2 4 1 1 4 1 2 1 4 4 4 2 1 3 2 3 2 3 1 2 2 3 4 1 3 1 4 2 4 1 2 4 2 4 3 4 3 4 
4 2 4 4 4 4 2 3 4 1 1 1 2 3 4 1 1 4 4 4 4 1 4 2 1 2 3 3 2 3 3 4 2 3 4 3 3 1 4 2 4 1 1 3 4 4 2 4 4 4 4 1 2 2 4 2 2 4 4 3 1 4 1 4 2 3 2 1 4 1 4 4 3 2 2 4 4 4 
4 2 1 3 4 3 1 4 4 4 4 3 2 3 2 2 2 4 4 3 3 3 1 4 4 3 1 4 1 2 1 2 2 1 3 2 4 4 1 1 3 1 1 2 4 4 1 4 3 2 4 1 3 1 4 4 1 2 3 3 1 3 2 1 1 3 1 3 3 1 4 1 2 3 4 4 3 4 
4 4 3 1 4 3 3 2 3 2 2 4 4 4 1 3 2 1 3 3 2 4 4 1 4 3 3 2 1 2 4 2 1 4 4 1 2 3 2 3 1 3 1 3 1 1 3 4 4 4 1 4 2 4 4 1 3 3 1 4 3 1 3 3 1 4 4 2 2 4 1 4 3 2 2 2 1 4 
4 1 2 4 3 2 3 1 1 3 2 4 2 2 2 1 2 2 3 1 3 3 4 4 3 3 1 2 2 3 4 2 4 1 4 1 3 3 4 1 2 1 4 1 1 1 4 2 1 1 3 1 1 3 3 4 2 4 3 1 4 1 3 3 1 4 4 4 3 2 3 1 2 1 3 3 3 4 
4 1 2 3 1 1 4 2 4 4 1 2 2 4 1 1 1 4 2 1 1 1 2 3 2 1 4 2 4 4 3 3 1 4 4 4 1 1 1 2 2 2 4 3 2 4 1 4 4 2 2 2 1 4 1 4 4 3 2 2 3 4 4 1 4 3 2 4 1 4 3 1 1 4 4 3 3 4 
4 1 3 1 2 1 1 1 2 2 1 4 4 4 3 1 4 4 4 1 1 2 2 3 3 2 1 2 3 1 2 1 3 2 4 2 3 4 1 1 3 4 2 2 4 2 1 4 4 3 2 4 3 2 2 1 2 3 1 2 4 1 1 2 1 1 1 2 2 3 2 2 3 1 4 3 2 4 
4 1 2 4 3 3 1 2 2 4 2 4 4 3 2 3 2 2 2 3 2 4 2 4 4 3 2 1 3 3 2 3 1 2 2 3 1 1 4 1 3 1 3 3 1 4 2 4 4 2 1 4 1 4 3 3 4 2 2 3 3 2 2 4 4 1 4 4 4 4 4 2 3 2 2 4 4 4 
4 1 2 1 2 3 4 1 1 1 3 3 2 4 1 2 4 1 1 2 1 2 4 2 4 2 2 2 1 4 3 4 1 1 4 3 1 4 4 2 1 3 1 4 3 2 1 1 1 1 4 2 2 3 1 1 4 4 3 1 3 2 2 2 1 1 3 3 4 3 1 1 4 3 3 4 2 4 
4 3 4 4 4 1 3 2 2 4 2 4 1 1 3 4 3 2 2 2 3 3 4 4 2 3 2 2 4 4 4 1 4 4 3 4 4 2 4 1 2 4 2 4 1 4 3 2 1 3 3 4 3 4 3 4 3 2 2 3 3 1 2 3 1 1 1 4 4 1 3 3 2 4 2 1 3 4 
4 1 4 4 4 1 4 2 2 3 4 2 1 3 2 4 1 1 1 1 4 2 4 3 3 3 1 1 3 3 3 1 4 2 2 4 4 2 4 1 1 1 3 4 4 1 2 1 4 3 3 4 3 4 2 2 3 3 1 2 1 2 4 3 4 4 3 4 1 2 2 2 1 2 1 4 2 4 
4 2 4 4 4 3 1 1 1 4 3 4 4 2 4 1 4 3 3 1 2 1 3 2 3 4 2 2 4 2 3 1 1 4 1 3 2 3 2 1 3 1 1 1 2 3 4 3 3 1 3 1 1 1 4 2 1 4 1 3 3 3 1 4 2 3 2 1 2 1 1 3 1 2 4 2 2 4 
4 2 4 3 4 1 3 3 2 3 4 3 4 2 1 3 2 4 3 1 3 3 4 2 1 3 2 2 4 3 3 4 1 4 2 4 3 3 2 2 1 2 4 3 3 2 3 1 3 3 2 4 1 3 1 4 2 3 4 3 2 4 4 1 4 1 4 4 2 1 3 4 1 1 2 4 2 4 
4 2 3 2 3 1 2 3 3 1 1 3 2 1 3 4 2 3 1 2 4 3 4 3 4 2 2 1 3 3 4 3 4 2 1 3 2 4 1 1 3 2 1 4 3 4 2 2 1 1 1 3 4 3 2 3 2 3 2 3 2 2 2 1 1 4 2 4 1 4 4 4 3 2 4 4 1 4 
4 1 4 1 1 4 2 4 4 2 4 2 4 3 4 1 2 2 1 4 2 1 1 3 3 3 4 2 3 4 2 4 4 4 2 3 1 1 4 3 2 2 4 2 3 4 1 4 1 4 3 4 2 2 1 3 1 1 1 4 3 3 2 4 4 1 1 3 2 4 4 1 2 1 2 4 4 4 
4 4 2 1 2 3 2 2 2 4 3 3 2 2 3 2 4 3 3 2 2 2 2 1 4 4 1 2 2 4 4 1 4 4 2 3 1 1 3 4 3 2 4 1 3 3 2 3 2 4 2 3 1 3 3 3 2 1 1 1 2 4 2 1 3 4 2 2 2 4 1 1 2 1 3 4 4 4 
4 2 3 1 4 4 3 4 1 4 2 3 2 3 1 2 3 4 2 1 4 3 1 1 1 1 2 2 1 1 1 3 4 2 2 4 3 2 3 4 3 3 3 2 2 1 3 3 2 1 4 2 2 4 4 4 4 1 4 3 3 4 4 2 4 3 3 1 1 1 1 4 1 2 2 4 2 4 
4 1 1 1 4 4 4 2 1 4 1 3 4 3 3 1 3 2 4 3 2 2 4 4 2 2 3 1 1 1 3 3 1 3 4 1 1 1 4 3 2 2 4 1 1 2 2 3 4 1 2 1 4 3 4 3 3 1 4 4 4 1 2 4 3 3 2 3 2 2 1 1 4 4 3 3 4 4 
4 3 1 4 1 1 2 1 1 1 4 4 4 2 3 1 1 1 1 3 2 2 4 4 3 2 2 3 2 2 3 2 2 1 1 4 2 4 1 1 2 4 3 1 1 3 3 1 1 3 4 4 3 1 3 2 3 3 1 2 4 1 3 3 2 4 3 4 1 2 4 2 2 3 2 2 1 4 
4 2 3 3 2 4 1 1 3 4 4 2 4 3 3 1 3 1 2 2 2 2 4 2 2 4 3 3 1 4 2 1 4 2 1 4 1 4 4 4 1 4 2 3 2 4 2 1 2 3 3 2 2 4 1 4 4 2 2 4 2 1 2 4 3 2 2 2 1 3 4 3 3 4 4 3 2 4 
4 2 2 4 4 1 4 3 3 3 4 1 3 4 4 1 4 2 3 3 2 2 3 3 2 1 2 4 2 4 1 3 3 4 4 2 4 1 2 1 2 3 3 2 1 1 3 3 2 2 3 4 1 2 1 4 3 2 1 2 4 2 4 4 3 3 3 1 2 1 3 1 4 2 2 4 3 4 
4 1 1 2 3 4 2 2 4 4 1 4 1 2 2 1 4 4 1 2 4 4 2 4 2 2 2 3 4 3 4 1 4 2 3 3 1 4 2 3 3 1 3 2 3 3 2 3 4 4 3 1 3 3 4 2 4 2 4 2 1 3 1 1 3 2 2 1 2 4 3 3 2 4 2 1 3 4 
4 4 1 4 2 3 2 2 1 2 1 3 2 3 2 4 3 4 3 1 2 3 2 4 1 2 2 2 1 1 2 2 3 2 3 2 1 2 4 4 4 4 2 4 4 3 1 4 3 1 2 4 2 3 4 1 1 4 2 2 2 3 3 3 1 3 1 2 1 2 3 2 2 1 1 3 4 4 
4 3 1 3 4 1 2 1 1 4 1 3 3 3 4 4 1 4 3 3 2 1 4 3 1 1 1 2 2 2 2 3 3 3 2 1 1 3 1 2 3 4 4 1 4 3 4 1 4 2 1 2 4 1 3 3 3 1 1 4 2 4 1 3 1 3 1 4 4 2 4 1 1 2 1 2 3 4 
4 3 3 1 2 4 2 1 2 4 2 2 2 1 2 2 3 2 1 3 3 3 2 3 1 4 3 2 4 1 4 4 4 1 1 2 2 1 4 1 3 3 4 1 4 3 2 1 1 4 1 3 2 2 4 1 2 2 1 1 1 1 3 1 2 1 2 3 1 3 1 4 4 4 2 4 4 4 
4 1 4 1 3 2 4 4 1 1 4 1 1 4 3 3 2 1 1 4 2 3 3 3 3 3 3 3 1 3 3 4 2 1 2 1 3 2 4 1 3 3 3 3 1 2 1 1 1 4 4 4 2 3 3 3 2 2 3 1 2 3 4 2 1 1 2 2 3 1 2 1 4 4 2 4 4 4 
4 2 1 2 1 4 4 3 1 1 2 2 2 1 4 1 3 1 1 1 4 3 3 2 4 4 2 2 3 4 1 3 3 3 2 4 3 2 1 2 1 2 2 2 4 3 4 4 1 3 3 3 3 1 4 4 1 1 2 4 3 2 4 4 4 3 1 2 4 4 3 1 2 2 1 4 2 4 
4 4 3 3 1 3 4 3 4 3 1 4 1 2 2 3 1 3 2 1 2 2 2 3 1 2 2 3 1 3 2 3 4 3 1 2 3 1 2 4 2 1 3 4 2 2 4 4 1 1 2 2 3 3 2 2 1 4 2 4 1 3 1 1 2 1 3 2 4 3 2 1 2 3 1 2 2 4 
4 4 4 1 3 4 1 4 1 1 2 3 4 2 4 1 4 3 3 4 4 1 4 3 4 4 1 2 1 1 2 4 2 2 1 2 4 4 3 1 1 3 4 2 2 3 2 3 4 1 2 4 1 1 4 1 2 3 4 3 2 3 2 4 3 4 2 1 1 1 3 1 2 3 1 4 1 4 
4 1 2 2 3 1 1 2 2 3 3 2 4 4 2 2 2 3 2 4 1 1 4 1 4 3 3 1 1 2 3 4 2 2 2 1 4 1 3 4 2 2 2 4 2 2 3 2 2 1 2 2 1 4 2 4 2 2 2 2 1 4 3 2 2 1 3 3 3 1 1 1 4 4 3 3 1 4 
4 4 4 3 1 3 3 4 3 4 4 4 4 2 3 2 1 3 3 1 2 3 1 2 2 1 2 3 2 1 3 3 3 1 1 2 2 3 2 3 3 3 2 1 2 3 4 1 2 3 1 4 1 3 2 4 1 4 1 1 2 1 4 3 4 1 4 1 4 2 2 1 3 2 1 4 3 4 
4 4 3 2 2 1 1 2 3 4 4 4 1 3 4 3 4 2 1 3 2 3 2 2 4 2 3 1 4 1 3 2 3 4 1 1 1 4 1 4 3 3 3 3 2 4 3 4 4 3 4 1 2 3 4 3 3 4 2 3 1 4 2 4 2 3 4 4 3 2 2 4 3 2 2 2 3 4 
4 3 3 4 4 2 2 3 1 4 1 1 4 1 1 1 2 3 2 4 3 2 2 2 4 2 1 1 4 3 2 4 2 1 2 4 3 4 4 4 4 2 1 4 4 3 3 3 1 2 1 3 2 4 1 3 3 2 2 4 1 4 1 2 3 3 1 1 3 4 4 3 2 1 3 1 4 4 
4 3 1 4 2 1 4 2 2 1 4 1 1 3 1 2 3 2 3 2 2 2 2 1 4 2 3 1 3 3 1 4 1 2 3 3 3 4 3 3 1 2 3 4 2 2 2 2 1 3 1 3 1 4 2 4 3 2 2 4 4 2 4 4 2 3 1 3 2 4 1 2 3 4 1 4 2 4 
4 1 4 3 2 1 1 3 3 2 3 1 3 1 3 1 4 3 4 3 1 4 2 3 4 2 2 1 1 4 1 2 2 3 4 2 1 1 2 2 4 4 4 1 1 2 4 1 1 2 4 2 1 1 4 1 1 2 2 1 4 3 4 2 4 3 3 2 1 2 2 3 4 1 1 3 4 4 
4 4 2 1 2 3 3 1 3 3 3 3 4 1 4 2 4 4 1 4 1 4 4 2 2 1 1 3 2 4 2 4 3 4 2 1 2 3 4 3 1 4 3 3 3 3 4 2 2 2 1 2 2 2 2 2 2 4 2 1 4 1 3 1 3 1 4 2 1 2 4 1 2 3 1 3 3 4 
4 4 3 3 4 3 2 3 1 2 4 1 4 2 4 2 2 1 3 3 3 4 4 4 2 1 4 2 4 1 2 2 2 1 4 3 4 2 4 1 1 2 4 3 2 2 1 2 4 1 1 3 1 1 2 4 2 3 1 3 4 2 3 2 2 4 4 3 3 3 2 1 2 1 3 3 3 4 
4 1 2 3 2 4 1 3 4 2 4 3 4 3 3 3 3 4 3 3 2 2 4 3 4 2 2 4 1 1 4 3 1 4 3 2 2 3 2 2 2 3 1 3 4 2 2 2 4 2 1 4 1 1 4 3 2 4 4 4 1 4 4 4 2 3 3 1 3 4 3 4 1 4 4 1 3 4 
4 4 3 1 2 2 1 1 4 1 2 2 1 4 3 3 3 2 4 2 4 3 4 2 4 4 4 4 4 2 2 3 2 1 2 1 3 4 1 2 3 3 3 1 4 3 4 2 1 1 2 4 1 2 1 4 3 3 4 2 4 3 2 4 3 4 2 2 3 1 4 4 2 2 4 1 1 4 
4 2 1 4 3 1 3 3 1 4 2 4 4 2 4 3 2 3 1 2 4 3 1 4 2 2 4 2 1 2 4 2 4 2 1 4 1 1 3 4 4 1 2 3 4 3 2 2 4 1 3 2 2 1 3 4 3 3 3 2 1 2 2 2 1 3 2 1 3 4 2 4 1 4 2 3 4 4 
4 4 3 3 2 1 1 3 1 4 2 1 1 1 2 3 3 2 1 2 4 4 4 3 3 1 2 1 4 4 2 4 2 1 3 4 1 4 1 1 3 3 4 3 1 3 1 3 4 3 1 3 4 2 2 3 1 1 1 1 2 2 4 1 1 4 2 3 2 1 3 3 2 3 3 4 2 4 
4 2 4 2 2 2 3 1 4 1 1 3 3 2 3 4 3 4 2 1 3 4 3 3 2 1 3 1 2 3 4 4 4 1 2 2 2 4 1 3 2 4 1 1 4 1 1 4 3 3 3 3 3 1 4 4 1 1 2 4 3 1 2 1 4 4 4 1 4 2 2 4 1 3 3 1 2 4 
4 1 1 3 1 2 2 1 2 1 3 4 1 1 4 2 3 1 4 3 1 4 2 4 4 1 3 3 3 1 1 2 2 2 2 4 1 3 3 2 2 4 2 2 4 3 4 4 3 4 4 1 4 1 4 1 4 4 2 1 1 4 2 4 3 1 2 3 2 4 1 3 1 3 2 2 4 4 
4 3 3 1 2 1 4 3 3 4 3 4 4 3 3 2 3 3 2 3 4 2 2 3 1 3 4 3 3 4 3 1 3 3 4 2 3 4 3 4 1 1 4 2 2 3 3 1 1 1 2 1 4 4 2 1 4 1 1 1 3 3 2 4 1 2 2 4 3 1 1 3 1 1 1 4 3 4 
4 1 4 4 1 3 3 3 4 2 2 2 1 1 1 4 3 4 1 3 3 4 3 2 4 2 4 2 4 4 3 1 4 2 2 2 2 3 2 1 2 2 3 1 2 4 1 3 2 2 2 4 1 1 1 4 2 2 4 2 4 1 3 2 4 4 4 1 1 1 3 3 3 3 2 1 3 4 
4 2 1 3 4 1 4 3 2 3 4 3 1 2 4 1 4 1 3 3 1 3 3 3 1 1 3 2 2 3 4 2 3 4 4 4 1 3 2 4 2 1 4 4 1 2 4 4 3 1 3 4 1 3 2 2 2 2 4 3 2 3 4 3 2 2 4 3 2 2 4 2 1 1 3 2 2 4 
4 1 3 2 2 4 4 4 4 1 4 3 4 1 3 1 4 2 4 1 2 1 3 1 2 3 2 1 2 4 4 4 3 4 3 4 2 1 1 4 4 3 4 3 1 3 3 4 2 2 1 2 1 3 1 3 4 3 2 2 4 2 3 2 4 3 2 4 1 1 1 2 1 4 2 1 3 4 
4 3 2 1 1 3 4 1 1 1 4 3 2 1 1 2 4 3 4 2 2 1 1 4 4 3 2 2 2 2 3 1 2 4 1 4 3 1 2 3 3 3 4 3 4 2 4 1 2 1 1 2 2 3 3 1 4 2 4 1 3 2 4 1 2 2 2 4 2 4 3 3 1 3 3 1 2 4 
4 3 2 1 2 3 3 2 2 2 1 2 1 2 2 2 4 2 2 4 4 1 4 3 4 2 3 2 1 4 4 1 1 1 4 3 2 3 3 4 3 2 1 1 3 4 1 4 4 1 4 1 4 1 2 1 4 2 3 3 2 3 4 1 2 4 3 3 4 4 1 4 3 3 3 1 1 4 
4 2 2 4 2 1 1 1 4 2 3 2 2 3 4 1 2 4 3 2 1 2 3 2 1 3 3 3 3 4 4 4 2 3 3 4 1 2 4 4 4 3 2 3 3 3 1 1 3 2 4 4 4 3 3 4 2 3 3 1 4 1 4 2 3 2 1 4 3 1 1 1 3 3 2 1 2 4 
4 3 2 4 3 2 4 2 1 3 4 3 3 3 1 2 4 3 1 1 4 1 3 1 3 2 4 4 4 1 2 4 4 4 1 4 4 1 2 2 1 3 3 2 1 2 4 1 1 4 4 3 2 4 3 1 2 3 2 3 4 3 1 4 1 2 1 1 4 1 1 3 3 2 4 3 2 4 
4 3 2 1 2 1 3 4 4 2 2 1 2 3 3 2 1 3 4 4 2 1 3 3 4 1 1 4 3 1 4 2 4 1 4 1 3 3 3 2 4 4 3 1 3 3 3 2 4 3 2 4 1 3 4 1 2 4 2 2 2 2 1 3 2 4 3 4 2 1 3 1 4 2 3 1 3 4 
4 3 4 3 3 1 1 1 4 4 3 1 1 2 2 2 3 3 2 3 3 1 1 2 3 2 3 4 1 4 1 3 2 1 3 4 4 1 4 2 3 1 1 4 4 4 1 2 4 1 4 3 4 1 2 3 1 1 4 2 2 3 1 2 2 1 1 1 1 4 1 2 1 2 4 1 3 4 
4 3 3 4 4 2 1 4 2 1 1 1 2 4 4 2 2 1 2 2 3 4 2 4 3 2 2 3 2 1 4 2 2 3 1 3 2 2 4 4 4 1 1 1 2 4 2 1 4 3 4 1 1 2 3 2 4 1 2 3 1 4 1 3 2 2 1 3 1 4 4 3 4 3 3 2 2 4 
4 3 2 3 1 1 2 2 4 4 2 4 3 3 3 4 1 3 4 2 3 4 2 2 2 3 3 2 1 4 1 3 1 3 4 1 4 3 4 1 4 1 3 1 4 1 4 1 1 3 2 2 3 2 2 2 2 1 4 3 1 2 1 1 4 3 4 3 3 2 3 1 2 4 2 4 1 4 
4 4 1 4 3 4 1 3 1 2 1 2 1 1 2 1 2 1 2 2 2 3 2 3 1 1 2 3 1 1 4 1 3 4 4 3 1 3 4 2 1 3 4 2 3 1 3 2 4 4 1 1 4 2 2 1 2 2 3 3 3 1 3 4 4 4 3 1 2 4 2 4 1 4 1 4 3 4 
4 2 4 2 1 1 3 4 1 2 3 2 3 3 3 4 4 4 1 3 4 3 1 2 3 4 2 4 4 3 3 2 3 3 4 4 3 2 1 4 4 4 1 4 4 1 3 4 3 1 4 4 4 4 2 2 3 1 1 3 2 2 1 1 2 4 2 2 3 3 4 3 4 2 3 3 3 4 
4 1 1 1 2 1 1 4 4 3 4 3 2 2 4 3 1 2 2 3 2 4 1 2 3 1 2 2 4 1 4 4 3 3 4 1 4 3 1 4 4 2 1 2 2 3 1 3 3 4 2 2 1 4 3 3 3 3 2 1 3 1 3 3 2 2 1 2 1 2 2 3 4 1 3 3 1 4 
4 3 3 4 1 1 2 2 4 4 3 3 2 2 4 3 2 2 2 3 3 1 1 3 4 3 1 1 2 3 2 2 2 4 2 2 4 3 2 3 3 1 2 1 2 2 3 2 1 1 3 2 1 2 2 1 2 3 1 1 1 4 4 3 4 1 1 2 3 2 4 2 2 3 4 1 4 4 
4 1 3 3 1 1 4 4 1 3 2 3 2 4 4 4 3 2 4 3 4 3 4 2 4 4 2 3 2 2 1 4 3 3 2 4 1 4 1 1 3 1 3 4 1 4 4 1 3 3 4 4 3 3 3 2 1 2 4 4 1 1 1 2 2 3 4 4 3 4 1 3 4 2 3 1 1 4 
4 4 4 4 4 4 4 4 4 4 4 4 4 4 4 4 4 4 4 4 4 4 4 4 4 4 4 4 4 4 4 4 4 4 4 4 4 4 4 4 4 4 4 4 4 4 4 4 4 4 4 4 4 4 4 4 4 4 4 4 4 4 4 4 4 4 4 4 4 4 4 4 4 4 4 4 4 4 

