77
1000
1000

[Node]
0  0  0   0  0
78 0  0   0  0

[pickup]
1       503686465      12          15
2       502788210      12          19
3       503824141      12          15
4       504654398      16          14
5       502791296      21          15
6       504900247      27          14
7       504483241      34          19
8       504633794      34          14
9       502801750      42          19
10      502795975      48          15
11      504561518      50          12
12      505121657      54          16
13      503641850      54          12
14      502795314      58          12
15      505163840      59          14
16      503221322      59          17
17      504896908      62          11
18      502799157      63          7
19      502795434      63          19
20      502795303      66          20
21      502801968      73          10
22      504609080      74          5
23      504697856      76          10
24      502795366      81          9
25      502794469      82          15
26      505031054      83          5
27      504449422      85          19
28      502786784      88          13
29      502792441      88          20
30      502794188      88          5
31      503262469      90          11
32      502970886      91          7
33      502794343      93          18
34      504467528      99          13
35      504940819      117         20
36      502799697      118         10
37      505012229      118         20
38      505045728      131         19
39      502791365      133         8
40      502787519      143         12
41      505071203      145         6
42      503074303      193         6
43      504139409      203         12
44      504783206      208         18
45      503122205      209         8
46      505129431      216         11
47      502787235      219         6
48      504695606      219         8
49      502786497      221         17
50      505122342      228         8
51      504814520      229         14
52      502947479      233         6
53      504783211      233         5
54      502786541      238         17
55      502990031      253         7
56      502786503      256         10
57      502794727      270         19
58      502794583      272         7
59      502798415      277         19
60      503557118      290         13
61      504589401      300         11
62      503838473      312         19
63      504783121      336         7
64      503299570      354         12
65      502976944      364         17
66      502787837      370         18
67      502787651      398         12
68      503157758      436         17
69      505188477      441         13
70      502789207      487         5
71      502785857      498         15
72      502797193      544         11
73      502785770      587         14
74      503208855      624         18
75      502789312      963         12
76      502795654      1000        18
77      504970852      1000        15

[Speed 0]
0.81
30.0   60.0 0.0 0.6
90.0   150 0.0 0.4
300.0  540.0 0.0 0.81
570.0 630.0 0.0 0.6
660.0 720.0 0.0 0.4
750.0 840.0 0.0 0.81

[Speed 1]
1.33
30.0   60.0 0.0 0.8
90.0   150 0.0 0.6
300.0  540.0 0.0 1.33
570.0 630.0 0.0 0.8
660.0 720.0 0.0 1.3
750.0 840.0 0.0 2

[Speed 2]
1.33
30.0   60.0 0.0 1.0
90.0   150 0.0 0.8
300.0  540.0 0.0 1.33
570.0 630.0 0.0 0.8
660.0 720.0 0.0 0.6
750.0 840.0 0.0 1.5

[Speed 3]
1.5
30.0   60.0 0.0 0.9
90.0   150 0.0 0.8
300.0  540.0 0.0 1.5
570.0 630.0 0.0 0.9
660.0 720.0 0.0 0.8
750.0 840.0 0.0 1.5

[Speed 4]
2
30.0   60.0 0.0 1.1
90.0   150 0.0 0.9
300.0  540.0 0.0 2
570.0 630.0 0.0 1.1
660.0 720.0 0.0 0.9
750.0 840.0 0.0 2

[speed choose matrix]
4 4 4 4 4 4 4 4 4 4 4 4 4 4 4 4 4 4 4 4 4 4 4 4 4 4 4 4 4 4 4 4 4 4 4 4 4 4 4 4 4 4 4 4 4 4 4 4 4 4 4 4 4 4 4 4 4 4 4 4 4 4 4 4 4 4 4 4 4 4 4 4 4 4 4 4 4 4 4 
4 2 3 3 2 4 2 2 1 4 2 3 3 2 4 2 3 1 3 3 2 1 2 2 1 3 3 2 2 3 1 2 3 1 4 2 1 3 1 2 3 1 1 3 1 4 3 1 1 3 2 1 4 4 2 2 1 2 1 4 2 1 2 4 3 4 2 1 4 3 4 3 1 3 3 1 4 4 4 
4 1 1 2 3 3 3 4 1 2 3 4 1 4 2 2 2 3 1 2 4 1 3 3 2 3 4 3 1 2 3 4 2 2 1 3 4 3 4 1 3 4 1 4 2 1 4 3 2 4 3 4 3 2 4 2 1 4 3 1 3 1 2 1 1 1 1 3 2 1 2 4 3 2 1 4 4 4 4 
4 3 1 4 1 1 3 1 2 3 2 3 2 3 2 4 4 1 4 3 4 4 4 3 1 4 4 4 1 4 1 4 3 3 4 1 4 2 4 1 4 2 3 1 4 4 1 2 3 1 2 2 2 4 2 2 4 1 3 2 3 2 3 3 4 3 2 2 3 4 1 2 3 2 3 4 2 3 4 
4 1 1 2 3 1 4 1 3 4 3 1 4 2 1 1 4 1 2 2 4 2 2 3 3 3 4 3 1 2 1 1 3 2 3 1 1 4 4 3 3 1 3 2 2 4 2 3 3 3 4 3 3 3 2 2 2 1 2 3 2 1 2 1 4 3 4 1 1 3 3 3 1 4 2 1 4 4 4 
4 4 3 3 2 1 4 4 4 3 1 1 3 3 2 1 3 3 1 3 4 2 1 2 2 2 4 2 3 2 4 3 3 1 1 4 4 3 1 1 4 2 3 4 4 3 2 2 1 1 3 2 1 4 3 1 4 2 4 1 1 1 4 1 3 1 2 1 2 1 4 2 4 4 3 2 2 3 4 
4 3 1 2 2 1 1 2 1 3 1 4 1 2 3 2 2 1 4 2 2 2 4 2 2 1 4 2 1 4 2 3 1 2 2 3 3 2 4 4 2 4 3 2 1 2 4 2 4 2 2 3 1 2 4 4 1 3 3 4 4 1 1 2 2 1 1 1 2 2 2 3 2 2 1 2 4 2 4 
4 3 4 3 4 2 4 2 3 4 4 2 2 4 3 4 1 1 2 2 4 3 1 4 2 2 4 3 2 1 2 3 3 4 2 1 3 3 2 1 4 2 1 4 3 2 1 2 2 2 1 2 3 1 1 4 3 3 4 4 4 4 1 2 2 1 1 4 1 1 2 3 2 4 4 1 3 3 4 
4 2 4 1 2 2 3 1 2 1 2 3 4 4 2 2 3 2 4 3 1 2 4 1 4 3 1 2 3 4 2 3 3 2 2 1 2 3 4 2 2 2 2 2 4 1 1 2 2 2 1 1 1 3 2 4 4 4 4 2 3 4 4 2 2 2 1 2 1 1 1 3 2 3 4 4 4 1 4 
4 1 4 2 1 2 1 4 3 4 4 3 1 1 1 4 2 2 2 2 4 4 4 4 4 3 3 3 1 3 1 4 2 4 3 2 2 2 3 2 3 2 1 4 4 3 2 1 3 3 2 2 2 4 2 4 4 2 3 2 4 3 2 4 1 3 3 4 3 1 2 3 2 3 1 2 4 1 4 
4 2 2 2 1 3 4 1 1 4 3 1 1 2 3 3 1 2 1 1 2 4 3 4 4 2 3 2 3 4 1 3 1 4 1 4 2 4 3 1 3 3 4 3 3 3 4 3 3 3 2 1 3 3 3 2 1 3 2 1 2 3 3 3 4 1 3 4 1 4 2 4 2 3 1 2 2 4 4 
4 3 3 2 1 4 3 3 3 2 1 1 3 3 2 2 1 3 4 2 1 1 1 2 3 2 3 2 1 1 3 2 4 3 1 1 4 1 3 2 4 2 2 4 3 3 3 2 2 3 4 3 4 4 3 4 2 1 3 3 2 4 1 2 3 2 1 1 2 4 1 2 4 3 1 3 2 1 4 
4 1 2 4 4 4 1 4 1 1 3 1 3 2 1 2 3 4 1 3 2 1 2 1 1 2 2 3 2 2 1 2 1 2 2 3 4 2 3 3 4 2 3 1 3 1 1 4 4 2 1 4 4 4 3 3 2 3 1 1 2 2 2 1 1 4 4 2 2 3 1 3 1 1 2 4 1 2 4 
4 3 2 3 1 4 3 3 4 1 3 2 1 4 4 2 1 1 2 3 1 4 2 1 3 2 1 2 1 2 1 2 1 4 3 2 1 4 2 3 3 1 3 2 1 2 4 3 3 4 3 2 4 4 1 1 4 3 3 1 4 2 2 3 1 2 3 2 3 2 3 3 4 4 3 2 1 1 4 
4 4 2 2 2 3 2 4 3 3 4 3 3 4 1 4 4 2 1 1 3 2 3 1 2 3 3 1 4 1 4 4 4 1 1 4 4 4 2 1 3 3 4 1 3 2 4 4 2 1 1 3 3 2 2 3 1 3 2 2 4 3 3 2 2 4 2 2 3 2 1 4 3 4 3 1 4 4 4 
4 2 1 4 1 1 3 1 4 3 2 4 3 4 2 3 2 4 2 1 1 1 1 4 2 1 4 4 1 2 4 2 1 4 4 2 2 3 4 3 3 3 3 2 2 2 4 1 3 3 2 1 3 3 1 4 1 1 2 1 3 2 3 3 4 2 3 2 2 1 2 3 4 2 1 3 2 2 4 
4 3 1 3 4 4 4 1 3 2 4 4 3 4 3 4 1 1 1 2 2 3 3 2 1 4 4 4 3 3 4 1 3 3 4 4 1 2 1 1 4 1 1 2 4 3 4 4 3 2 2 3 2 3 2 1 1 4 2 3 1 3 1 3 2 1 2 3 1 4 1 2 4 1 1 3 1 1 4 
4 1 3 2 2 1 4 4 1 2 3 1 4 2 1 1 1 4 2 1 1 4 3 1 4 3 2 3 3 4 1 4 4 2 3 3 2 2 4 2 4 1 2 2 3 3 3 2 4 3 2 1 2 3 2 1 2 3 1 2 2 3 1 3 2 4 2 1 4 3 1 1 1 4 4 3 1 2 4 
4 3 4 2 1 3 4 1 4 4 3 3 3 1 4 1 1 4 3 2 4 3 1 3 3 2 3 1 2 2 4 1 4 3 4 3 4 1 2 3 2 1 4 3 4 3 3 1 1 2 4 2 1 1 1 4 1 3 3 3 1 3 3 1 3 1 2 4 2 4 3 2 3 4 1 4 4 4 4 
4 4 1 3 4 1 2 1 3 2 4 1 2 3 2 1 3 2 1 2 3 2 4 1 4 1 2 1 4 1 3 3 4 4 3 1 4 4 4 4 3 4 4 3 2 2 3 3 1 1 2 4 2 3 1 2 4 2 2 2 2 3 4 4 4 4 2 1 4 4 2 4 4 4 2 4 4 4 4 
4 1 1 1 3 3 4 4 2 1 1 1 3 3 2 3 2 3 3 4 3 4 2 4 1 3 1 2 3 4 1 3 2 3 2 3 1 2 4 2 4 3 3 4 4 1 2 1 4 3 2 3 4 3 3 3 3 3 1 1 1 4 1 2 1 2 4 4 4 1 3 3 3 1 1 2 3 2 4 
4 1 1 2 3 4 2 1 4 1 1 3 4 1 3 2 4 1 1 2 4 1 2 2 2 4 3 3 2 2 4 2 4 1 2 2 3 3 2 3 1 3 1 2 3 1 1 4 3 1 3 4 4 3 1 4 1 1 3 2 2 2 4 4 3 3 1 4 1 3 2 1 3 2 2 4 2 1 4 
4 3 4 3 2 2 2 2 4 1 3 2 4 1 1 1 1 3 3 1 1 1 4 4 3 1 1 4 4 4 3 3 4 1 2 3 4 2 4 1 4 1 4 3 1 4 3 2 3 4 2 1 2 2 1 4 4 4 3 4 3 4 4 2 1 1 3 1 2 1 1 2 2 1 1 1 1 1 4 
4 2 4 1 2 3 3 2 1 1 4 2 1 3 3 2 3 2 2 1 3 1 1 2 1 1 1 2 1 3 1 1 2 2 4 3 4 3 1 4 2 1 1 1 3 1 2 3 2 2 3 1 3 3 3 4 4 1 4 1 4 1 4 3 4 2 2 2 4 3 3 3 4 4 4 3 4 3 4 
4 1 3 2 4 2 4 3 1 1 3 4 2 2 1 1 1 4 3 1 4 1 1 2 3 4 1 3 3 4 3 4 1 3 1 2 1 3 4 4 4 4 3 4 4 2 1 1 3 1 1 2 4 1 4 4 2 1 1 2 2 3 3 1 3 4 1 4 1 3 4 4 3 4 1 1 1 3 4 
4 3 2 4 1 3 3 4 4 4 2 2 3 2 2 1 2 4 4 4 3 1 4 4 3 3 2 4 4 1 2 3 1 2 1 1 1 4 2 4 4 4 1 4 3 1 2 4 4 1 2 3 4 1 1 3 1 1 2 2 4 4 3 1 4 4 3 2 3 1 3 1 1 1 4 2 1 1 4 
4 2 4 3 3 2 3 1 4 3 4 2 1 2 1 4 1 1 3 3 1 3 4 1 4 3 2 3 4 2 1 2 3 1 4 1 1 1 4 1 2 2 2 2 1 1 3 2 4 2 1 2 4 2 3 4 3 1 4 2 3 4 3 4 1 3 1 1 4 3 3 2 3 1 4 4 2 2 4 
4 4 2 1 1 1 1 1 4 4 4 3 1 2 2 1 4 2 1 2 1 3 3 3 1 3 4 3 2 1 3 2 2 2 2 2 3 1 3 3 1 1 1 1 1 4 4 2 4 1 4 1 1 3 3 4 1 4 2 4 3 3 3 2 4 2 2 2 4 1 1 4 4 3 4 1 2 1 4 
4 2 4 2 4 3 4 2 3 3 4 1 1 1 1 2 4 1 2 2 1 4 2 3 1 2 2 4 4 4 4 4 4 3 4 2 4 3 1 4 3 1 2 3 2 4 2 4 2 3 3 1 1 3 2 3 3 1 2 3 1 3 3 1 4 2 4 3 4 3 4 2 1 4 4 2 4 3 4 
4 2 3 4 1 3 3 4 1 4 3 4 1 2 3 2 4 1 4 2 1 3 3 1 3 1 2 4 2 3 2 2 3 2 1 4 4 4 4 4 4 3 2 3 4 4 2 2 1 3 4 1 1 4 1 2 2 3 3 4 2 1 4 1 2 2 2 2 3 4 4 1 2 3 4 2 2 1 4 
4 1 3 1 4 2 3 3 4 4 3 4 1 1 2 4 2 4 2 3 2 1 2 2 2 4 1 1 1 2 2 1 2 3 4 3 4 3 4 1 1 4 1 4 2 3 1 3 4 1 1 2 2 3 4 1 2 3 2 3 4 2 3 2 2 2 1 2 1 2 3 3 4 1 4 1 1 3 4 
4 1 2 2 3 4 2 4 1 1 2 1 3 4 1 3 4 1 3 3 3 3 2 1 1 1 4 3 1 4 2 2 2 1 1 1 3 3 4 2 4 3 4 1 1 4 1 3 3 1 1 3 2 4 4 2 4 1 4 1 3 2 4 2 4 1 1 2 2 2 4 4 1 1 4 2 1 3 4 
4 3 2 3 1 3 2 3 2 1 3 3 3 4 4 2 2 1 1 3 3 2 4 4 2 2 2 2 2 2 3 2 2 3 2 1 4 1 4 2 4 4 4 2 3 4 2 3 1 3 4 2 2 1 3 3 3 2 2 2 4 3 3 4 1 3 2 4 2 1 4 4 2 4 4 3 1 3 4 
4 1 2 2 2 3 3 4 2 1 1 2 3 3 3 1 1 2 1 2 4 4 2 1 4 4 1 4 4 3 3 1 4 1 1 2 1 3 1 1 2 2 3 3 2 1 3 1 4 1 1 2 3 4 2 3 1 1 1 1 2 4 4 4 3 4 3 4 4 3 2 2 2 2 1 4 1 2 4 
4 4 4 1 2 4 4 4 2 2 1 3 3 1 1 4 2 2 1 4 2 2 4 4 1 3 1 4 4 3 1 4 4 4 4 4 1 2 2 4 3 3 3 1 4 2 1 2 3 4 1 2 4 3 3 3 3 3 1 4 2 3 1 4 2 4 2 2 4 2 2 1 2 1 4 4 2 1 4 
4 4 1 2 2 2 2 1 2 4 2 4 4 1 4 3 1 2 2 4 1 1 4 4 2 1 3 3 1 4 1 4 1 4 2 3 3 1 4 1 3 1 3 2 1 1 3 1 4 2 3 3 2 3 2 3 1 3 1 1 2 3 3 2 4 1 4 1 1 1 2 2 3 3 3 4 3 4 4 
4 3 1 3 2 1 4 4 1 3 3 4 1 4 1 1 2 1 4 4 2 2 3 1 3 3 2 3 3 3 3 2 1 4 2 4 2 3 2 4 3 1 4 1 4 2 4 4 4 3 1 1 1 4 1 3 3 4 1 2 4 2 2 2 1 3 1 3 1 3 1 4 1 1 2 2 1 2 4 
4 3 2 1 2 1 1 4 3 2 4 1 3 2 1 3 4 4 3 4 1 2 2 2 4 4 4 1 1 4 2 1 4 2 4 3 1 3 1 1 3 3 3 4 1 2 4 4 4 3 2 4 4 3 2 4 3 3 1 3 3 3 3 2 3 1 4 1 2 3 1 1 1 3 1 4 4 3 4 
4 3 2 2 4 4 4 1 1 4 1 1 4 2 3 2 1 1 1 1 2 1 3 1 4 3 4 4 4 1 1 1 2 1 3 4 3 1 4 2 4 4 3 1 1 1 3 4 4 1 3 4 3 3 2 1 2 1 4 4 1 1 4 4 1 3 2 2 2 4 2 3 1 2 4 4 3 1 4 
4 1 1 3 3 2 3 4 1 4 1 4 4 2 3 3 2 3 1 2 3 1 1 1 4 1 4 2 4 4 2 4 3 1 4 2 3 4 4 2 3 1 4 3 1 4 1 3 3 1 3 4 3 1 3 2 2 1 4 4 1 3 2 4 3 2 4 1 1 1 3 1 1 2 2 1 4 1 4 
4 1 3 2 1 1 4 3 1 2 2 1 1 3 4 4 4 3 4 2 3 4 4 4 4 4 1 1 3 1 2 2 1 2 4 4 3 3 1 4 3 4 3 4 3 1 3 2 3 3 3 4 1 2 4 3 1 2 3 4 3 3 1 4 3 2 4 3 1 4 1 1 2 4 1 2 2 3 4 
4 3 3 3 4 2 3 1 2 3 4 3 4 3 2 3 2 1 1 1 3 4 1 3 2 3 4 4 1 4 1 2 3 3 1 3 4 1 1 2 2 4 1 3 3 3 2 4 4 2 3 1 2 3 3 1 4 3 2 3 4 3 4 1 1 1 2 1 1 2 2 1 2 4 3 3 1 2 4 
4 1 2 4 4 2 3 2 1 3 2 2 4 1 1 3 2 1 4 3 3 3 2 1 3 1 4 4 1 1 4 2 4 1 2 4 1 3 3 2 1 2 4 4 4 4 2 1 2 3 2 4 2 1 1 3 2 4 4 4 1 1 2 3 4 1 4 1 4 4 4 1 4 2 2 1 1 1 4 
4 1 2 1 2 2 4 2 4 2 4 3 3 4 4 3 4 1 3 3 2 3 4 4 1 4 2 2 3 2 4 4 4 2 2 1 4 2 3 4 2 1 2 3 1 4 2 4 3 1 4 2 3 1 2 3 1 1 4 3 3 4 3 4 1 3 2 2 2 3 3 3 4 4 3 2 1 4 4 
4 4 2 1 4 1 2 2 4 2 1 1 1 1 1 1 1 4 3 4 3 1 3 1 1 3 3 3 1 4 2 2 2 3 4 4 1 2 3 1 3 2 1 3 2 1 2 1 1 3 3 2 4 1 3 1 4 1 4 4 4 3 1 1 3 2 2 4 2 2 2 2 3 4 1 1 2 4 4 
4 3 1 3 2 4 1 1 1 3 1 2 2 2 1 3 1 3 1 2 1 3 4 3 1 1 2 4 2 1 4 2 2 4 4 2 4 3 3 1 3 3 2 1 3 3 3 2 2 2 2 3 3 2 3 2 2 2 1 4 4 3 4 3 2 3 3 1 2 3 3 4 3 1 3 1 3 2 4 
4 3 4 3 2 1 1 1 3 1 3 2 4 1 3 1 3 4 4 1 1 1 1 2 4 2 1 2 4 2 1 3 4 2 4 3 4 1 2 1 3 4 2 4 4 3 3 4 2 4 3 2 2 1 3 1 1 3 2 3 3 3 4 3 2 1 4 3 3 2 3 3 3 2 2 1 1 2 4 
4 2 1 3 4 1 1 2 2 2 1 2 1 1 4 3 2 1 4 4 4 4 4 4 4 3 4 4 2 3 2 4 3 2 1 2 1 2 1 3 4 3 3 4 1 1 4 4 4 3 2 4 3 3 4 4 4 3 4 3 4 3 2 1 2 4 3 2 4 2 3 4 4 4 3 2 3 3 4 
4 3 4 1 2 3 2 2 3 4 2 1 2 4 2 3 3 3 1 2 2 3 3 4 4 4 2 3 4 2 1 2 2 2 2 1 4 4 2 3 2 2 1 2 2 3 2 2 3 1 4 2 4 1 3 3 1 4 2 2 2 3 4 4 3 4 3 3 4 3 4 3 3 3 2 3 2 3 4 
4 4 1 2 4 2 2 4 3 3 2 4 2 2 4 3 2 4 3 3 3 3 2 2 4 3 2 4 4 4 4 1 4 2 1 4 1 4 4 1 3 3 4 3 1 4 2 3 1 3 2 3 2 2 3 1 2 2 3 2 3 3 4 3 3 1 3 4 4 1 1 1 3 3 1 1 3 2 4 
4 1 1 1 1 1 3 3 3 3 2 3 4 2 3 4 3 2 2 2 2 4 4 2 2 3 2 4 1 1 3 1 4 3 2 1 4 4 4 4 4 1 1 4 4 1 3 2 1 1 3 4 4 2 4 4 4 1 3 2 2 3 4 4 4 2 4 2 2 2 4 2 1 3 1 1 3 2 4 
4 4 3 4 1 1 4 1 3 3 1 3 2 3 4 3 4 2 3 1 1 2 2 4 3 4 4 4 3 1 2 1 1 4 3 3 1 4 4 3 1 2 3 2 2 3 1 4 4 2 4 1 2 3 2 2 3 3 3 3 4 2 3 1 2 3 3 3 1 1 2 3 3 2 4 2 2 3 4 
4 2 2 3 4 2 3 2 1 3 3 2 3 3 4 3 2 4 1 3 4 1 2 3 4 3 2 1 1 1 4 4 2 2 3 2 3 2 3 4 4 2 4 1 1 4 1 1 3 1 1 4 4 2 1 2 4 4 1 4 1 2 2 4 1 1 4 2 2 3 1 4 3 4 3 4 3 2 4 
4 4 3 4 4 2 3 1 2 3 3 4 3 3 3 1 3 1 4 2 2 1 4 1 1 1 1 4 3 2 4 4 4 4 3 1 1 4 2 3 3 1 2 3 3 4 3 3 4 2 2 3 1 2 1 2 4 1 1 3 2 1 3 4 3 1 2 4 2 2 1 4 2 4 2 2 1 4 4 
4 1 2 2 2 3 1 2 3 3 3 4 1 4 3 2 2 4 1 4 4 4 4 1 3 3 4 3 1 3 2 1 3 2 1 2 1 2 1 2 3 3 3 1 4 4 1 1 2 1 1 1 4 1 2 4 4 2 4 3 1 4 1 1 1 1 4 4 2 4 2 3 4 1 4 2 3 3 4 
4 3 4 2 1 4 2 3 2 1 4 3 1 1 3 4 4 4 3 1 4 2 3 3 4 3 3 3 2 2 1 3 3 1 2 2 3 3 1 4 4 1 1 1 1 3 4 1 1 4 4 4 2 1 3 3 4 4 4 1 3 3 3 3 1 1 3 4 2 2 1 1 4 3 3 2 2 3 4 
4 4 2 1 4 2 3 4 3 3 3 4 2 1 3 3 4 2 3 3 3 1 2 4 4 2 3 4 2 1 3 2 3 4 3 1 4 4 2 3 1 1 1 1 2 4 2 2 4 3 3 4 1 4 3 4 4 4 3 2 4 3 2 2 4 1 2 1 1 1 3 4 3 4 4 4 2 1 4 
4 2 4 2 1 2 4 3 4 1 4 3 1 2 1 2 2 2 2 1 2 2 1 2 1 2 3 2 4 1 4 1 4 3 4 3 2 4 3 2 1 4 2 2 1 1 3 4 2 4 4 3 1 4 2 1 3 3 1 4 3 1 3 1 2 2 3 4 1 4 1 2 2 4 1 3 1 4 4 
4 3 4 4 4 2 1 2 1 1 4 2 4 3 3 3 3 1 4 1 4 1 3 2 1 2 4 2 2 4 2 2 1 1 1 3 2 2 2 1 4 2 4 2 3 2 3 4 3 2 4 1 1 4 1 4 1 4 2 2 2 2 2 1 3 3 1 4 3 2 2 2 3 2 3 2 1 4 4 
4 3 2 3 4 3 1 1 1 3 3 1 1 2 4 1 4 4 2 3 2 1 4 1 2 1 2 3 3 4 2 3 2 3 4 3 1 4 1 3 3 2 2 1 1 4 3 4 2 4 1 2 2 1 2 3 4 3 1 4 2 4 4 2 1 3 2 1 3 1 3 3 1 4 4 2 1 1 4 
4 3 4 2 2 2 4 1 1 4 2 3 4 3 4 4 2 3 2 1 4 3 2 2 3 4 2 1 4 1 2 1 2 3 1 1 3 2 4 2 2 2 2 3 3 1 1 3 3 1 4 3 4 3 4 2 3 3 1 2 1 4 3 1 3 3 3 2 4 2 2 3 3 3 2 1 4 1 4 
4 3 3 2 4 4 2 3 1 3 3 4 2 1 1 4 4 4 2 2 3 1 4 4 3 3 3 1 3 4 2 3 1 4 4 1 4 3 1 4 2 3 1 4 4 1 3 3 2 3 3 4 3 3 4 3 4 1 1 3 2 4 4 4 1 4 1 1 4 2 1 4 3 1 1 4 3 1 4 
4 3 3 3 1 3 3 4 3 1 4 1 4 1 1 4 1 4 3 3 3 3 4 2 2 4 4 4 2 1 1 1 4 1 2 2 1 2 4 3 3 1 1 1 2 2 3 4 2 2 4 4 3 1 3 2 2 2 2 4 1 3 4 3 3 4 2 4 3 1 2 1 1 2 1 3 3 3 4 
4 1 4 3 1 1 3 2 2 2 1 3 1 3 1 2 3 4 3 1 2 1 4 1 3 2 2 1 3 1 4 3 3 3 1 2 1 4 2 3 1 2 2 4 1 1 4 3 2 4 2 3 1 4 2 4 3 3 3 4 4 2 1 3 3 2 4 1 3 4 1 3 2 2 1 4 3 1 4 
4 4 2 3 4 1 1 2 1 2 1 1 2 2 3 4 1 2 4 1 2 1 1 1 2 2 4 3 2 3 2 4 2 1 4 2 3 3 4 2 3 3 3 1 3 4 1 3 4 4 1 4 2 2 2 3 3 3 4 3 2 2 2 3 4 2 3 1 3 3 4 1 4 3 3 2 4 4 4 
4 1 1 3 3 1 4 4 3 1 4 1 2 3 4 3 3 1 2 1 1 2 1 3 1 2 1 1 3 1 1 3 3 2 2 4 2 2 3 2 3 2 2 2 1 2 4 1 2 2 1 4 2 4 4 2 1 4 2 1 4 1 2 3 4 1 4 1 1 1 4 4 4 1 2 3 4 4 4 
4 2 3 1 2 3 1 4 2 1 2 2 3 2 2 3 4 4 3 4 4 2 2 4 2 4 3 4 4 1 2 1 3 4 3 4 4 3 2 3 4 1 2 3 1 3 3 4 3 2 4 4 1 2 2 4 3 3 1 3 1 3 3 2 1 4 4 1 1 3 1 2 2 1 4 3 2 1 4 
4 1 3 3 2 3 2 3 2 2 4 1 3 3 1 3 4 2 4 4 1 1 4 3 2 1 2 3 4 3 3 1 3 4 1 1 4 4 2 3 1 4 2 1 2 2 4 3 1 4 3 3 4 2 3 2 3 4 2 2 1 4 4 4 1 3 4 4 4 2 3 3 1 1 2 3 1 3 4 
4 2 1 1 3 3 4 3 4 4 4 3 1 1 3 3 4 2 3 1 4 3 1 1 4 2 3 3 4 2 1 4 3 2 2 2 4 1 1 1 4 1 4 3 2 3 3 2 1 3 3 4 3 3 2 3 3 3 4 2 3 4 3 1 1 2 1 1 1 3 4 1 3 1 1 4 4 4 4 
4 2 2 4 4 3 1 2 4 1 4 4 1 2 1 3 3 2 2 2 4 2 2 2 3 2 3 1 4 2 4 2 4 3 3 4 4 4 3 2 2 3 4 2 2 4 4 3 4 3 3 2 3 3 2 4 2 3 3 4 3 1 2 3 1 2 3 4 1 4 3 1 4 1 3 2 4 4 4 
4 4 1 1 2 2 2 3 3 3 1 1 1 2 3 4 4 2 1 4 4 1 3 2 4 3 1 1 1 4 2 3 1 4 4 3 4 2 3 1 4 2 1 3 1 3 2 4 3 1 3 4 3 3 3 3 2 3 4 3 1 3 1 4 2 4 2 1 4 1 2 4 3 1 1 1 1 2 4 
4 2 2 1 2 4 2 3 4 3 1 3 3 2 1 1 1 3 1 2 1 3 3 4 3 4 2 2 2 4 4 3 2 1 1 4 3 4 1 3 3 2 4 3 2 3 4 1 4 4 1 2 2 3 2 1 2 4 4 4 2 1 2 4 4 1 3 2 1 2 4 1 2 2 4 3 3 4 4 
4 2 4 4 3 4 1 4 1 4 3 3 3 2 1 4 4 1 2 3 2 2 4 4 4 4 2 3 3 2 3 1 2 4 4 3 2 2 1 2 3 3 3 3 1 1 1 2 2 1 4 3 2 1 2 4 3 1 1 3 4 4 2 2 4 4 1 2 3 4 2 2 4 3 1 3 4 2 4 
4 4 3 4 4 3 2 1 1 1 2 1 4 1 2 2 1 4 2 1 1 3 1 3 4 3 3 4 4 3 3 2 3 4 3 1 2 1 1 3 3 1 4 4 1 1 1 2 1 3 1 2 4 4 4 2 2 4 1 3 1 1 4 3 1 2 2 3 3 1 2 2 2 3 4 3 4 1 4 
4 2 1 2 4 1 3 2 1 1 1 4 4 4 1 2 4 3 2 4 3 3 1 3 2 2 1 1 3 2 2 1 4 1 4 1 4 2 4 4 4 1 3 3 1 2 2 1 3 1 2 3 1 4 2 4 3 4 4 2 3 1 4 2 4 3 1 4 1 1 4 3 3 4 1 3 4 1 4 
4 3 1 2 4 3 2 3 4 1 2 4 4 3 4 3 4 3 2 3 2 1 2 1 4 2 4 3 2 3 2 1 3 4 1 4 2 3 2 4 3 3 4 1 2 3 4 3 3 3 1 4 2 1 2 3 1 2 2 4 2 4 3 3 1 2 1 2 3 2 2 4 3 2 2 4 2 1 4 
4 2 4 4 2 3 2 1 2 2 3 3 3 4 2 4 4 1 4 2 1 2 2 4 1 2 3 2 3 2 4 2 2 1 4 2 3 1 3 1 1 3 4 1 2 2 1 1 4 2 3 3 2 1 4 4 2 4 4 1 4 1 4 1 3 4 3 1 2 2 1 3 1 1 4 1 1 2 4 
4 4 1 3 3 1 4 2 3 1 1 4 2 1 1 1 2 2 1 3 1 2 1 4 4 4 1 3 2 2 2 1 3 3 4 1 3 2 1 1 3 3 4 1 4 2 1 1 2 1 1 3 4 3 2 2 1 3 3 1 1 1 1 2 1 1 2 1 3 4 2 2 2 4 3 2 1 1 4 
4 4 4 4 4 4 4 4 4 4 4 4 4 4 4 4 4 4 4 4 4 4 4 4 4 4 4 4 4 4 4 4 4 4 4 4 4 4 4 4 4 4 4 4 4 4 4 4 4 4 4 4 4 4 4 4 4 4 4 4 4 4 4 4 4 4 4 4 4 4 4 4 4 4 4 4 4 4 4 

