79
1000
1000

[Node]
0  0  0   0  0
80 0  0   0  0

[pickup]
1       504389727      17          17
2       504885456      17          7
3       503617238      26          6
4       502789527      27          7
5       504459921      27          11
6       504925786      27          18
7       504693588      29          8
8       504757015      29          5
9       504537707      32          12
10      505128819      32          20
11      505123014      37          13
12      505198338      39          11
13      505170366      40          11
14      503161393      41          13
15      504398964      42          17
16      502787525      44          19
17      504910673      46          11
18      504865786      50          15
19      504870492      50          12
20      505150270      54          11
21      504844669      56          18
22      502939981      57          19
23      502890094      60          12
24      503167459      62          19
25      504959841      68          13
26      504960935      75          15
27      504042384      78          5
28      504930826      80          18
29      505229192      83          14
30      504654384      88          20
31      505150249      96          10
32      502786500      97          8
33      502793597      104         19
34      503629917      105         20
35      503556497      108         8
36      505107611      109         16
37      503284249      111         8
38      504940824      117         9
39      505147775      121         12
40      503242004      123         11
41      502796205      131         8
42      502789170      137         14
43      504930829      139         10
44      503107234      143         9
45      502997308      149         7
46      503304580      161         14
47      504904607      164         10
48      502786496      165         5
49      503167442      168         10
50      505096954      177         20
51      504795387      182         19
52      505229193      183         12
53      504467511      184         17
54      505235087      188         8
55      504941658      193         14
56      502789900      196         11
57      502786498      203         19
58      504783211      211         13
59      503168027      223         20
60      504950887      244         18
61      504040924      255         17
62      504940738      256         11
63      502786497      259         17
64      504427291      282         16
65      504639383      287         8
66      504959617      330         15
67      503240587      348         17
68      502787519      373         10
69      504938844      374         14
70      502786863      384         5
71      504507032      458         18
72      503825659      543         9
73      504783205      578         16
74      503635633      578         16
75      504938851      603         10
76      505123006      654         9
77      502792352      1000        12
78      502794642      1000        8
79      504783210      1000        20

[Speed 0]
0.81
30.0   60.0 0.0 0.6
90.0   150 0.0 0.4
300.0  540.0 0.0 0.81
570.0 630.0 0.0 0.6
660.0 720.0 0.0 0.4
750.0 840.0 0.0 0.81

[Speed 1]
1.33
30.0   60.0 0.0 0.8
90.0   150 0.0 0.6
300.0  540.0 0.0 1.33
570.0 630.0 0.0 0.8
660.0 720.0 0.0 1.3
750.0 840.0 0.0 2

[Speed 2]
1.33
30.0   60.0 0.0 1.0
90.0   150 0.0 0.8
300.0  540.0 0.0 1.33
570.0 630.0 0.0 0.8
660.0 720.0 0.0 0.6
750.0 840.0 0.0 1.5

[Speed 3]
1.5
30.0   60.0 0.0 0.9
90.0   150 0.0 0.8
300.0  540.0 0.0 1.5
570.0 630.0 0.0 0.9
660.0 720.0 0.0 0.8
750.0 840.0 0.0 1.5

[Speed 4]
2
30.0   60.0 0.0 1.1
90.0   150 0.0 0.9
300.0  540.0 0.0 2
570.0 630.0 0.0 1.1
660.0 720.0 0.0 0.9
750.0 840.0 0.0 2

[speed choose matrix]
4 4 4 4 4 4 4 4 4 4 4 4 4 4 4 4 4 4 4 4 4 4 4 4 4 4 4 4 4 4 4 4 4 4 4 4 4 4 4 4 4 4 4 4 4 4 4 4 4 4 4 4 4 4 4 4 4 4 4 4 4 4 4 4 4 4 4 4 4 4 4 4 4 4 4 4 4 4 4 4 4 
4 2 1 3 4 2 2 3 4 4 2 3 2 2 4 3 2 3 2 1 3 1 1 2 1 4 3 2 3 1 2 2 3 1 3 2 2 1 3 1 4 4 1 4 1 4 2 1 1 2 4 1 4 2 4 3 1 4 3 2 3 3 2 1 4 1 3 3 4 4 1 2 2 3 2 1 3 3 2 2 4 
4 1 2 1 1 3 1 2 2 4 1 2 1 2 2 4 3 2 1 3 3 1 3 3 4 2 2 1 1 3 2 4 1 3 2 2 4 3 4 4 4 1 1 2 3 3 3 4 4 3 4 2 4 2 4 2 3 4 3 2 4 2 4 3 1 3 4 4 2 4 3 2 4 4 2 3 3 1 2 1 4 
4 3 3 4 4 4 2 2 2 4 2 2 4 1 1 1 4 4 2 2 1 1 4 1 2 4 1 1 2 4 1 3 1 2 4 2 1 1 2 1 3 3 3 4 2 2 1 1 3 2 1 3 3 3 2 2 4 2 3 4 3 3 3 2 3 1 1 4 2 3 2 3 2 3 3 2 2 2 4 1 4 
4 4 1 4 3 3 4 4 4 2 1 2 3 3 4 4 1 3 1 2 2 3 4 2 2 3 1 4 1 3 1 4 3 2 3 3 3 3 3 2 2 1 4 2 4 2 1 2 4 1 3 2 2 3 2 1 2 3 2 3 2 1 1 2 4 1 1 3 2 4 1 3 3 3 4 3 1 1 4 1 4 
4 2 3 4 2 1 3 1 3 2 4 2 4 1 1 3 1 3 1 4 2 1 1 1 4 3 2 3 1 1 3 1 1 2 1 1 4 3 4 1 2 4 3 4 1 2 3 2 1 4 4 1 1 3 1 1 4 4 1 4 3 3 2 2 4 1 4 3 1 3 2 4 2 2 4 3 1 4 3 1 4 
4 2 2 4 2 4 1 3 3 2 1 2 3 4 3 3 4 4 4 1 4 4 3 3 2 2 2 2 4 4 3 3 3 4 3 2 4 1 1 2 1 1 3 3 3 4 4 4 3 4 3 3 2 2 4 2 4 4 2 1 4 1 3 3 2 3 1 3 3 4 3 3 4 4 4 1 1 4 3 3 4 
4 3 1 3 4 3 3 1 2 4 3 4 3 1 1 3 2 3 2 3 3 4 3 2 3 3 4 2 4 1 3 4 2 4 1 2 4 2 2 4 1 4 1 3 2 3 4 2 2 2 1 4 3 3 4 4 3 3 2 3 2 1 2 4 2 1 1 2 4 3 4 4 4 1 2 1 1 2 1 1 4 
4 3 2 4 1 1 4 2 2 1 2 4 2 4 1 4 3 2 4 1 4 3 4 4 4 1 2 3 2 2 3 2 1 2 3 1 1 1 3 2 1 3 3 1 1 1 1 1 4 4 2 3 2 4 2 3 1 4 1 4 3 1 2 2 4 4 4 4 2 4 2 3 4 1 2 3 3 4 3 1 4 
4 2 2 1 2 3 3 2 1 1 2 2 3 3 3 4 4 2 2 4 2 1 1 2 1 4 3 3 3 4 2 2 4 3 3 2 3 1 3 3 2 3 4 4 2 4 3 3 1 4 2 1 1 3 3 1 1 1 4 2 2 4 3 3 4 1 2 2 4 3 1 4 4 3 4 3 3 2 4 2 4 
4 2 3 2 1 4 4 3 4 4 2 4 3 2 1 4 4 2 2 1 4 1 3 4 1 2 1 3 4 3 1 4 1 3 2 2 4 3 1 3 2 1 1 1 2 3 2 2 1 1 3 4 3 3 1 1 3 2 2 1 1 4 2 3 3 4 4 3 1 2 2 3 2 1 1 2 1 4 2 2 4 
4 3 2 4 3 2 1 3 1 2 3 4 4 4 1 1 2 1 3 4 4 1 1 3 1 4 4 1 4 1 2 1 1 3 3 1 2 4 1 4 2 4 3 1 1 4 1 4 2 3 2 4 1 1 3 3 4 4 1 3 3 4 4 3 4 2 1 4 1 3 4 4 2 3 1 4 1 2 3 2 4 
4 1 3 4 1 2 3 2 2 1 1 4 3 3 4 3 4 4 3 3 1 3 3 2 3 2 1 1 4 4 4 1 4 1 2 4 2 3 1 4 4 4 4 3 1 3 1 2 1 3 2 4 1 1 1 2 1 3 1 2 3 4 4 3 2 2 2 2 4 2 2 3 2 1 4 4 1 4 3 3 4 
4 1 1 3 2 1 2 4 2 2 2 2 2 4 3 1 4 2 3 3 1 4 2 4 4 4 1 1 3 3 1 2 1 1 2 2 4 3 1 1 3 3 3 1 3 1 3 2 3 3 2 4 1 4 1 2 3 2 3 1 2 3 2 4 4 3 4 1 1 3 2 4 3 4 3 4 4 4 4 4 4 
4 3 3 1 2 4 1 3 2 2 2 1 4 2 4 4 4 3 3 2 1 3 4 2 1 1 3 4 3 2 1 2 4 4 3 3 4 2 3 4 2 2 2 4 4 4 1 3 1 1 2 2 2 2 1 3 3 2 2 4 3 2 4 3 3 3 3 1 3 2 2 2 2 1 1 1 2 3 3 1 4 
4 2 1 4 1 1 4 4 4 3 4 3 4 3 3 4 2 1 4 4 3 1 1 4 1 3 4 3 4 3 3 3 4 3 2 1 1 2 1 4 4 2 2 2 3 2 3 2 3 4 3 2 3 3 2 1 2 2 2 1 2 1 2 2 2 1 2 2 3 3 2 1 1 1 2 1 3 1 1 1 4 
4 3 1 4 1 1 1 2 4 1 2 2 2 2 2 1 3 3 1 4 1 4 1 3 4 1 1 2 3 3 1 1 3 4 1 2 3 3 1 4 2 4 1 1 1 2 3 1 3 3 4 3 4 4 1 2 4 4 4 3 3 2 2 4 2 4 1 2 2 4 4 4 4 3 4 1 4 2 1 4 4 
4 3 2 1 3 2 3 1 4 1 1 3 1 4 3 4 3 3 1 1 2 4 2 3 4 2 4 2 4 4 1 4 1 3 2 1 2 3 3 3 3 2 3 1 1 4 4 2 2 4 2 2 4 1 3 4 2 3 4 4 1 1 2 4 1 2 1 1 3 2 1 2 3 3 4 1 2 4 4 3 4 
4 1 2 3 2 2 2 4 1 2 4 2 2 1 4 1 2 4 2 4 1 4 2 1 2 1 1 1 1 2 1 4 3 2 4 3 2 3 4 1 1 4 4 3 4 1 3 2 2 4 4 2 2 3 3 4 1 2 1 1 2 4 1 2 3 4 2 1 2 3 4 2 3 2 2 4 3 2 1 2 4 
4 3 3 4 4 4 2 4 4 4 4 2 2 4 2 2 3 1 3 3 2 3 4 1 1 4 2 3 3 4 4 3 4 4 2 4 3 3 3 2 3 4 1 1 4 4 3 3 4 3 4 3 1 4 4 3 2 1 1 1 3 1 4 3 1 4 4 4 1 4 4 3 3 3 2 2 2 3 1 2 4 
4 2 2 3 3 4 4 3 4 3 1 4 1 3 3 3 2 1 2 2 3 1 3 4 2 4 3 4 1 4 4 1 3 3 1 1 1 2 4 4 2 4 3 2 4 3 4 3 3 2 1 4 4 3 1 4 2 2 1 4 2 1 2 1 2 3 4 4 4 2 2 2 1 1 3 3 3 2 1 1 4 
4 1 4 2 4 4 4 1 1 4 4 3 1 4 4 1 4 4 4 3 3 2 1 4 3 3 3 4 1 4 4 3 2 2 4 1 3 1 2 3 1 4 4 2 4 1 2 3 4 2 4 4 2 3 4 3 3 1 3 2 1 2 3 2 4 4 3 1 1 3 4 1 1 3 2 3 2 1 3 4 4 
4 2 3 3 3 2 3 2 4 2 4 3 3 1 3 1 3 4 4 4 3 2 4 4 4 3 4 4 3 2 1 4 4 1 2 3 4 3 1 1 3 1 2 4 4 1 1 2 4 4 1 3 2 4 4 1 3 1 1 2 1 4 4 1 2 2 3 4 3 4 3 2 4 3 4 2 4 1 4 3 4 
4 3 2 3 3 2 3 4 3 2 2 2 3 2 4 2 3 1 3 3 2 3 4 1 4 3 3 2 2 4 2 3 3 2 1 3 1 1 4 2 4 2 4 3 1 3 2 3 2 4 4 1 2 2 4 3 2 1 2 3 1 2 2 4 4 2 3 2 4 3 4 4 1 3 4 4 3 2 4 4 4 
4 2 1 1 1 1 3 2 2 4 2 3 3 3 2 4 4 2 1 1 4 4 2 1 4 4 4 1 3 2 1 2 1 3 4 1 4 3 1 2 4 2 3 3 4 1 3 1 1 4 2 2 3 4 1 1 1 1 1 1 4 1 3 3 2 1 2 4 2 4 1 4 3 4 2 4 2 3 4 1 4 
4 3 3 1 3 2 2 2 1 2 4 4 4 3 2 4 4 2 1 1 4 4 1 4 1 3 3 2 3 3 1 4 4 3 3 2 3 1 3 1 4 1 2 3 1 1 2 3 1 1 2 2 3 4 2 4 1 3 4 3 4 2 3 4 4 3 4 1 2 3 4 2 2 1 1 3 4 3 3 2 4 
4 1 1 3 2 3 4 1 2 2 4 1 4 1 1 2 3 4 2 4 2 3 3 3 2 4 4 2 1 2 2 3 4 4 4 2 4 4 1 2 1 1 3 4 2 3 3 4 1 4 2 1 1 4 1 2 1 1 2 3 3 4 1 4 1 1 3 2 3 1 2 3 2 2 4 3 3 2 2 4 4 
4 3 4 3 3 3 1 3 1 1 1 3 2 1 4 1 2 2 2 4 2 3 2 4 1 2 4 2 2 2 1 2 4 4 2 4 1 3 2 2 4 2 4 2 1 3 2 4 3 1 3 2 4 3 3 3 1 2 3 2 1 2 4 3 2 1 3 1 3 1 3 3 1 1 3 1 1 2 3 3 4 
4 2 4 1 4 2 4 3 2 2 1 2 2 2 1 1 4 3 2 4 3 3 4 1 2 2 4 3 4 1 3 1 1 3 3 4 3 3 4 2 3 1 4 4 4 3 3 4 3 2 2 3 2 3 3 1 2 2 3 3 2 2 2 1 3 1 1 2 4 4 2 1 1 1 2 3 3 2 2 3 4 
4 2 2 2 4 2 2 1 1 4 3 3 1 2 2 3 4 2 3 4 1 2 1 1 4 4 2 1 3 2 1 1 2 1 4 2 1 4 3 1 1 2 1 1 1 4 3 4 1 4 2 1 3 4 1 2 4 4 1 1 1 1 1 2 4 3 4 2 1 3 3 4 2 1 2 3 2 3 4 2 4 
4 1 1 2 3 4 4 1 2 3 2 2 3 4 2 3 3 1 2 3 1 3 4 1 3 3 1 3 2 4 2 4 4 2 2 4 3 2 3 4 4 1 4 4 4 4 4 2 2 1 2 1 1 2 2 1 1 1 4 1 4 4 4 2 4 4 2 4 4 4 4 2 1 4 4 4 4 1 3 4 4 
4 2 2 4 4 4 2 3 2 4 2 4 4 3 2 3 4 4 3 4 1 1 3 4 2 1 4 3 3 3 1 4 4 1 1 3 3 4 3 4 4 2 3 3 4 1 4 1 4 4 1 2 1 1 4 2 1 2 4 1 3 1 2 1 2 3 4 1 1 2 1 1 4 2 2 4 3 1 3 2 4 
4 4 4 1 2 1 2 4 2 1 4 3 1 4 4 1 1 3 4 4 4 4 1 2 2 4 2 1 2 3 3 3 1 3 3 2 4 3 1 1 1 3 2 2 2 3 2 4 4 4 3 4 2 4 4 1 2 2 1 4 2 2 1 4 2 4 4 3 4 1 2 2 3 3 2 4 3 1 4 1 4 
4 4 1 1 1 3 1 2 3 1 1 2 4 2 3 2 2 3 3 1 2 3 3 2 3 1 2 3 3 3 2 1 2 1 2 2 4 3 3 2 1 3 2 4 1 3 3 4 3 3 4 4 2 3 3 2 3 1 1 4 2 1 1 3 3 3 3 2 3 3 4 2 2 1 2 2 2 3 2 3 4 
4 4 2 4 4 2 4 3 3 1 2 3 4 3 3 2 1 1 4 2 2 2 4 4 4 2 1 3 3 3 2 4 3 4 4 2 1 3 3 4 3 2 1 2 4 4 4 1 2 1 3 2 1 2 4 1 4 4 2 3 3 1 1 1 2 4 3 4 4 3 3 2 4 3 3 3 3 1 2 2 4 
4 1 1 4 3 3 2 3 2 3 4 4 2 4 1 4 3 2 3 1 3 4 2 4 4 3 4 1 4 3 1 2 4 4 3 4 3 4 3 2 4 2 1 4 3 3 4 3 3 3 1 4 1 3 4 4 2 4 1 2 3 3 3 2 4 3 2 4 2 3 3 4 1 3 2 3 2 1 1 2 4 
4 1 2 1 2 1 4 3 1 1 2 4 4 3 2 1 2 2 3 3 2 4 3 3 3 3 3 1 4 2 1 2 4 3 3 2 3 2 2 3 2 3 1 2 2 1 4 2 4 3 1 3 2 2 3 4 1 2 2 4 2 1 3 2 1 2 2 3 4 3 3 1 1 1 4 4 1 2 4 1 4 
4 3 1 3 2 3 1 3 2 1 1 2 2 3 4 1 4 3 4 4 4 3 2 4 4 4 2 3 2 1 4 2 4 4 3 1 1 4 2 4 3 4 4 4 3 2 3 4 1 1 2 2 1 4 2 1 4 2 1 2 3 1 3 3 4 1 1 4 2 3 2 4 1 2 1 3 2 4 1 4 4 
4 3 1 1 2 3 4 2 4 4 1 3 4 1 4 3 4 2 2 2 2 4 3 1 2 1 2 1 3 3 4 3 2 3 4 1 1 2 4 1 3 2 4 2 2 4 4 2 2 1 3 4 1 2 1 1 1 4 4 3 1 1 4 3 4 3 3 4 4 1 2 1 1 4 4 3 2 2 3 1 4 
4 2 2 3 2 4 3 1 2 3 3 1 3 2 4 4 2 1 3 2 4 3 1 2 2 2 1 3 2 4 3 4 1 2 1 1 3 2 3 1 1 4 3 2 2 4 1 3 3 2 3 1 4 1 2 1 1 4 2 3 1 2 2 3 2 3 1 4 3 4 3 2 4 1 3 2 1 1 1 3 4 
4 4 4 1 2 1 2 4 4 4 1 4 4 2 2 4 4 2 3 2 4 1 4 2 2 1 3 3 4 3 2 1 4 1 2 2 3 1 2 2 1 2 3 4 2 4 4 1 2 2 4 4 4 2 2 3 4 4 4 1 1 4 4 1 3 1 1 1 2 2 2 3 2 3 3 1 1 4 2 2 4 
4 1 1 3 2 2 2 2 2 4 2 3 4 2 1 1 4 2 1 3 4 3 2 3 3 1 1 3 4 4 4 2 1 1 3 3 1 2 3 3 3 3 1 4 4 1 2 3 4 2 3 1 2 3 3 2 4 4 1 3 1 1 2 3 2 4 1 2 3 2 3 3 1 1 2 1 2 2 1 2 4 
4 2 4 3 1 2 1 4 3 2 3 4 4 2 2 4 3 2 1 3 2 2 4 2 2 2 1 2 1 4 2 2 4 2 2 1 1 1 2 2 3 1 4 1 2 4 1 2 4 2 1 2 3 2 4 1 3 3 3 4 2 4 2 3 4 4 4 4 3 3 1 4 1 1 1 2 4 1 3 4 4 
4 4 1 2 4 4 1 1 3 4 3 3 1 1 2 4 3 1 1 3 2 2 3 1 1 2 2 1 2 1 2 1 2 1 4 3 3 3 4 1 4 1 2 2 3 4 1 3 4 4 4 2 4 4 3 1 3 3 2 1 2 1 3 1 3 1 1 2 1 1 4 4 3 1 4 3 1 3 4 2 4 
4 4 1 4 3 1 3 3 3 3 4 2 1 1 4 2 1 2 3 3 3 4 4 3 2 1 2 2 4 4 2 4 1 3 3 1 1 4 1 2 4 4 2 3 2 2 1 1 2 2 1 2 2 1 2 3 4 4 4 3 1 2 1 1 2 3 1 3 1 1 1 2 2 1 3 1 3 4 4 4 4 
4 3 1 1 1 2 1 2 2 3 2 2 2 2 2 1 4 3 3 2 4 2 2 3 3 2 1 1 2 3 2 4 3 3 3 2 1 3 4 3 2 2 2 1 2 1 3 3 4 4 2 4 1 4 1 4 4 2 1 4 4 3 2 2 2 1 2 2 2 4 3 4 1 4 2 4 3 3 1 3 4 
4 4 3 1 2 3 3 2 2 4 1 4 3 1 3 4 4 4 1 3 3 2 3 4 4 4 1 3 4 1 2 2 4 2 2 1 4 1 4 1 4 2 3 3 2 3 4 2 3 4 1 4 1 2 4 4 2 1 2 2 4 3 2 1 2 2 1 4 3 1 3 1 2 1 1 2 4 2 4 3 4 
4 2 3 1 2 2 4 2 4 1 2 1 4 1 1 2 3 3 4 3 2 2 2 3 2 3 4 2 1 1 1 2 3 4 1 4 1 3 1 1 3 2 3 1 2 2 4 4 3 3 4 4 1 3 2 1 1 1 2 1 3 4 3 1 2 4 3 1 2 4 4 2 4 4 2 1 1 2 2 1 4 
4 4 3 4 3 2 3 1 1 1 1 4 4 1 3 2 4 1 2 2 2 2 3 3 3 2 1 2 4 1 2 2 2 2 3 1 1 1 4 4 2 2 1 1 4 2 1 2 2 4 3 3 2 4 4 4 1 2 3 2 2 3 3 2 2 1 4 3 1 1 2 4 3 2 2 2 2 3 1 1 4 
4 2 1 1 4 2 4 4 3 3 4 4 3 2 4 4 1 1 1 3 2 2 4 1 4 4 2 4 4 2 1 3 3 3 2 2 1 1 1 4 3 4 2 1 2 2 4 4 1 4 2 4 2 3 4 4 1 1 2 1 4 1 2 1 4 1 1 4 1 4 1 1 2 1 4 2 1 1 2 3 4 
4 3 3 3 4 3 1 2 1 4 3 2 4 1 4 1 4 3 3 4 3 4 2 1 1 2 1 2 1 2 1 1 4 1 1 4 2 3 4 3 2 2 3 4 4 1 1 4 1 4 2 2 4 1 2 3 2 4 1 3 3 1 4 3 3 3 1 4 3 3 2 3 2 1 3 4 4 4 2 2 4 
4 1 2 1 2 4 1 3 2 2 2 4 3 1 3 4 4 2 3 1 2 1 3 3 1 3 2 1 3 2 4 3 4 2 2 1 4 4 3 1 3 2 3 2 3 1 3 2 2 1 3 2 2 4 1 4 2 3 1 3 3 2 3 1 2 4 1 4 1 1 1 2 4 4 1 4 2 3 1 1 4 
4 2 4 3 4 4 3 1 1 4 1 4 4 2 2 2 4 2 4 1 2 2 3 1 3 4 4 2 1 3 1 1 3 2 2 2 3 3 1 3 1 4 2 4 4 3 4 1 4 2 3 1 2 3 2 2 4 1 2 3 4 1 3 3 3 2 1 1 2 3 2 1 2 4 3 2 2 3 2 4 4 
4 1 3 1 3 4 1 1 1 2 3 2 3 2 4 1 1 1 1 2 2 4 2 4 4 2 1 4 1 2 3 2 1 1 3 3 2 2 1 3 1 4 4 1 1 2 3 3 4 3 1 2 2 1 3 4 2 1 2 4 3 3 2 4 1 4 2 1 1 2 1 4 4 3 1 1 2 4 2 2 4 
4 4 1 2 1 1 3 1 4 3 4 1 1 2 1 3 2 3 4 1 2 3 3 4 1 2 4 2 1 2 4 1 3 4 1 2 3 2 1 1 2 3 1 1 1 4 1 2 3 1 3 2 4 3 1 1 1 2 4 1 1 1 1 2 2 2 4 1 3 2 4 3 1 4 4 1 1 3 1 4 4 
4 4 1 1 1 1 2 4 3 4 1 4 4 2 2 2 4 1 2 3 2 3 3 4 2 4 2 2 4 3 3 2 4 3 4 4 4 2 3 1 1 4 1 2 1 3 3 3 1 2 4 2 1 2 4 2 4 4 3 2 2 2 4 2 2 3 3 2 3 3 4 3 3 4 2 1 1 4 1 4 4 
4 2 4 2 4 1 4 1 4 4 1 2 4 3 1 3 2 2 4 2 1 2 4 1 2 1 4 2 1 3 4 4 3 3 2 3 2 3 4 3 4 3 2 4 4 3 2 1 2 4 2 2 2 4 1 1 1 2 4 2 3 3 1 1 3 1 3 2 3 1 3 1 1 4 1 3 2 3 4 3 4 
4 3 2 2 2 2 1 2 4 2 2 2 1 2 4 2 3 3 1 4 1 1 1 3 1 2 4 2 1 3 2 1 1 1 2 4 2 4 2 2 1 4 1 1 4 3 1 2 3 3 3 3 1 3 4 2 2 1 3 2 4 3 4 3 2 1 4 2 3 1 2 3 1 2 1 3 4 1 4 1 4 
4 3 3 3 4 3 4 3 1 1 2 4 3 4 2 3 4 1 4 3 4 2 4 2 2 4 3 4 3 3 2 3 1 3 3 1 4 1 4 3 3 4 3 1 4 3 2 2 3 2 4 2 4 2 3 3 4 1 4 1 4 1 3 2 2 4 4 3 1 3 4 2 1 4 4 1 4 4 4 2 4 
4 3 2 3 1 1 4 4 3 4 2 2 4 3 2 3 3 2 2 3 4 2 1 3 4 1 4 2 4 2 4 4 3 4 3 2 1 4 3 2 2 2 2 4 2 3 2 1 4 2 3 1 1 2 1 2 3 4 1 2 4 2 3 2 4 1 2 3 3 1 1 2 3 1 2 2 1 1 2 4 4 
4 1 3 2 1 2 3 1 1 3 2 3 2 3 3 1 4 2 3 1 3 3 2 4 4 1 4 3 1 2 4 3 4 2 3 2 3 1 1 2 1 3 1 3 2 2 1 3 4 2 4 4 1 1 2 2 4 4 3 1 1 2 2 1 1 2 3 3 4 4 4 1 3 2 1 1 1 1 2 4 4 
4 4 4 1 4 3 3 1 1 2 2 3 3 4 3 3 3 4 3 2 4 1 4 3 4 2 4 3 3 3 3 1 1 3 1 2 1 4 4 3 2 2 1 3 4 3 4 2 3 2 4 4 2 3 1 1 4 2 1 3 2 2 1 1 2 4 2 3 4 3 2 2 2 1 3 3 4 4 4 3 4 
4 3 1 1 4 4 1 3 3 1 3 1 4 3 4 1 2 1 2 2 3 2 4 3 1 1 3 3 2 1 4 1 4 4 2 3 1 4 1 2 2 3 4 2 2 3 2 3 3 4 2 3 2 1 4 4 1 3 3 4 3 4 1 4 4 4 1 2 3 3 1 3 1 2 4 2 1 3 4 4 4 
4 1 1 3 1 1 1 2 3 2 4 2 4 3 1 2 2 4 2 1 3 2 2 3 2 3 3 1 1 2 2 3 3 4 4 1 3 3 4 1 4 3 2 2 3 1 1 1 3 1 3 2 4 2 1 2 4 1 2 3 1 3 2 2 3 3 3 3 4 4 1 1 3 4 3 3 2 1 3 1 4 
4 4 1 4 3 3 4 2 3 3 1 4 2 1 4 4 1 3 4 3 2 4 3 1 3 2 1 1 2 2 1 3 2 1 3 1 2 1 2 4 4 3 1 4 2 4 2 1 1 2 4 3 1 2 4 3 1 1 2 4 2 1 2 4 1 4 3 1 2 4 2 2 4 3 3 4 3 3 1 4 4 
4 1 2 1 3 3 1 2 4 2 3 3 3 3 4 2 2 2 1 2 2 2 1 4 1 1 3 2 2 4 2 1 4 4 4 4 1 4 4 1 3 3 4 2 4 2 1 4 4 3 1 3 1 4 1 2 2 4 4 1 1 3 2 3 2 1 3 1 4 1 4 2 4 3 4 3 4 4 2 2 4 
4 4 4 4 3 4 4 1 1 3 3 1 1 2 1 2 2 1 1 2 4 1 3 2 2 1 2 3 4 4 4 3 3 2 3 4 3 1 1 4 2 4 2 4 3 4 1 4 1 3 3 2 3 3 3 2 3 4 1 2 3 1 1 2 2 4 2 3 3 1 4 2 1 1 1 2 3 3 2 4 4 
4 2 4 4 4 1 2 4 4 1 3 4 3 2 3 4 2 1 1 1 4 3 2 1 2 1 4 4 1 4 4 4 1 3 3 3 4 3 3 2 4 3 1 3 3 3 3 3 2 1 2 4 2 4 4 2 4 4 2 3 4 4 3 1 4 3 1 3 4 1 4 3 1 1 2 2 3 2 1 3 4 
4 2 1 3 1 4 3 3 4 3 1 4 1 3 1 3 2 2 3 1 2 4 3 3 3 4 4 4 4 4 3 2 1 4 1 3 3 1 2 3 1 1 2 2 1 4 1 1 4 1 1 4 2 2 4 2 2 4 4 3 1 3 1 4 3 3 4 1 2 1 4 2 1 4 3 3 2 2 4 4 4 
4 3 4 4 3 1 2 3 2 4 3 1 4 4 2 2 4 1 1 2 1 4 4 2 2 1 1 3 1 1 2 1 2 2 1 3 3 1 4 1 2 1 3 2 3 1 3 3 2 1 3 3 1 3 3 4 1 2 3 1 4 4 2 2 3 3 1 4 4 2 1 1 1 1 3 1 4 2 4 2 4 
4 2 3 4 2 2 1 1 4 2 2 4 3 4 2 4 1 3 3 2 2 3 3 4 1 3 3 3 4 3 4 1 2 3 1 4 4 2 4 1 4 4 3 4 3 1 1 1 1 2 2 2 2 1 4 2 2 3 4 4 2 4 2 4 1 4 3 2 3 3 2 3 3 3 3 4 2 2 4 4 4 
4 4 3 3 2 1 1 4 2 1 1 1 4 3 4 2 1 2 2 2 4 1 2 3 2 3 1 1 1 3 3 2 1 3 2 3 1 1 2 3 1 4 3 4 2 3 4 1 4 3 4 2 2 2 3 4 1 3 3 2 4 4 3 3 1 4 4 3 3 1 1 3 4 4 2 3 2 3 2 2 4 
4 4 1 1 3 3 3 4 3 2 2 4 3 2 4 3 1 4 3 2 1 1 4 2 4 1 1 1 2 3 4 4 3 4 1 4 3 3 1 4 4 2 3 1 4 4 2 3 1 1 3 4 2 2 2 4 3 4 2 1 4 4 4 3 1 4 3 1 2 1 1 1 4 3 1 2 1 1 3 4 4 
4 2 1 3 1 2 3 2 3 3 4 1 3 1 3 1 2 4 3 4 3 1 4 3 1 2 3 4 4 2 2 4 3 1 2 2 3 3 2 3 4 4 4 4 2 3 2 2 4 4 1 3 1 3 4 2 3 3 4 1 2 1 2 3 1 1 3 3 2 4 3 2 1 3 4 1 1 1 1 1 4 
4 1 3 4 4 2 1 4 2 2 1 2 2 1 2 2 3 3 3 1 3 1 3 1 2 3 1 3 1 1 3 2 4 4 2 2 1 4 3 3 3 1 4 4 2 1 1 2 1 1 2 3 4 4 3 2 4 1 1 1 2 3 2 1 4 1 2 2 1 1 2 3 4 4 3 3 2 3 2 1 4 
4 3 2 3 3 1 1 1 1 1 3 1 2 2 4 1 3 3 3 3 4 1 2 2 2 3 4 1 3 3 2 2 1 4 1 2 4 3 2 2 4 4 2 3 4 1 3 4 4 1 4 1 4 4 2 1 2 1 2 3 2 3 3 2 4 2 4 3 4 2 2 3 4 4 1 1 1 2 2 2 4 
4 1 1 1 2 2 1 1 4 2 4 1 1 1 3 3 2 4 1 1 4 2 2 2 3 3 4 3 4 4 4 3 4 1 1 4 4 1 1 1 4 4 1 2 2 1 3 2 1 1 2 1 4 4 1 1 3 4 3 2 4 3 3 4 2 4 2 2 3 4 2 1 1 1 4 2 3 2 2 3 4 
4 2 3 1 3 1 3 1 4 1 3 2 3 1 4 1 1 3 3 2 1 3 2 3 2 1 2 1 1 4 4 1 4 2 4 1 3 4 3 3 3 1 3 1 1 4 4 1 3 2 1 3 4 1 4 3 4 3 2 1 4 2 3 3 1 2 4 2 4 3 3 3 3 3 4 1 4 1 1 4 4 
4 4 1 4 2 3 1 4 4 1 3 3 4 1 2 2 4 3 1 2 3 3 2 1 2 4 3 4 4 2 4 4 3 1 2 2 2 4 4 1 2 2 2 1 3 3 1 3 3 2 1 1 1 4 4 1 1 4 1 4 3 3 4 4 2 1 2 3 1 2 3 2 2 1 3 3 1 2 1 1 4 
4 4 1 3 2 3 4 3 4 1 4 2 3 4 4 1 2 4 2 3 1 3 4 1 3 1 4 4 3 3 1 3 3 4 3 3 4 2 2 2 4 3 2 1 3 2 2 3 2 3 2 4 3 3 4 2 1 1 4 1 1 4 4 1 1 3 4 1 4 1 4 1 2 3 4 4 1 3 3 2 4 
4 4 4 4 4 4 4 4 4 4 4 4 4 4 4 4 4 4 4 4 4 4 4 4 4 4 4 4 4 4 4 4 4 4 4 4 4 4 4 4 4 4 4 4 4 4 4 4 4 4 4 4 4 4 4 4 4 4 4 4 4 4 4 4 4 4 4 4 4 4 4 4 4 4 4 4 4 4 4 4 4 

