80
1000
1000

[Node]
0  0  0   0  0
81 0  0   0  0

[pickup]
1       505176369      12          17
2       504989744      20          10
3       505094999      20          6
4       505126632      25          20
5       505128847      27          9
6       502791296      33          20
7       503641850      42          20
8       505127921      43          13
9       504483241      46          11
10      502790342      48          13
11      502789389      50          16
12      504609080      53          17
13      504960928      55          6
14      502786505      60          18
15      502878271      63          18
16      502795303      63          10
17      502795434      65          19
18      502789178      68          16
19      502795302      70          14
20      502794343      72          6
21      502801079      75          19
22      502785856      76          6
23      502795373      78          12
24      504512179      80          5
25      505126631      84          17
26      503262469      86          20
27      505012229      88          15
28      502797785      91          8
29      502795975      95          11
30      504507033      97          14
31      504561518      99          11
32      505137551      104         19
33      505234068      105         19
34      502794188      108         20
35      504633794      110         17
36      505191730      115         17
37      504467528      120         8
38      504332253      123         12
39      504697856      124         12
40      504758586      135         18
41      502794469      139         14
42      502797790      145         8
43      502970886      149         18
44      504814520      163         12
45      504940819      174         10
46      504761212      175         11
47      505158222      178         13
48      502787651      180         14
49      505045729      188         15
50      504362587      190         10
51      502786784      191         8
52      503221322      200         7
53      502789990      211         19
54      502801750      215         15
55      502792303      240         16
56      502947479      241         14
57      505160758      250         12
58      503074303      252         14
59      502791365      263         20
60      504695606      269         6
61      502786503      281         19
62      503108157      290         10
63      502789207      295         20
64      502786541      299         14
65      503012774      306         8
66      502788438      309         18
67      505129431      333         19
68      502786501      334         8
69      502799697      341         18
70      502785770      434         14
71      502794583      435         13
72      502798415      437         7
73      503157758      448         20
74      502976944      474         5
75      502785857      477         17
76      503226439      492         18
77      503838473      538         11
78      504783206      806         10
79      502787837      960         10
80      505080279      1000        10

[Speed 0]
0.81
30.0   60.0 0.0 0.6
90.0   150 0.0 0.4
300.0  540.0 0.0 0.81
570.0 630.0 0.0 0.6
660.0 720.0 0.0 0.4
750.0 840.0 0.0 0.81

[Speed 1]
1.33
30.0   60.0 0.0 0.8
90.0   150 0.0 0.6
300.0  540.0 0.0 1.33
570.0 630.0 0.0 0.8
660.0 720.0 0.0 1.3
750.0 840.0 0.0 2

[Speed 2]
1.33
30.0   60.0 0.0 1.0
90.0   150 0.0 0.8
300.0  540.0 0.0 1.33
570.0 630.0 0.0 0.8
660.0 720.0 0.0 0.6
750.0 840.0 0.0 1.5

[Speed 3]
1.5
30.0   60.0 0.0 0.9
90.0   150 0.0 0.8
300.0  540.0 0.0 1.5
570.0 630.0 0.0 0.9
660.0 720.0 0.0 0.8
750.0 840.0 0.0 1.5

[Speed 4]
2
30.0   60.0 0.0 1.1
90.0   150 0.0 0.9
300.0  540.0 0.0 2
570.0 630.0 0.0 1.1
660.0 720.0 0.0 0.9
750.0 840.0 0.0 2

[speed choose matrix]
4 4 4 4 4 4 4 4 4 4 4 4 4 4 4 4 4 4 4 4 4 4 4 4 4 4 4 4 4 4 4 4 4 4 4 4 4 4 4 4 4 4 4 4 4 4 4 4 4 4 4 4 4 4 4 4 4 4 4 4 4 4 4 4 4 4 4 4 4 4 4 4 4 4 4 4 4 4 4 4 4 4 
4 1 4 3 2 3 4 3 4 4 2 4 4 1 3 3 4 4 1 1 3 3 4 2 1 4 1 3 2 4 2 2 2 4 2 3 4 2 3 3 4 3 1 4 1 4 4 4 4 1 3 3 4 2 4 3 3 3 1 1 2 2 3 2 4 4 4 4 1 3 1 3 4 4 3 3 4 2 2 1 4 4 
4 4 2 4 1 1 3 2 1 2 4 4 4 4 2 1 3 1 1 2 3 1 1 4 2 1 3 2 1 4 2 4 4 2 1 2 4 1 3 2 2 1 2 1 1 1 4 3 1 1 1 4 2 1 1 3 4 3 3 2 2 3 1 4 1 4 1 2 1 2 4 2 2 3 3 2 4 1 1 1 4 4 
4 2 1 3 3 2 1 4 3 2 2 1 3 3 4 2 2 4 2 2 4 2 4 2 4 4 4 4 1 4 3 3 2 3 3 2 4 4 4 3 1 3 4 4 2 1 1 3 1 2 3 4 1 2 1 3 2 4 2 1 2 3 1 2 2 1 3 1 3 2 1 3 4 1 1 2 4 4 4 1 2 4 
4 1 3 3 1 3 4 2 4 2 1 4 2 3 3 2 3 3 2 2 1 4 4 2 3 2 4 1 1 2 4 3 4 2 2 1 3 3 1 3 1 4 3 1 3 1 1 2 1 4 1 4 2 1 1 4 1 2 2 1 2 4 3 2 1 3 2 2 2 1 1 4 1 1 3 2 2 1 1 4 3 4 
4 3 2 1 2 3 1 1 1 4 2 4 2 1 2 4 1 3 3 4 1 2 3 3 1 3 1 3 4 3 4 3 4 2 2 4 3 3 3 1 1 1 3 4 3 1 4 1 4 3 2 3 2 4 1 2 4 3 2 1 1 3 2 4 1 3 2 1 4 1 2 4 4 2 1 3 2 1 1 3 3 4 
4 1 2 2 4 4 1 4 2 3 2 4 4 4 2 2 1 3 2 2 3 1 3 2 1 3 3 1 4 4 3 1 3 3 2 1 2 2 3 1 1 1 4 2 3 3 4 3 2 2 3 1 2 2 1 2 3 4 1 2 2 1 1 3 2 1 1 3 2 3 1 3 1 3 4 2 1 3 4 1 3 4 
4 1 2 4 4 2 4 2 4 1 1 3 3 3 4 3 2 4 4 4 2 3 1 3 2 2 3 1 1 2 4 2 1 1 4 2 2 2 1 4 3 2 3 1 4 1 1 2 4 4 2 2 1 2 1 1 3 1 3 2 3 3 3 1 1 4 1 2 1 1 2 2 2 1 1 3 1 3 4 3 3 4 
4 1 3 1 1 1 4 2 1 1 2 4 1 2 1 4 3 2 3 3 2 1 2 1 4 1 2 3 4 2 2 2 1 3 1 2 4 3 3 2 2 2 1 4 3 2 4 3 4 2 1 4 2 1 1 3 4 4 1 3 2 3 3 3 3 4 2 3 3 3 3 1 4 1 3 2 4 4 1 1 3 4 
4 4 4 2 2 1 3 3 4 2 3 2 2 1 4 1 3 2 3 1 4 3 4 3 1 1 2 1 1 3 4 1 4 1 3 3 1 4 3 1 4 3 1 3 3 2 1 2 3 1 2 2 3 2 4 1 4 4 1 1 1 3 3 1 4 3 3 1 3 2 3 2 1 2 4 3 2 4 3 4 3 4 
4 4 2 1 2 3 4 1 3 2 4 3 1 2 1 1 4 4 1 4 2 1 2 2 4 4 2 1 3 1 2 1 2 4 2 3 3 4 2 4 1 1 2 1 1 3 2 1 4 2 1 4 2 4 2 2 4 4 3 3 2 1 4 2 4 3 2 2 1 4 2 1 4 1 1 2 3 2 2 3 1 4 
4 1 4 3 2 1 3 2 3 2 1 1 4 4 3 3 1 2 4 4 3 1 3 4 4 3 4 3 4 4 3 1 2 3 1 2 3 3 3 3 4 1 3 1 2 2 1 1 3 2 2 4 1 1 3 2 1 4 3 1 3 2 2 2 1 3 4 4 2 3 3 1 2 3 4 3 4 3 2 2 2 4 
4 2 1 3 2 1 3 2 2 4 2 3 2 3 1 4 2 1 4 4 4 3 4 4 4 2 3 2 1 3 2 1 2 2 1 4 2 2 2 1 2 2 2 1 4 3 2 2 2 2 2 2 3 1 4 4 2 3 4 2 2 1 3 4 4 4 2 2 2 3 3 3 1 1 2 1 2 3 2 4 3 4 
4 4 2 2 2 2 2 1 1 1 4 3 2 4 1 4 2 1 2 4 2 2 2 4 3 1 4 1 2 3 4 3 4 3 2 3 1 1 3 3 3 1 4 4 4 2 4 1 1 1 1 4 3 2 2 4 3 4 4 4 3 4 1 2 1 1 3 1 3 2 1 2 3 4 2 1 2 1 2 1 1 4 
4 4 4 3 1 1 4 2 1 3 4 4 2 2 2 3 3 2 2 4 3 4 1 4 4 2 4 4 2 1 4 2 4 1 4 2 3 3 2 4 4 1 4 4 3 4 3 4 2 4 2 4 2 4 4 1 3 1 4 1 1 1 2 2 2 4 1 2 4 2 1 2 3 3 4 2 4 2 2 4 4 4 
4 2 2 2 3 3 1 3 4 3 4 1 4 3 1 3 1 1 1 2 2 1 2 1 4 4 3 2 1 2 2 2 4 2 3 2 1 3 2 3 1 2 1 2 4 4 2 1 4 2 2 4 2 1 1 4 3 2 2 1 4 4 3 3 4 1 3 2 3 2 2 2 4 1 3 4 3 2 3 3 1 4 
4 3 2 1 1 2 1 3 1 1 1 3 1 2 2 2 1 2 1 1 4 2 4 1 1 1 4 4 2 4 4 3 4 4 4 2 2 2 4 2 4 1 1 1 3 3 1 3 1 4 4 3 1 3 2 1 4 4 3 4 2 4 4 4 3 1 2 2 1 4 1 3 4 4 2 3 3 4 3 2 1 4 
4 1 3 4 2 1 1 4 1 1 1 2 1 1 4 1 2 4 2 1 3 2 1 2 1 4 4 4 3 2 1 3 4 1 2 2 2 2 2 2 4 4 1 1 2 3 4 2 2 3 3 4 1 3 2 4 1 4 2 1 2 2 2 3 1 2 2 2 3 3 3 4 4 2 4 4 1 2 2 2 3 4 
4 2 1 1 2 3 1 2 3 4 2 2 4 2 4 2 4 1 3 2 3 1 4 4 2 4 4 1 2 4 1 3 4 2 3 3 2 3 1 3 1 3 2 4 4 1 3 4 2 4 4 1 1 1 4 1 2 2 2 2 1 1 1 4 2 3 4 4 1 1 3 2 1 4 2 2 1 2 3 1 3 4 
4 1 2 4 2 3 4 2 1 2 4 2 1 3 3 3 4 3 1 3 4 4 2 3 4 2 2 4 1 3 3 4 2 3 4 4 2 1 3 3 4 3 1 1 1 1 2 2 2 3 1 4 1 4 1 1 2 3 2 4 1 3 3 3 1 3 2 2 3 2 1 1 4 2 2 4 4 1 4 4 4 4 
4 3 3 4 4 2 2 3 3 4 1 2 1 2 4 1 1 1 2 4 4 3 3 3 1 3 4 1 1 1 2 2 2 3 4 3 1 4 2 3 1 1 2 4 1 4 1 2 2 4 3 2 3 4 1 4 4 3 3 2 3 1 1 2 1 1 2 1 3 3 3 1 3 4 1 3 3 3 2 1 4 4 
4 3 1 4 4 1 3 2 3 2 2 3 4 4 2 4 4 3 4 2 3 4 1 1 1 4 4 1 1 3 3 1 3 2 4 1 2 2 1 3 3 3 4 2 2 4 2 4 4 2 1 2 4 4 1 1 4 4 1 4 2 1 2 2 2 1 2 2 4 1 3 3 3 3 2 2 1 3 1 2 1 4 
4 2 3 1 2 3 1 2 1 1 4 2 4 1 3 4 1 1 4 2 3 3 1 4 2 2 3 1 3 3 3 1 1 1 4 2 1 1 2 2 3 2 2 2 4 3 2 3 4 2 4 1 3 2 1 2 2 2 3 1 4 1 2 3 3 1 4 3 3 1 4 1 4 4 3 3 2 2 2 4 1 4 
4 4 1 2 3 1 1 4 3 2 1 1 1 2 3 4 2 4 1 4 1 2 1 3 1 3 4 3 3 2 4 1 1 2 1 4 2 4 2 2 2 2 3 1 1 1 2 3 3 1 1 2 1 4 2 2 3 4 4 1 3 1 2 3 1 1 2 1 3 3 3 4 4 3 4 1 2 1 3 1 1 4 
4 3 3 3 1 1 3 2 3 2 2 2 2 2 3 1 1 3 4 3 3 4 4 3 1 3 4 3 2 3 1 4 4 2 1 3 4 4 2 1 1 4 3 3 3 2 2 4 2 3 3 4 1 2 1 1 3 4 2 3 3 3 1 3 1 3 4 2 3 2 4 2 3 3 2 1 1 2 4 3 4 4 
4 3 1 1 2 2 1 3 3 1 3 1 2 4 2 3 1 2 3 4 3 4 3 3 3 2 2 2 2 1 3 2 3 1 2 3 2 4 1 1 2 2 1 4 3 4 2 2 4 1 4 4 3 3 1 1 4 3 2 1 2 2 3 1 2 1 3 2 1 3 4 2 4 1 4 2 3 3 4 1 4 4 
4 3 1 4 1 2 4 2 1 1 3 4 2 2 3 4 4 3 1 4 1 3 2 3 3 2 4 3 2 1 4 1 2 4 1 4 3 1 2 3 1 2 2 3 3 4 2 4 2 4 3 1 1 4 3 2 4 3 3 4 1 2 3 3 1 2 1 2 3 1 1 1 3 3 1 4 4 1 4 4 3 4 
4 1 4 3 3 4 1 4 1 1 4 1 1 1 4 2 3 3 4 2 1 4 1 2 1 2 2 4 4 1 3 2 4 2 1 2 2 3 2 1 1 3 4 4 3 4 2 1 1 2 3 4 2 2 4 3 1 3 1 1 1 3 2 4 4 3 2 2 4 4 2 2 4 3 4 4 4 3 3 3 2 4 
4 3 4 4 1 4 1 4 4 4 2 3 1 3 2 2 1 4 2 4 3 3 4 4 4 3 2 1 4 3 4 4 4 4 4 3 1 4 1 3 2 1 1 4 1 1 3 1 4 3 3 3 4 2 2 4 3 1 4 1 2 2 4 4 1 1 2 2 2 3 2 4 4 1 3 2 1 3 3 2 3 4 
4 4 3 4 2 1 3 1 4 2 4 2 4 4 1 4 2 1 1 2 3 1 3 2 1 2 4 3 4 1 3 1 1 4 1 4 4 3 2 2 3 2 3 4 1 2 2 3 3 4 2 1 2 1 3 1 1 3 1 1 4 2 1 4 4 1 1 2 3 3 1 4 4 4 2 2 3 2 3 1 3 4 
4 1 1 1 2 4 2 1 2 2 1 1 3 1 3 2 4 3 3 4 4 4 3 4 4 2 3 2 3 2 4 1 3 3 3 4 2 2 1 4 2 4 4 1 2 2 1 1 3 4 2 4 1 1 1 1 3 3 1 2 2 1 3 2 3 1 4 1 1 2 2 2 1 4 2 3 4 4 3 1 3 4 
4 3 1 1 3 3 2 4 4 4 3 4 3 2 2 2 3 4 2 4 1 4 2 1 2 4 1 2 1 2 3 4 4 3 1 3 1 1 2 3 2 3 1 4 2 4 3 2 1 3 4 2 1 3 3 4 4 3 4 1 4 1 3 2 3 2 1 2 2 4 3 2 3 2 1 1 3 4 3 1 4 4 
4 2 2 3 4 4 4 3 4 2 1 1 2 4 4 4 4 2 4 4 2 2 1 4 4 4 1 1 1 2 2 1 3 3 1 4 2 1 3 2 2 3 2 2 3 4 3 1 4 3 4 3 3 3 3 1 1 1 4 4 2 1 2 3 1 1 3 1 1 1 2 3 1 3 2 3 4 3 3 4 3 4 
4 4 4 2 2 3 2 4 4 1 4 1 2 1 4 1 3 2 2 1 3 3 4 1 4 1 2 4 2 3 2 4 3 1 3 1 1 1 4 4 3 1 2 4 3 1 2 2 3 2 1 3 1 1 1 4 4 2 1 4 2 3 2 2 4 4 4 3 2 2 2 2 3 2 4 4 2 2 4 4 3 4 
4 4 1 2 1 2 3 2 3 3 4 2 4 1 1 4 4 2 1 2 1 4 2 4 3 2 2 2 2 2 2 3 2 4 4 3 2 4 4 3 1 2 3 4 4 2 1 4 2 4 2 4 2 2 4 4 2 1 4 2 2 2 2 4 2 3 4 4 4 3 1 3 2 4 3 2 2 4 3 1 2 4 
4 1 4 3 2 1 1 4 1 2 3 2 2 1 1 4 1 4 1 1 1 1 2 1 3 2 3 4 3 1 1 4 3 1 1 3 1 1 3 2 4 3 2 1 1 1 3 3 3 4 3 3 3 4 4 4 1 4 1 1 2 4 4 2 3 2 3 3 4 4 1 4 3 1 3 4 2 1 4 4 2 4 
4 4 2 3 4 1 1 2 1 1 2 4 2 1 1 1 2 1 3 1 3 2 4 4 4 1 4 3 2 4 4 1 2 4 2 4 4 4 1 1 2 2 4 1 1 3 2 3 1 1 4 4 1 3 3 3 2 2 1 1 2 3 3 1 1 2 4 1 4 4 3 2 2 2 3 1 4 1 3 3 1 4 
4 4 3 3 1 3 2 1 4 1 3 1 2 1 4 1 1 4 1 3 4 3 1 4 2 2 1 4 4 1 4 2 4 3 1 1 3 4 1 2 2 3 4 2 3 2 1 1 2 4 4 3 4 1 1 2 4 2 4 4 4 2 3 4 1 3 2 1 1 2 3 4 3 4 3 4 4 3 4 4 1 4 
4 1 2 4 1 3 2 3 2 1 1 3 3 3 1 2 3 1 4 2 2 3 1 1 2 2 3 1 2 3 2 2 3 3 4 1 4 2 4 3 3 3 4 3 3 3 2 2 3 2 3 3 1 2 2 3 2 4 3 4 4 3 3 3 1 1 3 1 1 3 4 2 2 1 4 2 3 4 2 1 4 4 
4 4 3 3 4 4 3 1 3 2 2 4 3 2 2 3 1 4 3 4 1 2 4 2 3 3 4 2 3 3 1 4 4 4 3 2 3 1 1 3 3 4 4 4 2 1 2 1 1 4 3 1 3 3 3 1 4 3 4 1 3 3 4 3 3 2 2 3 1 3 1 4 1 4 1 4 2 2 4 2 4 4 
4 2 3 4 1 2 3 3 2 3 1 2 1 3 1 4 4 2 4 3 1 3 1 3 2 2 2 2 4 2 1 2 2 4 2 2 4 3 4 4 1 3 1 3 2 2 1 3 2 3 2 1 2 4 1 2 1 1 2 3 1 3 2 1 1 2 4 4 1 2 1 1 1 3 2 1 1 1 4 1 2 4 
4 3 4 3 1 1 1 4 3 3 2 1 3 1 2 4 2 1 1 4 1 4 1 4 4 4 4 1 4 3 3 2 2 1 2 1 3 3 4 3 4 3 1 4 3 4 1 3 1 4 3 4 2 3 1 4 4 4 4 1 3 2 2 4 1 4 3 2 1 4 3 2 1 3 3 1 1 2 3 2 4 4 
4 1 2 1 3 1 2 3 2 1 2 1 2 2 1 2 4 1 2 2 1 3 4 2 3 4 4 4 4 3 1 4 1 3 3 1 3 1 1 2 4 3 4 1 4 3 2 4 4 1 2 3 2 2 1 4 2 1 4 3 1 2 2 4 1 1 1 4 1 2 3 1 1 1 3 1 3 2 1 3 3 4 
4 3 2 1 2 1 4 1 4 3 3 3 4 2 4 1 4 2 2 2 4 4 1 2 3 4 2 2 4 4 1 1 2 3 1 3 4 1 2 3 4 4 2 1 4 2 4 3 3 3 4 1 4 4 3 2 3 3 3 1 1 2 1 3 2 4 3 4 4 3 2 2 4 1 3 3 1 2 2 4 1 4 
4 4 1 1 1 3 1 4 1 3 4 2 4 2 4 1 3 1 1 2 3 1 1 4 2 2 4 2 4 3 4 4 4 3 2 4 2 3 2 4 2 3 4 1 3 3 1 4 2 3 1 1 1 2 1 2 2 4 3 2 3 2 4 1 1 2 4 1 1 3 3 3 4 4 4 4 2 3 1 2 3 4 
4 4 3 4 3 3 4 3 3 4 3 1 3 1 2 2 1 4 4 3 3 2 4 1 2 3 1 1 2 1 4 3 2 4 3 4 3 4 1 4 2 1 1 1 2 3 3 2 3 4 2 3 2 4 1 4 1 3 1 2 1 1 2 3 2 2 3 4 1 1 2 1 3 4 3 2 3 2 2 2 4 4 
4 1 1 1 3 1 2 4 3 2 1 1 2 2 3 4 4 3 2 4 4 2 3 3 3 3 1 4 4 1 4 1 4 2 3 1 3 4 1 3 3 1 3 2 3 2 1 3 4 1 3 4 1 3 1 4 3 1 2 1 3 3 2 1 2 3 1 2 1 1 3 4 4 1 1 4 4 4 2 4 2 4 
4 2 1 1 3 2 4 2 3 2 4 3 2 2 1 4 2 4 1 1 2 4 2 4 1 1 4 4 2 1 4 1 2 3 4 4 2 2 2 4 3 4 4 1 1 1 2 4 1 2 1 4 3 1 4 4 2 4 3 1 1 4 3 4 3 3 2 2 4 1 3 2 3 4 2 3 4 4 1 2 4 4 
4 1 2 2 3 2 4 1 2 3 4 4 4 2 3 4 4 1 4 2 4 2 1 1 3 1 1 3 4 4 1 4 3 1 3 4 1 3 3 2 1 3 2 4 1 3 4 4 4 1 1 4 1 3 1 2 4 3 2 1 4 1 2 3 4 2 4 2 4 1 1 2 4 3 3 3 2 2 1 2 3 4 
4 2 3 1 2 1 2 3 4 4 1 1 1 3 3 1 1 3 1 3 4 4 4 3 1 1 3 4 2 1 3 3 1 2 1 4 4 3 3 2 3 2 3 2 2 1 1 1 1 1 3 2 2 2 1 4 1 4 2 1 3 2 1 3 3 1 1 4 4 1 4 1 2 2 3 1 2 3 2 1 2 4 
4 2 2 2 3 1 2 1 2 2 1 1 1 3 1 1 1 4 2 3 1 3 1 4 4 2 4 4 4 4 2 4 1 1 3 2 1 1 2 2 2 3 2 1 1 1 2 4 4 4 4 2 4 3 2 3 1 4 1 1 3 1 2 4 1 1 1 1 2 4 3 1 3 3 2 1 4 3 3 2 4 4 
4 3 3 2 4 2 4 2 1 3 1 1 3 3 2 1 2 3 4 3 4 2 3 3 3 2 4 1 2 1 1 1 4 3 1 2 4 2 1 2 2 1 1 1 4 1 4 3 1 3 1 4 1 3 3 2 4 2 1 2 1 4 4 1 2 4 1 4 1 3 4 3 3 1 2 2 3 2 3 2 3 4 
4 2 3 4 4 2 1 4 4 2 2 2 3 1 3 1 2 1 3 2 2 2 4 2 4 1 1 3 2 2 3 3 1 4 1 2 1 2 2 1 2 4 4 3 1 4 2 1 3 1 4 3 3 3 2 4 1 1 1 1 4 1 2 2 2 3 1 4 1 2 2 1 3 1 1 3 1 1 3 3 1 4 
4 2 4 2 4 1 2 3 3 1 4 1 4 2 1 2 2 1 4 1 3 2 1 4 2 4 3 1 2 3 2 2 1 3 3 3 1 2 3 2 4 4 1 2 2 3 3 4 3 1 1 2 2 3 4 1 4 2 4 1 3 4 2 2 1 3 4 3 4 4 4 3 1 3 1 4 3 2 1 3 3 4 
4 3 4 3 4 3 4 1 4 3 4 3 2 4 4 2 4 3 3 2 4 2 2 1 1 4 2 4 1 1 1 3 4 2 3 3 1 2 1 2 3 1 2 3 2 2 4 3 3 3 1 1 1 1 4 3 1 3 4 3 4 2 3 2 4 2 4 4 4 4 3 3 1 3 1 4 1 3 1 4 4 4 
4 4 3 1 1 3 1 3 2 1 3 3 1 3 2 4 2 3 1 3 3 4 2 4 2 2 4 3 2 1 2 1 2 3 1 3 2 4 1 4 3 3 2 3 4 3 1 1 1 3 4 1 4 4 1 2 4 2 1 1 1 4 3 3 4 4 3 2 3 3 1 3 2 2 4 1 3 2 1 4 4 4 
4 2 3 4 2 4 1 1 3 1 4 2 3 2 3 2 2 1 4 3 4 3 1 4 4 1 4 2 1 2 4 4 1 3 4 3 4 2 3 3 2 2 1 2 2 1 4 1 3 3 2 1 2 1 3 3 4 3 1 4 4 4 3 4 4 3 3 4 3 1 4 1 1 1 4 4 4 4 3 1 3 4 
4 4 2 3 2 4 2 2 2 4 1 4 3 2 1 3 2 1 1 4 1 1 3 3 4 1 3 4 4 4 2 1 4 2 2 2 4 2 3 2 2 3 1 4 3 1 4 3 3 3 2 4 3 2 3 4 3 2 2 2 1 1 1 2 1 3 2 2 2 3 4 1 2 2 2 3 1 1 3 2 4 4 
4 4 3 4 1 1 3 3 2 3 4 4 3 3 2 4 1 4 1 1 2 2 1 3 2 3 1 2 4 3 3 4 4 1 4 2 2 3 2 2 4 1 2 4 2 2 2 4 3 1 2 4 1 2 4 4 2 4 4 4 2 1 2 3 4 2 3 2 3 1 2 2 1 2 2 4 3 2 1 1 4 4 
4 2 4 2 1 3 1 1 1 2 4 2 3 1 2 4 3 3 2 3 2 2 3 1 3 4 3 1 2 2 3 2 4 1 1 1 1 1 4 2 1 2 4 2 1 1 2 3 2 3 1 1 1 1 3 3 3 3 4 2 1 4 4 3 4 4 4 4 2 3 2 2 2 4 1 3 1 4 4 2 2 4 
4 4 4 3 2 2 1 1 4 2 2 2 1 4 4 1 3 3 4 2 4 3 4 4 3 4 1 3 1 2 1 2 3 2 1 2 4 3 2 2 3 2 3 3 3 4 4 3 1 1 3 3 2 1 1 3 3 4 3 1 4 4 3 1 4 1 4 1 2 1 4 3 4 2 4 3 2 4 1 3 2 4 
4 4 1 1 1 1 1 4 2 4 3 2 2 3 1 1 4 2 1 2 4 3 4 1 1 4 4 4 1 4 4 2 4 4 1 2 4 3 3 2 4 4 1 4 4 3 2 4 1 4 3 2 3 2 2 2 4 2 1 2 4 4 3 3 1 2 3 2 1 2 2 3 3 2 3 4 1 4 4 3 2 4 
4 4 3 2 1 1 2 1 1 1 2 1 4 1 1 2 4 3 2 1 2 2 4 4 3 4 3 1 1 3 2 3 4 4 1 2 2 2 1 3 3 1 3 4 3 2 2 1 3 1 2 4 2 1 4 2 1 2 1 2 3 4 4 1 4 4 1 3 1 4 1 3 2 2 1 3 4 3 1 3 4 4 
4 3 3 4 3 2 4 1 2 4 2 2 4 1 2 1 1 4 3 3 4 1 3 1 4 1 4 2 2 2 1 4 3 2 2 4 4 3 4 3 2 1 4 3 3 3 1 4 1 4 3 1 4 1 3 4 3 1 3 4 3 2 2 3 2 1 4 1 2 3 4 1 3 3 2 4 4 4 4 4 4 4 
4 1 1 2 2 1 4 2 2 4 1 3 1 1 2 1 2 2 3 4 3 1 3 3 1 2 1 3 1 2 1 1 3 3 4 2 4 1 1 3 4 4 3 1 4 3 2 2 4 1 1 3 3 3 4 4 1 4 4 3 3 3 4 3 3 4 4 1 3 3 1 1 2 4 2 3 2 1 3 1 4 4 
4 1 2 1 2 2 4 3 2 1 4 3 2 1 2 3 1 3 2 3 1 2 1 3 4 4 2 2 1 1 1 3 4 4 3 3 4 4 3 1 3 1 4 1 4 3 1 2 1 4 1 4 2 3 4 4 1 3 3 2 4 3 4 2 2 3 1 3 1 2 2 2 3 3 2 4 4 4 2 3 1 4 
4 4 2 4 1 4 4 2 1 3 2 4 4 4 4 1 4 1 2 4 4 4 4 2 2 4 1 2 4 4 2 3 4 2 4 2 4 3 4 4 4 1 4 3 2 3 4 3 4 4 2 2 4 3 3 1 3 1 1 1 4 1 4 1 3 4 4 3 3 4 3 2 3 2 4 2 4 1 1 1 3 4 
4 4 4 1 1 2 3 1 4 4 1 3 3 4 2 2 3 3 2 4 3 2 2 3 1 4 1 3 3 1 2 1 3 1 4 3 2 3 2 1 3 1 1 1 1 1 2 4 2 1 2 4 4 4 4 3 4 4 3 1 4 3 2 1 4 2 2 3 1 4 1 4 4 3 1 4 1 4 2 1 1 4 
4 4 4 3 2 3 1 4 4 2 1 1 3 4 2 3 3 2 3 1 1 2 3 3 3 3 1 2 3 4 2 2 2 1 3 3 4 3 3 4 4 2 1 1 2 1 3 2 4 4 3 4 1 1 1 2 3 4 2 3 3 4 3 4 2 4 3 3 2 4 4 1 4 2 4 1 1 4 3 1 1 4 
4 2 1 3 3 2 4 3 4 4 4 3 1 1 4 1 1 3 1 3 2 3 1 1 1 4 2 1 4 2 4 2 3 1 2 2 4 2 3 4 2 1 3 2 1 4 2 1 4 2 3 1 4 3 4 3 2 2 4 1 3 2 2 2 3 1 1 4 3 3 2 2 3 3 4 1 4 3 2 4 1 4 
4 3 1 4 2 2 1 3 3 4 3 3 1 1 4 2 4 3 2 3 2 2 2 2 4 4 4 4 3 4 3 3 1 3 3 4 3 1 1 2 2 4 4 4 2 1 4 3 3 4 2 3 2 4 3 1 1 3 3 2 4 4 1 1 4 3 3 3 2 4 1 1 4 3 3 4 3 3 2 2 2 4 
4 4 3 4 2 3 3 1 2 4 2 3 1 2 2 3 1 4 1 2 2 3 4 2 3 4 4 2 3 3 2 4 2 2 2 2 3 4 3 2 3 2 4 2 2 4 3 2 1 2 3 3 2 3 3 3 4 3 3 4 1 3 2 2 4 1 2 2 3 1 1 4 4 4 2 1 3 1 2 1 3 4 
4 4 4 2 2 1 1 4 1 3 1 1 4 2 3 3 2 3 3 4 2 1 2 2 4 4 2 4 4 4 4 4 2 2 3 2 4 3 4 2 2 3 1 1 2 1 3 2 4 4 2 4 1 1 3 3 4 3 3 1 4 2 2 3 2 2 1 3 4 2 3 1 4 3 3 3 2 2 2 3 3 4 
4 3 2 3 4 2 3 2 3 4 4 1 3 3 4 3 2 4 3 1 1 1 4 2 4 2 2 1 2 3 2 1 1 3 4 3 2 4 4 3 1 1 3 3 4 1 4 3 3 1 1 1 3 3 4 3 3 1 3 1 3 2 4 1 2 3 1 2 1 3 1 1 3 1 1 2 4 1 4 3 1 4 
4 1 1 1 1 4 2 4 4 1 2 1 4 2 1 4 1 3 4 4 3 3 1 3 4 1 4 1 3 4 4 2 2 4 3 3 1 3 2 3 4 1 2 4 2 4 4 3 2 1 2 1 2 3 2 3 4 1 2 3 2 4 1 2 4 4 2 3 3 2 1 4 2 2 1 3 3 3 4 4 1 4 
4 4 2 4 1 4 1 3 3 4 2 1 2 1 2 1 2 1 4 3 2 3 3 1 4 1 1 4 3 4 1 2 4 3 2 2 4 4 4 2 1 1 1 1 2 4 2 2 4 2 3 2 3 3 2 1 2 3 4 2 1 1 4 3 3 4 4 1 2 1 1 4 4 1 2 1 3 1 3 1 2 4 
4 1 3 2 1 3 4 1 2 1 3 4 1 1 2 3 3 2 2 1 2 3 3 2 3 3 4 1 3 3 3 3 3 3 2 4 4 4 1 2 2 2 4 3 3 2 1 4 4 3 3 1 4 1 1 2 1 4 2 2 1 4 1 1 1 2 1 4 3 1 4 4 4 2 3 3 2 1 3 4 4 4 
4 2 4 2 4 4 1 2 2 2 3 1 4 3 2 3 3 1 2 4 2 1 3 3 2 3 2 3 2 4 2 2 2 1 2 2 1 1 3 4 2 4 3 4 2 1 4 4 1 1 3 3 2 3 2 4 2 1 2 4 2 1 1 1 4 4 3 2 4 4 3 1 3 2 1 1 1 1 2 2 4 4 
4 4 1 1 3 3 3 1 2 2 3 1 2 1 4 4 3 3 1 4 4 3 2 2 2 3 4 4 4 2 1 3 4 4 1 3 1 1 2 3 2 2 3 4 2 2 4 1 4 2 1 1 3 4 1 2 2 2 2 4 3 2 1 4 2 1 1 1 2 2 1 2 2 1 3 1 1 4 4 1 4 4 
4 2 2 3 4 4 4 1 4 4 1 3 2 3 1 2 4 1 3 3 1 3 1 4 3 1 3 1 3 1 2 3 4 1 1 3 3 1 3 3 4 3 2 2 1 4 3 2 4 1 4 3 4 3 2 4 1 4 1 3 2 1 4 4 1 3 3 3 2 4 2 3 1 3 4 1 1 1 4 3 2 4 
4 4 1 3 4 1 2 1 3 2 2 1 2 2 4 4 4 2 3 4 3 4 3 1 3 2 4 1 4 3 4 2 3 2 3 2 4 1 1 4 3 3 2 3 1 2 3 1 2 3 3 4 4 3 3 2 2 2 3 3 3 4 2 3 3 3 1 4 3 2 3 1 2 4 1 4 1 4 1 4 1 4 
4 4 4 4 4 4 4 4 4 4 4 4 4 4 4 4 4 4 4 4 4 4 4 4 4 4 4 4 4 4 4 4 4 4 4 4 4 4 4 4 4 4 4 4 4 4 4 4 4 4 4 4 4 4 4 4 4 4 4 4 4 4 4 4 4 4 4 4 4 4 4 4 4 4 4 4 4 4 4 4 4 4 

