80
1000
1000

[Node]
0  0  0   0  0
81 0  0   0  0

[pickup]
1       504449422      26          18
2       505112367      36          18
3       504483241      42          20
4       505179308      42          20
5       503617238      45          11
6       504925786      49          12
7       505154688      54          20
8       504844669      57          19
9       503906574      61          6
10      502791296      67          16
11      502798824      67          15
12      504467528      67          18
13      504697856      75          14
14      503629917      79          20
15      504813165      86          19
16      502787519      87          20
17      505162674      92          14
18      504784699      93          13
19      504896908      107         13
20      502789230      109         13
21      502801750      109         18
22      504865782      114         18
23      505107611      115         14
24      503221322      123         17
25      504332253      123         11
26      505160192      128         11
27      504354545      130         14
28      504467511      135         17
29      502997308      136         14
30      502786834      138         18
31      504406686      144         13
32      502791054      154         19
33      505096954      156         11
34      502873629      157         9
35      502790450      157         11
36      502794247      161         8
37      502789389      166         10
38      504744533      173         19
39      504950887      177         16
40      505191730      180         12
41      502789069      210         20
42      505137588      211         10
43      504941658      212         6
44      504489902      215         20
45      505115866      218         20
46      502789179      218         16
47      502790955      230         9
48      504928743      240         13
49      505170466      244         14
50      505183084      260         19
51      505172794      269         13
52      502786541      280         14
53      504783205      305         11
54      502786917      309         17
55      503107234      312         15
56      504717668      317         12
57      504735557      349         8
58      503257871      351         16
59      504555619      353         14
60      502786974      376         16
61      504750395      389         12
62      505190963      389         17
63      504938844      402         12
64      502796219      403         6
65      502790596      416         11
66      504800636      429         11
67      502976944      442         20
68      502786503      449         7
69      505012229      451         12
70      502790595      473         5
71      504938851      527         16
72      502796218      536         19
73      502791061      574         20
74      503299570      604         10
75      504804143      758         6
76      502787837      839         6
77      503525248      1000        9
78      502785928      1000        12
79      504940835      1000        16
80      502792352      1000        8

[Speed 0]
0.81
30.0   60.0 0.0 0.6
90.0   150 0.0 0.4
300.0  540.0 0.0 0.81
570.0 630.0 0.0 0.6
660.0 720.0 0.0 0.4
750.0 840.0 0.0 0.81

[Speed 1]
1.33
30.0   60.0 0.0 0.8
90.0   150 0.0 0.6
300.0  540.0 0.0 1.33
570.0 630.0 0.0 0.8
660.0 720.0 0.0 1.3
750.0 840.0 0.0 2

[Speed 2]
1.33
30.0   60.0 0.0 1.0
90.0   150 0.0 0.8
300.0  540.0 0.0 1.33
570.0 630.0 0.0 0.8
660.0 720.0 0.0 0.6
750.0 840.0 0.0 1.5

[Speed 3]
1.5
30.0   60.0 0.0 0.9
90.0   150 0.0 0.8
300.0  540.0 0.0 1.5
570.0 630.0 0.0 0.9
660.0 720.0 0.0 0.8
750.0 840.0 0.0 1.5

[Speed 4]
2
30.0   60.0 0.0 1.1
90.0   150 0.0 0.9
300.0  540.0 0.0 2
570.0 630.0 0.0 1.1
660.0 720.0 0.0 0.9
750.0 840.0 0.0 2

[speed choose matrix]
4 4 4 4 4 4 4 4 4 4 4 4 4 4 4 4 4 4 4 4 4 4 4 4 4 4 4 4 4 4 4 4 4 4 4 4 4 4 4 4 4 4 4 4 4 4 4 4 4 4 4 4 4 4 4 4 4 4 4 4 4 4 4 4 4 4 4 4 4 4 4 4 4 4 4 4 4 4 4 4 4 4 
4 1 3 2 2 3 4 2 2 4 4 3 2 4 2 4 1 2 4 3 4 3 2 3 4 4 2 1 3 2 2 3 4 1 4 3 3 2 3 1 4 4 3 2 4 4 1 4 1 1 2 1 3 4 3 3 4 1 4 2 2 1 3 1 1 3 4 1 1 3 2 3 4 1 1 4 4 4 2 4 3 4 
4 4 2 1 2 3 4 4 2 2 3 1 1 2 1 3 2 2 4 4 2 3 1 2 2 3 4 1 1 2 1 3 2 3 2 4 1 4 3 4 1 3 1 4 2 1 3 1 2 2 3 2 4 3 4 2 2 3 4 3 4 1 3 4 4 1 2 1 1 3 4 1 4 3 2 2 1 1 3 4 4 4 
4 2 1 3 4 3 4 3 2 1 4 3 4 4 2 1 4 1 1 4 4 2 1 3 4 2 1 3 3 2 3 3 4 2 1 4 2 4 1 1 4 4 3 2 1 4 2 4 4 4 4 2 4 4 4 3 2 2 2 3 4 1 1 3 3 4 2 1 2 3 1 2 1 1 1 4 4 1 3 2 2 4 
4 2 4 2 4 2 4 3 2 3 4 4 2 2 1 4 3 1 2 4 2 1 2 2 3 1 3 2 3 2 1 3 4 3 3 3 2 2 2 4 1 1 2 2 2 4 1 2 2 1 3 4 4 3 2 1 3 1 4 3 4 2 4 1 4 1 4 1 1 1 2 3 4 4 4 2 4 3 1 4 2 4 
4 1 2 4 1 2 2 3 1 1 1 2 4 2 2 3 2 2 1 2 1 4 2 2 2 3 4 2 1 3 3 3 4 1 1 2 3 2 3 4 3 3 2 4 4 4 1 4 3 3 1 3 3 3 3 3 2 3 3 1 3 2 1 4 1 3 3 3 4 1 3 3 3 4 1 3 3 2 1 1 2 4 
4 2 1 3 4 3 1 3 2 2 3 3 1 4 4 4 1 2 3 4 3 2 2 2 2 1 3 3 4 1 3 3 4 4 2 1 1 4 3 1 4 2 3 3 2 1 1 1 1 3 1 4 3 3 2 1 2 1 2 4 1 1 1 3 2 2 2 3 4 4 3 2 4 3 1 4 3 1 2 4 3 4 
4 4 1 3 3 2 2 1 2 4 2 2 3 4 2 4 4 4 1 1 1 1 4 3 2 4 1 2 2 2 1 1 1 1 3 3 4 3 3 4 2 3 3 1 1 2 4 3 4 4 3 1 1 4 1 4 2 2 2 3 1 1 2 1 4 3 1 4 4 4 2 4 1 4 2 2 4 2 4 2 4 4 
4 4 3 3 3 1 4 2 1 2 1 4 1 1 4 2 3 2 3 1 1 1 1 4 1 4 3 1 2 1 3 1 3 2 4 4 4 1 1 1 4 1 4 3 1 4 2 1 1 2 3 1 3 1 4 2 3 3 4 4 1 1 3 2 3 2 1 3 2 3 4 2 3 3 4 4 4 3 1 4 2 4 
4 2 4 4 1 2 3 1 3 1 3 1 4 4 1 1 4 4 2 1 1 2 1 1 1 1 2 2 3 4 2 2 4 1 2 1 1 4 4 3 4 4 3 2 2 4 4 2 3 4 4 4 3 2 3 1 1 2 4 3 3 3 1 3 4 2 1 1 3 1 3 3 4 4 1 2 1 3 4 3 2 4 
4 4 3 1 2 3 3 4 1 1 2 1 4 1 4 2 1 4 1 3 3 2 2 2 3 4 4 4 2 1 1 4 2 3 1 4 3 1 1 1 3 4 3 2 2 3 4 2 3 2 1 3 2 1 1 3 2 3 4 3 3 2 4 4 2 3 3 1 1 1 2 1 4 4 3 3 4 2 4 4 3 4 
4 2 4 1 2 1 4 3 4 4 4 1 1 2 1 1 2 1 1 2 3 3 1 2 1 2 2 2 1 2 3 1 2 1 4 1 4 3 3 1 4 4 2 3 3 1 2 2 4 2 4 4 2 2 4 3 1 4 3 1 4 1 4 3 3 4 3 3 3 2 1 2 3 2 1 3 1 1 1 1 3 4 
4 2 1 2 2 3 2 2 3 2 4 2 2 4 1 4 1 3 1 3 2 1 1 4 1 1 1 1 4 2 4 1 4 2 4 3 1 2 2 3 1 2 4 2 3 1 3 2 2 3 3 3 2 3 4 2 4 1 4 3 2 2 1 2 4 3 2 2 2 1 3 4 4 1 4 1 2 3 2 4 4 4 
4 4 3 4 4 2 2 4 2 3 1 1 1 4 4 3 3 2 2 1 1 3 4 1 2 1 1 3 2 3 3 1 4 2 2 1 3 1 4 4 4 3 4 4 1 4 2 2 2 4 3 4 4 2 4 2 3 4 4 1 4 2 4 3 1 1 2 1 4 4 1 1 3 4 4 4 3 2 2 2 4 4 
4 4 1 1 3 4 2 4 2 2 3 1 4 3 3 1 4 1 2 2 2 2 2 2 4 2 1 4 3 3 4 2 2 2 3 2 3 4 2 2 3 1 2 2 4 1 1 1 2 4 1 2 2 4 2 2 4 4 4 2 1 4 1 3 1 3 2 4 1 3 1 1 2 2 3 4 4 1 3 1 1 4 
4 2 3 4 1 2 3 1 4 1 3 3 3 1 1 4 1 2 4 3 2 3 3 2 4 4 4 2 3 1 4 3 1 3 1 2 1 2 3 4 3 4 2 2 1 3 4 3 2 3 3 3 2 2 4 4 3 2 4 2 1 3 1 2 4 1 1 3 1 1 4 4 2 2 4 1 4 1 3 1 4 4 
4 1 1 2 2 3 1 2 2 3 1 2 1 4 4 4 4 4 3 4 2 2 3 3 4 4 3 2 2 1 1 4 2 2 1 4 4 4 3 4 4 1 3 2 1 3 4 4 4 1 2 1 4 1 2 3 4 4 3 1 1 1 1 4 2 3 1 1 4 1 1 2 3 2 3 2 2 4 2 2 1 4 
4 2 4 1 1 2 1 4 3 3 1 4 3 4 1 1 3 2 1 4 2 4 3 2 1 2 4 3 4 1 4 1 3 3 2 2 3 2 1 3 1 2 2 3 4 4 1 3 1 2 2 3 1 3 4 3 2 2 1 2 4 2 3 2 4 4 4 2 2 2 2 3 4 3 3 3 2 3 1 2 2 4 
4 4 3 1 2 3 1 3 4 3 2 3 4 1 1 3 2 1 1 4 4 2 4 3 4 2 3 2 2 4 2 4 2 1 2 4 4 1 3 3 3 3 3 1 4 1 3 2 1 4 4 4 3 1 4 3 3 1 4 1 1 4 4 2 4 3 2 4 4 1 3 4 3 2 3 4 4 3 1 1 2 4 
4 4 2 1 4 4 4 4 2 2 4 1 3 4 2 4 4 2 2 4 3 2 4 1 3 1 2 3 2 4 1 2 3 4 1 2 3 1 4 3 3 3 4 4 4 3 3 2 3 2 3 4 3 3 3 2 3 3 2 1 1 2 2 3 2 3 3 4 4 2 1 2 4 1 3 4 2 4 1 4 4 4 
4 4 4 2 1 2 4 3 4 2 2 3 1 3 3 2 1 4 2 4 3 4 4 3 3 1 4 1 1 3 2 1 4 2 3 2 3 3 2 3 2 1 4 4 1 1 4 4 4 1 3 2 3 2 2 3 2 3 4 2 2 4 1 1 3 3 3 4 3 2 2 1 3 1 1 1 2 1 1 1 2 4 
4 2 4 3 4 3 3 2 1 3 4 1 4 1 1 4 3 1 2 2 4 2 1 1 2 2 4 4 1 3 1 3 2 2 3 4 2 4 2 4 2 3 1 3 1 4 2 1 4 3 3 3 1 4 1 2 3 1 3 3 3 4 3 1 2 3 3 4 2 4 1 3 2 2 3 4 1 1 1 1 1 4 
4 2 3 3 4 1 2 3 1 1 3 4 4 3 3 3 1 2 3 4 4 1 3 1 2 4 1 3 1 4 4 4 1 2 3 1 2 2 3 1 1 1 1 2 4 1 3 3 4 2 4 1 2 2 2 1 3 4 1 1 1 4 3 3 1 1 2 4 1 1 3 4 2 4 2 4 2 4 2 4 1 4 
4 1 2 4 3 4 4 3 3 1 2 3 4 1 4 3 4 4 1 1 4 2 1 3 4 2 3 1 1 1 4 1 2 2 2 1 1 4 1 1 1 1 2 3 3 2 1 2 2 4 4 1 3 2 2 4 4 1 4 4 1 1 3 1 1 1 4 3 3 3 3 1 2 4 1 4 3 1 4 2 1 4 
4 2 3 2 4 3 2 4 1 3 2 2 3 3 4 2 2 1 2 2 3 3 4 2 3 4 3 1 3 1 2 3 2 1 1 4 2 3 2 3 1 2 1 1 2 1 3 4 2 2 3 1 2 3 4 1 4 2 1 3 4 3 2 4 2 4 4 4 2 1 3 2 2 1 1 3 3 1 1 3 2 4 
4 4 4 4 3 4 4 1 2 3 4 1 2 2 4 2 1 3 4 1 2 3 4 1 3 2 3 1 4 1 2 4 1 1 1 1 4 3 2 2 2 1 2 2 2 2 2 2 2 1 2 3 1 4 1 1 3 3 1 4 3 1 3 3 4 3 2 2 2 2 4 1 4 1 4 4 3 3 4 2 2 4 
4 1 3 2 1 2 1 4 3 2 1 3 3 3 3 2 3 1 4 4 3 4 2 2 2 2 2 3 1 3 3 2 1 4 2 3 1 4 1 3 2 1 1 1 1 3 4 4 3 4 3 3 2 1 3 2 3 3 2 2 1 2 1 3 2 3 4 4 4 1 1 1 4 4 2 1 4 3 4 1 1 4 
4 2 3 4 3 2 4 3 4 4 2 4 2 3 1 4 4 4 3 1 1 2 1 1 3 1 3 4 4 2 3 1 2 3 1 1 2 1 1 3 3 4 1 1 2 2 2 1 1 1 1 2 2 3 2 2 2 1 1 1 3 2 3 3 2 1 4 4 3 1 1 2 3 3 1 1 2 1 4 1 1 4 
4 2 4 3 3 4 3 4 3 3 3 3 4 3 1 2 3 4 2 4 4 2 2 2 2 4 1 3 2 4 4 1 3 1 4 4 1 1 1 1 3 3 1 3 4 2 3 3 4 1 3 3 3 3 4 1 4 4 3 3 3 4 4 3 4 3 3 3 3 2 3 1 1 3 2 3 1 2 2 1 4 4 
4 4 2 4 4 1 1 4 1 3 2 1 4 4 4 2 2 4 2 2 1 1 4 4 4 4 3 2 3 2 2 2 4 4 3 1 2 3 3 2 3 2 1 2 3 2 1 3 3 1 2 1 1 4 3 1 3 1 4 4 2 1 1 4 4 1 3 4 1 4 1 3 2 2 1 3 3 1 2 1 2 4 
4 4 3 4 1 1 1 4 1 1 1 2 3 3 3 1 2 4 4 1 1 2 1 4 2 3 4 3 4 3 2 2 4 2 3 2 1 2 3 2 3 2 2 1 2 2 4 4 2 2 3 1 4 4 2 4 3 1 2 1 3 4 4 2 2 4 4 2 3 1 4 4 1 4 4 4 3 4 1 3 3 4 
4 4 1 3 2 1 3 4 1 4 4 4 2 4 2 3 1 2 2 2 1 1 2 3 2 2 2 3 1 1 3 3 4 2 3 3 2 4 1 2 4 1 1 2 1 1 4 4 4 1 1 1 2 2 2 4 3 1 2 2 4 2 3 1 1 1 1 3 1 3 1 3 4 1 2 2 2 1 4 2 3 4 
4 1 3 3 3 1 4 4 2 1 3 4 1 2 4 1 4 3 1 3 2 3 3 3 1 2 3 1 4 3 2 3 3 2 4 2 4 3 2 3 3 2 1 1 1 2 3 1 1 1 1 4 3 1 4 2 3 2 4 2 1 3 1 3 4 1 2 2 2 2 1 1 3 3 1 4 4 2 4 1 3 4 
4 2 2 2 1 1 3 2 1 3 3 1 1 2 4 2 4 1 2 1 3 1 3 4 4 3 1 4 3 4 3 3 3 3 2 2 3 4 1 1 4 1 1 1 3 2 4 2 4 3 1 1 2 1 2 4 3 1 1 2 3 4 1 3 4 3 4 4 4 4 4 1 1 4 2 2 3 2 3 4 4 4 
4 4 1 4 1 3 2 3 2 3 2 3 3 3 3 1 2 2 4 2 3 2 4 1 2 4 4 2 1 1 3 2 3 1 4 4 1 4 4 3 4 2 3 2 3 1 3 1 4 4 4 4 3 2 2 4 4 2 1 3 1 4 4 4 4 2 3 4 4 1 3 2 1 2 3 3 2 2 4 1 3 4 
4 4 4 2 3 1 2 1 4 3 2 3 1 4 1 3 4 2 2 4 3 4 2 3 4 2 1 2 2 4 4 4 4 1 4 1 2 4 4 2 1 1 1 1 1 1 1 3 1 4 2 4 3 3 1 3 2 4 1 4 2 2 2 2 1 1 3 2 3 3 3 2 2 1 3 2 4 1 2 1 3 4 
4 4 2 1 3 3 4 2 4 4 3 2 3 4 3 3 1 1 4 2 4 2 2 4 4 2 3 4 4 2 3 1 2 1 2 3 2 1 2 4 2 2 4 2 2 2 3 3 3 2 2 2 1 2 4 2 3 1 2 3 4 3 1 4 3 1 1 2 4 4 3 4 3 2 2 3 2 4 1 2 2 4 
4 3 4 3 4 4 1 4 3 1 3 1 3 3 4 4 1 4 2 2 3 3 4 4 4 3 4 1 3 3 3 3 4 4 2 1 4 3 3 2 1 3 1 3 3 3 4 4 3 3 2 4 3 2 3 3 1 3 4 3 2 2 1 4 1 4 4 3 3 4 4 4 4 2 1 2 1 1 1 3 2 4 
4 2 2 2 4 3 2 2 1 1 4 3 1 3 1 2 2 1 2 1 1 3 2 1 4 4 2 2 3 2 3 3 1 3 1 4 3 1 2 1 3 2 3 2 2 1 4 2 1 1 4 1 4 2 3 4 1 3 1 2 4 3 3 1 2 4 2 3 4 4 1 1 3 3 1 2 1 2 3 3 4 4 
4 4 3 2 2 1 4 4 3 3 4 4 3 1 2 4 4 1 4 3 4 1 3 2 3 1 3 1 4 4 3 2 2 3 4 1 3 1 4 1 2 3 2 4 1 3 2 1 3 1 3 2 3 2 3 4 3 4 1 1 3 3 4 2 1 3 3 4 4 3 2 2 4 2 1 2 3 4 3 2 3 4 
4 4 1 4 3 3 3 2 4 1 3 2 3 2 2 3 3 4 1 3 2 1 1 2 3 3 1 3 4 4 2 4 2 4 1 2 3 4 4 2 1 1 2 4 2 3 1 1 4 1 4 3 4 4 3 2 3 4 1 4 2 1 2 2 1 1 4 2 2 4 3 2 2 2 2 1 2 3 1 3 3 4 
4 1 3 3 2 2 2 2 2 4 1 1 4 1 2 1 4 1 1 1 4 1 4 2 4 4 2 3 1 4 2 4 1 3 1 4 4 2 1 2 3 2 3 3 3 3 4 1 3 3 2 1 3 1 4 1 1 3 3 3 2 4 4 4 4 3 2 4 1 4 4 1 1 1 4 1 3 1 4 1 1 4 
4 1 1 3 3 2 1 3 3 1 4 2 1 3 3 1 1 1 1 1 3 2 4 3 3 2 2 4 1 1 2 1 1 1 4 3 1 1 4 2 1 3 4 1 4 1 2 1 4 3 2 3 3 4 1 1 1 2 2 2 3 3 4 1 1 4 1 2 1 2 2 2 1 2 4 4 3 4 4 3 3 4 
4 3 3 1 1 3 3 4 3 3 1 3 2 3 3 4 2 4 1 1 4 3 2 4 4 1 4 4 1 2 4 2 4 3 3 2 3 2 2 4 4 2 2 1 1 2 1 2 1 4 1 3 3 3 4 3 2 3 1 2 4 3 4 2 3 2 4 1 2 3 1 2 2 3 2 1 1 2 1 1 2 4 
4 4 1 2 4 4 3 3 3 1 2 3 4 2 4 3 1 2 3 1 1 3 2 3 1 2 2 1 2 2 1 1 3 4 1 1 3 4 4 2 3 3 3 1 3 3 3 1 2 2 1 2 3 4 4 2 2 3 3 4 1 4 3 4 1 4 4 2 2 3 1 1 3 3 3 2 4 2 1 2 3 4 
4 1 1 3 3 3 3 1 3 2 3 3 2 4 3 1 4 1 1 3 4 4 3 3 1 4 3 1 1 4 2 2 4 1 1 2 4 1 1 2 3 1 4 2 4 4 3 3 4 1 2 2 4 2 2 1 3 3 2 1 2 2 1 1 3 1 1 4 2 3 4 3 3 3 3 2 2 1 3 2 3 4 
4 2 1 3 2 3 4 4 4 2 2 4 1 4 1 1 3 3 2 1 3 4 2 3 2 4 4 2 4 4 1 3 3 3 1 4 2 1 3 2 3 4 4 1 3 2 2 1 2 3 3 2 2 4 1 3 3 1 3 3 4 2 4 1 1 4 2 4 4 3 4 4 2 2 2 4 4 3 4 4 1 4 
4 2 1 1 3 1 3 4 4 2 2 1 2 4 1 1 4 2 4 1 1 3 3 4 2 4 3 2 4 1 4 2 2 1 2 1 1 3 1 2 2 1 3 3 1 2 1 1 3 1 2 1 3 2 1 4 3 3 4 1 1 1 4 1 3 3 4 1 1 1 3 3 3 4 3 1 2 2 4 4 4 4 
4 4 3 4 4 4 4 2 3 2 1 4 2 1 1 1 3 1 1 2 3 3 2 3 4 2 1 4 3 2 2 3 1 3 2 1 1 4 1 4 4 4 2 2 4 4 3 2 2 2 3 2 1 4 4 3 2 3 4 1 2 2 2 3 4 4 2 3 4 4 3 4 3 4 1 3 3 3 1 4 1 4 
4 3 4 2 4 4 1 2 1 1 3 2 2 3 4 3 1 4 4 4 4 3 1 3 3 4 1 3 1 1 3 2 2 2 2 2 1 3 1 4 2 1 3 1 2 3 3 2 3 4 2 1 3 3 1 1 4 3 4 4 3 4 3 4 2 4 1 3 4 1 3 2 2 1 1 4 4 2 4 2 2 4 
4 2 3 4 1 4 2 3 3 2 3 1 4 2 4 2 4 2 1 4 3 4 2 3 4 4 1 2 3 2 4 1 3 1 4 4 3 4 4 4 3 1 4 2 3 2 2 3 2 1 3 1 3 4 4 4 2 1 1 2 1 1 1 3 3 1 2 1 1 2 4 4 4 1 1 4 1 1 4 3 4 4 
4 4 3 2 4 1 1 3 4 3 1 1 3 3 1 4 2 1 1 4 1 4 4 3 3 4 4 2 4 4 3 4 2 3 1 1 4 3 4 1 3 2 3 1 4 1 4 3 2 4 1 2 2 1 1 3 3 1 4 3 1 2 2 1 1 2 3 4 4 2 1 4 1 4 3 3 1 1 1 3 3 4 
4 4 2 3 3 4 1 4 3 1 4 2 1 4 1 3 3 3 2 1 3 2 3 4 3 3 2 2 1 4 2 2 1 4 1 2 3 3 3 4 2 4 1 4 1 4 4 1 2 3 2 3 2 2 1 4 1 4 2 3 4 4 3 4 3 2 4 4 3 2 2 2 4 1 2 3 3 1 3 1 1 4 
4 3 1 4 2 4 4 2 4 1 3 3 3 2 2 3 2 2 1 3 2 1 3 3 4 2 3 2 3 3 1 1 1 1 4 1 2 3 3 3 3 3 3 3 2 4 4 2 4 3 1 2 3 2 1 3 4 4 3 3 4 4 2 2 1 2 1 2 3 3 4 1 1 3 4 3 4 3 4 1 2 4 
4 4 3 4 1 1 1 2 2 3 3 2 4 4 1 4 4 2 2 2 1 4 3 4 1 3 1 3 2 1 4 2 1 2 1 2 2 3 2 2 4 3 4 4 2 4 2 4 2 3 3 1 4 4 1 1 4 2 3 3 3 2 2 4 4 2 4 3 1 2 4 4 4 2 2 2 4 4 2 3 3 4 
4 3 4 2 2 3 4 3 2 2 3 1 3 3 3 3 3 3 2 4 4 2 1 4 3 1 2 3 4 2 3 1 3 2 3 2 4 1 4 1 2 1 2 3 3 2 2 2 4 1 2 4 2 1 1 1 4 2 2 1 4 2 4 3 3 1 2 1 4 2 1 1 1 4 3 2 3 1 1 4 4 4 
4 3 2 3 2 3 3 2 1 4 4 2 1 4 4 2 3 1 4 1 2 4 4 2 2 2 1 3 3 3 1 3 4 3 4 2 1 4 4 2 4 2 2 3 3 2 4 2 4 2 2 2 2 2 2 4 2 2 3 4 1 2 4 1 4 3 4 2 2 4 4 2 4 3 3 3 1 4 3 1 1 4 
4 3 3 4 1 2 4 2 4 4 4 3 3 4 3 1 3 4 4 4 4 1 1 2 2 1 1 3 4 1 3 4 3 1 4 4 1 3 2 3 2 3 4 1 4 2 3 2 2 4 1 3 3 1 1 4 2 1 2 4 4 2 3 3 1 1 1 4 4 1 3 1 3 3 4 2 4 1 2 2 2 4 
4 4 3 3 1 2 2 2 4 1 4 1 3 2 1 3 3 4 2 4 1 3 3 2 1 1 3 1 1 4 4 4 3 1 2 4 3 2 4 4 2 1 2 4 4 2 4 4 4 4 1 2 4 3 2 1 4 4 1 3 1 4 4 2 4 4 1 4 2 1 1 3 1 2 4 3 3 2 2 4 2 4 
4 2 2 4 3 1 4 4 3 1 3 2 1 4 1 2 1 3 2 1 2 2 3 3 2 2 2 3 3 2 3 3 3 3 2 2 1 1 2 4 4 3 2 4 4 4 2 1 3 4 2 1 1 2 1 1 2 3 3 1 3 2 2 4 1 4 2 3 4 1 2 2 4 3 3 2 2 1 4 1 2 4 
4 1 4 1 4 2 3 1 4 3 4 2 3 2 4 4 4 1 3 3 1 3 2 3 1 2 1 3 4 4 1 2 3 4 1 2 1 3 2 2 4 4 3 4 2 3 4 4 1 4 3 2 4 1 2 4 3 2 4 4 2 2 1 3 4 2 2 2 4 2 4 4 3 3 3 2 4 2 3 1 3 4 
4 4 1 2 3 4 2 2 1 4 1 4 1 2 1 1 1 3 2 3 4 1 3 4 3 3 1 4 1 3 3 3 4 3 2 4 4 1 4 2 4 1 2 3 2 4 3 3 4 2 1 4 2 4 1 4 4 3 3 4 1 1 2 2 1 1 3 3 3 3 2 2 2 3 2 1 2 3 3 4 3 4 
4 1 3 2 4 1 4 2 3 2 2 2 1 2 3 4 2 3 4 2 3 3 1 3 2 4 3 4 4 3 4 4 1 1 4 2 1 1 1 3 1 4 2 4 1 2 1 1 4 4 1 4 4 3 3 1 2 2 4 1 2 3 1 2 4 3 2 2 2 3 3 4 1 2 1 3 1 2 1 3 3 4 
4 4 2 2 2 3 4 1 4 1 2 4 3 2 3 1 2 2 4 1 1 4 3 4 4 1 3 1 2 1 2 4 1 2 1 4 4 2 3 4 3 3 4 4 1 1 2 2 4 3 3 4 3 4 1 1 3 2 3 2 2 1 3 2 3 3 2 2 1 4 3 3 2 1 3 4 1 4 3 1 4 4 
4 1 1 3 3 1 4 4 2 4 4 1 1 4 4 4 4 4 4 4 2 1 4 2 2 3 4 2 3 2 2 3 1 1 3 2 3 1 3 3 4 4 1 4 1 4 1 3 1 1 2 2 3 3 2 3 2 4 4 3 3 3 2 4 2 4 1 2 1 2 1 4 1 3 1 4 1 3 4 1 4 4 
4 1 3 3 4 3 3 3 3 4 4 3 1 2 3 3 4 4 2 4 1 4 1 4 3 4 1 3 1 3 1 4 1 3 1 4 3 4 4 2 2 1 2 2 1 2 2 2 4 4 1 3 2 1 1 2 2 3 2 2 3 3 2 4 4 4 2 3 4 4 1 4 4 3 3 3 3 2 2 3 2 4 
4 4 3 2 3 1 3 4 1 1 3 3 2 3 4 2 1 4 4 3 3 3 3 1 2 4 2 1 4 3 2 4 3 4 4 1 1 4 2 1 4 3 3 3 4 4 3 2 1 2 3 2 2 4 3 2 3 1 4 1 1 4 2 3 4 3 4 2 4 3 4 3 4 3 3 3 2 4 2 4 4 4 
4 1 4 2 3 3 3 2 3 1 3 2 1 4 4 1 2 4 2 3 4 2 2 1 4 3 4 3 3 1 2 2 1 3 4 2 2 3 1 1 3 1 4 4 1 2 4 4 1 3 4 3 2 2 1 3 3 3 3 4 2 3 1 3 4 1 2 3 1 2 4 1 3 2 1 4 4 2 1 2 3 4 
4 1 4 4 4 3 1 1 4 1 1 4 2 2 3 3 1 2 2 2 4 4 1 1 1 3 3 4 1 4 2 3 2 2 3 4 2 3 2 3 2 2 1 4 1 4 3 2 2 1 1 2 2 2 3 4 2 1 4 3 3 1 4 2 3 1 2 2 4 4 4 2 4 3 4 1 4 4 2 2 2 4 
4 4 3 2 1 4 3 3 1 2 1 3 1 4 2 1 2 4 3 1 3 2 4 4 2 3 2 1 1 3 1 3 2 3 4 3 3 3 3 3 4 1 1 3 2 2 4 1 2 4 4 2 2 4 1 3 3 1 1 2 4 1 4 3 4 3 1 2 1 3 1 4 3 3 3 1 2 2 2 3 1 4 
4 2 3 1 4 1 2 2 1 3 2 2 3 2 4 4 3 2 4 1 2 1 3 1 3 2 4 1 3 3 3 3 4 2 2 3 2 3 2 3 2 3 1 1 4 1 2 3 3 3 4 1 2 3 2 2 3 1 1 4 1 1 4 1 2 4 1 3 1 3 2 4 3 1 4 4 1 3 3 3 2 4 
4 3 4 3 4 2 3 3 1 3 3 4 4 2 1 4 2 2 4 2 1 3 3 1 3 1 2 2 1 1 3 3 2 2 4 4 4 4 2 4 2 3 3 2 2 2 2 1 2 2 3 2 4 4 1 1 1 2 2 3 2 3 2 3 4 1 1 1 3 1 1 2 3 3 4 2 3 4 3 3 4 4 
4 3 4 1 2 4 4 3 4 2 4 2 4 4 3 4 1 2 3 3 1 4 2 2 4 4 3 2 2 2 2 2 3 3 2 3 2 2 2 4 4 4 2 2 3 1 2 3 2 4 4 1 3 3 1 2 2 3 2 4 1 1 2 4 2 3 1 4 1 3 1 4 1 1 2 1 2 2 3 3 1 4 
4 3 3 1 1 2 1 3 2 1 2 4 4 2 2 2 4 3 1 2 3 3 3 2 1 4 1 4 1 2 1 1 1 2 4 1 3 1 1 4 4 4 3 2 1 1 4 4 3 2 4 2 4 4 1 4 3 2 1 1 3 4 3 4 3 3 4 4 3 1 2 2 1 2 1 1 1 4 4 2 4 4 
4 2 1 4 3 4 4 4 4 3 2 3 1 3 2 2 2 3 2 4 2 2 2 1 4 2 1 3 1 4 4 4 3 1 1 1 2 1 1 4 1 4 3 2 3 4 1 4 2 3 2 4 4 3 4 1 2 3 3 3 1 2 3 2 3 4 2 1 3 4 4 3 4 3 4 1 3 4 1 4 4 4 
4 4 4 4 4 4 1 1 3 4 3 4 1 4 3 1 2 1 1 4 1 2 2 4 2 1 2 4 2 1 4 1 3 2 3 2 1 4 3 4 4 1 2 1 3 2 2 3 4 4 2 3 1 2 3 4 3 2 3 2 3 1 4 4 1 2 1 3 3 1 1 4 1 1 4 3 3 4 1 3 2 4 
4 3 1 1 2 4 4 4 1 2 2 2 3 4 1 1 2 3 2 4 1 4 1 2 2 2 2 3 2 3 4 4 3 1 4 2 2 1 1 1 2 3 4 1 2 4 3 3 1 4 3 4 2 4 1 3 3 2 3 1 2 4 1 2 4 3 1 4 3 4 1 4 1 2 1 1 4 4 3 1 3 4 
4 4 3 2 1 2 3 2 4 2 2 3 4 3 2 1 3 3 2 3 4 1 4 4 2 2 4 1 2 3 3 3 1 4 3 2 4 2 3 1 1 1 1 4 4 1 2 3 4 4 1 4 3 1 2 3 1 3 2 3 1 1 4 3 1 3 4 4 3 1 3 4 2 3 2 2 2 1 3 2 1 4 
4 4 4 4 4 3 4 2 4 1 2 2 1 2 4 1 1 4 2 2 4 4 3 1 4 3 3 3 3 3 2 4 2 2 4 1 3 1 4 4 2 2 4 4 4 3 3 3 1 4 3 1 4 3 2 4 3 4 1 2 1 3 1 4 2 1 3 4 3 2 4 3 4 2 2 3 2 4 1 2 1 4 
4 2 2 4 3 1 2 3 3 4 2 4 2 1 1 1 3 3 1 2 1 3 2 4 4 2 1 3 1 3 2 3 1 2 2 3 2 4 4 2 2 4 2 4 2 1 2 1 3 1 4 3 2 4 3 1 4 4 4 3 4 4 4 4 1 3 1 1 3 2 1 4 2 3 4 4 4 2 3 3 3 4 
4 1 4 4 4 2 4 4 3 4 1 4 1 3 2 4 3 1 2 2 2 1 3 3 3 4 2 1 3 2 2 4 4 4 3 1 4 3 1 2 3 2 2 3 3 2 2 4 1 1 4 4 3 1 2 3 2 3 3 3 1 1 1 3 1 1 3 4 2 1 1 4 2 2 3 2 2 3 2 3 3 4 
4 4 4 4 4 4 4 4 4 4 4 4 4 4 4 4 4 4 4 4 4 4 4 4 4 4 4 4 4 4 4 4 4 4 4 4 4 4 4 4 4 4 4 4 4 4 4 4 4 4 4 4 4 4 4 4 4 4 4 4 4 4 4 4 4 4 4 4 4 4 4 4 4 4 4 4 4 4 4 4 4 4 

