81
1000
1000

[Node]
0  0  0   0  0
82 0  0   0  0

[pickup]
1       502788282      15          13
2       504389727      17          18
3       505195416      25          6
4       504433520      31          14
5       504559657      33          7
6       503907150      40          8
7       502788559      47          19
8       505123014      47          17
9       502800271      50          14
10      505162674      54          11
11      502890094      58          17
12      502793947      58          16
13      504913105      60          16
14      503615814      61          11
15      503641528      65          9
16      504944097      67          7
17      503228783      68          8
18      503658864      68          19
19      505128819      69          15
20      504852746      71          7
21      503589812      71          20
22      502787235      73          17
23      503188362      74          9
24      504654384      75          16
25      503168027      84          16
26      505179308      88          15
27      505150270      91          5
28      504701928      92          8
29      502800258      100         17
30      505185201      103         7
31      503657465      109         17
32      503629917      111         18
33      503242004      113         5
34      505076939      121         5
35      504042384      132         6
36      505143425      135         9
37      503978903      146         10
38      502785872      147         9
39      503291816      148         6
40      502794467      152         9
41      502789111      155         17
42      503219373      160         12
43      503123568      160         12
44      502800753      163         7
45      503642641      163         9
46      505191728      167         18
47      503604039      168         11
48      503136759      169         18
49      504793290      182         11
50      502985617      183         18
51      502792419      196         15
52      504930829      205         11
53      505170924      213         10
54      505183084      215         16
55      502793877      226         9
56      505186923      239         13
57      504959841      245         17
58      503592373      250         10
59      503297612      253         19
60      503278639      255         11
61      502798266      255         11
62      505150247      266         13
63      502787809      281         5
64      504489902      291         15
65      502785846      293         5
66      504591167      306         13
67      505160758      314         7
68      502798846      349         12
69      504940726      357         7
70      502785849      374         17
71      502794668      381         15
72      503192571      395         17
73      505045729      407         14
74      502791109      448         11
75      504938844      462         5
76      504411672      481         15
77      502787162      534         18
78      503074190      609         16
79      504459915      1000        14
80      505080279      1000        16
81      502804546      1000        7

[Speed 0]
0.81
30.0   60.0 0.0 0.6
90.0   150 0.0 0.4
300.0  540.0 0.0 0.81
570.0 630.0 0.0 0.6
660.0 720.0 0.0 0.4
750.0 840.0 0.0 0.81

[Speed 1]
1.33
30.0   60.0 0.0 0.8
90.0   150 0.0 0.6
300.0  540.0 0.0 1.33
570.0 630.0 0.0 0.8
660.0 720.0 0.0 1.3
750.0 840.0 0.0 2

[Speed 2]
1.33
30.0   60.0 0.0 1.0
90.0   150 0.0 0.8
300.0  540.0 0.0 1.33
570.0 630.0 0.0 0.8
660.0 720.0 0.0 0.6
750.0 840.0 0.0 1.5

[Speed 3]
1.5
30.0   60.0 0.0 0.9
90.0   150 0.0 0.8
300.0  540.0 0.0 1.5
570.0 630.0 0.0 0.9
660.0 720.0 0.0 0.8
750.0 840.0 0.0 1.5

[Speed 4]
2
30.0   60.0 0.0 1.1
90.0   150 0.0 0.9
300.0  540.0 0.0 2
570.0 630.0 0.0 1.1
660.0 720.0 0.0 0.9
750.0 840.0 0.0 2

[speed choose matrix]
4 4 4 4 4 4 4 4 4 4 4 4 4 4 4 4 4 4 4 4 4 4 4 4 4 4 4 4 4 4 4 4 4 4 4 4 4 4 4 4 4 4 4 4 4 4 4 4 4 4 4 4 4 4 4 4 4 4 4 4 4 4 4 4 4 4 4 4 4 4 4 4 4 4 4 4 4 4 4 4 4 4 4 
4 4 2 3 2 1 4 2 3 3 3 4 3 3 2 1 2 1 3 4 4 4 2 3 2 1 4 2 4 3 2 1 2 4 1 4 3 1 4 4 4 4 1 2 4 3 3 2 1 2 1 1 1 4 3 3 4 2 2 3 1 3 4 2 2 2 2 3 4 4 4 4 1 1 2 3 1 3 4 1 2 4 4 
4 2 3 2 2 2 2 4 2 3 3 1 2 4 1 1 1 3 4 1 4 3 4 3 2 4 2 2 1 4 1 3 1 1 2 4 1 4 3 2 3 4 1 1 1 1 2 1 1 3 4 2 1 4 4 4 4 2 2 4 3 3 4 1 4 1 2 3 2 4 4 3 4 1 1 1 1 3 4 1 1 4 4 
4 1 1 2 3 1 3 1 3 4 1 2 4 2 2 4 4 4 3 3 1 3 1 2 1 3 3 1 4 4 4 1 3 4 3 4 4 2 1 1 4 1 2 3 1 4 3 3 4 1 1 3 4 3 3 4 4 3 3 3 3 3 2 4 3 4 3 2 1 4 1 2 4 1 1 1 3 2 1 3 2 3 4 
4 4 2 2 2 4 2 1 4 1 4 4 2 4 2 2 3 1 2 3 1 1 4 1 3 3 1 1 2 2 2 2 1 3 4 1 3 3 1 3 3 1 1 3 2 4 1 4 2 4 3 2 2 3 3 3 2 4 2 1 3 3 3 2 3 3 1 2 2 1 2 4 2 2 3 2 2 1 1 4 2 1 4 
4 2 3 3 2 1 4 1 3 3 3 3 4 4 4 2 4 3 2 1 1 1 3 4 2 4 3 4 3 3 2 4 3 3 1 3 4 1 1 4 4 1 2 2 1 3 4 4 2 1 3 4 2 2 3 2 4 1 2 3 4 1 1 1 3 3 2 4 2 2 4 3 1 4 3 4 1 1 4 1 3 4 4 
4 2 4 3 3 2 1 4 2 3 2 3 3 1 4 2 1 4 1 2 3 3 1 2 2 2 3 4 4 3 2 2 3 1 3 4 1 3 3 1 1 3 4 3 3 2 1 1 3 3 3 2 3 1 2 4 4 3 1 2 4 1 2 2 3 3 2 1 1 4 2 2 4 3 2 1 4 1 2 2 4 3 4 
4 1 3 3 4 3 2 2 4 4 1 1 2 4 4 1 1 4 2 3 3 1 1 4 3 1 3 3 4 2 1 4 1 4 4 2 4 1 3 3 4 3 3 2 1 1 1 1 1 1 2 3 3 3 2 4 4 1 4 2 4 2 2 3 3 1 1 4 1 2 1 3 4 4 2 2 1 1 2 2 3 2 4 
4 3 3 4 2 3 1 1 1 4 4 1 1 1 3 2 1 3 1 2 4 4 2 4 3 2 2 2 4 3 1 4 1 2 1 4 4 1 4 1 4 3 3 2 2 3 1 4 1 4 2 3 3 1 3 3 3 4 3 4 3 3 4 2 2 2 4 2 2 1 3 3 1 1 1 3 4 1 1 4 2 4 4 
4 4 1 4 3 1 3 2 4 4 2 4 3 4 3 2 1 1 4 4 4 4 3 2 2 3 4 1 2 4 1 4 1 1 1 1 2 4 4 2 1 3 1 1 1 3 2 4 4 2 2 4 3 4 1 2 2 4 3 1 3 1 2 3 2 3 4 1 1 3 2 1 4 4 1 3 3 4 2 1 3 4 4 
4 4 2 4 2 3 2 3 1 3 3 2 4 2 4 4 4 2 3 3 3 4 1 4 1 1 2 1 2 4 2 3 1 4 1 2 1 3 1 1 1 2 2 3 2 1 3 3 2 4 4 1 1 4 2 4 2 2 2 2 2 1 4 4 1 2 3 4 4 2 2 2 2 3 1 1 3 1 4 4 4 4 4 
4 1 1 3 4 4 2 4 3 2 4 3 4 2 2 2 2 2 4 1 3 1 4 1 1 4 3 4 1 2 2 2 3 2 3 1 3 3 3 4 1 2 2 3 3 4 1 1 4 2 2 3 3 2 3 4 2 2 2 4 1 1 4 3 4 2 3 4 2 4 3 3 4 1 2 2 1 3 2 1 4 1 4 
4 3 1 2 3 3 1 3 1 2 2 3 1 2 4 4 1 1 2 1 1 1 3 3 2 2 1 4 2 3 1 4 4 4 1 3 2 2 4 4 4 1 1 1 4 4 2 1 3 4 1 2 2 2 3 2 3 1 3 4 3 3 4 4 2 1 3 1 4 1 2 4 4 4 1 2 3 1 3 1 3 4 4 
4 2 1 3 4 4 3 4 4 1 3 4 2 1 4 4 2 2 2 1 2 3 3 2 3 3 2 3 3 4 1 1 2 4 2 3 2 2 3 4 3 1 4 4 3 2 3 3 4 4 2 4 4 1 3 1 2 4 3 4 3 3 1 4 4 3 2 4 1 2 4 3 2 1 4 1 3 1 2 4 3 4 4 
4 4 4 4 4 3 1 3 2 2 3 4 3 3 1 4 1 1 1 2 2 3 4 3 4 4 4 2 4 2 2 2 3 4 4 4 1 4 4 1 2 2 1 1 2 4 2 1 1 3 2 2 4 3 3 1 4 1 3 2 3 2 4 4 4 2 2 1 1 4 2 1 1 1 4 4 4 4 1 4 3 1 4 
4 2 1 1 3 2 3 4 4 1 4 1 4 2 1 4 4 1 1 1 1 3 4 4 2 3 4 2 3 3 2 1 4 4 3 3 2 1 4 1 1 4 3 1 1 3 2 2 4 4 2 3 4 4 1 2 2 1 2 2 4 1 2 1 3 3 3 3 4 1 2 2 2 3 2 3 1 2 1 4 3 3 4 
4 2 4 3 4 2 2 4 1 4 1 3 3 2 3 4 1 4 2 2 4 3 2 4 1 1 4 1 2 4 4 2 4 2 4 4 4 1 1 1 3 3 1 1 1 2 2 4 2 3 1 3 2 2 1 3 3 3 2 1 2 3 2 3 4 3 2 2 2 4 2 2 1 4 1 2 4 1 3 2 4 3 4 
4 2 4 1 2 4 4 1 1 4 2 3 3 4 3 4 1 2 3 1 4 1 3 3 4 2 3 2 1 1 4 4 1 1 3 3 2 2 1 2 1 3 3 3 3 4 2 1 2 2 2 3 1 3 3 1 3 4 2 3 1 4 4 2 3 1 2 3 4 2 2 4 3 3 2 2 4 1 2 4 4 3 4 
4 4 4 2 2 2 4 3 1 3 4 4 1 3 3 1 4 3 3 1 1 2 4 3 4 1 2 4 4 1 2 3 3 3 3 3 2 3 2 4 4 1 1 2 3 1 2 2 2 2 2 4 2 3 2 1 2 4 3 3 4 2 1 4 4 1 3 1 4 2 2 3 3 4 1 2 1 4 4 3 1 2 4 
4 2 4 2 1 3 1 4 4 1 2 3 2 2 1 1 2 3 3 4 3 2 2 2 3 2 2 4 4 3 2 4 3 2 4 3 2 4 4 4 1 1 1 2 1 4 1 1 1 3 1 1 3 2 3 2 4 2 1 3 3 2 1 2 4 2 4 2 3 1 4 2 1 2 4 4 2 4 2 3 1 2 4 
4 4 4 1 1 4 3 2 3 3 2 2 2 1 3 4 3 1 1 2 1 3 4 1 3 2 1 1 4 3 2 2 1 2 4 1 1 4 4 2 2 2 3 1 2 2 2 4 4 3 2 3 2 1 4 3 2 2 1 2 1 1 3 3 3 3 1 1 2 3 4 2 2 2 4 4 3 3 1 2 4 1 4 
4 4 3 4 3 4 3 3 1 1 2 3 4 1 1 1 2 4 3 3 4 4 1 3 4 1 3 4 1 3 3 3 2 4 4 3 1 1 2 2 1 2 3 3 2 3 3 3 1 2 3 2 3 4 2 4 3 1 1 4 2 1 4 1 1 3 1 3 3 4 4 1 2 3 1 1 2 4 1 2 2 1 4 
4 1 1 1 2 1 1 1 4 4 1 2 3 1 1 2 2 2 1 1 3 3 1 4 1 2 3 4 4 3 1 2 3 4 2 3 2 1 2 1 2 1 4 2 3 4 2 1 3 2 4 4 3 4 2 4 2 3 1 2 2 2 3 2 1 4 4 2 4 1 2 2 1 4 2 4 1 1 3 4 3 4 4 
4 3 4 2 3 3 2 3 2 1 4 1 3 2 3 3 2 1 3 2 1 2 4 2 2 1 2 4 4 4 1 4 2 3 3 2 4 2 2 1 3 3 2 3 3 1 2 4 1 3 3 1 4 4 4 2 3 3 4 2 4 2 1 1 1 3 1 2 4 3 3 3 2 2 2 3 3 3 3 4 1 3 4 
4 2 1 4 3 2 2 4 4 1 4 1 1 3 4 2 2 3 1 4 3 2 1 4 4 3 4 4 4 3 4 3 1 4 2 2 2 2 4 3 4 4 2 2 1 1 3 2 3 2 2 3 4 1 1 1 3 3 2 1 3 3 4 2 4 4 2 2 4 1 4 3 4 2 3 4 4 4 2 2 2 2 4 
4 3 4 4 3 1 2 3 4 3 1 3 4 2 4 1 3 2 3 2 1 1 1 3 4 4 3 3 4 3 1 3 2 4 2 3 2 3 3 2 1 2 1 3 4 4 1 4 2 2 4 3 1 4 3 3 3 3 3 4 2 4 1 4 4 2 4 2 2 1 2 1 4 3 3 4 3 4 4 3 2 1 4 
4 4 1 4 4 4 1 3 4 3 2 4 4 2 4 2 1 1 2 2 1 3 3 3 1 2 2 1 2 1 4 2 1 2 2 3 4 1 1 1 3 3 4 1 4 4 4 1 2 1 1 3 4 1 3 4 3 4 4 4 1 4 4 1 3 2 1 1 1 4 2 1 3 1 1 4 2 1 1 4 2 1 4 
4 2 2 1 4 3 1 3 3 3 1 1 2 2 4 4 1 2 4 3 2 3 1 2 4 1 1 3 2 1 3 1 3 3 2 3 2 1 1 3 4 1 3 2 2 4 3 3 2 1 3 1 2 3 3 2 2 4 1 2 1 4 4 2 2 2 1 3 1 3 1 2 3 3 1 1 3 2 4 2 1 2 4 
4 2 1 1 2 3 4 2 1 2 2 3 3 3 2 2 3 3 3 1 1 3 4 1 3 2 4 3 1 4 4 3 4 4 2 1 2 3 1 1 2 3 4 2 2 2 4 1 3 4 3 2 1 1 4 2 2 3 1 1 3 2 2 2 3 3 3 1 1 1 4 2 3 3 4 1 1 3 2 1 2 1 4 
4 2 2 4 4 1 3 4 2 2 4 4 2 1 2 4 4 4 3 2 4 2 2 3 3 4 1 3 2 1 3 2 4 4 2 2 1 2 3 4 3 4 4 2 2 2 3 1 1 3 4 2 2 1 4 3 4 4 4 2 2 3 3 3 3 2 3 1 3 1 2 4 4 1 1 4 2 3 1 4 2 1 4 
4 4 2 1 3 1 2 4 1 2 1 4 4 4 2 1 3 4 3 3 2 1 2 2 2 4 3 3 2 3 3 3 2 4 2 2 1 1 2 2 1 3 2 4 2 3 4 4 2 3 3 1 4 3 3 1 2 4 2 2 4 1 4 4 2 1 3 1 1 1 3 4 3 1 1 4 1 1 4 4 2 2 4 
4 4 2 2 1 2 2 4 3 3 3 1 1 2 2 4 2 3 1 4 2 3 1 3 4 1 3 2 1 4 1 2 3 1 4 4 4 4 4 2 3 3 4 1 4 2 3 2 4 2 3 4 1 2 4 4 3 4 4 4 4 3 1 4 1 1 4 3 2 1 1 3 3 4 2 2 1 2 1 4 2 3 4 
4 2 3 1 1 2 4 1 3 2 3 1 1 1 2 1 4 4 1 2 3 4 3 4 1 4 3 3 2 1 3 1 4 1 1 2 4 4 2 1 3 4 2 4 4 2 4 4 4 2 3 1 3 3 1 1 4 1 2 4 1 1 1 1 1 1 4 1 1 1 4 2 4 1 3 2 4 4 3 4 4 1 4 
4 1 1 1 2 3 3 2 2 2 4 4 1 2 2 2 1 2 4 2 1 3 4 1 1 3 2 4 4 3 4 1 2 2 4 4 4 1 4 4 4 4 1 1 2 1 3 4 3 2 3 2 1 4 1 2 1 3 1 2 2 2 2 3 3 3 1 2 2 1 4 3 2 1 1 3 1 2 1 1 3 3 4 
4 2 3 3 2 4 2 4 1 2 3 1 4 2 1 2 4 2 3 3 1 4 1 4 4 3 4 3 4 4 1 3 2 1 3 4 3 3 4 4 3 3 2 1 4 3 3 3 1 2 1 2 4 1 3 1 2 1 1 2 3 4 2 2 1 4 1 3 2 3 3 1 4 1 2 1 3 2 2 1 3 4 4 
4 4 4 1 3 2 1 4 1 2 2 2 3 3 4 2 4 1 1 3 4 4 2 4 1 4 2 1 2 1 4 1 3 1 3 4 3 3 4 1 4 2 3 2 2 2 3 3 2 2 1 1 4 1 2 1 4 1 4 3 3 2 1 2 4 4 3 4 3 3 2 2 4 2 4 4 2 4 1 3 3 4 4 
4 1 3 1 3 3 3 3 4 3 1 3 3 3 4 1 3 3 3 4 4 3 1 4 3 4 4 1 4 4 1 4 2 3 3 4 4 1 1 2 3 3 2 4 4 3 1 4 2 2 2 4 2 4 2 1 3 2 3 3 3 4 3 2 2 4 2 2 1 3 4 2 4 3 2 3 2 2 4 3 2 3 4 
4 4 1 4 3 2 2 1 2 2 4 2 4 2 3 3 4 3 1 2 3 1 2 2 2 3 2 1 3 3 4 3 2 4 4 3 1 3 1 2 2 1 2 4 3 3 4 3 4 2 1 1 4 1 1 2 4 4 2 4 1 3 1 4 2 1 1 3 3 1 1 3 1 4 4 2 3 4 1 2 4 3 4 
4 4 2 1 2 3 3 4 2 4 2 1 4 4 4 4 3 1 3 1 3 4 2 1 4 4 3 3 2 1 4 4 4 4 3 4 1 4 1 4 4 2 2 4 3 3 2 4 4 2 4 2 1 2 2 1 2 3 3 3 3 3 2 1 1 1 3 3 2 4 2 4 3 4 2 1 4 1 1 4 2 4 4 
4 4 2 2 4 1 4 4 4 4 2 3 2 3 4 1 3 3 3 2 4 1 2 1 3 1 3 1 4 1 1 4 2 2 2 4 3 4 2 4 2 1 1 4 3 3 3 1 3 1 2 1 1 1 3 3 4 4 1 2 2 4 2 3 1 2 4 2 1 3 1 3 1 3 2 1 2 4 1 2 1 3 4 
4 1 3 2 2 4 1 4 4 3 2 3 1 3 4 3 4 2 1 2 1 1 1 2 2 4 1 4 3 3 4 4 2 4 2 2 2 1 2 1 4 2 3 2 1 2 1 2 3 1 4 4 3 3 3 3 4 3 3 4 2 4 3 1 3 4 3 3 2 2 1 4 4 3 2 4 1 4 2 4 4 2 4 
4 1 1 1 1 2 2 2 1 3 3 1 3 3 4 4 4 4 4 4 3 2 4 4 4 3 1 2 2 1 2 1 1 2 2 3 4 4 4 4 1 2 4 2 4 4 1 3 3 1 1 3 2 2 4 3 3 4 2 3 1 4 2 4 1 4 1 2 3 2 4 3 3 4 4 4 3 4 1 4 3 3 4 
4 4 4 3 2 3 4 2 2 1 1 1 3 4 1 2 1 3 4 2 4 2 3 4 2 1 3 2 4 4 2 3 2 2 3 4 4 2 4 3 3 3 3 3 3 2 4 2 1 2 4 3 3 1 2 4 3 2 4 1 4 2 3 4 3 4 3 4 2 4 4 4 4 1 2 2 3 4 4 4 2 4 4 
4 2 4 4 4 2 1 1 4 3 1 2 2 2 3 1 3 2 4 4 4 3 4 1 2 1 1 2 2 1 3 3 2 2 1 4 1 2 1 4 2 3 1 4 3 3 3 4 2 4 3 3 3 4 2 1 2 2 2 4 4 2 4 2 2 2 3 4 1 4 4 1 2 2 1 3 1 2 4 4 2 4 4 
4 1 1 3 3 4 2 4 2 3 4 1 1 1 4 3 2 2 4 3 3 4 2 4 2 4 3 2 1 4 4 2 1 1 1 2 2 3 1 3 3 3 4 1 3 1 3 4 4 2 1 3 1 1 1 4 2 3 4 1 1 3 1 4 1 3 2 1 2 2 4 4 4 2 3 2 1 2 2 3 1 2 4 
4 3 2 3 3 1 4 4 2 3 3 3 3 1 4 4 2 2 2 1 4 1 4 1 2 1 3 4 4 4 2 3 1 4 2 4 2 2 1 3 3 2 3 4 2 1 1 3 1 3 1 3 4 4 3 1 1 4 4 3 4 3 2 2 4 1 3 1 1 4 1 3 3 4 2 2 4 3 2 4 2 2 4 
4 3 1 3 3 4 1 4 1 4 4 3 3 2 1 4 3 1 3 3 1 1 2 4 1 2 3 3 4 3 2 1 3 1 2 1 3 2 4 2 3 4 2 4 2 1 2 3 4 4 4 2 3 1 2 3 1 3 2 1 4 3 2 1 1 2 1 4 2 4 4 4 2 4 4 4 3 4 2 2 4 3 4 
4 3 4 4 4 1 3 2 3 4 3 4 3 4 3 3 3 1 4 3 2 1 1 2 1 2 4 3 3 3 3 3 2 3 2 2 4 1 2 2 1 4 4 2 3 4 4 2 2 1 2 2 4 1 2 1 3 3 1 2 4 1 3 1 1 4 4 3 3 2 1 2 4 2 1 4 3 3 4 2 3 1 4 
4 3 3 1 4 2 2 4 1 3 2 4 2 1 4 3 2 1 1 4 1 2 3 1 4 1 2 4 3 4 2 2 3 1 1 3 1 2 3 2 4 3 1 2 1 2 4 1 4 1 3 1 1 3 1 1 2 4 2 2 3 3 4 1 4 3 4 3 1 3 2 2 2 3 4 3 2 2 3 1 4 3 4 
4 3 1 2 2 1 1 3 2 2 4 1 2 4 4 2 4 3 2 2 4 1 4 3 2 3 3 4 2 4 3 2 1 3 4 4 2 3 2 2 2 3 1 4 3 1 1 3 1 4 4 4 3 2 2 2 2 2 4 3 4 1 3 1 4 2 2 1 2 3 4 1 3 1 3 2 2 4 2 4 4 3 4 
4 1 3 2 1 4 1 2 3 2 1 3 1 2 3 3 3 3 4 3 3 3 3 3 3 4 2 2 2 2 2 2 4 1 3 1 2 2 3 3 4 2 4 4 4 4 2 3 2 2 1 1 1 1 4 3 1 1 2 2 1 3 2 3 1 2 4 4 4 3 2 1 1 3 4 2 4 4 3 3 3 1 4 
4 1 3 4 4 3 3 2 3 4 2 1 4 2 1 2 3 2 3 1 1 4 1 1 1 1 3 2 3 3 2 3 2 3 3 1 1 3 2 3 4 3 2 2 2 2 3 2 4 1 2 3 1 3 1 3 2 1 1 2 3 3 2 1 4 3 1 4 2 2 3 1 4 2 4 3 1 4 3 4 1 3 4 
4 2 3 3 2 2 1 1 2 3 1 4 3 4 1 4 1 1 2 1 2 2 3 3 4 1 3 3 3 1 2 2 1 3 1 3 1 2 3 2 1 1 1 2 2 3 1 4 1 1 2 2 1 4 3 2 3 3 1 4 1 4 4 3 3 4 3 4 1 1 3 3 3 3 1 4 3 1 2 3 1 4 4 
4 2 1 3 4 2 2 2 4 4 3 4 4 4 2 4 2 3 3 4 1 2 4 4 2 2 4 4 4 2 1 3 4 2 2 1 1 4 4 1 3 3 1 2 3 3 2 2 3 4 4 4 1 4 1 3 4 4 4 3 2 2 1 3 1 2 2 2 3 4 4 4 2 3 3 1 3 3 4 1 4 4 4 
4 1 2 2 2 3 1 4 4 3 4 4 1 4 3 3 3 4 2 1 2 2 2 3 3 3 4 2 4 1 2 3 3 4 1 4 4 2 2 1 2 2 3 3 4 1 2 4 2 3 3 1 4 4 4 3 4 1 1 2 3 3 4 2 1 2 2 4 1 2 1 2 2 2 3 4 4 2 3 4 2 4 4 
4 2 2 4 2 4 1 2 4 4 3 4 1 1 4 3 4 1 2 1 4 1 1 2 3 3 4 3 2 2 3 3 2 2 4 1 4 1 4 3 4 2 2 2 2 3 2 1 1 3 2 2 2 3 2 3 3 4 4 1 1 3 2 3 2 1 2 1 4 3 4 4 4 3 2 3 2 3 4 4 2 1 4 
4 3 1 2 1 4 2 4 4 4 4 4 4 1 2 4 3 2 1 3 1 2 4 4 3 4 1 3 2 4 1 3 4 4 1 2 3 2 4 2 2 4 3 4 1 4 1 1 2 4 2 2 4 2 4 2 3 4 4 3 2 2 1 4 4 2 3 1 1 1 4 1 2 2 2 1 3 4 1 2 1 4 4 
4 2 3 4 3 2 3 3 1 4 3 4 1 3 1 4 1 3 2 2 3 4 1 2 4 2 4 4 4 3 1 2 1 4 2 1 3 4 3 2 2 3 3 3 1 2 3 3 3 2 2 4 1 4 4 2 3 1 2 2 2 2 3 3 2 3 2 3 3 1 2 4 1 1 4 4 1 2 2 1 1 4 4 
4 4 1 3 3 4 1 3 4 4 2 4 2 2 4 2 3 3 2 3 1 4 3 1 2 3 4 2 1 1 3 3 3 4 3 2 4 3 2 2 2 4 2 4 4 2 4 1 1 3 2 3 2 3 3 1 4 3 4 4 3 2 4 3 1 2 4 3 3 2 4 3 4 2 3 4 1 2 4 4 2 1 4 
4 4 1 3 2 3 4 2 1 2 2 3 4 3 3 4 1 4 4 4 1 2 4 2 4 4 3 4 2 2 1 1 1 1 2 1 2 3 3 1 1 2 2 1 2 3 4 4 1 3 2 4 3 1 3 3 2 3 4 3 3 4 2 1 3 3 1 1 3 4 3 4 2 4 1 1 1 1 2 4 1 1 4 
4 1 3 2 3 3 2 2 4 1 1 3 4 3 4 4 4 3 1 2 1 1 2 1 3 2 4 2 2 2 1 3 2 3 2 4 3 2 4 2 3 3 2 4 1 2 2 3 2 4 4 4 2 1 2 1 1 2 3 2 1 4 3 1 1 4 2 2 3 1 1 2 1 1 4 2 1 2 1 2 2 1 4 
4 3 4 3 3 2 2 2 1 1 3 4 4 4 3 1 3 2 3 4 2 4 4 4 2 2 1 4 1 3 3 3 2 4 2 3 1 3 2 1 1 3 3 1 2 3 3 1 4 1 1 2 3 4 1 1 2 2 1 1 3 2 1 4 3 2 1 2 2 1 4 2 2 4 3 4 4 2 2 3 2 1 4 
4 1 4 1 3 4 4 3 4 1 2 3 3 1 1 3 2 4 3 3 1 1 2 2 2 4 3 1 4 4 2 1 3 2 1 4 4 2 1 3 1 3 4 4 3 3 2 2 3 4 1 3 3 1 2 3 4 4 3 4 4 1 2 4 3 2 2 4 2 4 2 1 1 3 1 3 4 1 4 3 3 3 4 
4 2 3 4 3 1 1 2 4 3 1 2 3 3 3 3 1 2 4 2 4 4 4 3 2 2 2 1 4 3 4 2 1 3 4 1 1 3 4 3 3 1 2 3 4 3 2 4 2 2 3 1 3 3 1 2 4 1 3 4 3 4 1 2 3 4 3 1 4 2 4 4 1 4 4 1 4 2 3 1 4 3 4 
4 2 3 2 1 3 2 1 1 2 2 1 3 1 2 3 4 1 4 1 3 3 2 3 3 1 4 1 4 1 4 3 2 4 3 4 3 4 1 3 3 1 4 2 3 4 1 4 4 2 2 1 4 2 1 3 3 3 2 1 4 4 1 3 3 1 4 2 1 2 3 4 1 3 4 1 1 4 4 1 3 3 4 
4 4 2 2 1 3 2 4 1 4 1 1 4 3 2 3 2 4 2 2 3 3 4 2 4 3 3 4 4 4 4 4 2 1 4 3 4 2 1 1 1 1 2 3 1 4 4 4 1 3 4 3 2 3 1 2 1 1 2 4 3 3 1 2 4 4 1 3 3 2 4 1 1 4 2 1 3 3 1 3 3 4 4 
4 2 2 2 2 4 1 2 3 4 4 2 4 3 2 3 3 2 1 1 2 3 4 4 3 2 4 4 2 2 3 4 1 2 1 1 3 4 4 3 2 4 4 3 4 2 1 3 3 1 1 2 2 4 2 2 2 3 3 4 1 4 1 2 1 2 3 3 1 2 4 2 2 2 3 1 1 2 2 3 2 4 4 
4 2 1 2 1 1 4 2 2 1 3 3 4 3 4 1 3 3 2 1 4 2 2 4 4 2 3 4 2 3 1 3 1 1 2 1 3 1 1 2 1 1 3 2 4 3 4 4 2 2 2 4 4 3 4 3 4 2 2 2 1 3 4 1 1 1 4 1 3 2 3 3 2 1 1 2 4 4 4 3 2 1 4 
4 1 1 4 1 1 2 2 4 1 3 3 3 4 3 4 1 2 2 4 4 4 3 3 1 2 4 1 3 4 1 1 3 4 3 2 2 3 3 2 1 4 4 3 2 2 2 1 4 3 3 4 3 4 2 4 4 2 2 2 1 4 4 3 1 2 1 1 1 3 3 2 3 4 2 3 3 1 3 4 2 1 4 
4 4 2 4 3 2 1 1 1 3 3 3 2 2 3 3 3 1 2 1 3 1 4 4 2 3 3 2 1 1 4 4 1 2 2 4 4 3 3 3 3 2 3 1 4 4 3 2 3 1 1 3 1 2 4 1 3 4 3 1 3 1 3 4 2 3 2 2 3 2 2 1 4 4 4 3 1 4 4 4 2 1 4 
4 2 3 1 2 3 4 3 1 4 3 3 1 4 3 4 2 1 3 4 3 4 2 3 4 2 1 1 4 3 1 3 1 3 2 3 4 4 2 1 1 1 2 4 2 2 1 4 2 3 1 4 4 2 1 3 3 2 3 3 3 1 4 4 3 4 3 4 1 4 2 2 1 1 2 1 1 3 3 3 1 4 4 
4 3 1 3 3 3 2 1 3 3 1 3 2 1 3 1 2 2 1 4 3 3 3 3 2 3 1 3 1 2 3 3 4 4 4 2 1 3 4 3 3 3 2 1 2 1 4 2 2 3 4 1 1 3 1 4 3 1 4 3 1 2 4 3 4 3 2 1 2 3 2 3 4 2 3 4 3 1 4 4 4 4 4 
4 3 2 3 2 2 2 4 4 3 3 4 2 4 3 3 3 4 3 1 2 3 2 1 1 2 4 2 3 4 1 2 3 1 1 2 1 3 4 4 4 3 2 3 4 3 3 4 4 1 1 1 2 3 4 3 2 4 4 1 3 1 4 4 1 2 1 1 1 2 3 3 4 4 2 3 4 1 1 2 1 4 4 
4 4 1 3 4 2 2 3 1 2 1 2 2 3 3 3 2 4 4 3 2 3 4 4 3 1 4 4 4 3 3 3 1 1 2 2 2 4 3 3 2 2 1 3 4 2 3 1 4 2 4 3 2 1 1 2 2 1 2 3 3 1 3 2 2 3 2 1 3 4 1 3 1 2 1 1 2 4 1 1 1 1 4 
4 3 3 1 1 1 3 2 2 1 3 2 4 3 4 4 1 4 1 1 3 1 2 1 4 4 2 4 2 4 2 2 4 1 4 3 2 2 1 2 1 3 1 2 2 3 1 4 4 1 2 3 1 2 2 1 4 2 3 1 3 4 1 2 2 1 2 1 3 1 2 2 2 1 2 2 4 4 4 3 1 4 4 
4 1 1 2 3 1 1 4 4 4 2 1 1 4 4 3 1 3 1 3 3 3 3 4 2 1 1 3 1 4 2 1 2 1 4 4 2 4 2 1 4 2 2 4 1 3 4 1 1 2 4 3 1 4 2 3 1 4 3 4 2 4 1 3 3 3 1 2 3 1 4 1 4 1 2 3 3 1 2 4 2 4 4 
4 2 1 3 4 1 4 2 4 3 1 1 4 1 4 2 2 1 4 1 4 2 1 4 4 3 4 4 2 2 1 3 1 1 3 2 4 1 3 3 4 3 1 1 3 4 3 2 3 2 4 2 3 4 3 3 3 2 4 4 4 3 4 4 1 3 4 2 2 2 1 2 2 2 1 1 2 3 4 4 3 1 4 
4 3 1 3 1 3 3 3 2 1 3 2 4 1 4 2 4 1 4 2 4 2 4 4 4 4 4 2 4 1 1 4 3 2 1 1 3 4 4 1 2 3 2 4 4 2 4 1 2 2 2 1 1 3 3 2 1 4 4 2 2 2 4 4 1 2 3 1 1 4 3 1 1 2 4 2 2 4 1 4 1 4 4 
4 4 3 3 1 1 4 2 2 2 3 2 3 3 1 2 3 4 4 3 1 1 1 2 2 2 1 4 1 2 4 3 4 2 4 1 4 2 1 3 2 3 2 3 2 3 4 1 4 1 2 1 4 1 1 3 1 3 2 3 4 1 4 4 1 2 2 2 4 3 2 4 4 4 2 2 3 3 4 3 3 3 4 
4 1 3 4 1 2 4 2 2 1 1 3 1 1 1 1 1 3 2 3 4 2 3 3 4 3 2 2 3 2 2 4 2 2 2 1 3 3 2 3 3 1 1 1 4 4 4 1 4 4 4 4 3 2 2 3 2 2 1 2 1 4 2 1 4 4 4 1 4 2 3 4 2 4 1 4 4 2 1 4 4 1 4 
4 1 2 3 4 1 3 4 2 2 2 1 3 3 3 3 1 1 2 1 3 3 1 2 3 4 4 1 2 4 3 1 2 4 3 3 1 2 2 2 4 3 2 3 2 4 2 3 2 2 2 3 4 4 3 4 4 3 1 4 2 4 4 2 1 3 3 4 1 1 2 3 1 2 2 2 3 4 2 4 4 1 4 
4 1 4 1 1 2 4 4 2 3 3 3 3 3 1 4 4 4 4 1 1 2 1 1 1 4 4 3 4 4 4 3 4 3 2 1 1 4 3 1 2 2 3 4 1 3 4 2 1 4 4 3 1 1 2 3 1 2 2 1 1 4 2 3 2 3 1 1 3 2 1 2 2 4 3 3 1 2 1 1 4 4 4 
4 4 4 4 4 4 4 4 4 4 4 4 4 4 4 4 4 4 4 4 4 4 4 4 4 4 4 4 4 4 4 4 4 4 4 4 4 4 4 4 4 4 4 4 4 4 4 4 4 4 4 4 4 4 4 4 4 4 4 4 4 4 4 4 4 4 4 4 4 4 4 4 4 4 4 4 4 4 4 4 4 4 4 

