82
1000
1000

[Node]
0  0  0   0  0
83 0  0   0  0

[pickup]
1       502786965      11          18
2       504632589      13          5
3       504559662      16          18
4       504960928      17          9
5       505123014      20          9
6       502794879      23          18
7       503629917      26          5
8       504959617      29          7
9       504332251      30          12
10      505150270      32          7
11      503615814      33          15
12      504558137      37          7
13      504725765      39          10
14      504944052      43          10
15      504619160      43          18
16      502787600      47          20
17      504930826      48          17
18      505193078      48          20
19      504489908      48          17
20      505185201      49          9
21      502851705      54          6
22      504878152      58          15
23      505057713      58          15
24      504989072      59          11
25      504959841      60          16
26      505125143      62          13
27      503240801      63          17
28      504726270      64          19
29      502794547      66          10
30      505036392      67          16
31      505084618      80          18
32      503168027      84          9
33      505131975      88          9
34      503853490      89          8
35      502796205      94          8
36      505143425      95          10
37      504930829      99          11
38      504940824      101         18
39      502793660      101         11
40      505026956      107         10
41      505107611      109         18
42      504742888      112         20
43      504559658      116         6
44      504549590      121         10
45      504904607      125         10
46      504423494      130         15
47      505130422      132         15
48      505186923      133         16
49      504012514      143         16
50      503064979      156         8
51      502789199      158         20
52      503242004      163         19
53      504851317      164         20
54      504940738      165         7
55      504491355      176         16
56      502786483      182         6
57      504539377      197         11
58      505170924      204         7
59      504945646      206         17
60      502787917      208         14
61      503202377      208         19
62      503012774      211         16
63      502787619      243         16
64      504692561      249         14
65      502798241      253         15
66      502785862      263         7
67      505172794      266         18
68      502787414      267         12
69      502789180      271         16
70      503184278      297         6
71      502947275      337         10
72      504804145      370         10
73      502798842      386         18
74      503122205      419         19
75      503229542      452         8
76      502787519      497         6
77      504040924      681         16
78      504461228      750         16
79      502790178      853         15
80      504930822      1000        17
81      504461227      1000        15
82      502804546      1000        14

[Speed 0]
0.81
30.0   60.0 0.0 0.6
90.0   150 0.0 0.4
300.0  540.0 0.0 0.81
570.0 630.0 0.0 0.6
660.0 720.0 0.0 0.4
750.0 840.0 0.0 0.81

[Speed 1]
1.33
30.0   60.0 0.0 0.8
90.0   150 0.0 0.6
300.0  540.0 0.0 1.33
570.0 630.0 0.0 0.8
660.0 720.0 0.0 1.3
750.0 840.0 0.0 2

[Speed 2]
1.33
30.0   60.0 0.0 1.0
90.0   150 0.0 0.8
300.0  540.0 0.0 1.33
570.0 630.0 0.0 0.8
660.0 720.0 0.0 0.6
750.0 840.0 0.0 1.5

[Speed 3]
1.5
30.0   60.0 0.0 0.9
90.0   150 0.0 0.8
300.0  540.0 0.0 1.5
570.0 630.0 0.0 0.9
660.0 720.0 0.0 0.8
750.0 840.0 0.0 1.5

[Speed 4]
2
30.0   60.0 0.0 1.1
90.0   150 0.0 0.9
300.0  540.0 0.0 2
570.0 630.0 0.0 1.1
660.0 720.0 0.0 0.9
750.0 840.0 0.0 2

[speed choose matrix]
4 4 4 4 4 4 4 4 4 4 4 4 4 4 4 4 4 4 4 4 4 4 4 4 4 4 4 4 4 4 4 4 4 4 4 4 4 4 4 4 4 4 4 4 4 4 4 4 4 4 4 4 4 4 4 4 4 4 4 4 4 4 4 4 4 4 4 4 4 4 4 4 4 4 4 4 4 4 4 4 4 4 4 4 
4 4 1 4 4 2 1 2 1 3 3 3 2 4 1 1 3 4 4 3 2 3 1 2 2 3 4 2 2 2 2 1 1 3 4 4 1 4 3 1 1 2 3 3 3 2 2 3 3 4 3 1 3 2 3 2 3 3 4 1 1 4 3 4 4 1 3 3 2 2 1 4 2 3 2 1 4 1 2 1 1 1 4 4 
4 1 2 3 4 2 4 4 1 2 1 2 2 1 4 1 3 4 1 1 2 1 1 2 2 3 1 4 2 1 1 4 3 3 3 2 3 1 4 1 3 3 2 4 3 3 2 4 1 2 3 2 4 2 1 2 4 1 3 2 3 3 4 1 4 3 3 3 2 2 2 2 1 3 2 4 2 4 1 3 1 1 3 4 
4 3 4 2 1 2 1 4 4 2 1 3 2 1 4 3 1 4 1 4 3 1 1 4 1 4 4 3 3 1 2 2 2 2 1 1 1 4 3 2 3 4 1 2 1 2 4 2 4 4 2 1 4 2 3 3 1 4 1 1 3 3 2 1 1 3 2 1 4 3 2 3 3 4 1 4 2 1 2 2 4 1 4 4 
4 2 4 3 4 1 4 3 2 1 2 2 4 3 1 2 2 1 3 3 2 3 1 1 4 1 4 2 1 1 1 4 3 3 4 4 3 2 4 2 1 1 1 4 2 4 4 1 1 4 1 2 4 3 3 4 1 3 2 4 1 3 1 3 3 2 1 1 3 3 3 2 4 4 4 1 1 1 4 2 1 2 3 4 
4 2 4 3 2 1 2 2 3 3 2 3 2 3 1 1 4 1 4 3 1 4 2 2 3 2 1 3 2 2 1 1 4 1 2 3 1 3 1 2 4 1 2 2 1 1 1 2 2 4 2 1 1 1 1 4 2 1 3 2 3 4 3 4 2 1 3 3 2 3 3 1 3 3 1 2 2 2 4 4 2 3 3 4 
4 3 4 3 4 4 4 2 4 1 3 1 4 2 2 4 1 1 1 2 3 3 4 4 3 2 3 4 4 3 2 3 2 1 4 3 3 4 1 2 3 4 1 1 1 4 3 4 1 3 2 3 2 2 2 4 4 2 2 1 3 3 1 3 3 4 2 3 2 1 4 2 3 2 1 2 2 1 3 2 4 2 3 4 
4 3 4 4 1 4 2 3 1 1 4 4 3 2 4 2 1 1 4 4 2 1 4 4 3 4 2 4 3 4 3 4 3 4 2 2 3 1 3 1 3 2 4 2 1 1 4 3 4 2 3 3 4 1 3 4 4 3 1 3 4 1 1 1 4 2 1 3 1 2 4 3 4 3 3 1 3 4 2 1 2 4 1 4 
4 3 4 1 2 4 3 1 3 1 1 4 3 3 2 1 2 2 4 4 4 4 2 1 3 3 2 2 4 3 4 3 4 3 3 3 2 3 3 3 4 1 3 3 1 1 4 2 1 4 4 4 2 1 2 3 3 1 4 2 4 1 4 1 2 3 2 3 4 4 1 3 4 2 4 4 1 2 3 1 3 2 2 4 
4 4 1 2 4 4 3 3 3 3 3 3 3 1 4 3 1 1 4 2 2 2 1 1 4 1 2 2 2 2 1 1 2 3 1 1 4 1 1 2 2 1 3 3 4 1 2 2 1 3 1 3 1 3 1 3 1 2 3 3 4 1 2 4 1 1 4 3 1 3 2 1 4 4 1 3 1 3 3 3 1 4 2 4 
4 1 2 4 1 2 4 1 4 3 4 3 1 2 4 3 2 2 3 3 3 4 4 2 2 4 2 2 2 4 3 3 2 3 2 1 1 3 4 1 4 3 3 4 2 3 2 2 2 2 1 3 3 2 4 2 3 3 3 1 1 2 3 1 4 2 1 3 4 1 1 1 3 3 1 3 2 4 2 2 2 3 1 4 
4 1 1 1 4 3 2 2 3 2 2 2 2 2 3 2 2 1 4 2 3 3 4 1 3 3 1 3 3 1 1 1 4 2 3 2 2 2 3 3 2 3 1 3 4 2 2 1 4 4 1 3 3 4 2 1 4 1 1 1 2 3 1 2 4 4 3 1 2 2 4 2 3 3 4 1 4 2 4 1 3 1 3 4 
4 1 3 3 4 1 1 3 4 1 3 1 1 1 3 2 2 4 4 1 3 1 2 3 3 3 2 4 1 3 3 4 2 2 2 4 4 4 3 4 4 2 3 3 1 3 1 3 4 2 2 1 1 2 4 3 1 1 2 1 4 2 1 4 4 4 4 1 2 3 1 1 3 1 1 1 1 2 1 2 2 2 3 4 
4 3 4 1 2 3 4 2 1 1 1 3 1 1 1 3 2 4 2 2 2 4 2 2 2 1 2 3 3 3 2 1 3 4 2 1 3 3 3 3 1 4 2 2 3 4 4 4 3 2 3 3 2 1 1 1 2 1 1 3 1 1 4 1 1 4 1 1 2 1 2 2 4 4 4 4 2 4 4 4 3 1 3 4 
4 2 3 1 2 1 1 4 1 3 4 1 1 4 3 3 4 2 1 1 4 1 2 4 4 3 4 2 4 4 3 1 4 2 3 3 2 1 4 1 1 3 1 2 2 2 1 3 4 2 1 3 3 3 1 2 2 3 2 3 2 1 2 2 2 2 2 4 4 3 3 4 1 4 1 2 2 4 1 4 3 3 3 4 
4 3 4 2 2 1 2 2 2 1 3 1 3 1 2 1 2 3 4 1 3 4 2 1 3 4 2 4 1 1 2 4 2 3 4 4 4 4 2 4 3 4 4 1 1 2 4 4 4 1 2 4 2 1 2 3 2 2 2 2 2 1 4 4 3 2 2 2 2 2 3 4 3 3 1 4 2 4 2 3 1 1 4 4 
4 3 4 3 1 1 1 2 4 4 4 3 3 2 1 4 1 2 4 4 3 3 3 4 2 2 2 3 1 3 3 1 4 4 4 3 3 1 2 1 3 1 3 1 1 1 3 1 4 1 1 3 1 4 1 1 4 4 4 3 4 3 1 4 1 4 3 3 4 2 3 1 2 3 4 2 3 4 1 2 2 4 3 4 
4 1 1 4 4 1 4 1 4 2 2 4 4 3 4 3 4 2 3 3 1 4 1 1 1 1 4 1 4 1 2 4 3 2 1 4 2 2 2 2 3 2 4 4 2 4 4 2 3 4 1 1 3 1 2 1 4 3 2 4 1 1 4 2 1 4 2 3 2 1 3 1 3 1 3 4 3 2 4 4 2 1 2 4 
4 4 3 1 3 1 1 4 1 2 1 1 2 1 2 1 3 2 2 4 3 2 3 2 1 3 1 1 4 2 1 1 2 3 1 1 4 3 3 4 4 4 4 4 2 1 1 1 1 2 4 4 1 3 4 1 1 2 1 1 1 3 2 1 4 4 4 2 4 4 3 1 4 2 1 3 2 2 3 2 4 3 3 4 
4 4 3 4 1 2 2 1 1 1 1 1 4 4 4 4 3 3 1 2 1 1 2 2 4 4 3 4 2 2 3 4 3 3 3 1 2 3 3 3 1 1 4 2 2 3 4 3 2 2 1 2 1 1 2 3 4 2 2 1 2 3 2 3 1 2 2 1 3 4 2 2 1 1 2 4 4 3 1 4 1 1 2 4 
4 3 4 3 2 2 4 1 3 1 2 4 1 4 2 1 1 3 1 1 2 1 3 3 4 4 3 3 4 1 2 2 4 2 3 1 1 1 1 4 4 1 3 1 1 2 4 1 1 1 4 3 3 1 3 3 2 2 4 3 4 4 1 1 1 1 3 4 3 3 4 1 1 2 4 2 3 1 3 2 3 1 3 4 
4 4 4 3 1 3 1 3 1 1 1 2 4 1 2 4 2 3 2 1 1 1 1 1 1 1 4 3 2 3 2 3 3 4 3 4 3 2 1 3 3 4 3 1 4 1 1 2 3 2 3 3 2 2 2 1 3 3 4 4 1 1 3 1 1 3 3 1 2 2 2 3 2 4 4 4 2 4 1 4 2 4 3 4 
4 3 3 2 4 3 2 2 4 3 3 3 1 1 2 3 1 1 1 2 1 4 1 2 4 3 3 3 2 2 2 1 1 1 2 3 1 4 4 3 1 4 2 2 4 1 3 2 4 2 3 1 3 3 3 2 2 3 1 1 4 3 4 2 4 4 2 3 1 2 2 3 2 1 4 2 2 2 4 3 1 4 1 4 
4 3 2 1 3 4 2 3 1 4 4 2 3 2 3 1 1 4 2 3 2 1 2 3 2 4 4 1 4 3 2 3 4 4 4 4 2 3 4 2 2 3 2 4 2 3 4 2 2 1 3 3 2 4 1 3 1 4 3 2 4 4 2 4 3 3 2 1 2 3 3 2 2 4 1 1 2 4 3 2 3 1 1 4 
4 4 3 3 2 1 3 1 2 4 1 2 1 2 4 4 4 3 2 1 2 4 1 4 1 1 1 1 1 4 4 4 1 4 1 2 4 3 1 3 1 1 2 2 2 2 4 3 4 2 2 2 3 1 3 1 3 4 4 3 1 2 1 3 3 4 4 1 3 4 2 2 4 1 3 1 4 3 1 4 4 1 3 4 
4 2 2 3 3 2 3 2 4 3 2 3 2 4 4 4 2 1 3 3 4 2 4 3 4 3 3 3 4 3 2 3 1 4 1 3 1 2 4 3 4 1 3 3 4 2 1 1 1 4 4 1 3 3 3 3 4 1 1 3 1 4 3 3 1 3 4 2 1 1 3 1 3 1 2 1 1 1 4 1 3 2 1 4 
4 4 3 4 2 1 3 2 4 2 3 2 2 4 1 3 2 3 1 2 2 2 4 2 1 2 3 3 2 3 1 2 1 2 3 1 3 2 3 4 3 3 3 2 4 1 2 2 1 1 2 1 1 4 4 4 1 1 2 2 1 4 1 1 2 4 1 4 1 3 3 3 2 2 4 3 3 2 1 4 4 1 1 4 
4 4 1 4 4 3 2 1 4 3 2 1 2 2 2 3 2 1 1 4 3 4 2 3 2 3 2 3 2 3 2 4 1 4 4 1 1 2 3 3 4 3 4 3 4 1 3 3 2 1 3 1 2 4 2 4 3 1 3 2 2 2 2 1 3 3 4 2 3 2 4 3 1 3 4 4 1 1 2 1 3 3 4 4 
4 1 2 3 1 1 3 2 1 3 3 1 2 4 2 2 3 3 4 2 1 1 2 4 3 2 3 1 2 4 4 4 2 4 2 4 3 2 1 3 4 4 2 4 1 3 2 4 1 2 1 3 1 4 3 3 1 1 3 3 2 4 4 4 3 2 4 3 4 2 4 4 4 4 2 4 3 1 2 2 2 3 2 4 
4 3 1 4 4 4 3 2 4 4 1 4 4 4 2 3 1 4 3 3 2 2 4 4 1 4 1 2 3 3 2 4 4 3 3 3 1 4 1 2 3 4 3 3 2 3 2 4 2 2 3 3 1 2 2 1 2 1 3 1 3 3 2 1 1 2 3 3 1 3 3 3 1 1 1 2 1 3 2 4 4 3 3 4 
4 1 4 4 3 3 2 2 3 3 4 1 2 1 1 3 1 1 1 1 4 1 1 2 1 2 3 1 4 1 4 1 3 3 2 3 3 3 4 4 4 3 3 1 3 4 4 2 1 1 3 1 1 4 3 3 4 1 3 4 4 3 2 3 1 1 4 1 3 2 2 1 4 3 2 2 4 1 2 3 4 2 1 4 
4 2 2 3 3 3 3 4 1 2 4 3 3 4 4 4 4 3 3 1 3 2 4 3 2 4 2 4 4 1 2 3 1 3 2 1 2 4 2 4 1 2 2 4 1 1 3 2 3 4 1 1 3 4 2 3 3 3 2 2 2 4 1 2 2 3 3 2 4 3 2 4 3 1 4 2 3 3 4 2 3 4 1 4 
4 2 2 1 2 4 4 3 3 1 1 2 3 4 3 2 1 1 1 3 2 4 1 3 2 2 2 4 4 1 1 4 1 1 2 3 2 3 3 2 2 1 2 3 4 1 3 2 3 2 2 1 4 2 2 1 3 1 4 2 3 2 1 3 2 2 2 2 2 3 1 3 3 2 2 1 3 2 3 1 3 2 2 4 
4 4 1 4 4 3 3 2 4 3 3 4 3 3 3 1 3 4 3 4 2 3 1 4 1 3 2 2 2 3 4 2 2 3 3 4 4 2 1 3 4 4 4 4 3 1 4 4 2 3 2 1 2 4 1 3 1 4 4 2 3 4 3 1 2 1 2 3 4 3 4 2 4 2 4 4 2 2 2 2 3 4 3 4 
4 3 3 2 4 4 4 4 2 4 1 2 4 4 3 1 1 2 1 1 4 1 4 2 4 2 1 2 2 3 3 3 3 4 3 1 3 3 2 3 2 2 2 1 3 2 2 1 1 2 1 1 4 2 4 2 1 1 1 2 4 1 3 3 1 4 3 3 1 4 4 3 3 2 2 3 2 1 1 1 4 1 4 4 
4 2 1 1 2 3 2 4 3 4 3 2 2 1 2 3 1 1 3 3 2 2 4 4 3 1 2 4 2 4 1 1 1 4 1 3 1 2 1 2 3 4 1 2 4 3 2 3 3 4 4 1 2 1 1 1 2 3 3 4 4 3 1 1 3 2 2 4 3 1 1 1 3 4 1 4 3 1 3 2 2 1 3 4 
4 1 2 1 2 4 2 3 1 2 1 4 1 3 3 3 1 3 4 3 3 3 4 3 2 2 1 2 3 4 3 4 3 1 2 4 1 1 1 2 2 4 1 2 2 4 2 1 1 4 1 1 1 2 1 1 1 2 3 2 1 2 3 2 4 1 3 4 4 1 2 4 2 2 4 4 3 4 3 2 2 1 1 4 
4 1 1 4 4 3 1 4 3 3 1 2 4 3 4 2 1 3 2 3 3 3 4 2 4 4 2 4 4 1 1 2 2 2 1 2 2 3 4 3 4 4 1 2 1 4 4 2 3 2 2 4 1 4 4 4 4 1 2 2 2 1 3 2 2 3 4 2 4 3 3 4 2 1 3 4 3 2 3 2 1 1 1 4 
4 1 4 1 3 4 4 2 1 2 2 4 3 3 3 1 3 2 4 2 2 1 3 2 3 2 4 4 2 4 2 2 4 1 3 2 2 2 1 2 1 1 1 2 2 2 3 4 1 4 3 1 4 3 2 1 1 4 1 2 2 3 3 2 1 4 2 2 1 1 3 2 3 3 1 3 3 3 3 1 2 2 1 4 
4 3 2 1 1 4 4 2 3 2 3 4 2 3 1 4 2 3 2 1 2 3 1 2 3 4 1 3 2 4 2 4 4 1 3 2 4 2 3 4 3 3 1 2 4 1 2 3 4 3 3 1 3 2 2 1 4 4 1 2 4 3 1 4 4 1 2 3 2 1 1 2 3 4 2 2 3 3 4 2 4 4 1 4 
4 4 4 4 4 2 1 4 1 4 4 4 3 1 2 3 4 1 3 4 2 1 1 4 1 2 3 4 1 4 1 3 1 2 3 4 4 1 4 4 3 3 4 1 4 4 4 3 1 1 2 2 3 4 3 4 4 1 2 4 4 1 2 2 4 2 3 1 3 1 2 3 3 2 3 2 1 3 4 1 2 4 2 4 
4 2 1 4 1 4 2 2 2 3 1 1 3 2 3 1 3 4 2 2 4 1 1 1 2 3 1 4 3 1 1 3 2 4 2 1 3 2 4 4 2 4 2 4 2 1 3 2 4 4 3 2 2 1 2 4 1 3 4 2 2 4 3 1 4 3 2 4 4 2 3 1 1 2 1 2 4 4 2 4 2 1 2 4 
4 2 4 2 3 1 4 4 4 2 3 3 1 4 4 2 1 1 3 2 2 3 4 2 2 2 4 1 4 2 4 4 1 3 4 2 2 1 1 4 2 3 1 3 1 1 4 2 1 4 3 4 2 2 3 1 4 2 3 1 4 2 4 1 2 2 4 4 1 3 1 2 2 4 4 2 2 3 3 3 2 3 2 4 
4 2 4 3 3 2 1 2 4 4 2 2 4 2 1 1 3 4 1 2 3 1 4 2 2 3 3 2 2 4 2 3 1 3 1 3 3 2 2 2 2 4 4 1 1 3 4 2 3 2 1 1 2 3 2 4 1 3 1 2 4 3 4 1 4 4 1 1 4 3 2 4 2 4 1 2 3 3 4 4 2 1 3 4 
4 4 1 3 3 3 2 2 3 2 3 2 3 1 4 3 4 4 3 2 4 1 1 1 4 3 3 2 3 4 2 1 4 2 2 2 1 4 1 4 3 2 2 2 4 3 1 2 4 1 2 2 4 2 3 1 4 2 1 1 4 2 1 2 4 2 3 4 1 3 2 4 2 3 4 2 4 4 2 3 2 4 3 4 
4 4 4 2 1 4 3 2 3 1 3 3 2 2 1 1 3 3 3 1 1 4 2 1 2 2 1 2 4 3 2 3 1 3 3 1 2 1 4 3 4 3 1 2 1 3 4 4 2 1 3 4 2 3 2 2 2 2 4 4 3 3 2 2 4 2 2 2 1 3 2 2 1 3 3 2 2 1 3 3 4 1 3 4 
4 3 3 1 2 2 2 1 3 1 4 3 4 1 4 4 4 4 2 1 3 4 4 2 4 3 4 2 3 4 4 4 3 4 1 2 3 4 4 2 3 2 1 3 3 3 1 2 3 2 2 4 2 2 3 2 4 2 1 3 2 1 2 1 4 3 3 4 2 2 3 1 1 3 1 3 3 2 4 2 1 4 2 4 
4 3 1 2 3 4 3 1 4 2 1 2 3 4 3 2 1 4 1 2 1 3 3 1 4 4 3 4 1 4 3 4 4 2 2 3 4 2 4 3 2 2 3 3 1 3 4 4 1 1 1 1 1 2 4 1 2 3 4 1 2 3 2 1 2 3 2 3 4 1 4 2 1 4 1 1 4 2 4 2 2 4 4 4 
4 3 2 4 1 3 2 1 4 3 2 2 4 4 4 3 3 3 2 2 2 3 3 2 3 3 4 2 1 1 3 1 4 3 3 3 4 3 4 2 4 4 2 4 3 1 3 2 4 3 2 4 4 2 3 3 3 4 1 4 1 3 1 3 2 2 2 3 4 3 3 4 3 1 4 1 1 4 4 2 2 1 2 4 
4 2 4 1 1 3 1 2 4 1 3 1 2 4 3 4 2 2 4 2 2 4 1 3 2 3 2 3 3 1 1 4 1 1 3 4 2 2 3 2 1 1 2 2 3 3 4 3 1 3 4 4 4 1 3 3 1 2 4 1 4 1 1 3 1 3 2 2 2 3 1 1 2 2 4 4 2 2 1 1 4 2 1 4 
4 3 1 4 4 2 2 1 3 3 2 3 4 4 4 2 4 2 3 3 2 3 1 3 1 4 1 1 1 1 3 4 4 3 3 4 2 1 4 1 2 3 1 2 4 2 3 4 2 4 2 3 3 2 3 3 3 1 2 4 1 4 3 4 4 2 3 2 1 4 3 3 1 3 1 3 3 2 2 3 4 3 3 4 
4 2 4 4 1 4 1 1 2 2 3 3 1 3 3 3 4 3 2 2 4 4 3 1 1 1 1 1 3 4 1 2 1 2 4 2 2 2 4 2 4 2 1 3 3 4 4 2 1 2 4 3 2 3 1 4 1 4 3 3 4 2 4 2 3 3 3 1 2 4 3 2 1 2 4 1 2 3 3 2 1 1 3 4 
4 1 1 3 3 2 2 2 1 1 2 4 4 1 4 4 1 2 1 3 2 4 4 1 2 2 3 4 4 4 4 1 1 4 2 4 3 2 4 2 4 1 1 1 2 4 4 4 4 2 2 1 1 4 2 1 3 4 2 1 2 4 4 3 3 2 1 2 2 3 3 1 3 2 4 2 3 1 3 4 2 3 2 4 
4 3 2 2 3 3 1 4 3 2 3 1 4 3 1 4 4 2 1 3 2 1 3 2 4 1 4 1 3 1 2 3 4 1 4 2 2 3 3 4 2 1 2 1 2 3 3 2 3 2 2 4 1 3 3 2 2 1 1 1 2 2 3 3 3 4 2 1 4 3 2 1 2 4 1 4 1 1 2 1 2 3 1 4 
4 2 2 3 3 3 3 3 3 3 1 4 2 2 4 2 1 2 3 3 4 2 2 3 3 4 2 3 3 1 1 2 2 2 1 3 4 2 3 2 4 4 3 2 3 1 1 1 3 4 4 3 1 3 3 3 4 3 2 3 2 1 2 3 1 4 3 1 4 1 3 2 2 4 4 3 3 1 4 3 1 4 4 4 
4 4 2 1 4 4 2 4 1 4 4 4 2 2 4 2 3 4 2 2 1 3 2 2 4 1 4 1 4 2 4 1 1 4 4 3 2 1 2 4 2 2 4 1 2 3 4 1 4 3 3 1 3 3 4 1 4 1 1 1 4 3 2 4 2 1 2 3 4 4 2 4 3 4 2 1 1 4 2 3 3 4 3 4 
4 2 1 1 1 4 3 1 4 2 1 3 2 1 1 4 4 3 2 1 1 3 2 3 3 3 4 2 3 2 2 3 3 4 2 4 2 4 2 4 2 1 3 2 3 4 2 2 1 3 4 3 2 4 3 3 1 4 4 2 2 1 3 1 1 3 3 4 1 2 3 3 1 3 3 1 4 3 3 2 1 4 4 4 
4 4 2 2 1 2 4 2 1 4 2 2 1 2 3 2 2 3 1 1 3 2 2 1 2 1 1 1 2 2 1 2 1 1 2 3 1 1 2 4 3 4 1 1 1 4 3 4 4 3 2 4 2 1 2 3 4 3 1 4 3 2 4 4 4 3 2 3 4 1 1 3 2 4 3 2 3 1 2 2 1 2 1 4 
4 2 2 1 4 1 4 2 1 1 4 4 2 1 1 3 1 4 1 2 1 4 1 3 3 1 1 1 1 2 4 4 2 3 1 4 4 3 1 4 1 2 4 4 1 2 3 4 1 4 3 1 1 2 4 1 4 4 4 2 2 2 3 1 3 2 1 4 3 3 1 1 2 2 1 4 4 2 1 1 1 1 4 4 
4 3 3 2 1 4 4 3 2 3 4 1 1 4 4 3 2 3 4 2 1 1 3 2 1 2 2 1 2 4 1 2 1 4 2 4 1 2 1 4 3 1 4 3 2 4 3 3 1 4 4 4 1 4 4 2 4 4 1 3 2 2 4 1 4 1 1 1 2 3 1 4 1 3 4 3 1 3 3 3 2 2 4 4 
4 1 1 3 2 3 4 4 2 4 1 2 4 4 1 1 4 2 3 4 2 3 3 2 2 2 3 1 4 2 3 1 1 1 3 4 3 2 1 1 3 4 2 4 2 1 3 3 1 1 3 3 3 2 4 2 4 3 1 1 4 2 1 1 4 4 4 3 1 2 2 1 2 1 1 4 2 4 1 2 1 4 3 4 
4 4 3 1 3 1 3 4 1 2 4 2 1 4 2 3 4 1 2 4 1 3 1 3 1 3 3 1 1 3 2 4 1 2 3 4 2 4 3 1 2 3 4 2 2 1 3 3 2 3 2 2 1 3 4 1 1 3 4 4 3 3 1 2 1 4 1 2 1 3 3 2 2 1 3 4 2 2 3 3 4 2 3 4 
4 1 2 3 2 1 3 1 4 1 4 4 2 1 3 1 3 4 4 4 2 1 3 2 4 3 2 4 1 1 3 1 1 1 4 2 2 2 2 1 1 3 4 4 3 4 1 1 2 2 2 2 4 3 4 1 3 2 1 4 4 1 1 2 1 1 1 2 3 2 4 1 3 4 1 3 4 3 1 2 3 4 3 4 
4 2 2 2 3 3 4 4 2 2 1 4 3 1 1 4 4 1 3 1 4 1 4 4 2 3 3 4 2 2 1 4 2 4 1 1 2 4 4 4 4 1 3 2 3 1 2 1 3 1 3 4 2 1 2 1 4 1 3 3 1 2 4 3 4 2 4 4 1 2 4 4 3 4 4 4 2 1 1 2 1 2 2 4 
4 1 3 2 3 1 4 1 3 1 1 1 4 4 4 2 3 4 4 3 4 2 1 4 3 4 2 1 2 3 2 4 1 2 1 4 3 1 1 2 3 2 1 4 3 3 4 1 1 3 2 3 1 3 4 4 3 2 2 3 2 3 1 4 2 3 4 2 4 3 2 3 2 2 4 3 1 2 3 4 1 3 3 4 
4 2 1 3 1 4 4 4 4 2 2 2 4 2 3 2 2 3 4 3 3 1 1 2 1 1 1 3 3 4 4 3 2 4 4 1 3 3 2 1 2 2 1 3 3 1 1 4 3 2 3 4 4 2 3 4 4 2 1 2 4 2 2 4 2 1 2 2 1 4 2 2 4 1 2 1 1 4 2 3 1 3 4 4 
4 2 4 4 3 3 2 2 2 3 2 4 3 4 3 2 4 3 3 4 4 3 2 3 3 1 2 4 4 4 3 1 3 3 4 2 1 2 4 2 3 2 1 2 2 4 4 4 2 4 3 4 4 2 1 3 4 2 4 2 2 4 4 4 2 3 4 1 3 4 2 3 4 1 1 2 1 1 3 1 3 2 1 4 
4 4 4 1 1 4 2 4 1 2 2 4 1 4 3 4 2 2 2 4 2 2 2 2 1 4 4 2 4 3 1 1 3 3 4 1 1 2 2 4 2 4 4 2 3 2 2 2 2 2 3 1 2 1 1 3 2 1 4 1 3 2 2 3 1 3 3 2 3 1 2 2 3 1 4 4 3 2 3 4 3 1 2 4 
4 1 1 2 3 3 2 3 4 3 4 4 1 1 3 4 3 4 4 3 2 3 1 3 1 1 1 2 1 3 3 2 3 4 1 4 2 1 1 1 1 3 3 2 3 1 2 1 4 4 3 4 1 4 1 2 4 3 2 2 3 2 2 2 3 4 1 3 4 3 3 3 3 2 2 4 1 2 2 3 3 3 2 4 
4 2 2 1 2 4 1 3 4 2 4 1 1 2 2 4 2 2 1 2 3 1 2 3 1 4 3 2 4 1 3 2 3 1 1 2 2 3 1 4 1 4 1 4 3 2 1 1 1 3 2 1 1 4 4 1 3 1 2 3 2 3 3 1 4 3 2 1 3 2 3 4 1 1 4 3 4 1 3 4 2 4 2 4 
4 4 3 1 4 1 3 3 4 2 2 4 2 1 4 3 3 3 1 1 1 1 3 1 4 4 2 1 2 2 3 4 3 4 1 3 4 3 2 3 1 2 4 4 4 2 2 1 2 4 2 3 2 3 4 1 2 3 3 2 1 4 3 2 3 1 3 3 4 1 4 3 2 3 3 2 3 3 4 3 2 2 1 4 
4 4 4 3 3 3 4 2 3 1 2 4 4 1 2 3 2 2 4 4 1 3 1 4 4 2 1 2 4 3 2 3 2 3 1 2 4 3 1 1 4 1 1 2 3 3 3 2 3 3 2 3 2 4 2 2 1 3 2 3 3 4 2 3 1 2 3 1 2 1 3 3 1 4 3 4 2 3 4 2 4 1 2 4 
4 1 1 3 3 3 2 2 4 1 1 3 4 4 2 3 2 1 3 3 2 3 3 2 4 4 3 2 1 1 4 4 1 1 3 3 1 3 3 3 1 3 3 4 1 2 2 2 1 1 1 4 2 2 3 2 1 2 3 3 1 4 1 2 1 2 4 1 1 3 4 4 2 3 1 3 3 1 1 3 2 2 3 4 
4 4 3 4 3 1 2 1 3 3 4 3 1 4 3 3 4 2 3 1 4 3 2 4 3 1 3 4 4 4 4 2 3 1 4 4 2 3 3 4 3 2 2 4 3 3 4 3 4 4 1 2 1 4 4 2 1 3 2 4 1 3 4 1 2 4 2 1 1 2 2 4 3 4 1 4 4 4 4 4 1 2 1 4 
4 2 1 2 1 3 3 1 2 2 1 4 4 2 3 3 4 3 2 4 2 4 2 1 4 3 2 4 4 4 1 3 4 3 1 1 3 2 1 1 2 1 2 1 2 2 4 1 1 1 1 3 2 1 3 3 1 2 4 1 4 2 4 4 2 2 2 4 1 4 3 3 4 1 1 1 2 1 3 1 1 2 4 4 
4 4 3 2 3 4 2 2 4 2 3 4 4 4 3 4 2 4 4 1 2 4 2 4 2 4 3 4 2 4 1 1 2 3 4 2 1 4 4 2 3 1 4 3 4 2 3 4 3 4 1 1 1 3 4 3 3 4 3 2 4 1 4 1 4 4 1 1 3 2 4 3 3 2 1 2 4 2 4 1 3 1 3 4 
4 3 1 2 2 1 4 1 4 4 2 4 1 1 1 1 4 4 4 3 3 4 4 2 4 2 4 4 2 2 1 3 4 4 1 4 3 2 4 4 2 3 4 4 2 3 1 3 3 3 1 4 1 2 4 2 3 1 2 2 2 3 3 4 4 2 4 4 3 1 4 2 3 3 1 2 4 1 4 1 4 3 2 4 
4 1 3 3 4 3 4 2 4 2 2 3 4 3 1 1 1 4 1 3 3 1 3 3 2 2 3 4 1 2 4 1 3 3 1 3 2 2 4 3 4 1 4 3 4 1 3 4 1 1 4 2 1 2 4 4 2 1 1 2 1 4 2 2 1 3 2 4 1 3 1 2 4 3 2 4 1 3 4 3 2 1 2 4 
4 2 4 1 1 3 3 2 3 2 1 4 1 1 3 1 3 3 4 3 1 1 4 1 2 3 1 1 2 1 1 2 2 4 4 1 4 4 1 3 2 1 4 3 2 3 1 2 1 1 3 4 1 3 3 3 4 2 4 3 2 2 4 3 4 4 1 1 3 4 4 2 1 2 2 4 2 3 1 2 4 4 4 4 
4 3 2 4 3 4 3 2 1 4 1 2 2 2 1 3 1 4 3 3 3 3 4 1 1 4 1 3 3 3 2 2 4 3 1 1 4 1 2 1 3 1 2 4 4 1 3 4 2 4 1 2 3 3 1 4 4 1 1 2 2 2 3 2 4 4 2 4 4 1 4 1 1 4 4 4 4 3 1 4 3 4 2 4 
4 2 2 3 4 4 2 4 4 1 4 4 1 3 4 2 2 2 1 2 3 1 1 1 1 4 3 4 3 4 4 3 2 4 3 1 1 3 4 3 2 2 3 3 1 3 2 2 1 3 1 3 4 1 4 3 1 2 3 2 1 1 1 4 3 1 1 1 2 2 4 1 2 4 3 4 1 3 4 1 3 3 1 4 
4 4 1 4 3 3 2 4 3 1 1 2 2 4 1 2 4 3 4 2 2 4 3 1 3 4 2 4 2 4 3 3 3 4 1 3 1 1 4 3 4 2 3 2 3 3 4 1 4 4 3 2 3 4 2 3 2 2 1 4 1 1 3 3 1 3 4 4 1 2 4 1 1 1 1 1 3 4 2 3 1 1 2 4 
4 3 3 1 4 3 1 3 2 4 1 3 3 4 1 2 1 1 4 1 4 1 2 2 3 1 3 1 2 1 1 4 3 2 3 3 3 3 3 1 1 4 4 2 2 4 1 4 4 3 4 2 2 3 2 3 3 2 2 3 4 4 4 2 1 1 3 3 3 1 2 1 2 1 2 1 1 1 3 2 4 2 1 4 
4 4 4 4 4 4 4 4 4 4 4 4 4 4 4 4 4 4 4 4 4 4 4 4 4 4 4 4 4 4 4 4 4 4 4 4 4 4 4 4 4 4 4 4 4 4 4 4 4 4 4 4 4 4 4 4 4 4 4 4 4 4 4 4 4 4 4 4 4 4 4 4 4 4 4 4 4 4 4 4 4 4 4 4 

