82
1000
1000

[Node]
0  0  0   0  0
83 0  0   0  0

[pickup]
1       505033597      12          11
2       502786491      15          6
3       504558778      16          9
4       502787864      25          17
5       504780339      28          20
6       505018320      34          10
7       502785863      36          18
8       503657465      38          20
9       504433520      39          15
10      503587915      40          14
11      504814520      40          8
12      505123014      44          6
13      502788559      46          16
14      504944067      47          18
15      503273252      48          18
16      505150249      51          10
17      505150270      56          20
18      502792385      59          17
19      504852746      62          16
20      505186923      66          11
21      504486727      70          19
22      505036392      78          16
23      502786561      79          17
24      504912045      79          8
25      502875595      87          6
26      502792419      90          12
27      504591167      92          11
28      505170924      94          7
29      502786480      108         16
30      503242004      110         7
31      503074190      111         9
32      503978903      114         15
33      504930829      120         11
34      504343657      122         8
35      504664262      123         7
36      502786487      125         16
37      504467511      128         7
38      503284249      128         13
39      503188362      136         20
40      504940726      142         8
41      503136759      143         14
42      502798846      146         16
43      504959841      147         17
44      502798266      147         15
45      504904607      148         9
46      502985617      149         17
47      502791109      149         14
48      504427291      151         19
49      502793947      157         13
50      502785872      160         16
51      505170069      165         14
52      503168027      167         14
53      502785866      168         14
54      503291816      173         10
55      504699548      188         11
56      502794067      194         9
57      504591174      207         5
58      504783205      216         14
59      505076939      219         16
60      502800753      231         7
61      504928743      240         15
62      503297612      266         9
63      502791236      274         19
64      504783210      274         5
65      502793877      282         14
66      504888671      284         20
67      503635633      292         12
68      503278639      294         6
69      505045729      301         13
70      504783211      330         7
71      502794668      333         12
72      503192571      336         18
73      504507032      339         9
74      504938844      362         19
75      504040924      370         19
76      502787162      563         8
77      504970852      698         14
78      502790625      849         18
79      504459915      1000        5
80      503287623      1000        12
81      502794458      1000        5
82      502792352      1000        9

[Speed 0]
0.81
30.0   60.0 0.0 0.6
90.0   150 0.0 0.4
300.0  540.0 0.0 0.81
570.0 630.0 0.0 0.6
660.0 720.0 0.0 0.4
750.0 840.0 0.0 0.81

[Speed 1]
1.33
30.0   60.0 0.0 0.8
90.0   150 0.0 0.6
300.0  540.0 0.0 1.33
570.0 630.0 0.0 0.8
660.0 720.0 0.0 1.3
750.0 840.0 0.0 2

[Speed 2]
1.33
30.0   60.0 0.0 1.0
90.0   150 0.0 0.8
300.0  540.0 0.0 1.33
570.0 630.0 0.0 0.8
660.0 720.0 0.0 0.6
750.0 840.0 0.0 1.5

[Speed 3]
1.5
30.0   60.0 0.0 0.9
90.0   150 0.0 0.8
300.0  540.0 0.0 1.5
570.0 630.0 0.0 0.9
660.0 720.0 0.0 0.8
750.0 840.0 0.0 1.5

[Speed 4]
2
30.0   60.0 0.0 1.1
90.0   150 0.0 0.9
300.0  540.0 0.0 2
570.0 630.0 0.0 1.1
660.0 720.0 0.0 0.9
750.0 840.0 0.0 2

[speed choose matrix]
4 4 4 4 4 4 4 4 4 4 4 4 4 4 4 4 4 4 4 4 4 4 4 4 4 4 4 4 4 4 4 4 4 4 4 4 4 4 4 4 4 4 4 4 4 4 4 4 4 4 4 4 4 4 4 4 4 4 4 4 4 4 4 4 4 4 4 4 4 4 4 4 4 4 4 4 4 4 4 4 4 4 4 4 
4 4 2 4 1 1 4 3 1 2 1 1 4 2 1 4 3 4 3 2 4 4 1 3 3 4 2 1 4 2 4 1 3 3 3 2 3 4 2 3 3 4 2 4 4 3 4 2 3 4 4 4 4 4 1 1 3 1 4 2 1 4 4 4 1 2 4 4 2 1 1 2 1 1 3 1 4 4 1 3 3 1 1 4 
4 3 1 3 4 3 2 1 2 1 2 3 1 1 2 3 3 2 1 2 1 2 1 4 1 2 4 4 3 2 4 3 3 3 1 2 2 3 1 4 4 2 3 2 4 1 1 1 2 2 4 3 4 1 2 3 2 4 2 3 3 4 2 1 2 1 2 2 1 1 4 2 4 1 3 1 4 2 3 2 4 1 4 4 
4 2 1 2 1 4 1 3 4 1 1 4 3 1 4 4 2 4 4 4 4 1 1 3 4 1 3 1 4 2 4 4 2 2 3 1 2 4 1 2 1 4 1 1 3 2 4 4 2 1 3 4 1 3 2 2 2 3 3 4 1 4 4 1 4 1 2 1 4 2 2 3 4 4 2 2 1 3 2 3 1 4 1 4 
4 4 3 3 3 2 2 1 1 2 4 1 1 2 1 3 1 4 4 2 1 3 4 3 2 4 3 4 1 3 3 3 3 3 2 1 1 1 4 4 3 2 1 3 1 4 3 1 2 1 3 2 3 2 1 4 4 3 1 3 3 3 4 4 2 4 1 3 4 4 4 2 3 1 4 1 2 1 3 3 4 1 3 4 
4 3 1 3 2 4 2 1 1 2 3 1 1 2 2 4 2 1 2 4 3 2 1 2 4 4 1 3 2 3 3 4 1 3 2 4 4 2 1 3 3 4 2 2 2 2 1 4 2 4 3 2 2 3 1 4 2 4 4 1 1 4 4 1 4 4 3 3 2 2 1 2 3 3 1 1 2 3 3 2 2 4 2 4 
4 1 4 3 2 4 2 1 4 2 2 1 1 2 3 3 2 1 3 2 3 3 1 1 2 1 2 3 3 2 3 2 3 3 4 1 4 1 1 4 3 1 2 1 4 4 2 2 2 4 3 1 1 4 1 3 3 4 3 2 3 1 2 1 3 2 2 2 3 4 2 1 3 2 3 4 3 4 1 2 3 2 1 4 
4 4 1 2 1 1 2 3 1 1 4 2 3 2 3 3 3 1 4 1 3 4 3 3 3 2 3 4 2 3 3 1 1 3 4 4 4 1 3 2 1 3 3 4 4 3 4 1 4 2 1 2 2 3 2 2 2 3 3 4 1 3 3 4 1 2 2 1 4 2 3 1 1 4 1 2 2 3 2 1 3 1 1 4 
4 4 3 3 3 4 2 3 4 1 2 2 3 2 4 4 3 1 4 4 3 1 1 4 1 1 4 3 3 4 1 3 4 1 3 1 4 2 3 4 3 3 4 3 1 1 1 1 3 3 4 2 4 3 2 1 2 4 4 1 4 3 2 2 3 4 4 4 4 2 2 3 1 2 4 1 2 2 4 4 4 2 1 4 
4 4 3 4 2 3 3 3 2 1 2 3 3 2 3 1 4 1 4 2 4 2 3 4 4 3 2 2 1 3 3 4 3 2 3 2 1 3 3 3 4 4 2 4 1 2 3 1 4 3 1 4 3 3 3 3 3 2 2 2 1 2 2 4 1 1 4 1 3 2 2 2 4 2 4 1 1 4 3 3 3 2 3 4 
4 3 4 4 4 3 4 4 1 1 1 3 1 2 1 1 1 3 3 2 4 4 3 1 1 1 4 4 1 4 4 3 3 2 4 4 2 1 3 3 1 1 4 1 1 2 4 2 2 3 4 1 3 2 1 2 1 2 2 2 3 1 1 4 4 4 4 1 3 2 4 3 3 3 2 1 1 3 3 4 2 4 4 4 
4 1 3 2 4 2 1 1 1 4 1 1 1 2 4 1 3 3 4 2 2 4 3 1 4 1 3 1 1 4 4 3 1 3 4 3 1 3 3 1 4 4 3 1 4 2 3 2 2 1 1 3 4 2 1 3 2 2 4 4 2 3 2 3 4 2 1 1 4 4 1 3 4 1 1 3 1 1 2 3 2 3 3 4 
4 2 2 2 1 4 1 1 2 2 2 3 3 1 3 3 2 3 1 3 2 1 2 1 1 3 2 4 1 1 2 2 4 4 4 2 2 3 3 4 2 2 1 1 4 2 2 3 2 4 4 3 1 2 4 1 1 4 3 3 1 4 1 2 3 2 1 2 1 3 1 3 1 4 3 3 1 3 4 4 2 3 4 4 
4 2 4 1 1 3 1 1 1 3 2 3 4 3 2 2 2 3 3 2 3 3 1 4 1 4 4 3 2 4 1 1 1 4 2 3 2 3 1 4 3 2 2 2 4 1 1 4 1 1 1 1 2 2 4 1 1 1 4 4 1 2 1 3 4 3 3 2 4 1 1 1 2 2 4 3 1 1 4 4 4 3 2 4 
4 3 3 1 1 2 3 1 2 2 1 2 1 2 1 3 2 2 3 2 2 4 3 3 4 3 4 4 1 1 2 1 3 4 3 2 2 4 4 3 2 2 1 2 1 1 3 2 2 4 3 2 2 3 4 1 4 4 1 3 1 1 2 4 4 3 2 1 1 2 2 2 2 2 3 4 1 1 1 1 2 1 1 4 
4 4 4 3 1 3 3 2 4 1 1 4 1 3 2 4 3 4 3 1 2 2 3 3 1 1 3 2 4 4 1 4 4 3 4 3 3 4 4 2 3 3 2 2 4 4 3 4 3 3 3 2 4 2 1 1 2 3 1 2 3 1 1 3 1 4 2 2 3 4 3 2 3 1 3 1 3 3 4 1 1 1 4 4 
4 2 1 2 4 4 3 3 2 3 2 4 4 4 1 3 1 3 1 1 1 3 2 4 3 2 1 1 2 2 4 4 4 1 2 1 1 2 2 4 1 1 1 4 2 4 3 3 3 2 2 1 1 1 1 4 1 4 1 3 3 4 1 1 2 3 3 2 4 4 4 1 2 4 3 3 2 4 2 1 2 4 1 4 
4 2 2 1 1 4 4 3 3 4 3 1 1 1 1 4 4 3 4 1 4 3 1 1 3 1 4 2 1 2 3 2 1 3 3 3 4 2 2 3 4 4 4 1 1 3 2 1 1 2 1 4 1 4 1 3 4 4 3 3 4 3 4 1 3 2 4 2 3 1 2 1 3 1 2 2 3 3 2 2 4 2 3 4 
4 4 1 1 2 2 3 1 1 4 3 1 1 3 2 2 4 3 3 1 3 3 4 4 2 2 1 3 3 4 4 1 4 1 3 4 4 4 2 3 3 4 1 3 2 4 2 2 3 2 3 2 1 3 1 4 2 2 3 2 4 4 2 1 2 1 1 3 4 2 4 2 2 1 2 4 3 4 3 1 4 3 2 4 
4 2 3 3 1 4 2 4 1 4 4 3 1 3 3 3 3 4 2 3 2 2 2 3 2 4 3 3 1 2 1 4 3 1 1 4 1 1 1 4 1 4 1 4 3 2 2 1 4 3 3 3 3 2 1 3 4 2 1 2 1 1 4 1 4 2 3 1 4 2 2 4 4 1 1 1 3 2 2 1 4 1 3 4 
4 1 2 2 2 3 2 4 1 3 2 3 2 3 1 1 2 3 3 4 4 1 1 1 3 1 2 4 1 3 4 3 3 1 1 3 1 4 4 3 4 3 4 3 2 4 2 1 1 4 1 4 3 1 4 4 2 1 1 1 1 2 3 3 2 2 4 1 1 2 4 3 3 1 4 3 1 3 1 1 1 4 2 4 
4 3 1 4 1 1 2 3 4 1 1 1 2 2 3 4 4 2 4 3 2 1 3 3 3 3 1 2 2 4 3 3 2 4 3 3 4 3 1 3 3 1 1 4 2 3 1 2 2 3 4 2 3 3 1 3 2 3 4 4 1 2 2 4 1 2 3 4 1 1 2 1 2 1 1 3 2 2 2 1 1 2 1 4 
4 1 1 2 2 1 1 3 2 2 4 2 2 3 3 1 2 1 4 2 1 2 4 2 3 1 2 1 3 3 4 3 3 3 3 2 1 3 1 1 3 3 1 1 2 3 4 4 2 2 3 4 2 3 4 2 3 2 1 2 4 3 3 3 2 1 2 2 3 1 2 1 1 1 3 2 4 1 2 4 2 1 4 4 
4 4 1 3 1 3 1 2 1 3 2 4 4 4 3 2 1 3 1 1 3 2 4 2 3 4 2 4 1 3 1 1 3 2 3 1 1 4 2 3 2 1 2 2 2 3 4 4 4 3 1 4 3 3 1 3 1 1 2 3 2 1 3 3 3 1 2 1 1 1 1 1 3 4 4 2 3 2 1 3 1 3 4 4 
4 4 2 3 4 4 3 2 1 2 4 3 4 2 2 3 3 1 4 3 3 3 3 3 4 3 3 1 1 3 2 2 3 4 1 4 1 2 1 4 1 3 2 3 3 4 1 3 2 1 2 3 2 4 2 1 4 4 1 4 2 2 3 3 3 3 4 1 1 4 1 1 2 2 3 1 4 4 2 4 1 3 2 4 
4 3 2 3 3 3 3 1 2 4 3 3 3 1 4 4 3 3 3 2 1 3 3 3 2 1 2 4 2 3 4 4 3 4 4 4 1 3 3 3 2 2 4 3 2 3 4 3 3 1 4 3 1 3 4 4 1 2 3 4 3 4 3 2 2 4 1 4 3 3 2 3 4 2 2 2 4 1 1 3 4 4 4 4 
4 2 3 2 3 2 3 4 1 1 4 4 2 2 3 4 4 2 3 3 3 2 3 3 4 1 4 4 4 3 1 4 3 2 4 4 2 3 4 4 1 3 4 2 1 2 4 4 3 1 2 1 4 3 2 4 2 1 2 4 4 2 4 1 2 4 4 1 3 4 4 4 1 1 1 3 2 4 1 3 2 1 2 4 
4 2 2 1 1 4 3 1 3 4 2 4 4 4 3 4 1 3 2 1 2 2 3 4 4 1 2 2 3 3 2 3 1 1 2 3 2 1 3 3 1 1 2 3 2 3 4 4 3 2 3 2 4 4 4 4 1 1 4 3 4 4 1 1 4 3 3 4 4 4 2 4 3 4 3 3 4 4 4 1 1 3 4 4 
4 2 3 3 1 4 2 1 1 4 2 2 4 3 4 3 1 1 3 3 1 4 3 3 1 1 3 4 4 4 4 1 2 3 3 4 4 3 2 4 2 4 3 3 1 1 3 4 3 1 3 4 1 1 4 3 1 3 2 4 4 3 1 2 3 2 1 2 1 1 4 4 2 3 3 2 4 3 3 4 2 2 2 4 
4 1 2 2 2 3 2 3 3 2 2 2 4 3 4 1 2 3 1 2 4 3 3 1 3 4 2 4 4 1 4 4 4 2 1 2 1 3 2 4 3 1 1 3 1 2 1 4 2 3 2 4 1 4 1 3 2 2 1 4 4 3 4 1 3 4 1 2 3 2 1 4 4 1 3 3 3 1 4 4 2 2 4 4 
4 1 1 4 1 4 3 2 4 1 2 4 4 1 3 3 2 2 3 2 4 3 3 3 3 4 2 1 2 2 4 4 4 2 1 4 4 2 3 4 3 2 3 3 3 4 1 3 1 1 1 2 2 4 3 2 1 3 4 3 1 2 1 3 1 2 4 2 3 1 3 1 3 2 3 2 2 3 4 4 2 2 2 4 
4 2 2 4 3 1 2 3 2 1 2 3 3 3 1 3 1 2 3 4 2 3 2 4 3 4 1 4 3 3 4 1 1 3 1 3 1 2 2 2 4 3 1 4 3 1 4 2 2 1 2 3 3 1 4 2 4 1 2 3 1 3 1 4 3 3 4 3 3 2 3 1 2 3 1 1 4 2 1 3 4 4 1 4 
4 4 4 4 1 2 4 4 3 3 2 4 2 4 3 2 2 1 4 4 4 3 4 3 4 1 4 1 1 2 2 2 2 1 1 1 1 3 4 2 4 1 1 1 1 3 2 2 2 2 1 1 3 4 1 3 3 4 2 2 2 1 1 2 1 3 2 4 2 1 2 4 2 4 3 3 4 2 1 1 2 1 3 4 
4 4 3 1 1 3 2 3 2 4 1 2 4 2 3 2 4 1 1 3 4 1 4 1 3 1 2 2 4 4 4 3 4 1 3 2 1 4 1 2 3 2 4 2 4 2 1 4 4 4 3 1 1 1 1 1 4 2 3 1 1 3 4 1 3 3 4 1 4 4 1 3 2 4 4 2 1 4 3 2 2 1 3 4 
4 2 1 4 2 1 2 3 4 1 3 1 4 2 4 2 2 4 1 1 1 3 2 2 4 1 1 3 4 3 4 2 1 3 1 4 3 3 3 4 2 1 2 3 3 4 3 3 4 1 4 1 3 2 1 3 2 1 3 2 1 4 4 2 4 2 2 3 1 3 2 4 4 2 1 4 1 2 4 2 2 3 2 4 
4 4 1 2 1 4 1 1 1 1 2 2 2 3 4 1 3 1 3 3 2 1 1 3 4 1 4 3 2 3 2 2 3 1 4 4 1 2 2 1 4 4 1 4 4 4 3 2 3 2 3 1 4 2 4 2 3 4 2 1 2 2 1 4 2 1 3 1 2 4 4 3 2 3 4 2 1 3 4 1 1 1 4 4 
4 3 1 4 4 4 3 4 1 4 3 4 1 4 4 1 3 1 4 2 2 1 4 1 1 3 3 4 2 1 2 2 2 4 1 2 1 3 1 4 3 1 4 4 2 2 3 2 2 3 2 1 1 4 4 2 2 1 3 1 1 4 2 1 1 2 3 4 4 3 3 1 2 2 2 4 3 2 3 2 1 4 3 4 
4 2 4 2 2 3 3 3 3 4 2 4 3 2 2 2 4 1 4 2 4 1 4 1 3 4 3 2 1 2 2 3 2 3 4 2 2 4 1 1 3 4 3 4 2 3 2 2 1 3 4 2 2 4 2 1 4 2 3 1 1 4 3 3 2 2 4 1 2 3 1 3 4 1 1 1 3 4 2 1 3 4 3 4 
4 2 2 3 1 4 2 2 3 3 2 3 2 2 3 2 1 2 1 4 4 4 4 1 4 3 4 3 4 4 4 2 4 1 2 4 4 2 1 3 2 4 4 2 2 2 1 4 1 4 4 1 4 1 4 4 2 3 3 3 4 4 2 3 1 3 4 4 4 4 4 2 4 3 2 4 2 3 4 1 4 1 2 4 
4 2 4 2 1 3 3 3 4 1 4 3 4 3 4 3 3 4 1 4 1 1 3 3 4 3 1 2 2 3 3 1 1 1 2 3 4 2 1 1 2 2 1 4 4 4 1 2 2 3 4 2 3 2 4 4 4 1 4 4 2 2 2 3 3 2 3 4 4 2 1 2 2 2 1 2 1 1 2 2 2 2 4 4 
4 3 1 4 3 4 2 2 4 4 1 3 3 2 2 3 3 4 1 2 4 1 2 4 3 2 2 3 3 3 2 2 4 2 1 4 4 4 1 4 3 3 4 1 1 2 1 4 3 3 3 3 1 2 4 1 1 3 1 1 4 3 3 4 2 3 3 1 4 3 4 2 2 3 2 2 4 4 2 2 3 1 2 4 
4 4 2 3 2 3 4 1 2 3 3 3 1 4 3 4 4 3 1 1 1 1 4 2 4 4 3 4 4 4 3 2 1 1 3 3 1 1 1 1 1 2 4 2 3 4 2 2 4 4 1 3 3 4 1 1 2 3 3 4 3 3 4 3 2 2 2 3 2 2 1 4 4 3 4 3 2 2 4 1 2 1 3 4 
4 1 3 1 2 4 2 3 4 2 2 3 4 2 3 1 4 1 3 1 2 4 4 4 4 3 4 3 4 1 1 2 2 1 1 4 2 4 4 2 2 3 2 2 4 2 4 4 2 1 3 3 1 1 4 2 1 3 3 4 4 3 3 4 3 4 3 4 1 4 1 2 2 3 2 2 1 1 3 1 3 3 3 4 
4 2 3 1 4 4 1 2 3 2 4 3 3 3 2 3 2 3 4 4 3 4 2 3 2 3 3 1 4 2 1 2 1 2 4 4 1 4 1 3 3 1 1 2 3 3 4 1 1 3 4 2 3 4 3 2 3 2 2 1 2 1 2 1 2 4 4 4 2 1 3 4 4 3 4 2 2 2 4 1 3 2 3 4 
4 1 4 1 3 4 1 3 3 1 2 4 3 1 1 1 3 2 1 1 4 1 3 3 2 1 3 3 1 2 2 2 3 4 1 4 1 3 2 4 1 1 2 4 2 2 2 2 4 3 2 1 2 2 2 4 4 1 2 3 2 2 2 2 1 1 2 3 4 3 1 2 2 1 2 4 3 2 3 4 1 4 4 4 
4 3 1 2 4 4 3 4 4 1 1 3 3 1 1 4 3 4 3 1 3 4 4 2 4 1 4 1 4 4 1 2 1 2 2 4 2 4 3 2 2 2 2 4 2 1 3 4 2 4 4 1 3 4 4 3 4 3 2 3 2 4 3 2 4 4 1 2 1 3 3 3 2 3 1 2 4 2 4 2 3 2 2 4 
4 3 4 2 2 3 1 2 4 1 2 1 1 1 2 2 2 2 4 2 4 2 1 1 2 1 3 1 4 3 3 3 1 1 4 4 1 1 4 1 4 2 1 3 2 1 2 4 4 3 2 1 4 2 3 2 1 4 1 3 3 3 2 4 4 4 4 4 1 2 3 3 1 1 4 2 1 2 2 3 1 4 3 4 
4 1 2 2 4 4 2 1 1 4 3 4 2 1 1 1 3 2 2 2 1 2 1 3 3 4 1 1 3 4 2 2 1 1 1 4 4 2 4 1 3 4 3 2 2 2 3 3 3 2 2 2 4 2 3 1 1 1 2 4 4 2 1 1 2 1 1 1 3 1 3 4 3 3 3 4 1 1 1 2 3 4 1 4 
4 4 3 3 2 4 2 2 2 4 4 1 2 2 1 3 1 1 4 2 2 3 4 2 2 2 1 1 3 2 1 2 2 1 2 3 1 3 2 4 2 4 2 1 1 1 1 2 3 4 4 4 4 3 4 2 3 4 2 4 3 4 1 1 3 4 3 1 1 1 1 2 1 3 4 3 3 3 1 3 4 1 2 4 
4 4 4 2 2 4 4 4 1 3 3 2 3 2 1 2 2 3 2 2 1 3 2 2 4 4 4 2 1 4 2 4 1 3 4 4 3 1 2 2 4 1 4 4 1 3 4 4 3 2 4 4 1 1 2 4 3 3 4 1 3 3 2 3 1 1 4 2 1 1 3 2 4 2 3 4 4 4 1 2 4 1 3 4 
4 1 1 4 1 4 3 4 1 1 1 2 3 4 2 4 3 4 2 4 3 2 3 1 3 1 3 2 4 1 2 4 3 2 4 3 1 4 1 1 4 2 3 4 1 1 2 3 3 4 3 1 3 3 3 2 1 2 2 4 4 1 4 3 2 1 1 3 4 1 4 2 1 2 4 1 1 1 2 2 3 1 4 4 
4 3 2 2 4 1 2 2 2 1 4 4 2 2 3 3 4 1 4 2 3 3 3 2 4 2 3 1 4 3 3 2 3 2 3 4 4 3 2 3 3 4 1 2 3 1 3 3 1 4 3 2 1 4 1 3 4 3 2 2 4 4 4 1 1 2 4 3 3 3 4 3 1 4 4 1 1 3 4 1 1 4 3 4 
4 3 2 1 4 4 2 3 2 1 1 1 1 1 3 3 2 2 1 2 2 2 3 1 1 2 2 1 2 1 4 3 2 2 4 2 1 1 3 3 1 2 4 2 4 2 2 4 4 1 2 1 4 4 1 3 1 2 3 3 1 2 2 1 1 1 3 2 2 1 4 3 4 1 2 1 1 2 4 3 1 2 4 4 
4 2 1 3 4 3 1 1 4 4 3 4 3 1 2 1 3 1 1 4 3 4 2 4 2 4 2 4 4 1 1 1 3 1 2 2 3 1 2 1 4 2 1 3 3 2 3 2 4 4 3 4 4 4 2 2 3 4 1 1 1 1 1 1 2 2 4 1 3 2 3 3 4 3 3 4 4 4 3 3 1 3 3 4 
4 3 2 4 1 2 2 1 4 1 4 1 3 3 2 1 2 3 2 4 3 3 4 2 4 4 2 4 2 3 2 4 1 1 4 2 4 2 2 2 3 3 3 1 2 2 1 1 2 4 1 3 4 3 3 4 3 2 3 2 3 4 1 4 3 2 1 3 3 4 2 2 1 2 1 4 3 1 3 1 1 4 4 4 
4 1 4 3 2 2 1 3 1 1 2 4 4 2 2 1 1 1 1 2 4 1 1 4 2 2 1 3 1 3 1 1 2 4 1 3 4 2 2 2 1 2 1 3 3 1 3 4 3 4 3 1 4 1 4 1 1 2 2 2 2 4 1 1 2 1 3 1 1 3 2 3 1 4 3 4 1 3 2 3 2 4 3 4 
4 1 4 1 3 4 1 4 1 4 2 4 3 2 1 2 2 4 4 4 3 3 1 1 3 3 4 1 1 4 3 4 1 3 4 3 1 4 2 2 3 4 1 1 4 4 1 3 3 1 2 2 2 1 2 1 2 4 4 2 2 2 4 4 4 3 3 4 1 3 4 3 3 3 3 2 3 1 4 2 3 4 2 4 
4 4 3 3 4 1 1 4 3 3 2 1 4 2 2 2 2 4 4 2 4 4 4 4 2 1 3 4 1 3 1 3 4 2 1 3 1 2 3 4 3 4 2 1 4 3 4 1 3 2 4 2 4 4 4 2 1 4 3 1 2 3 1 3 2 1 4 3 4 1 3 2 1 3 2 3 4 2 3 1 3 1 2 4 
4 2 3 1 3 3 2 3 1 4 3 2 2 1 2 4 2 4 3 3 4 4 3 1 3 3 2 1 1 4 4 1 3 1 1 1 3 2 2 2 3 4 4 4 4 2 3 1 4 3 2 3 1 4 1 3 2 1 2 2 1 1 4 1 2 4 1 1 4 3 4 1 1 1 4 2 1 3 4 4 1 2 1 4 
4 4 4 4 4 3 4 3 4 4 3 4 2 2 4 2 3 2 1 1 1 3 4 1 3 4 4 3 2 1 4 2 4 3 1 4 2 4 3 2 3 1 1 4 1 1 3 3 4 1 3 1 1 1 1 2 4 1 4 2 3 4 2 4 4 2 3 3 1 3 1 2 1 3 4 4 2 2 4 4 2 3 4 4 
4 4 4 1 4 3 2 2 3 4 1 3 3 1 4 4 1 2 3 2 3 1 2 4 3 1 4 4 4 4 4 3 4 4 3 2 4 3 1 1 2 2 4 4 3 3 3 2 4 2 2 4 4 1 3 2 3 1 4 4 3 2 3 1 4 2 4 1 1 4 4 1 3 4 3 2 1 3 3 2 3 1 4 4 
4 2 1 3 3 4 1 2 4 1 1 2 4 2 1 4 1 2 4 3 4 3 2 4 4 4 4 2 1 3 2 2 4 1 1 3 1 1 3 4 1 3 1 3 3 1 2 1 4 4 3 1 4 1 4 2 3 2 3 4 4 4 4 1 2 4 4 3 1 2 3 2 3 2 4 2 4 4 2 4 4 2 1 4 
4 1 4 3 2 4 3 4 4 4 4 4 2 2 1 1 4 4 3 1 2 2 2 4 3 2 4 2 4 3 2 3 4 3 1 4 3 2 2 1 1 4 3 4 1 4 3 2 4 4 1 1 3 3 2 1 3 3 1 3 1 4 4 1 2 3 1 2 1 1 1 3 2 2 2 2 4 4 1 1 3 2 2 4 
4 2 3 3 3 1 4 1 3 3 3 4 3 4 4 4 4 4 4 1 4 2 1 3 1 3 1 1 3 3 3 3 4 3 3 3 3 4 1 2 4 1 4 4 4 1 4 1 4 1 2 2 3 3 4 4 1 3 3 4 1 1 4 4 2 3 2 3 3 4 2 4 1 3 2 4 1 4 1 3 3 3 1 4 
4 4 4 2 1 1 4 4 1 2 3 2 1 4 4 4 2 3 2 1 3 3 4 3 4 4 1 3 1 1 1 4 2 2 1 1 4 2 2 1 4 2 2 4 2 3 1 3 3 2 1 3 3 2 4 2 2 4 4 3 3 1 4 3 4 2 2 3 1 4 3 1 1 3 1 2 3 2 1 1 3 2 2 4 
4 3 2 1 2 1 3 3 4 3 3 1 4 4 2 4 2 3 1 3 4 1 3 3 3 1 3 1 1 3 4 2 3 2 2 4 1 1 4 4 3 2 1 1 1 3 4 2 1 1 4 4 1 1 4 2 2 2 3 3 4 3 4 4 1 1 3 2 3 3 3 3 4 4 4 1 2 3 4 2 1 1 1 4 
4 4 2 3 3 4 4 3 3 1 3 2 4 4 1 2 1 2 1 3 4 4 2 4 4 2 3 2 3 4 2 3 2 1 2 2 4 2 1 4 4 4 1 2 1 3 2 3 1 2 4 1 4 4 1 4 4 2 2 2 1 2 1 3 2 2 3 3 2 2 3 1 4 3 4 2 2 3 2 2 4 2 1 4 
4 2 1 2 4 4 2 2 1 3 4 2 3 1 4 2 4 3 4 4 2 1 3 3 1 1 4 2 2 2 4 3 2 2 4 1 3 3 4 3 2 4 2 1 1 4 3 1 4 1 2 4 1 3 1 4 2 1 3 4 1 2 1 1 3 1 4 1 3 4 2 2 2 1 3 1 1 3 2 1 2 4 4 4 
4 4 2 4 1 4 4 2 2 4 4 4 1 1 2 2 3 3 1 1 1 1 4 4 3 3 3 3 1 3 1 3 2 4 2 1 2 1 1 1 4 3 3 2 2 2 2 1 3 3 4 3 1 1 3 4 3 3 3 1 2 3 4 4 1 2 1 4 1 1 4 2 2 2 1 1 4 2 2 2 3 2 2 4 
4 2 1 3 4 3 1 1 2 1 4 1 1 4 4 3 2 1 4 1 1 3 2 1 3 3 1 4 2 3 1 2 1 3 1 2 2 2 4 3 3 1 4 4 3 3 1 1 2 2 2 1 2 2 1 1 3 3 3 1 4 2 1 4 1 1 2 3 4 2 2 1 1 4 2 2 1 2 1 4 3 1 4 4 
4 2 3 2 4 3 2 4 3 4 2 3 4 1 4 2 2 3 4 3 4 2 1 3 1 4 1 3 4 3 1 2 3 1 3 3 3 4 4 3 3 3 2 2 2 2 2 4 3 2 4 1 3 1 2 3 2 3 1 2 4 3 1 2 1 3 2 3 2 2 2 3 2 1 4 1 3 2 4 4 2 2 4 4 
4 2 2 4 4 2 2 2 4 2 4 2 1 1 1 4 2 1 1 2 3 4 2 3 4 4 2 3 2 3 3 3 2 1 3 1 4 4 2 4 2 4 2 2 1 1 3 2 3 4 2 3 3 3 4 4 2 4 3 3 4 3 4 1 4 3 3 1 4 3 1 1 3 2 1 4 2 3 3 1 4 4 2 4 
4 1 4 1 3 4 3 2 4 3 2 1 1 1 4 3 3 2 2 4 3 4 3 1 3 1 3 1 2 4 1 3 2 3 2 4 2 3 1 2 3 3 2 2 1 3 2 3 2 1 3 2 2 3 2 3 2 3 4 4 2 2 1 3 1 4 3 4 4 1 1 4 2 3 4 2 3 2 2 3 1 3 4 4 
4 2 4 4 3 2 3 1 1 3 2 1 4 4 3 1 1 4 3 2 2 1 1 4 3 1 4 1 1 2 3 2 4 3 4 1 2 2 2 1 2 2 3 3 3 1 2 2 2 1 4 1 4 3 4 4 2 1 4 2 1 4 3 3 4 1 4 1 4 2 4 1 2 2 3 4 1 4 1 3 4 3 2 4 
4 3 3 3 4 4 4 4 4 3 4 3 1 1 4 1 1 2 4 2 1 3 3 2 1 2 1 2 1 1 3 1 1 2 3 2 3 1 2 4 4 3 1 2 2 1 3 3 4 4 1 1 4 2 3 1 3 1 4 3 2 1 4 3 3 1 3 3 3 3 1 1 3 1 2 3 4 2 3 2 4 2 3 4 
4 1 2 4 4 3 2 1 2 2 4 3 3 2 4 4 1 3 3 4 3 2 3 2 1 4 3 3 1 3 2 1 2 3 3 4 2 1 4 4 3 1 4 4 2 4 4 2 4 2 1 3 1 4 1 4 1 1 2 4 4 3 3 3 3 2 2 4 4 2 3 3 4 4 4 4 2 1 4 1 4 2 2 4 
4 2 1 2 4 4 4 4 4 1 4 4 2 4 3 4 2 1 2 1 1 2 2 3 4 4 1 2 4 3 1 2 2 1 3 4 4 4 1 4 2 1 2 1 4 1 1 3 4 4 2 1 1 1 4 3 4 3 2 1 4 2 1 4 1 3 4 1 2 3 4 2 3 2 3 4 4 4 3 4 3 1 1 4 
4 1 2 2 1 3 2 2 4 1 4 3 1 1 2 4 3 3 3 3 4 3 1 3 4 1 4 3 3 1 1 1 1 2 4 3 3 3 1 3 3 3 3 1 4 3 1 2 2 1 1 4 4 3 2 3 4 1 2 4 4 1 4 3 1 3 4 4 4 2 1 3 1 2 2 2 4 2 1 3 2 3 1 4 
4 2 1 2 1 4 3 1 3 4 3 2 4 4 3 2 2 4 1 3 3 2 1 4 3 4 2 3 4 4 2 4 1 1 1 2 4 1 4 3 2 4 2 3 1 4 1 4 2 2 3 4 1 4 4 1 4 1 1 4 1 2 3 1 3 3 2 2 3 1 2 2 1 3 2 2 2 1 1 1 4 1 2 4 
4 4 2 4 1 1 4 4 3 1 3 1 3 3 2 3 1 4 2 3 1 1 2 4 1 2 2 2 1 1 2 3 2 4 4 4 1 3 2 1 3 3 2 4 2 4 4 2 2 3 2 2 4 3 2 2 3 4 2 4 2 3 4 3 3 1 3 4 4 2 1 2 3 4 2 1 3 3 3 1 1 2 3 4 
4 2 1 1 4 3 3 1 1 3 4 3 3 1 2 2 3 3 3 2 1 3 3 2 4 3 4 1 3 2 2 1 3 2 2 3 4 2 2 1 1 2 2 1 3 3 4 2 1 4 2 1 2 2 1 3 4 3 3 1 1 2 3 1 1 4 4 2 3 1 4 4 1 1 4 2 1 2 2 2 1 1 3 4 
4 2 1 2 2 2 4 4 3 3 1 3 1 3 1 3 3 2 4 2 4 3 1 3 2 1 2 2 1 2 1 2 2 4 1 1 1 3 3 2 4 1 3 3 4 1 4 1 3 4 4 1 1 1 1 4 3 4 4 3 4 4 2 2 1 1 4 3 2 1 1 4 3 2 1 3 2 1 3 4 2 3 2 4 
4 2 3 2 3 3 4 3 3 1 2 2 2 3 1 2 3 2 1 4 4 3 4 2 1 2 3 1 4 2 3 1 1 4 2 2 3 4 3 1 4 4 3 4 2 1 3 3 3 3 4 3 2 2 4 1 3 2 1 4 4 3 2 2 4 4 4 1 3 4 4 3 3 2 2 3 1 3 1 4 1 4 2 4 
4 4 4 4 4 4 4 4 4 4 4 4 4 4 4 4 4 4 4 4 4 4 4 4 4 4 4 4 4 4 4 4 4 4 4 4 4 4 4 4 4 4 4 4 4 4 4 4 4 4 4 4 4 4 4 4 4 4 4 4 4 4 4 4 4 4 4 4 4 4 4 4 4 4 4 4 4 4 4 4 4 4 4 4 

