82
1000
1000

[Node]
0  0  0   0  0
83 0  0   0  0

[pickup]
1       504851317      15          14
2       502789656      16          20
3       504489908      24          20
4       502794879      24          14
5       503615814      27          11
6       503584522      29          8
7       504619162      29          17
8       505123014      33          9
9       504725765      33          11
10      503284249      33          20
11      505195416      34          13
12      504944052      35          8
13      505185201      40          17
14      503099514      46          7
15      503240801      46          18
16      502800258      49          15
17      505128819      52          10
18      504558137      54          16
19      503629917      56          19
20      504412049      58          17
21      504563723      60          18
22      505036392      61          5
23      502800271      63          13
24      504959841      68          18
25      502787600      73          12
26      502794547      77          20
27      505186923      84          11
28      505131975      88          6
29      504549590      88          20
30      504579938      90          18
31      505229192      91          6
32      502851705      98          16
33      504959617      100         9
34      504940824      106         20
35      503242004      108         14
36      504945646      113         8
37      505084618      120         9
38      502796205      122         11
39      505026956      123         17
40      502793979      125         9
41      504989072      129         10
42      505170366      133         5
43      504930829      135         6
44      502789708      139         17
45      502798393      153         11
46      502804546      154         16
47      504742888      159         14
48      505002276      162         17
49      504904607      169         20
50      502798649      173         7
51      504615511      187         15
52      504782558      190         13
53      503746302      192         17
54      503555070      197         5
55      503202377      198         19
56      504489902      199         8
57      504539377      204         8
58      504553396      210         6
59      504491355      215         5
60      502947275      216         12
61      503251698      217         11
62      502787414      217         15
63      502798241      222         17
64      503229542      230         18
65      502787619      231         20
66      503168027      245         20
67      504940738      263         12
68      503586355      289         6
69      503249203      302         14
70      505130422      323         18
71      503064979      335         17
72      505164779      398         18
73      502790178      494         16
74      503184278      555         10
75      504804145      576         15
76      502798842      662         17
77      503220254      719         15
78      504040924      788         16
79      504608410      893         20
80      504777883      1000        14
81      504930822      1000        15
82      502788061      1000        20

[Speed 0]
0.81
30.0   60.0 0.0 0.6
90.0   150 0.0 0.4
300.0  540.0 0.0 0.81
570.0 630.0 0.0 0.6
660.0 720.0 0.0 0.4
750.0 840.0 0.0 0.81

[Speed 1]
1.33
30.0   60.0 0.0 0.8
90.0   150 0.0 0.6
300.0  540.0 0.0 1.33
570.0 630.0 0.0 0.8
660.0 720.0 0.0 1.3
750.0 840.0 0.0 2

[Speed 2]
1.33
30.0   60.0 0.0 1.0
90.0   150 0.0 0.8
300.0  540.0 0.0 1.33
570.0 630.0 0.0 0.8
660.0 720.0 0.0 0.6
750.0 840.0 0.0 1.5

[Speed 3]
1.5
30.0   60.0 0.0 0.9
90.0   150 0.0 0.8
300.0  540.0 0.0 1.5
570.0 630.0 0.0 0.9
660.0 720.0 0.0 0.8
750.0 840.0 0.0 1.5

[Speed 4]
2
30.0   60.0 0.0 1.1
90.0   150 0.0 0.9
300.0  540.0 0.0 2
570.0 630.0 0.0 1.1
660.0 720.0 0.0 0.9
750.0 840.0 0.0 2

[speed choose matrix]
4 4 4 4 4 4 4 4 4 4 4 4 4 4 4 4 4 4 4 4 4 4 4 4 4 4 4 4 4 4 4 4 4 4 4 4 4 4 4 4 4 4 4 4 4 4 4 4 4 4 4 4 4 4 4 4 4 4 4 4 4 4 4 4 4 4 4 4 4 4 4 4 4 4 4 4 4 4 4 4 4 4 4 4 
4 2 4 2 3 2 3 4 4 4 3 3 1 2 3 1 2 2 1 3 3 2 3 3 2 1 1 4 2 4 1 3 1 1 1 2 4 2 2 4 1 3 2 4 4 2 3 3 1 2 1 1 1 2 2 2 1 3 4 1 3 1 2 4 2 3 2 1 2 4 1 2 2 1 2 2 2 1 1 1 2 1 2 4 
4 1 3 3 4 4 1 1 2 3 3 3 4 1 2 3 2 4 2 4 3 1 4 4 4 2 3 1 4 1 1 2 3 1 2 4 4 3 4 3 2 1 4 1 2 3 1 2 3 1 4 4 1 3 3 3 4 3 2 2 3 3 2 3 4 4 1 1 3 3 2 2 4 2 4 2 1 4 4 2 1 1 1 4 
4 1 1 3 4 1 3 4 4 3 4 3 3 1 1 4 3 4 1 2 2 2 4 1 3 3 1 1 4 4 3 1 1 1 1 4 2 1 3 3 1 1 4 1 3 3 1 4 4 2 4 2 4 3 2 3 2 1 3 2 3 1 4 3 3 3 3 2 4 1 3 4 2 1 3 3 2 4 3 1 1 2 3 4 
4 3 3 1 1 2 4 3 4 2 4 3 4 4 1 1 1 1 2 4 3 1 4 4 3 1 1 3 3 4 2 1 2 1 3 4 3 2 1 4 2 3 1 1 2 2 3 3 3 1 3 3 4 1 3 4 1 2 4 4 2 2 1 3 4 4 2 1 1 2 1 1 2 2 4 2 4 2 2 2 3 2 2 4 
4 1 3 1 2 2 4 3 4 1 4 3 3 4 4 2 2 2 4 3 4 3 4 2 4 2 3 2 4 4 2 3 1 3 2 4 2 3 3 2 2 1 4 2 1 3 2 4 4 2 1 3 3 1 3 1 4 4 1 1 3 2 4 1 1 1 4 2 3 2 2 4 3 1 2 1 4 4 1 3 1 2 4 4 
4 1 2 2 4 2 3 1 2 4 3 2 1 1 4 3 1 4 2 4 2 4 3 4 3 2 2 4 2 4 4 2 4 3 2 3 4 4 1 1 3 4 4 3 4 1 2 2 1 4 3 2 4 2 3 4 4 1 2 2 4 3 3 3 4 4 4 2 1 4 3 3 3 1 4 3 4 2 2 1 2 3 4 4 
4 2 3 1 1 2 3 1 2 3 2 1 2 1 3 3 3 4 4 3 2 3 4 2 2 1 2 3 4 4 3 1 3 2 4 4 1 3 3 2 1 1 3 1 3 3 4 4 1 3 1 1 3 4 3 2 3 1 1 3 2 1 3 2 1 4 4 2 3 3 1 4 4 4 2 4 4 4 4 2 2 2 1 4 
4 3 2 2 2 1 3 3 3 1 3 2 1 2 3 1 1 3 3 3 2 2 4 3 3 4 3 4 1 1 3 1 1 1 2 2 3 2 3 4 4 1 1 3 3 4 2 3 3 3 4 3 3 2 2 4 3 2 2 2 4 1 3 4 1 4 3 2 1 2 4 4 1 4 1 3 4 3 3 4 2 1 1 4 
4 4 3 2 1 2 2 3 4 2 1 1 2 1 2 4 2 4 2 1 4 1 4 3 2 1 1 4 2 1 3 1 2 1 2 1 1 1 2 1 2 3 1 2 1 4 3 4 1 3 3 4 4 1 1 2 2 1 2 3 3 3 1 1 4 3 1 4 1 2 2 1 3 2 4 2 4 4 4 4 1 4 3 4 
4 3 3 2 2 1 1 4 4 3 2 1 1 1 4 1 4 3 1 2 4 1 3 2 3 2 4 3 3 1 1 4 1 2 1 1 4 4 4 3 4 1 4 2 4 4 4 2 4 4 4 2 3 4 1 4 3 2 2 3 4 4 3 2 1 4 1 3 3 4 2 3 4 2 1 2 3 1 3 4 2 4 3 4 
4 2 3 1 3 4 2 1 2 3 2 1 4 1 4 1 3 1 4 3 4 2 4 3 4 1 4 4 2 3 1 1 1 3 1 4 2 1 2 4 1 1 3 3 1 1 3 1 4 3 2 4 2 2 4 4 2 2 1 2 1 1 2 2 4 3 3 1 1 4 2 4 3 3 1 3 2 1 4 1 3 4 4 4 
4 2 4 2 2 2 2 4 4 4 2 1 2 1 3 2 2 3 1 2 3 4 2 2 3 2 2 1 3 1 1 3 4 2 1 1 2 3 2 2 3 4 3 3 3 2 4 4 3 4 2 3 1 1 3 2 3 2 4 2 1 2 4 3 1 1 1 4 2 1 1 1 2 2 3 2 3 3 3 2 1 4 1 4 
4 1 3 2 1 3 3 3 1 4 4 4 1 2 1 2 1 3 3 3 1 3 4 2 3 4 1 3 4 2 2 1 2 4 1 4 1 4 2 2 4 1 4 2 4 3 3 1 4 4 4 2 1 1 2 2 2 4 1 4 2 3 1 1 3 1 4 2 3 2 4 2 3 3 4 3 4 1 2 4 4 4 1 4 
4 3 2 1 3 2 3 2 1 4 2 3 1 1 2 4 4 4 1 1 4 4 4 3 3 4 3 4 3 2 1 4 3 4 1 3 4 4 3 2 1 3 4 2 1 4 1 2 3 3 4 1 1 4 2 2 3 1 4 4 4 4 3 2 2 3 2 4 2 1 3 4 1 1 1 2 1 1 4 1 3 4 2 4 
4 1 1 4 2 3 2 4 1 2 3 4 3 1 1 4 4 4 1 1 1 4 3 3 2 3 1 1 2 3 1 3 2 3 4 1 1 4 3 3 2 3 4 3 2 4 4 2 1 4 1 2 2 3 2 4 2 2 2 1 2 3 3 4 4 4 3 3 4 2 4 4 2 4 1 2 2 1 2 4 2 1 3 4 
4 4 3 3 4 1 2 3 3 2 2 3 3 1 3 2 2 2 2 2 2 4 2 4 1 1 1 2 2 3 1 1 4 2 1 4 1 3 2 2 3 2 1 3 2 2 4 4 3 3 1 1 3 2 1 1 2 2 3 4 4 3 4 3 3 4 3 1 1 2 2 2 1 3 1 3 3 3 3 3 3 2 4 4 
4 1 3 2 2 4 4 1 3 2 1 3 2 3 3 3 4 3 3 3 2 1 2 2 4 1 2 4 4 3 2 4 1 4 3 1 3 2 3 2 3 3 1 2 1 1 3 4 3 4 3 2 1 4 4 4 1 2 4 4 2 1 4 4 1 1 3 3 2 1 1 2 3 3 2 4 4 1 1 3 3 1 1 4 
4 2 1 4 3 3 3 2 3 4 3 2 4 2 4 3 2 4 1 1 2 1 4 2 4 2 1 3 4 1 2 2 4 3 4 4 4 1 3 2 3 4 4 2 4 4 2 3 2 3 4 3 2 1 2 4 3 4 4 4 4 4 4 2 3 3 2 4 4 1 3 1 1 4 2 2 2 4 1 4 3 2 4 4 
4 4 3 1 3 2 3 2 2 3 3 3 4 3 3 4 1 1 4 4 3 1 2 2 2 3 4 3 1 1 2 4 2 2 1 3 1 1 4 2 3 4 1 1 1 2 4 2 4 2 4 2 3 3 3 3 1 1 3 3 1 1 4 3 1 4 4 3 1 2 2 1 2 3 4 2 2 1 1 2 4 4 4 4 
4 4 2 3 1 3 2 4 2 4 3 2 2 2 3 2 4 1 4 2 4 1 4 4 3 3 4 1 3 2 2 3 1 4 1 4 2 2 4 4 2 1 1 3 3 4 1 1 3 1 4 1 1 4 2 1 2 4 3 1 4 4 1 4 1 2 1 2 2 4 4 1 2 1 1 4 3 2 2 1 1 2 2 4 
4 4 2 1 3 3 1 4 3 4 2 4 3 3 1 1 1 2 1 3 2 3 3 2 1 4 3 2 3 1 3 4 3 2 3 3 1 2 4 2 1 4 3 2 2 3 2 1 3 4 2 1 1 2 4 4 3 4 4 2 4 4 2 1 3 4 1 4 3 2 1 2 4 3 2 4 2 3 3 1 1 1 1 4 
4 4 4 2 4 3 2 1 3 4 3 1 3 2 4 1 2 1 3 1 3 2 2 2 1 2 3 4 4 4 3 2 2 1 3 2 2 2 3 4 3 1 1 2 3 3 2 2 4 3 4 1 2 3 1 2 3 4 2 3 2 3 3 3 4 2 1 1 3 2 1 2 3 1 3 3 2 1 1 2 1 1 4 4 
4 1 1 2 1 4 4 3 4 3 3 1 2 2 3 3 3 1 3 1 1 2 3 3 4 3 4 4 2 4 3 2 4 1 1 4 4 4 1 1 4 3 1 1 4 3 1 1 3 4 2 2 1 2 1 1 4 4 2 3 2 4 1 2 1 2 4 3 3 3 4 3 2 2 4 1 4 2 4 1 1 2 3 4 
4 2 2 3 1 3 2 1 4 2 3 3 2 2 2 1 3 3 2 2 2 4 2 4 3 2 2 1 2 2 1 1 3 4 3 4 1 1 4 2 2 3 2 2 4 2 4 3 4 1 1 3 2 2 3 1 2 3 1 1 1 3 2 2 3 3 3 3 1 3 3 4 3 3 3 1 2 1 3 2 2 1 4 4 
4 3 3 3 3 4 4 3 4 4 2 3 4 3 3 4 2 4 3 1 3 4 4 2 3 1 3 1 2 2 4 2 1 1 2 4 4 3 1 1 3 1 3 4 3 4 1 1 3 1 1 3 3 4 2 2 1 4 2 2 1 1 1 2 1 3 1 4 4 3 3 3 4 1 3 3 2 2 3 3 2 1 1 4 
4 1 1 4 3 4 1 1 1 1 1 4 4 4 3 4 4 2 3 2 2 2 1 3 4 1 4 2 1 3 1 4 2 4 4 3 3 4 2 4 1 4 4 4 4 4 1 1 1 3 4 1 4 3 1 4 1 3 3 3 4 4 2 2 4 3 2 1 1 1 1 3 3 3 3 3 3 3 2 1 1 4 2 4 
4 4 2 3 3 1 4 4 4 2 2 2 3 3 3 3 1 2 2 2 3 3 1 1 1 3 3 3 4 4 3 3 4 2 1 4 2 3 2 2 1 3 1 2 4 4 4 2 1 4 3 1 2 2 4 3 3 4 3 1 2 2 4 2 2 1 1 2 1 1 3 3 4 3 4 1 1 4 2 2 2 1 3 4 
4 1 1 2 3 1 3 4 4 1 2 3 1 2 2 2 2 3 1 2 2 2 4 2 3 2 1 4 1 2 1 4 4 4 4 2 1 4 1 1 2 2 2 2 4 3 2 3 4 3 3 1 3 2 4 4 1 4 3 2 1 4 3 4 3 2 3 3 3 1 1 2 3 2 1 2 1 2 2 4 3 2 1 4 
4 4 2 2 3 1 2 2 3 1 2 3 1 3 1 1 2 1 4 2 3 4 4 4 4 3 2 4 1 4 2 4 3 2 2 2 2 3 4 3 1 3 3 2 1 1 1 4 1 2 1 3 1 1 1 3 4 4 2 3 3 3 1 4 2 3 1 3 2 2 4 4 1 1 4 2 3 2 4 4 2 1 4 4 
4 1 1 2 4 3 4 3 2 4 1 1 3 1 1 2 2 1 2 4 1 2 2 1 4 3 1 3 1 3 1 1 4 4 4 3 3 3 4 3 4 4 4 4 1 2 2 1 2 2 2 1 1 4 3 1 2 2 4 2 2 4 1 1 2 3 3 3 4 1 3 2 3 4 4 4 3 2 3 4 3 4 4 4 
4 2 3 2 3 1 1 1 2 3 1 2 4 3 3 1 3 4 1 1 1 4 4 4 2 4 4 4 1 3 1 1 1 1 2 2 4 2 1 2 2 4 1 4 1 1 2 1 2 3 4 2 4 3 3 3 2 4 4 4 2 3 4 1 4 1 4 2 1 4 1 2 4 2 1 4 4 1 4 1 1 3 1 4 
4 3 2 3 2 2 3 4 3 3 2 1 1 4 4 2 1 3 4 1 2 3 1 1 3 2 3 3 3 3 3 3 1 1 1 4 4 4 3 1 3 4 4 4 3 2 4 2 3 3 3 1 2 4 4 4 4 4 3 3 3 3 4 4 3 4 1 1 3 2 3 2 3 1 3 1 4 4 1 3 2 2 1 4 
4 3 1 2 3 1 3 1 4 1 3 2 3 2 4 2 2 4 2 3 3 3 1 3 3 2 4 1 2 4 3 4 2 2 2 4 2 1 3 4 1 3 2 3 1 2 4 3 3 4 1 3 2 1 1 1 3 1 4 1 1 1 2 2 3 1 3 2 3 1 3 1 3 2 2 4 4 2 1 4 2 4 3 4 
4 1 1 2 3 2 3 1 2 3 1 3 3 3 2 1 1 2 1 4 4 1 2 3 3 1 4 2 3 1 3 2 2 4 2 4 1 4 1 3 2 3 1 2 1 4 3 2 2 4 1 3 3 2 4 2 4 2 4 1 2 3 3 4 3 2 4 2 4 1 4 4 2 3 3 1 1 3 1 1 2 2 3 4 
4 1 1 2 3 2 2 3 1 4 3 2 3 1 1 4 4 2 2 1 1 3 4 2 2 4 4 4 4 1 2 3 2 3 4 4 3 1 4 2 4 3 4 3 3 1 3 3 3 4 4 4 4 1 2 3 1 4 1 3 3 4 1 2 1 1 4 3 4 3 1 1 4 4 3 2 3 4 3 3 1 3 2 4 
4 1 2 3 1 2 3 1 4 3 2 2 1 4 2 4 3 1 4 1 1 3 4 3 2 1 2 1 1 3 2 2 3 3 4 4 4 2 2 1 1 4 4 3 2 3 2 4 3 2 4 3 4 2 4 1 4 3 2 2 4 3 4 4 3 1 1 1 2 2 2 2 4 2 4 4 3 4 2 2 1 2 3 4 
4 1 1 3 4 1 2 3 4 3 3 3 4 3 1 2 2 4 1 3 1 1 1 4 3 3 4 2 1 4 1 1 1 4 4 4 1 1 3 2 4 3 1 1 2 1 4 4 2 4 1 1 3 2 3 3 3 3 4 1 4 3 2 1 1 3 2 3 3 3 3 1 2 4 3 2 2 3 1 1 1 4 4 4 
4 2 4 4 2 2 4 1 2 1 2 4 4 2 3 4 1 2 4 2 3 3 4 1 4 3 3 3 3 2 4 4 4 1 1 2 2 4 3 2 1 1 1 1 4 4 3 4 2 4 3 1 1 3 4 2 1 3 2 3 3 1 2 4 1 1 4 2 4 2 4 1 3 3 2 2 2 3 2 2 1 2 3 4 
4 3 4 4 3 4 4 4 3 4 1 2 2 4 2 1 3 4 4 2 1 1 1 3 3 3 1 4 2 2 4 1 4 1 4 3 4 1 4 2 3 2 4 1 4 1 3 2 4 2 3 1 4 3 1 2 2 1 1 3 4 1 1 4 4 1 1 1 1 1 1 4 1 2 3 4 1 4 2 4 1 2 2 4 
4 1 1 2 1 2 3 2 1 1 2 1 2 1 2 2 4 2 2 4 3 4 1 1 2 4 4 1 3 1 4 4 1 1 4 1 4 2 3 2 4 2 2 2 1 4 1 4 3 3 1 1 1 1 2 1 3 2 4 4 4 4 3 4 1 4 1 1 2 4 3 1 1 1 1 4 2 4 3 2 3 1 4 4 
4 1 3 1 4 3 1 4 1 2 1 3 3 4 3 2 1 2 1 2 3 4 2 4 2 4 1 4 1 4 2 1 4 2 1 2 1 3 3 4 3 4 3 4 3 1 4 2 2 3 2 1 1 2 2 1 4 2 1 3 4 3 3 4 4 1 2 3 2 3 3 1 3 3 3 4 2 4 1 3 4 4 3 4 
4 3 1 1 2 2 4 2 1 4 1 2 3 4 2 2 2 3 2 3 3 1 1 1 3 1 3 4 1 3 3 4 2 3 3 4 2 1 2 4 1 2 1 3 1 4 2 4 1 3 3 1 2 1 2 1 1 4 4 1 2 4 3 1 3 1 2 3 4 4 4 3 3 4 2 1 4 3 3 4 4 1 4 4 
4 4 3 3 2 2 2 2 4 4 2 2 2 3 3 4 1 3 4 1 3 1 2 3 2 4 3 2 1 4 2 1 1 2 4 2 1 3 2 2 1 1 3 2 4 4 4 3 1 4 3 3 2 3 4 1 1 4 1 4 3 1 4 3 3 1 2 3 2 2 3 1 4 4 2 4 2 3 3 4 3 3 3 4 
4 2 3 3 2 4 3 1 2 2 2 4 2 3 4 3 3 1 3 2 3 1 2 3 4 1 3 2 2 3 2 1 3 2 1 2 4 1 4 3 2 2 2 3 1 4 1 3 1 3 1 2 3 3 1 4 4 2 3 4 4 1 2 3 2 1 3 3 4 2 2 4 2 2 2 4 1 2 1 1 1 2 3 4 
4 1 4 2 1 2 1 4 3 1 4 3 3 2 2 4 3 1 1 1 2 2 4 4 4 2 4 2 2 2 2 4 2 2 1 1 4 2 4 3 2 4 4 2 3 3 4 4 4 3 2 4 1 3 4 2 4 4 4 1 2 2 4 4 4 1 2 1 3 3 3 1 1 2 3 2 4 1 1 2 1 4 2 4 
4 4 4 4 3 2 1 1 1 4 3 1 4 3 2 3 2 3 4 3 1 3 2 3 3 1 4 2 3 4 2 3 4 2 1 4 3 1 1 4 4 4 4 2 2 2 1 3 2 3 3 3 4 1 4 2 1 1 4 3 1 2 2 4 3 1 1 4 3 2 2 3 2 3 1 2 3 2 2 1 2 3 2 4 
4 4 2 1 3 1 3 1 2 2 3 3 2 3 2 3 4 4 4 3 2 1 3 3 1 2 2 4 1 3 2 4 2 2 1 4 3 3 4 3 1 4 2 4 2 3 3 2 3 1 1 4 1 4 2 1 4 3 2 1 4 2 2 2 2 4 3 3 3 3 4 3 4 1 2 2 2 2 2 4 1 2 2 4 
4 1 2 4 4 1 4 1 2 1 3 1 1 4 3 4 2 4 2 4 4 2 2 4 1 2 2 1 2 1 4 2 2 3 4 4 2 1 2 3 3 3 3 2 1 2 4 4 4 4 1 1 2 1 1 2 2 2 4 3 3 1 4 3 3 1 3 2 4 3 3 2 3 4 2 3 2 3 2 4 1 4 3 4 
4 2 3 4 1 2 2 1 4 2 2 4 2 3 2 1 3 3 2 2 3 4 4 2 2 3 1 1 2 2 3 4 3 4 4 3 2 2 4 2 3 3 3 3 1 3 2 3 4 2 4 3 1 1 3 2 3 3 2 2 3 3 4 1 3 1 4 2 2 3 3 2 4 4 4 2 3 3 1 4 4 1 2 4 
4 4 3 3 2 4 3 2 2 3 3 3 1 1 3 4 3 1 2 2 3 3 4 4 4 1 2 1 1 2 2 4 1 2 2 3 4 3 1 3 4 1 3 1 1 2 2 3 1 2 2 4 1 3 2 2 3 4 2 1 2 2 2 4 3 4 4 4 1 1 1 1 3 4 2 3 3 3 2 3 4 1 4 4 
4 1 3 3 1 4 4 1 4 3 1 3 4 2 1 2 4 3 3 1 4 3 1 1 1 4 3 1 3 1 4 3 4 2 2 2 1 1 2 2 1 3 3 1 3 3 3 1 4 2 4 2 3 2 2 3 2 4 3 4 1 1 2 3 3 4 2 1 4 1 3 3 2 1 2 4 1 1 2 1 3 3 1 4 
4 2 4 2 3 2 3 4 4 3 4 1 4 2 3 1 2 1 3 3 3 4 2 4 1 4 2 4 1 2 3 1 1 3 2 4 2 3 3 3 4 4 4 3 1 2 1 2 4 1 4 4 2 1 2 2 4 2 4 3 3 2 3 4 1 2 1 1 3 4 4 4 2 1 3 3 3 2 4 3 1 4 4 4 
4 2 4 1 4 4 2 4 2 4 4 1 1 1 4 1 1 4 1 4 4 1 4 1 4 2 4 4 3 4 1 3 4 2 2 3 4 2 1 1 3 1 3 1 3 2 4 2 3 1 4 2 2 3 2 3 4 3 1 4 1 4 2 2 2 3 3 1 2 3 4 2 2 2 3 1 4 2 2 3 2 1 2 4 
4 3 2 3 3 3 3 1 3 3 2 2 4 2 4 1 3 1 2 3 3 2 4 3 3 4 2 3 3 2 2 4 3 3 3 2 3 2 4 3 3 1 2 2 2 4 1 4 4 3 3 4 4 3 4 2 1 4 1 2 3 4 3 4 3 4 3 2 4 1 2 4 4 4 4 1 3 4 4 1 3 1 1 4 
4 2 2 4 2 3 1 1 1 1 2 4 3 4 4 1 4 4 4 2 4 3 2 1 1 2 3 1 4 1 1 3 2 2 2 2 3 3 3 1 2 4 4 1 4 4 1 1 1 3 4 2 4 3 1 3 4 1 2 2 2 3 4 4 1 4 2 4 4 3 1 2 1 1 1 2 4 4 1 3 2 1 2 4 
4 2 2 1 1 3 3 2 3 3 4 2 2 3 3 1 4 1 3 4 1 1 1 4 2 4 3 4 1 3 2 3 3 2 4 3 4 3 2 1 1 1 3 4 3 1 4 4 3 1 2 4 2 1 4 4 2 3 1 4 2 1 1 3 3 4 1 3 2 1 4 2 1 4 1 3 4 4 4 3 3 4 2 4 
4 4 1 1 4 3 1 3 1 2 1 3 2 3 4 2 4 4 2 1 1 4 2 3 4 3 3 2 1 1 3 3 4 4 2 3 1 2 1 3 3 3 3 2 1 4 2 2 3 1 3 4 1 3 4 1 1 3 4 3 1 3 4 4 4 4 1 4 1 3 3 3 2 1 1 2 4 2 1 1 3 2 1 4 
4 4 2 2 2 3 4 2 2 2 4 3 4 2 2 2 2 4 4 2 2 4 3 3 2 2 3 4 2 2 4 2 2 3 3 3 4 3 3 3 1 4 1 4 1 3 2 4 3 4 2 3 3 3 4 3 4 2 3 3 3 4 1 1 1 4 1 1 2 3 4 1 4 2 2 1 2 2 1 3 4 1 1 4 
4 2 4 1 3 4 3 3 2 1 1 1 1 3 2 1 1 4 3 4 4 2 1 1 1 1 2 1 2 2 2 1 3 4 2 1 2 3 3 1 4 1 1 4 1 1 1 4 4 1 2 2 4 2 2 3 2 4 3 3 1 1 4 2 3 2 4 3 4 3 3 2 3 4 1 3 2 2 4 2 1 1 4 4 
4 4 2 1 3 4 4 4 4 3 3 3 2 4 1 1 3 4 3 3 3 4 2 2 3 4 1 3 1 2 2 1 2 1 3 3 4 4 1 1 3 2 1 2 4 4 1 3 2 2 4 1 4 1 4 2 4 3 1 1 1 3 1 1 4 1 1 2 2 2 4 1 2 2 3 4 4 3 1 1 4 2 4 4 
4 3 4 2 4 2 2 4 2 3 3 4 3 1 2 1 2 4 4 3 2 1 2 1 2 2 1 1 4 1 1 1 4 1 3 3 3 2 4 1 4 3 1 2 1 2 4 3 1 3 3 1 4 2 4 2 2 3 3 1 4 1 4 3 4 3 2 4 2 2 2 4 4 3 4 1 3 1 2 1 3 2 4 4 
4 1 2 4 1 4 4 3 1 2 4 1 3 3 4 3 4 3 2 4 2 1 4 3 2 3 4 1 1 1 3 3 3 4 4 2 4 4 4 3 4 4 3 3 3 3 1 1 1 1 4 4 2 3 1 3 1 4 1 2 3 4 2 3 1 1 4 2 1 3 3 4 2 4 2 1 3 1 2 4 2 1 3 4 
4 3 3 2 2 2 1 4 2 1 3 3 1 1 3 1 4 3 1 2 4 4 2 2 2 1 4 2 1 1 2 2 3 2 3 4 2 2 3 4 2 1 4 3 4 3 3 4 4 2 2 4 1 2 4 1 4 4 4 4 3 1 2 2 3 1 2 2 1 2 4 1 3 4 3 3 3 4 1 1 2 2 1 4 
4 3 1 1 2 4 2 1 1 1 1 2 4 2 3 2 4 1 3 4 2 4 3 4 4 2 4 3 1 1 4 3 3 2 1 4 1 4 3 2 4 1 4 2 1 2 3 1 1 4 1 1 1 3 1 1 1 1 4 3 2 2 4 2 3 4 3 2 2 2 2 2 3 1 3 4 4 1 1 2 3 1 4 4 
4 1 3 4 2 4 1 2 2 4 1 1 2 3 2 3 1 2 3 1 1 2 1 2 1 1 3 1 4 1 3 2 4 1 3 4 4 1 3 2 2 1 4 2 3 2 1 1 3 3 3 2 3 3 4 2 1 3 4 2 4 1 1 3 2 2 1 1 3 1 3 3 2 4 2 1 2 1 1 2 2 1 3 4 
4 2 1 4 4 1 3 1 4 2 4 3 1 3 1 4 3 4 2 1 4 3 4 3 4 4 1 3 4 3 1 1 4 3 3 1 2 2 2 1 3 3 4 2 3 1 1 2 3 1 3 4 4 2 2 3 2 1 2 3 4 1 2 2 1 2 1 1 4 2 3 3 3 4 4 4 4 1 1 4 2 3 1 4 
4 3 4 1 4 1 4 1 1 1 2 4 4 3 4 4 4 4 2 3 2 1 4 2 1 2 1 1 4 1 4 2 4 2 1 1 3 4 3 3 1 3 4 4 3 4 1 1 1 4 2 1 4 1 3 3 1 2 2 2 4 1 2 2 2 4 2 1 2 1 4 3 4 3 2 3 4 4 4 2 3 1 1 4 
4 4 1 3 1 4 1 4 2 3 2 2 1 3 3 4 1 1 2 2 2 1 1 3 2 1 4 1 2 3 1 2 4 2 2 4 3 2 4 1 2 3 3 2 2 3 1 1 4 4 1 4 2 3 4 2 3 3 2 3 2 3 2 4 1 1 4 1 1 3 4 2 4 1 4 3 1 4 3 3 2 1 3 4 
4 2 1 3 4 2 1 1 3 3 1 4 4 1 3 4 1 3 2 3 2 3 4 1 4 1 1 2 1 4 3 1 3 3 3 3 1 3 2 3 1 1 1 2 4 4 3 4 3 1 2 2 2 1 4 1 4 4 3 3 1 1 1 1 2 3 2 1 4 4 1 2 1 4 3 1 2 1 1 3 3 4 3 4 
4 2 1 2 3 4 3 2 4 4 1 1 2 4 3 4 4 4 4 1 3 4 2 3 2 1 2 3 4 4 3 2 4 3 2 1 1 4 2 3 1 1 3 1 4 2 1 1 1 2 1 1 1 2 1 3 1 2 1 1 3 4 3 4 3 1 1 1 3 1 4 1 3 2 4 1 1 1 2 4 1 4 3 4 
4 1 2 2 3 2 3 1 3 3 2 4 4 1 3 3 3 2 1 1 4 4 2 1 3 1 1 1 1 1 1 1 1 3 3 2 1 2 3 2 2 4 2 1 3 4 4 3 1 2 3 2 1 2 2 1 1 3 2 4 4 1 2 3 4 4 1 1 4 1 4 3 2 3 2 3 1 4 4 2 1 1 4 4 
4 4 3 1 4 1 3 2 2 3 2 1 1 3 1 1 2 3 1 1 4 3 3 3 3 2 2 2 3 3 2 2 4 1 4 1 3 4 3 3 2 1 3 4 2 3 1 4 4 4 2 2 2 3 2 4 2 3 3 4 1 3 1 3 3 1 3 4 3 3 1 1 1 4 2 3 1 2 3 3 2 3 1 4 
4 1 3 4 2 1 3 1 2 1 2 4 3 3 4 4 4 1 4 1 1 3 2 4 3 4 1 2 3 1 3 2 2 3 3 4 4 1 1 1 4 4 3 3 2 2 1 4 2 2 4 4 4 4 1 3 2 3 2 3 2 4 3 3 2 1 3 2 2 1 2 3 4 2 3 1 2 2 2 1 3 2 4 4 
4 2 4 3 3 4 2 4 3 2 1 3 2 1 1 2 1 1 3 3 3 1 1 4 3 1 1 4 3 2 1 1 3 1 3 3 2 4 1 2 2 2 4 4 1 2 1 4 3 3 4 1 1 3 4 2 1 3 3 2 4 4 2 4 4 3 2 3 2 1 3 4 3 3 2 3 1 3 4 3 3 4 4 4 
4 2 2 4 3 1 4 4 1 4 4 3 3 3 2 2 1 2 3 4 4 1 4 1 2 2 1 1 4 3 1 3 1 2 1 2 3 1 4 3 2 2 4 2 1 1 1 3 4 2 4 1 2 4 1 3 1 2 2 3 2 2 3 1 4 1 3 3 2 2 3 1 2 1 4 4 1 4 1 4 2 4 3 4 
4 4 4 1 1 3 4 3 2 4 2 2 1 4 2 4 4 1 2 3 2 2 1 3 1 3 1 4 2 2 1 4 1 2 1 4 3 1 1 2 4 4 1 2 4 1 2 1 1 4 3 3 2 2 3 1 1 4 2 4 4 2 1 1 1 4 2 4 1 3 3 2 2 2 3 4 3 2 1 3 2 4 2 4 
4 3 3 1 2 1 1 4 3 3 4 3 2 3 2 1 3 2 4 3 4 1 1 1 4 3 1 4 1 2 1 3 3 3 3 4 3 1 3 3 4 3 4 4 3 4 1 3 4 2 1 3 4 1 3 2 2 4 4 3 1 4 4 2 1 3 1 1 1 3 1 1 1 1 1 2 4 1 1 2 2 2 2 4 
4 1 2 4 1 2 3 1 4 1 4 1 3 1 1 3 3 2 4 2 4 4 2 1 1 2 4 4 4 4 3 4 3 4 2 3 2 3 4 3 2 1 4 3 4 4 3 1 3 3 2 1 3 1 2 4 4 3 4 3 3 2 1 4 1 2 3 3 4 1 1 3 1 2 1 2 3 3 3 3 4 4 1 4 
4 4 1 4 3 1 3 4 1 3 1 4 1 3 2 2 4 2 2 4 3 4 4 2 3 3 4 1 2 3 4 4 1 2 3 3 4 4 2 4 2 3 3 1 4 4 1 3 1 2 4 4 2 3 3 4 4 1 2 1 3 1 4 1 4 2 1 2 3 4 4 3 2 2 1 2 1 4 3 4 2 2 3 4 
4 3 4 3 2 3 1 3 4 3 4 1 3 4 4 3 1 4 1 2 3 1 1 2 2 3 1 3 1 1 2 1 1 2 1 2 1 3 4 4 4 3 2 3 3 4 3 3 2 4 3 4 3 2 1 3 1 4 3 1 1 4 2 2 3 1 2 4 1 4 3 3 4 3 4 4 4 1 4 2 2 2 1 4 
4 1 1 3 2 4 3 3 1 4 1 2 3 2 3 2 2 1 3 1 3 2 2 4 3 3 4 3 1 1 3 2 3 2 1 3 1 2 2 1 1 3 2 1 2 3 2 4 1 1 4 4 3 3 2 4 3 4 1 1 1 2 3 2 3 1 2 4 1 3 4 1 4 4 4 2 2 1 4 1 2 2 2 4 
4 1 3 4 1 1 4 4 2 4 3 2 4 3 4 2 1 2 1 3 4 2 4 1 4 1 2 1 1 1 1 1 4 4 1 2 3 2 2 2 3 2 3 4 1 4 2 3 4 3 4 2 2 2 3 1 4 2 4 1 4 4 3 4 3 3 1 3 2 4 4 4 4 4 4 2 4 2 3 1 4 2 4 4 
4 4 4 4 4 4 4 4 4 4 4 4 4 4 4 4 4 4 4 4 4 4 4 4 4 4 4 4 4 4 4 4 4 4 4 4 4 4 4 4 4 4 4 4 4 4 4 4 4 4 4 4 4 4 4 4 4 4 4 4 4 4 4 4 4 4 4 4 4 4 4 4 4 4 4 4 4 4 4 4 4 4 4 4 

