85
1000
1000

[Node]
0  0  0   0  0
86 0  0   0  0

[pickup]
1       504845350      11          20
2       505049443      41          8
3       505162674      41          8
4       502791054      49          19
5       504844669      53          14
6       505115866      61          14
7       503207090      62          7
8       502791163      63          20
9       504338451      66          10
10      504561518      67          9
11      502793194      68          12
12      502958598      75          11
13      502802137      76          15
14      503099514      77          8
15      504941658      77          17
16      505179308      78          17
17      504654398      79          15
18      502792437      79          17
19      502873629      83          6
20      502789230      84          6
21      503099590      87          8
22      504467511      88          17
23      502794469      91          7
24      505147775      95          14
25      504865782      98          13
26      502798247      101         16
27      502791700      102         16
28      505107611      109         9
29      504782558      111         19
30      502997308      113         8
31      504787660      116         19
32      502797785      118         9
33      504633794      118         18
34      505137551      120         20
35      502878271      122         10
36      502786834      132         11
37      505191730      132         5
38      505071203      136         15
39      504940723      142         10
40      504995287      147         5
41      502794247      157         18
42      502790450      157         10
43      502795290      163         14
44      502798824      164         10
45      504707951      167         9
46      502801750      172         18
47      504744533      173         7
48      503900481      186         12
49      502786480      186         6
50      505137588      205         20
51      505096954      207         10
52      503151774      211         14
53      504800636      219         8
54      502790595      220         10
55      504758586      232         12
56      504999730      237         15
57      502790955      241         12
58      504489902      243         5
59      504950887      244         19
60      504940829      247         19
61      505163840      258         7
62      503107234      264         15
63      504406686      288         15
64      502786917      292         10
65      505160758      301         19
66      502798266      302         20
67      504928743      318         15
68      504938851      326         19
69      502785770      364         12
70      502791061      383         11
71      504804143      397         8
72      504706103      401         12
73      502790596      415         14
74      502796219      428         10
75      504938844      476         14
76      505080279      485         12
77      502796218      503         9
78      505145108      511         17
79      504750395      603         13
80      502786974      758         20
81      502790625      781         13
82      502797790      804         15
83      505121631      822         11
84      504783205      835         19
85      503525248      995         16

[Speed 0]
0.81
30.0   60.0 0.0 0.6
90.0   150 0.0 0.4
300.0  540.0 0.0 0.81
570.0 630.0 0.0 0.6
660.0 720.0 0.0 0.4
750.0 840.0 0.0 0.81

[Speed 1]
1.33
30.0   60.0 0.0 0.8
90.0   150 0.0 0.6
300.0  540.0 0.0 1.33
570.0 630.0 0.0 0.8
660.0 720.0 0.0 1.3
750.0 840.0 0.0 2

[Speed 2]
1.33
30.0   60.0 0.0 1.0
90.0   150 0.0 0.8
300.0  540.0 0.0 1.33
570.0 630.0 0.0 0.8
660.0 720.0 0.0 0.6
750.0 840.0 0.0 1.5

[Speed 3]
1.5
30.0   60.0 0.0 0.9
90.0   150 0.0 0.8
300.0  540.0 0.0 1.5
570.0 630.0 0.0 0.9
660.0 720.0 0.0 0.8
750.0 840.0 0.0 1.5

[Speed 4]
2
30.0   60.0 0.0 1.1
90.0   150 0.0 0.9
300.0  540.0 0.0 2
570.0 630.0 0.0 1.1
660.0 720.0 0.0 0.9
750.0 840.0 0.0 2

[speed choose matrix]
4 4 4 4 4 4 4 4 4 4 4 4 4 4 4 4 4 4 4 4 4 4 4 4 4 4 4 4 4 4 4 4 4 4 4 4 4 4 4 4 4 4 4 4 4 4 4 4 4 4 4 4 4 4 4 4 4 4 4 4 4 4 4 4 4 4 4 4 4 4 4 4 4 4 4 4 4 4 4 4 4 4 4 4 4 4 4 
4 2 4 2 1 1 1 2 2 2 1 1 4 2 2 4 3 3 3 3 1 2 3 2 2 4 1 1 4 3 1 3 3 3 3 2 1 3 1 1 3 4 2 3 2 1 1 4 1 4 1 2 3 1 1 3 4 4 3 2 4 3 2 3 3 3 3 1 2 4 4 2 1 2 2 3 1 4 3 2 1 3 1 3 4 4 4 
4 3 4 3 1 3 1 1 2 4 1 2 4 4 4 4 2 2 2 2 2 2 1 2 1 1 3 4 3 2 4 2 1 2 4 3 4 2 3 2 3 2 3 2 2 3 1 3 4 3 1 1 2 3 2 1 3 1 3 4 2 3 3 1 4 1 1 3 3 2 3 3 4 2 2 4 3 1 2 1 1 1 1 3 2 3 4 
4 2 1 1 1 1 1 1 2 4 2 3 3 1 1 1 4 1 2 1 1 1 3 2 2 1 4 1 3 1 3 1 3 2 2 1 1 4 3 1 2 1 1 4 4 2 3 4 2 3 2 3 2 4 1 2 1 4 1 1 3 3 2 3 1 1 4 3 1 4 1 1 4 3 4 1 3 2 3 1 4 3 1 2 4 2 4 
4 3 3 3 3 3 3 2 2 3 1 2 4 2 2 3 3 2 3 3 2 3 1 4 4 2 1 2 4 2 1 4 4 1 3 2 3 3 3 2 1 3 2 1 1 1 1 1 4 3 3 4 3 1 2 1 1 4 1 1 4 2 2 3 2 4 2 3 2 3 4 4 4 1 4 1 3 2 2 2 4 1 4 3 2 4 4 
4 2 4 1 2 1 4 3 2 3 1 1 3 1 2 4 1 1 3 3 4 4 4 3 1 4 3 4 2 2 3 3 1 3 4 1 4 2 2 4 3 2 1 4 4 1 4 1 2 3 2 3 3 4 4 2 2 1 2 1 3 4 2 2 2 4 3 1 3 4 3 3 4 3 1 3 3 2 1 2 2 1 3 1 1 3 4 
4 4 2 4 4 2 3 2 1 3 3 2 3 2 2 4 4 3 1 3 2 2 3 4 4 4 1 1 1 2 1 1 2 4 4 4 2 1 4 1 4 3 2 1 1 3 3 4 1 4 1 2 1 1 2 1 1 4 4 4 3 2 3 1 4 3 2 4 1 3 4 3 1 3 2 1 1 4 2 4 1 3 2 3 4 1 4 
4 3 4 2 3 4 3 4 3 1 1 2 4 4 2 2 4 4 3 3 3 4 4 1 2 4 4 3 1 3 2 1 1 2 4 1 3 3 3 3 1 2 2 3 2 4 3 3 4 3 2 3 1 2 4 1 1 2 1 2 2 2 3 2 3 3 4 3 2 1 4 3 4 1 3 3 4 3 1 1 1 3 3 2 4 4 4 
4 2 1 3 1 3 2 1 2 3 3 4 3 2 1 3 1 3 2 3 2 2 1 1 1 2 2 4 4 2 4 4 2 2 4 1 2 3 4 3 3 4 2 3 4 2 1 3 2 3 4 1 4 2 2 1 2 3 3 2 1 3 1 1 1 1 2 4 4 3 3 4 4 4 4 2 1 2 1 4 2 1 2 4 4 3 4 
4 4 2 2 2 1 2 2 4 3 2 2 1 4 3 3 2 3 4 3 1 1 2 4 3 2 3 1 1 2 4 4 2 4 4 4 3 2 4 2 4 3 3 2 2 2 1 2 2 4 3 4 3 1 4 1 3 4 1 3 3 4 1 1 3 1 1 4 1 4 1 4 3 4 4 3 4 3 1 1 2 2 2 3 4 1 4 
4 4 3 4 3 3 4 3 2 1 1 1 3 3 1 4 3 1 2 3 3 2 3 3 3 4 2 4 2 1 4 3 1 1 3 3 2 2 1 1 1 3 1 2 3 3 1 3 4 1 3 4 3 3 4 2 3 3 2 1 3 4 3 2 1 4 4 4 3 2 2 2 1 2 4 3 4 2 4 4 3 4 3 3 4 2 4 
4 3 4 3 4 3 4 1 4 4 3 2 1 4 3 4 2 3 1 4 4 4 1 3 4 4 2 1 2 4 1 3 3 4 2 3 1 4 2 1 1 4 2 1 3 1 4 1 3 2 1 1 2 3 1 3 3 3 1 3 1 3 1 3 1 3 3 2 1 2 4 1 3 3 4 3 1 1 3 1 1 3 2 1 4 1 4 
4 1 3 4 1 2 2 3 4 3 1 1 4 1 1 1 4 2 1 2 2 4 3 3 2 4 3 3 4 4 2 3 3 4 2 1 3 1 4 4 2 3 1 2 2 1 4 2 1 4 3 2 3 4 2 1 4 3 2 3 4 3 1 2 3 2 1 3 2 1 2 3 2 3 3 4 4 2 3 4 1 4 2 2 3 1 4 
4 4 4 1 2 3 4 1 1 3 2 3 3 1 1 1 1 3 4 2 4 2 4 3 3 1 1 3 2 2 4 1 4 1 1 4 3 1 4 1 1 2 3 4 1 3 4 1 2 4 1 1 1 4 1 3 2 4 4 2 2 4 4 2 1 3 4 2 3 1 3 1 3 2 1 3 3 3 1 3 3 1 4 3 1 4 4 
4 2 3 3 3 2 3 1 1 1 1 2 1 1 4 3 1 1 1 2 1 2 1 3 1 1 3 3 2 3 1 2 1 3 4 2 3 3 1 4 1 2 1 3 2 1 4 1 2 1 1 4 1 4 4 2 3 1 1 1 2 1 2 2 1 3 1 4 1 1 2 1 4 3 1 2 3 3 3 3 1 3 1 3 4 1 4 
4 4 1 1 2 4 2 4 4 1 3 4 1 1 4 2 4 1 1 2 3 1 3 2 3 2 3 3 3 4 2 1 1 3 4 3 2 4 4 3 2 2 2 2 1 2 1 1 4 1 1 2 3 1 1 1 3 3 2 4 4 4 4 3 2 4 2 3 1 2 3 4 2 2 2 3 3 3 4 4 1 2 3 2 1 1 4 
4 2 2 3 1 2 4 2 2 2 3 1 3 3 1 2 2 1 3 1 2 3 2 1 1 3 1 3 3 1 1 1 2 1 2 2 3 3 1 3 2 4 3 2 4 4 3 3 4 4 2 3 1 1 2 2 4 2 1 3 2 2 4 3 2 4 4 2 1 3 3 1 2 2 2 2 3 2 4 4 2 2 1 1 3 2 4 
4 3 4 2 4 4 4 3 4 3 3 3 2 4 2 4 2 3 3 2 1 2 3 3 4 1 3 3 1 1 3 2 4 4 1 2 2 1 4 3 3 2 3 1 4 1 2 2 4 2 1 1 3 2 4 1 2 4 4 1 4 4 3 4 2 1 4 1 2 4 1 2 3 4 4 1 3 3 4 1 3 3 1 1 4 4 4 
4 3 4 2 1 1 1 4 3 4 4 1 2 3 4 1 2 4 1 2 1 2 1 1 1 2 1 4 4 2 3 3 3 2 4 1 1 3 1 2 4 2 4 1 1 4 3 2 3 1 1 4 1 4 4 1 1 3 3 3 2 4 2 4 2 1 2 2 3 1 4 4 2 1 4 1 3 2 2 2 1 2 1 3 2 1 4 
4 4 1 3 4 3 1 1 2 2 4 4 3 3 1 4 1 1 1 3 3 1 3 3 3 3 4 1 2 1 3 4 4 2 1 3 1 4 4 1 2 3 1 1 3 1 1 3 2 4 4 3 1 3 1 2 1 3 2 1 4 1 2 1 4 3 1 2 1 4 4 1 1 1 1 3 4 3 3 1 2 3 1 4 2 2 4 
4 1 2 3 4 1 4 3 3 4 4 3 3 1 1 1 1 4 2 1 4 4 3 2 2 1 1 2 1 3 1 3 3 2 3 2 2 1 2 2 2 4 3 3 4 4 1 2 4 2 2 1 2 3 4 1 3 2 1 3 4 1 2 3 2 1 1 3 4 4 1 1 1 1 1 2 3 2 2 4 1 2 3 1 1 3 4 
4 2 2 1 3 4 4 3 1 1 3 4 2 4 2 1 1 4 4 2 3 3 4 3 2 4 1 4 4 1 2 2 3 4 2 1 1 4 1 3 4 2 1 1 2 4 3 4 2 3 4 3 4 1 3 3 3 3 4 3 1 4 1 1 3 2 2 4 3 1 1 3 2 4 4 3 1 2 3 2 1 3 2 1 3 3 4 
4 3 1 3 2 4 3 1 1 4 4 1 2 3 4 4 1 1 3 4 1 2 3 3 1 2 2 3 2 4 1 3 1 4 1 3 3 3 2 2 3 3 2 4 2 2 2 3 1 3 2 3 2 1 3 3 1 1 2 2 3 3 1 3 1 3 3 4 4 1 2 2 3 2 2 3 3 3 2 3 4 3 4 3 3 3 4 
4 2 3 4 1 4 2 1 1 1 2 3 2 3 1 2 1 2 3 4 3 3 1 2 3 3 4 4 4 1 3 3 1 4 4 1 2 2 2 1 2 3 1 3 1 3 3 4 1 4 2 1 2 2 3 1 2 1 2 1 3 3 1 3 2 1 3 4 4 4 3 1 4 4 4 2 3 2 2 2 2 4 2 2 1 4 4 
4 1 4 1 4 4 3 4 1 3 3 4 1 1 4 2 3 1 4 3 3 1 3 3 4 3 4 4 3 4 1 1 1 4 1 2 1 2 4 2 2 1 1 4 1 1 1 3 4 1 2 1 1 1 2 2 2 4 4 1 1 3 4 4 1 4 1 3 4 1 2 1 4 3 3 1 4 4 1 2 4 4 1 3 1 2 4 
4 1 2 3 3 3 3 1 4 2 3 1 4 1 2 1 2 4 1 4 2 1 2 4 3 1 2 2 2 2 1 3 1 3 2 4 1 3 3 2 2 3 2 2 2 1 1 4 4 3 1 1 2 3 2 1 4 4 3 3 1 1 3 1 4 2 3 1 2 1 2 4 4 3 1 1 3 1 1 3 4 2 3 3 1 1 4 
4 1 4 2 2 2 2 4 1 2 4 1 4 3 2 2 4 4 4 2 4 2 2 3 2 4 2 2 3 3 3 1 1 4 1 2 1 3 3 1 3 4 4 4 2 4 2 4 3 1 3 3 1 3 1 3 3 3 3 3 4 1 2 4 3 4 2 1 1 2 1 1 1 4 2 1 1 2 2 1 3 1 1 2 2 4 4 
4 1 2 3 4 3 3 3 4 4 2 1 3 4 1 1 3 4 2 2 1 1 2 1 4 3 3 2 1 3 4 3 2 1 3 4 1 4 1 1 4 2 1 2 4 2 2 2 3 3 1 3 2 4 4 2 1 1 1 4 1 3 4 4 2 1 3 4 3 3 4 1 4 2 4 1 4 4 4 4 1 2 3 1 3 3 4 
4 1 4 1 4 4 4 1 3 4 3 4 1 2 1 1 1 4 2 3 4 2 4 1 4 3 2 1 1 1 4 3 3 2 2 3 2 4 4 2 4 4 2 1 4 3 2 1 2 1 4 2 4 2 1 2 3 4 4 3 2 1 4 4 2 2 4 2 4 3 1 3 2 2 1 2 3 2 1 2 2 1 3 3 3 1 4 
4 4 1 4 4 1 1 4 4 2 1 2 2 2 3 1 2 3 2 4 4 2 3 1 4 1 4 4 1 2 3 4 1 1 2 2 3 4 2 1 1 2 2 1 3 4 1 2 3 2 1 1 1 1 3 2 3 4 3 4 4 2 3 2 4 4 3 4 4 2 4 3 1 1 1 3 3 3 2 3 2 3 2 2 2 3 4 
4 4 2 1 3 4 1 3 4 2 2 4 3 4 2 3 4 3 2 3 4 2 4 1 3 3 1 2 4 2 1 2 2 2 3 1 1 3 4 2 1 1 3 3 1 3 4 1 1 2 1 3 1 2 3 1 2 3 2 2 3 4 4 4 2 1 4 2 4 2 3 4 3 2 4 4 4 2 1 4 1 4 3 2 1 4 4 
4 4 3 2 4 2 3 2 3 1 1 2 1 3 4 3 4 3 2 1 4 2 2 2 3 3 2 3 2 4 3 2 1 2 1 2 2 2 1 4 3 3 2 3 2 1 2 4 4 1 3 2 3 2 3 1 1 2 2 2 4 3 2 2 2 3 3 4 4 2 1 3 2 3 3 1 3 2 3 4 4 4 3 2 1 4 4 
4 4 2 4 1 1 3 1 2 2 2 2 2 1 3 2 2 4 2 2 2 4 2 1 4 1 1 4 2 2 2 3 3 2 4 4 4 1 3 3 2 4 3 3 4 3 4 4 2 3 2 3 1 2 1 3 2 4 4 2 2 1 4 2 2 2 1 2 3 4 1 2 1 3 1 1 4 2 1 1 3 3 2 4 2 2 4 
4 3 2 4 3 1 3 2 3 4 2 4 4 3 3 2 3 1 3 3 3 1 2 1 4 1 4 2 4 3 1 1 2 1 1 2 4 2 3 4 2 1 2 1 1 4 1 4 4 1 2 4 2 1 1 1 3 2 4 4 4 2 2 2 3 1 3 4 3 2 4 1 4 1 3 4 2 4 1 3 1 1 4 1 1 3 4 
4 1 3 1 1 1 2 4 4 3 3 1 2 3 2 1 2 2 4 2 3 2 1 1 1 3 4 4 1 3 1 3 3 2 2 3 3 4 2 1 1 1 4 1 3 4 1 3 4 1 1 2 4 2 1 2 4 2 4 3 1 2 2 3 4 4 1 2 2 2 4 3 3 3 1 3 3 3 1 1 4 3 1 1 2 1 4 
4 2 4 2 3 3 4 3 4 2 3 4 1 2 4 1 2 4 2 2 1 4 4 3 4 2 3 1 1 2 4 2 1 3 2 2 1 3 2 3 3 1 4 1 3 2 3 2 1 1 1 2 1 2 1 2 4 4 4 2 4 2 4 1 4 3 2 2 2 1 3 3 2 2 4 3 1 4 3 4 2 1 1 1 2 2 4 
4 2 4 4 4 4 3 2 3 4 2 3 4 2 1 2 1 4 2 1 4 1 3 2 1 1 2 1 3 1 3 4 1 2 1 3 1 4 2 1 3 2 2 1 3 1 4 3 3 4 2 3 3 1 4 4 2 1 1 3 1 1 2 4 4 1 1 4 4 1 4 4 1 1 4 4 2 3 1 2 2 3 3 2 4 2 4 
4 3 3 4 2 3 3 1 4 1 3 4 1 1 1 1 1 1 3 3 2 3 2 3 3 4 4 2 1 3 1 3 3 1 2 1 3 1 2 4 4 3 4 1 4 3 1 4 4 3 2 1 1 2 4 1 4 3 4 3 4 1 4 3 1 3 3 3 2 1 4 1 2 4 2 3 1 3 1 4 2 1 2 1 4 2 4 
4 3 4 4 1 4 1 1 1 2 2 2 1 3 3 4 3 2 1 4 2 2 3 1 1 1 2 1 4 3 2 4 3 4 2 2 4 3 4 1 3 4 1 2 2 2 3 4 2 3 1 2 2 1 4 1 4 4 1 1 1 1 3 4 4 2 1 4 4 1 1 4 1 4 2 3 1 4 4 2 1 2 4 4 3 2 4 
4 2 4 1 3 2 2 2 3 3 1 4 1 3 3 3 3 4 1 4 4 1 2 2 1 4 4 4 4 1 4 3 1 1 4 4 4 4 1 2 4 4 3 3 4 1 2 2 3 2 1 3 3 4 1 1 2 3 3 1 4 3 3 2 4 4 4 4 1 4 1 4 3 1 4 2 1 2 4 4 2 3 3 3 1 3 4 
4 2 1 3 4 2 1 3 4 4 4 3 3 2 1 1 2 1 1 4 2 1 2 2 4 3 4 3 4 1 3 1 4 1 1 3 3 1 3 1 1 1 2 1 2 3 3 2 4 1 1 3 2 1 4 3 1 1 1 2 2 2 1 1 3 3 1 4 4 3 1 2 4 2 3 4 4 1 3 4 3 4 3 3 4 3 4 
4 4 3 2 2 3 3 1 3 1 3 2 2 2 2 2 3 1 3 3 3 4 2 2 3 4 2 4 1 3 1 2 1 4 4 2 4 1 3 1 2 1 3 3 4 2 1 2 3 3 2 1 3 4 2 2 2 2 1 4 1 4 2 2 1 4 3 1 1 4 1 4 2 2 4 4 2 1 1 3 2 2 4 1 4 4 4 
4 2 1 1 1 3 4 2 1 3 4 3 2 4 1 3 4 2 2 1 4 3 4 2 3 1 1 1 1 2 1 2 1 1 3 3 1 2 4 2 4 3 3 3 4 1 2 1 2 4 3 2 3 4 3 3 4 4 1 4 4 4 2 1 2 2 4 2 2 1 4 4 1 1 4 2 3 3 3 1 1 4 4 3 4 1 4 
4 2 3 3 1 2 3 3 2 2 2 2 2 2 4 2 2 4 3 2 3 1 4 2 2 4 2 1 3 3 2 4 2 3 4 3 3 2 2 1 1 4 1 2 3 3 1 2 1 4 4 2 2 2 3 3 4 2 1 4 2 3 3 2 2 3 4 2 2 2 4 1 4 2 3 3 1 4 3 1 3 3 2 1 4 1 4 
4 3 2 3 3 1 1 1 3 3 1 2 4 1 4 4 2 2 4 3 3 3 2 4 1 2 3 2 3 1 2 3 1 2 3 2 2 4 1 4 4 1 3 1 1 1 3 3 1 2 3 3 2 3 2 3 3 1 2 3 4 1 1 4 2 3 1 2 4 1 1 2 4 2 3 3 1 4 1 4 4 1 2 3 2 1 4 
4 4 1 4 3 3 4 3 3 3 3 3 2 4 1 3 2 4 3 3 2 4 4 3 4 1 4 3 2 2 4 3 4 4 2 1 1 3 1 1 4 3 4 1 1 4 2 3 1 4 4 4 1 4 4 4 3 4 1 3 4 3 2 2 4 2 2 2 3 4 2 2 2 4 2 1 1 4 2 2 1 4 2 3 1 4 4 
4 4 1 2 4 2 3 2 4 2 3 2 1 4 4 2 1 4 1 2 2 3 1 2 4 1 2 2 1 2 3 2 3 4 2 4 2 3 3 3 3 3 1 3 1 4 2 1 1 2 4 3 4 4 2 4 3 1 2 4 1 4 1 2 4 3 4 1 2 4 3 4 4 1 2 2 2 4 1 4 4 1 1 4 3 3 4 
4 1 1 3 4 3 2 1 2 1 1 4 3 1 2 4 4 3 1 2 1 1 4 3 1 3 3 3 1 2 4 2 2 3 3 2 1 1 2 3 2 4 4 2 1 4 2 1 2 2 3 4 4 4 3 4 4 3 3 4 4 2 4 3 3 4 3 2 2 4 4 3 3 1 1 4 2 4 3 3 3 3 1 1 1 2 4 
4 1 4 3 1 3 3 3 1 4 3 1 4 3 1 3 2 2 3 2 3 4 3 3 3 4 3 4 3 4 2 3 4 2 2 4 4 2 2 2 2 4 1 2 3 4 3 2 3 4 4 1 1 3 1 3 3 4 2 3 3 4 1 1 3 3 3 2 2 4 2 2 3 2 2 3 2 4 2 1 1 2 4 1 3 4 4 
4 4 4 2 1 1 3 2 3 1 3 2 1 2 4 4 3 1 4 3 2 2 3 1 3 3 2 2 4 3 2 3 1 4 3 4 3 1 2 2 2 4 3 4 3 1 4 1 3 1 3 2 2 3 4 1 4 2 2 4 2 2 3 3 1 3 4 1 2 2 4 3 4 3 4 3 2 3 2 2 2 1 2 2 1 4 4 
4 2 1 4 1 2 4 2 4 2 4 3 2 4 1 4 2 1 3 2 3 4 3 3 2 1 2 1 1 1 3 4 2 3 2 4 2 4 3 4 2 4 4 2 2 1 1 2 1 2 2 4 4 2 2 3 2 2 1 3 1 4 1 2 1 3 2 3 1 2 2 2 1 4 4 3 1 4 4 1 3 1 2 3 3 1 4 
4 4 4 2 4 1 3 1 1 4 1 2 1 1 1 4 4 3 3 4 1 1 1 3 2 3 4 4 1 1 4 3 4 2 1 1 3 2 3 2 4 3 3 3 4 1 1 1 4 4 4 2 2 1 2 4 4 4 1 3 1 1 4 3 1 2 1 2 2 4 2 3 3 4 1 1 3 2 2 4 2 2 3 3 4 2 4 
4 4 3 4 4 1 2 4 1 1 4 3 4 1 2 3 4 1 4 3 4 4 4 3 4 2 1 4 2 2 2 1 1 2 3 2 2 4 4 4 4 4 1 4 1 1 1 2 2 2 3 3 1 1 4 4 3 1 1 4 2 3 1 1 1 1 2 4 1 4 3 2 3 4 1 3 1 2 2 1 3 1 2 3 3 1 4 
4 1 4 2 2 4 4 4 3 2 3 3 3 2 4 3 3 2 1 2 2 2 3 3 3 3 1 2 2 2 3 4 1 4 3 2 3 3 1 1 3 1 2 4 3 1 2 4 2 4 1 1 3 3 1 3 4 2 1 2 2 1 2 4 3 2 4 1 3 2 1 4 4 2 1 3 2 1 4 1 1 2 2 1 1 1 4 
4 2 2 4 2 4 4 4 3 3 3 1 4 4 3 4 3 2 2 3 2 1 4 1 3 1 2 1 2 1 4 1 3 3 4 3 3 1 1 4 1 4 4 4 1 1 2 3 1 4 4 2 1 2 4 1 3 4 2 4 3 3 2 3 3 2 1 1 1 3 2 3 3 4 3 4 1 4 3 3 2 1 2 2 4 2 4 
4 3 3 1 1 3 2 1 2 4 3 3 3 3 4 4 4 1 3 1 1 4 1 2 1 2 4 4 3 2 1 4 3 1 3 4 3 1 3 2 2 1 2 2 4 4 3 4 4 1 2 4 3 2 2 4 3 1 1 2 3 1 4 2 3 4 4 4 4 2 2 3 1 1 1 3 4 3 1 4 3 2 3 1 3 4 4 
4 4 2 3 2 1 1 2 3 3 2 1 1 2 1 4 4 4 2 3 2 3 2 1 4 1 1 3 1 3 1 1 3 3 4 3 4 3 4 1 1 4 4 3 4 2 4 4 4 2 2 1 3 2 4 1 1 2 1 1 1 1 4 2 2 1 2 3 4 2 3 3 3 1 2 1 4 2 3 1 4 1 4 3 4 1 4 
4 1 3 4 4 2 3 1 1 2 4 2 3 3 4 2 1 4 4 1 2 2 3 3 3 2 1 2 2 4 3 4 1 3 1 1 1 3 2 3 2 3 3 2 4 3 2 1 3 2 1 4 2 1 2 4 4 3 4 2 2 1 4 1 1 1 4 1 4 1 2 3 1 4 4 2 1 1 3 3 1 3 1 1 3 2 4 
4 4 1 4 2 3 3 2 4 4 4 1 1 4 1 3 4 2 1 3 2 1 3 3 4 4 1 1 1 2 4 3 4 4 2 2 2 1 3 1 2 2 4 1 2 1 3 3 2 3 1 1 3 4 3 4 2 1 3 4 2 2 1 3 1 2 2 3 2 2 1 2 2 1 3 4 1 4 4 3 2 4 4 3 3 1 4 
4 3 3 3 2 4 1 4 2 3 4 2 3 3 3 2 2 1 2 3 1 3 2 3 2 4 4 2 4 3 4 3 4 4 1 3 4 1 2 3 4 2 4 1 1 2 3 2 3 3 3 3 3 2 1 4 1 2 3 2 2 2 3 4 1 1 1 2 1 4 4 4 2 3 1 1 4 3 3 2 4 4 3 2 2 4 4 
4 3 1 2 4 3 2 1 4 3 3 3 2 1 3 4 4 1 2 3 4 1 3 2 4 2 2 2 1 1 3 2 3 1 3 4 1 2 4 2 1 4 4 4 4 1 1 2 3 2 3 4 1 2 2 1 2 1 1 1 4 4 4 3 2 2 1 1 3 2 2 2 3 1 4 4 1 1 4 3 2 1 4 3 3 1 4 
4 4 2 3 4 4 2 1 2 2 4 4 4 2 4 3 1 1 1 3 3 2 2 2 3 4 2 1 3 2 3 3 4 2 3 2 4 2 4 3 3 3 4 3 4 1 3 2 3 1 4 4 1 4 4 2 1 4 3 4 4 3 1 4 4 4 2 4 1 1 4 4 1 4 1 3 4 3 1 4 2 1 2 4 3 1 4 
4 3 4 3 4 2 3 3 4 3 4 2 2 3 1 3 2 2 2 1 2 1 3 4 3 4 2 3 4 2 4 3 3 2 4 2 4 1 2 2 1 3 1 4 2 2 3 1 1 1 4 1 2 1 4 1 2 4 1 4 2 4 4 1 3 4 2 2 3 2 1 1 3 3 4 1 2 4 2 2 2 3 2 1 3 3 4 
4 1 4 1 2 2 4 3 4 1 1 4 2 2 3 4 1 2 4 3 2 3 2 2 1 4 2 3 1 3 2 3 4 4 1 3 2 2 4 2 2 4 3 1 3 3 2 1 2 3 3 1 4 3 2 3 2 1 4 3 4 4 2 4 4 3 1 1 3 3 3 2 3 2 1 1 4 1 4 1 3 1 2 2 4 2 4 
4 4 4 3 2 2 1 2 4 2 3 1 4 2 2 1 4 1 4 2 2 2 2 4 3 1 1 3 2 2 1 4 3 4 4 1 1 2 4 4 4 3 4 3 4 4 3 2 1 2 4 3 3 2 4 1 1 4 2 3 2 4 1 3 1 1 1 2 4 4 2 3 3 4 3 1 4 1 4 1 2 2 2 4 3 1 4 
4 3 1 4 3 4 2 2 3 1 3 2 4 1 2 2 1 3 2 2 2 4 4 1 2 3 1 2 3 4 1 3 4 3 2 2 3 3 3 1 4 1 4 2 1 4 2 2 4 4 1 3 4 1 4 1 1 2 2 3 4 3 3 1 2 2 4 4 1 1 3 3 4 3 2 2 3 4 2 2 3 3 4 3 4 1 4 
4 1 2 2 1 4 4 4 2 4 1 4 2 2 3 2 1 2 1 2 3 3 3 2 4 2 3 1 1 1 4 1 1 1 2 3 3 2 1 2 2 4 3 3 3 2 2 3 2 4 2 3 2 3 2 4 2 2 2 3 4 2 1 1 4 2 1 1 4 2 4 2 2 1 1 2 2 4 3 3 2 1 1 3 2 3 4 
4 1 1 4 3 1 1 1 4 1 3 2 1 3 4 1 2 1 4 3 4 1 4 1 1 3 3 3 1 3 3 4 1 4 2 4 3 4 3 3 4 2 1 2 1 1 4 1 4 3 3 4 3 3 2 2 4 1 4 4 4 4 1 3 2 3 3 4 3 3 2 3 3 2 2 1 4 3 1 4 4 2 4 1 2 2 4 
4 1 1 1 1 3 4 3 4 3 4 3 3 2 2 4 3 2 2 1 4 1 3 2 1 4 4 2 3 1 4 2 2 4 4 2 3 3 1 1 2 4 1 4 4 2 3 4 1 1 2 2 3 4 4 2 4 2 3 2 3 3 3 1 3 1 2 2 1 3 1 1 3 3 4 1 4 2 1 4 2 1 4 1 2 1 4 
4 2 2 3 4 1 1 1 1 2 4 4 1 2 2 3 2 2 4 2 3 4 2 2 3 2 1 3 2 1 4 4 4 3 1 4 2 1 2 3 4 2 4 4 1 1 3 4 2 4 2 3 1 1 1 2 4 2 2 2 4 4 4 1 1 4 4 3 2 2 2 3 4 1 4 2 2 4 1 1 2 4 1 4 3 2 4 
4 4 3 2 3 3 3 2 4 1 1 1 2 1 2 3 1 4 1 1 2 3 4 3 3 4 4 4 3 1 4 1 4 2 4 3 1 2 3 3 1 4 4 1 1 2 2 3 1 3 1 4 1 2 3 4 2 3 3 4 1 3 4 4 4 2 4 2 4 4 4 4 1 3 3 4 1 3 2 3 3 3 1 4 1 2 4 
4 3 3 4 3 2 3 2 4 3 3 3 2 3 4 4 4 4 3 2 1 1 4 4 1 4 3 3 3 1 4 4 4 2 4 4 2 3 1 3 3 4 4 4 4 1 4 3 1 3 4 4 4 1 1 2 1 4 1 1 4 2 1 1 2 1 1 2 4 3 3 2 3 1 1 2 2 4 4 1 2 4 4 2 1 3 4 
4 4 1 3 2 4 1 3 2 3 3 4 2 4 3 1 2 2 3 4 2 4 2 1 2 1 3 2 2 3 1 2 2 3 2 1 1 1 2 2 2 2 2 2 1 4 2 1 1 4 3 2 2 1 2 1 2 2 1 3 2 2 4 2 1 4 3 1 4 4 3 2 2 2 4 2 2 3 2 1 3 2 2 3 2 3 4 
4 2 1 4 2 2 4 3 2 3 1 1 3 3 2 3 4 3 4 2 4 2 2 1 3 1 4 2 2 4 1 3 2 2 2 2 4 1 2 3 4 1 2 3 4 2 1 1 1 4 4 4 2 3 4 3 3 1 1 1 1 2 1 4 4 3 1 1 2 1 1 4 4 3 2 1 1 4 4 4 1 2 3 2 1 4 4 
4 2 3 4 4 2 1 3 2 3 4 1 3 3 1 4 3 1 1 1 4 1 1 4 4 3 3 1 4 3 4 3 1 4 3 3 3 1 4 1 3 2 3 2 2 2 1 1 4 2 2 3 3 1 1 4 3 4 2 1 4 4 3 2 1 4 2 4 3 3 1 3 1 4 3 4 4 3 4 1 3 3 1 1 1 1 4 
4 2 2 2 1 1 4 3 2 3 2 4 2 3 3 4 1 4 1 3 1 4 1 1 4 3 4 4 3 2 1 3 4 2 4 3 2 4 4 2 4 4 4 3 3 1 3 1 4 1 2 4 3 3 2 2 1 3 2 4 1 3 2 1 2 2 3 1 3 1 1 2 1 3 2 4 2 2 4 2 3 2 1 4 4 1 4 
4 3 4 2 1 1 3 1 1 4 3 1 3 2 3 1 2 3 2 3 3 1 2 1 4 4 3 2 2 2 4 3 1 3 2 4 2 2 1 1 4 2 3 3 3 4 2 3 4 4 3 4 4 2 2 1 2 1 4 4 1 3 3 1 4 3 4 2 2 2 4 4 4 1 1 3 1 4 2 2 2 2 1 1 2 3 4 
4 1 4 4 4 3 4 3 3 3 1 4 3 3 3 3 2 3 2 1 2 2 1 3 3 2 1 4 2 1 3 1 1 3 2 3 1 4 2 4 1 2 1 4 1 2 4 4 1 2 2 2 3 3 4 3 1 4 1 1 4 3 1 1 1 4 4 2 4 2 4 2 1 3 3 4 1 3 2 1 2 4 2 3 1 2 4 
4 1 1 2 4 1 2 2 2 2 1 1 3 1 2 3 4 3 1 1 4 2 1 2 4 3 1 4 4 3 4 4 4 4 2 4 3 2 2 4 1 2 1 4 1 3 4 4 4 4 3 3 2 3 2 1 2 3 3 3 1 4 1 2 3 4 2 1 2 1 2 1 1 3 2 1 4 3 3 1 1 4 4 1 3 1 4 
4 3 4 1 2 2 4 3 4 1 2 4 1 2 1 4 4 2 3 2 1 4 2 1 1 4 2 4 1 1 1 3 2 4 4 1 4 2 1 3 1 1 4 3 2 1 2 1 1 1 1 1 4 4 4 3 2 1 1 4 1 4 2 3 4 2 1 1 4 4 1 3 2 4 4 4 4 3 4 3 4 4 3 4 4 4 4 
4 2 2 2 3 3 2 2 3 2 2 2 3 3 3 1 4 3 4 4 4 3 2 2 3 2 2 4 2 1 3 3 2 3 3 1 2 3 1 3 2 4 1 1 4 2 2 4 3 4 1 3 3 4 2 3 1 4 3 3 3 4 4 1 4 4 2 4 4 1 4 3 4 4 1 4 3 4 3 2 4 2 3 1 2 1 4 
4 3 1 2 3 4 2 1 3 4 4 3 3 2 4 4 1 3 4 3 1 4 4 4 4 3 3 4 1 1 2 3 3 3 4 1 3 3 3 4 1 3 1 1 2 1 4 1 4 3 4 3 2 1 4 4 4 1 1 2 1 1 3 1 1 2 1 2 1 1 4 4 2 1 2 1 1 1 3 3 3 4 4 2 4 3 4 
4 2 1 2 4 1 3 2 2 2 1 2 1 2 1 2 2 1 3 3 2 3 4 2 1 2 2 4 1 4 3 1 1 2 1 3 4 4 1 2 4 1 1 3 4 3 3 2 3 1 1 3 2 4 2 2 4 4 4 2 4 3 2 1 1 3 1 1 4 4 1 1 4 3 4 3 1 1 4 4 4 3 1 3 2 1 4 
4 2 3 1 2 4 4 4 4 3 2 1 4 2 4 1 4 2 4 3 3 4 2 1 1 1 3 1 1 2 3 2 4 1 2 2 3 4 1 4 4 4 3 2 3 4 1 4 3 1 1 2 1 3 2 2 1 3 3 3 2 4 3 4 4 3 4 2 2 3 1 1 2 3 2 1 2 3 4 2 1 1 1 1 1 4 4 
4 1 3 3 3 2 2 1 1 4 4 2 2 4 1 2 3 2 3 1 4 2 3 1 2 3 2 3 3 3 3 1 1 3 1 2 1 1 3 1 3 1 4 3 4 1 4 1 3 4 1 4 4 3 2 3 4 2 3 3 2 2 4 2 3 4 3 4 3 4 4 2 4 2 3 1 1 2 1 1 2 2 2 1 3 1 4 
4 2 2 1 2 4 4 1 1 3 1 3 1 2 4 3 3 3 4 1 1 4 3 4 1 1 2 1 4 4 3 4 1 4 2 3 1 4 2 1 2 2 1 2 4 2 2 3 4 2 4 3 2 1 2 1 1 4 1 3 3 4 1 4 2 2 2 1 3 1 1 3 2 2 1 1 2 2 3 3 4 4 2 1 3 1 4 
4 4 4 4 4 4 4 4 4 4 4 4 4 4 4 4 4 4 4 4 4 4 4 4 4 4 4 4 4 4 4 4 4 4 4 4 4 4 4 4 4 4 4 4 4 4 4 4 4 4 4 4 4 4 4 4 4 4 4 4 4 4 4 4 4 4 4 4 4 4 4 4 4 4 4 4 4 4 4 4 4 4 4 4 4 4 4 

