85
1000
1000

[Node]
0  0  0   0  0
86 0  0   0  0

[pickup]
1       505112367      8           10
2       505162674      14          20
3       504900247      16          8
4       503617238      19          9
5       503074303      19          7
6       504895215      21          12
7       504844669      28          11
8       502791054      43          11
9       505235624      48          12
10      504697856      48          18
11      505154688      49          16
12      505123006      53          16
13      502802137      55          11
14      502793194      56          15
15      504633794      58          5
16      502791163      61          6
17      503207090      62          16
18      504896908      62          12
19      502792437      65          13
20      503219384      67          20
21      505049443      68          20
22      505115866      68          19
23      502804545      71          17
24      502791700      74          19
25      504449422      77          11
26      505191730      80          14
27      502789069      85          19
28      505190963      92          7
29      502873629      100         19
30      505179308      100         7
31      504999730      101         12
32      502789230      101         15
33      504787660      128         7
34      502786834      129         8
35      504467511      129         15
36      505229205      135         15
37      505121657      137         9
38      504406686      140         12
39      504865782      144         15
40      502958598      145         13
41      505170924      149         19
42      503151774      152         11
43      502790450      157         16
44      502794247      157         6
45      504950887      159         9
46      505137588      164         10
47      504804143      167         13
48      503257871      170         6
49      504940723      174         9
50      502798247      177         18
51      505088719      195         11
52      502795290      196         20
53      502787519      197         17
54      503900481      202         6
55      502790955      212         15
56      505160758      225         9
57      504928743      229         6
58      504941658      241         15
59      502790595      248         5
60      504940829      265         20
61      502786480      270         11
62      502786917      271         5
63      505150247      301         20
64      504139409      316         17
65      503900603      320         11
66      504461228      330         13
67      505235087      343         20
68      504750395      352         20
69      504489902      371         8
70      502786483      391         16
71      504338451      399         10
72      504938844      405         17
73      505080279      491         8
74      505121631      497         13
75      505242941      546         10
76      505122342      620         14
77      504938851      625         6
78      504783205      654         19
79      504870492      759         15
80      504139405      824         13
81      503525248      935         8
82      502786974      1000        19
83      502790625      1000        8
84      502792352      1000        12
85      502794458      1000        15

[Speed 0]
0.81
30.0   60.0 0.0 0.6
90.0   150 0.0 0.4
300.0  540.0 0.0 0.81
570.0 630.0 0.0 0.6
660.0 720.0 0.0 0.4
750.0 840.0 0.0 0.81

[Speed 1]
1.33
30.0   60.0 0.0 0.8
90.0   150 0.0 0.6
300.0  540.0 0.0 1.33
570.0 630.0 0.0 0.8
660.0 720.0 0.0 1.3
750.0 840.0 0.0 2

[Speed 2]
1.33
30.0   60.0 0.0 1.0
90.0   150 0.0 0.8
300.0  540.0 0.0 1.33
570.0 630.0 0.0 0.8
660.0 720.0 0.0 0.6
750.0 840.0 0.0 1.5

[Speed 3]
1.5
30.0   60.0 0.0 0.9
90.0   150 0.0 0.8
300.0  540.0 0.0 1.5
570.0 630.0 0.0 0.9
660.0 720.0 0.0 0.8
750.0 840.0 0.0 1.5

[Speed 4]
2
30.0   60.0 0.0 1.1
90.0   150 0.0 0.9
300.0  540.0 0.0 2
570.0 630.0 0.0 1.1
660.0 720.0 0.0 0.9
750.0 840.0 0.0 2

[speed choose matrix]
4 4 4 4 4 4 4 4 4 4 4 4 4 4 4 4 4 4 4 4 4 4 4 4 4 4 4 4 4 4 4 4 4 4 4 4 4 4 4 4 4 4 4 4 4 4 4 4 4 4 4 4 4 4 4 4 4 4 4 4 4 4 4 4 4 4 4 4 4 4 4 4 4 4 4 4 4 4 4 4 4 4 4 4 4 4 4 
4 2 2 4 1 1 3 1 3 1 2 1 1 3 4 1 4 1 3 4 1 2 4 1 4 3 4 1 3 2 2 1 1 3 3 1 3 2 1 1 2 3 4 1 1 1 1 3 3 1 3 3 2 2 2 2 1 1 3 3 4 1 2 1 2 4 4 2 2 2 4 4 4 4 2 3 3 1 3 3 4 3 1 2 1 1 4 
4 3 1 2 1 3 3 1 1 2 1 2 2 4 4 1 4 4 4 1 2 2 1 2 1 2 1 1 2 2 2 3 2 3 3 1 2 3 3 3 2 1 1 3 2 2 1 2 4 2 4 3 3 1 2 3 1 4 4 1 4 1 4 4 3 2 3 4 2 1 1 4 4 1 3 2 1 4 3 3 4 4 2 1 2 3 4 
4 2 2 2 3 1 2 4 3 4 2 3 2 1 1 2 2 3 3 1 2 3 3 1 3 2 4 4 4 2 4 4 3 2 1 3 4 4 1 1 1 2 4 3 1 4 1 4 1 1 1 2 4 2 4 4 1 2 4 1 4 2 3 4 3 4 1 3 1 3 1 3 2 3 3 1 1 4 2 4 3 1 2 2 2 3 4 
4 3 2 3 3 2 3 3 4 2 1 4 1 3 3 4 2 2 4 4 4 3 2 3 1 4 1 1 2 1 2 4 4 2 3 2 1 2 3 2 4 4 2 3 2 2 3 4 3 3 4 4 1 2 4 3 2 3 4 2 2 2 1 1 3 4 4 4 4 2 2 4 3 4 3 1 4 1 1 1 3 2 2 3 1 1 4 
4 3 4 2 3 3 2 4 3 1 2 3 4 3 4 1 2 1 3 1 1 3 2 4 4 4 4 2 1 4 4 4 4 2 2 2 3 4 1 1 1 1 1 3 4 2 3 2 2 2 3 3 2 4 1 4 3 2 2 2 3 1 1 3 3 4 2 1 2 1 2 2 4 2 2 1 2 3 2 4 3 4 3 4 2 1 4 
4 2 4 2 3 4 2 2 4 2 4 1 3 4 1 1 2 3 3 1 2 4 4 1 4 2 4 4 4 3 1 2 2 1 2 2 2 4 3 4 3 1 4 2 3 4 2 2 3 1 1 2 1 4 1 2 2 3 4 4 3 4 3 2 2 2 4 1 4 2 2 2 3 2 1 3 1 3 2 2 1 4 1 2 3 2 4 
4 1 2 2 1 2 4 3 4 3 4 3 2 2 4 3 4 4 4 1 3 3 1 2 2 1 4 4 1 2 4 3 2 1 1 3 1 4 3 3 1 2 4 1 1 2 4 2 3 1 4 1 1 1 3 3 2 1 1 3 2 2 3 2 4 1 2 4 3 4 1 3 3 4 2 2 2 2 3 3 4 3 1 3 4 2 4 
4 2 2 3 4 1 2 2 1 4 1 1 3 3 3 2 2 3 1 1 3 4 4 2 3 3 1 4 4 4 3 4 1 1 2 1 4 1 4 2 2 1 1 3 2 2 2 1 1 1 4 2 2 1 3 4 1 1 1 1 2 1 1 3 4 2 1 4 2 1 3 2 3 4 2 4 1 3 2 2 2 2 1 3 1 1 4 
4 2 4 2 2 1 3 2 3 3 1 2 4 4 3 2 3 1 3 3 3 2 3 2 1 2 1 2 4 1 1 4 4 3 2 4 2 3 3 3 3 2 3 3 2 3 3 2 4 3 1 1 2 1 2 4 2 2 3 4 3 1 3 3 4 3 3 2 2 3 4 2 1 4 3 4 2 1 1 4 1 4 3 4 1 4 4 
4 4 4 4 1 1 2 4 4 3 2 3 4 1 4 3 2 1 4 1 3 4 2 2 2 2 3 1 2 1 1 3 4 4 4 4 2 2 2 4 1 2 4 1 2 2 1 2 1 3 2 1 1 2 1 1 2 2 2 4 1 3 2 4 4 3 4 1 1 4 3 4 2 1 1 1 1 2 4 3 3 4 1 4 4 4 4 
4 4 4 3 1 3 3 2 4 1 4 3 1 4 1 2 4 2 3 1 3 1 1 2 2 2 2 3 4 4 1 3 3 1 3 2 1 1 4 3 3 3 4 4 2 1 4 3 4 3 4 1 2 2 3 4 4 4 4 2 1 1 1 1 2 3 1 3 2 1 2 4 2 2 4 3 2 4 1 3 4 1 3 4 4 3 4 
4 2 3 1 4 1 3 1 3 4 3 4 1 4 1 4 4 3 4 2 3 3 4 1 2 1 1 2 4 4 3 1 2 3 1 4 4 2 2 2 3 1 1 1 3 1 1 3 2 2 2 2 2 2 1 2 3 1 2 3 4 4 3 2 2 2 2 3 2 1 2 4 2 1 1 2 3 3 4 2 2 2 3 2 4 4 4 
4 2 4 2 1 1 4 4 4 3 1 1 1 2 3 4 1 4 4 3 2 1 3 1 4 3 4 3 1 3 1 2 1 4 2 1 3 1 1 2 2 4 3 4 3 3 3 2 4 1 4 2 4 4 1 2 2 4 2 2 4 4 2 4 3 4 4 3 3 2 2 4 4 4 3 4 3 2 1 2 1 2 2 2 2 4 4 
4 4 4 2 2 1 2 3 4 4 4 2 2 3 3 3 4 2 2 2 2 4 1 3 1 2 3 4 2 3 2 2 1 2 2 1 3 2 3 2 2 1 2 4 2 1 3 3 1 1 2 4 2 1 1 3 1 1 3 3 2 1 4 3 3 2 3 2 4 4 1 3 1 4 2 2 3 1 4 1 1 2 2 1 1 4 4 
4 4 1 2 1 2 2 2 2 3 3 1 2 2 1 2 3 2 1 4 3 1 2 4 1 1 3 4 3 4 4 2 3 1 2 4 1 3 2 2 1 1 4 1 4 3 3 1 4 2 1 1 1 3 1 2 2 3 1 1 2 1 3 2 3 2 1 4 1 4 1 2 4 2 3 3 4 2 1 3 3 2 3 3 3 1 4 
4 3 3 1 3 2 3 3 4 3 3 2 1 2 4 4 3 4 3 4 4 2 4 1 1 2 2 1 1 1 3 2 4 4 2 3 1 3 3 1 2 4 2 3 2 3 1 1 4 3 2 1 2 4 2 1 3 2 4 4 2 4 2 3 3 2 3 4 2 3 1 1 4 2 4 1 4 2 1 3 2 1 3 2 1 4 4 
4 2 3 4 2 1 3 4 2 1 2 4 1 1 4 4 1 3 3 4 2 3 1 1 2 3 1 4 3 4 1 4 4 4 4 1 2 3 1 4 4 3 2 1 1 3 4 4 3 4 2 1 2 2 3 3 2 1 1 4 2 3 4 4 3 4 2 3 1 1 4 2 3 1 3 4 1 3 3 2 2 2 4 3 1 3 4 
4 2 3 4 3 1 1 1 3 1 4 2 1 3 2 2 4 3 3 4 2 3 1 2 2 2 3 1 1 4 2 3 2 3 2 2 4 1 3 3 2 3 3 1 2 4 2 2 4 3 3 3 3 1 1 3 3 4 1 4 1 3 4 4 2 4 2 2 3 1 2 2 1 2 4 1 2 1 4 1 3 4 2 4 1 2 4 
4 2 4 3 4 3 2 3 2 2 4 3 2 4 4 2 1 2 4 1 4 2 2 3 3 3 1 1 3 1 1 2 3 2 4 3 2 1 1 1 4 3 4 3 2 4 2 1 1 1 2 3 1 4 4 3 1 1 4 1 3 4 4 1 2 4 3 2 1 1 2 2 3 3 3 3 2 1 4 2 2 4 1 1 3 1 4 
4 3 1 4 2 4 3 3 2 3 1 2 3 2 4 4 1 3 3 4 2 1 3 4 1 2 1 3 3 1 3 4 1 3 2 4 2 2 1 3 3 4 3 4 3 4 1 3 2 4 1 4 3 2 3 3 1 1 3 1 4 2 3 4 2 2 1 4 1 2 1 3 1 4 3 2 2 2 3 1 2 1 3 2 2 1 4 
4 3 3 3 2 4 2 2 1 1 3 1 4 3 2 1 2 1 1 2 1 3 1 1 4 4 2 3 3 4 4 4 2 1 3 1 3 3 3 3 1 1 1 3 2 1 3 1 1 4 4 3 4 2 1 3 4 1 4 3 3 2 3 3 4 1 3 2 4 2 1 1 2 4 3 1 1 4 1 2 4 3 1 1 2 2 4 
4 1 2 2 3 4 3 1 1 4 2 1 4 1 1 1 3 3 2 1 2 4 1 1 1 4 4 1 4 2 1 3 2 1 3 1 4 2 2 4 4 1 2 4 4 1 2 3 3 4 2 3 3 1 3 2 4 4 1 4 1 1 2 4 4 3 2 4 3 1 4 3 2 4 4 3 4 3 2 3 4 4 2 1 4 2 4 
4 1 3 1 4 1 2 4 4 1 2 4 4 4 1 3 4 4 4 1 4 4 4 4 1 4 2 3 2 3 2 1 3 4 4 1 3 1 2 1 4 3 3 4 1 3 1 1 1 2 4 1 1 3 1 1 1 1 3 2 1 3 2 4 2 4 1 3 2 2 4 1 2 1 2 3 4 4 3 4 4 3 4 1 3 1 4 
4 4 3 2 4 3 4 1 2 1 2 2 1 3 3 4 3 1 4 3 1 4 1 3 2 2 2 3 2 2 3 1 4 4 2 3 4 3 3 4 2 4 3 2 2 4 3 2 3 2 3 1 1 4 4 2 2 1 1 3 3 1 4 3 1 1 4 1 4 2 1 3 2 4 2 1 1 2 2 3 3 3 1 4 4 2 4 
4 2 4 1 2 1 2 4 4 3 1 2 2 4 3 1 1 4 1 2 4 3 1 3 2 3 1 4 4 2 3 3 2 3 4 4 1 2 3 2 1 4 4 4 1 1 4 4 3 4 2 2 3 2 3 3 4 3 3 3 3 3 2 3 3 4 2 2 4 3 3 1 3 4 1 4 4 1 4 2 3 1 2 2 2 2 4 
4 1 1 3 2 3 1 1 3 4 2 1 1 1 3 2 3 2 3 1 4 1 1 4 3 3 1 3 3 4 3 4 2 1 2 2 1 1 2 4 4 4 1 3 2 1 3 1 4 1 1 3 1 2 1 2 1 3 2 2 1 4 3 2 3 2 1 4 2 2 2 3 3 2 4 3 1 1 2 2 4 2 3 3 4 4 4 
4 4 1 1 2 3 1 3 4 1 3 2 2 3 3 4 3 2 1 2 3 1 2 3 3 1 1 1 1 2 3 3 3 3 2 2 1 1 2 4 3 4 4 3 4 4 3 4 2 1 2 2 1 3 4 1 4 1 2 3 4 3 4 2 3 1 4 3 2 4 4 4 3 4 4 4 3 2 1 3 1 1 2 4 4 4 4 
4 3 2 3 1 1 1 3 2 4 1 4 3 2 4 4 2 4 2 3 4 1 1 4 4 4 4 4 1 1 1 1 4 4 2 3 2 2 3 1 3 2 4 4 3 2 4 2 2 1 3 1 4 3 2 4 1 1 2 3 1 4 2 4 3 4 1 2 3 2 4 3 3 4 3 4 4 3 1 2 1 2 4 4 4 4 4 
4 4 1 2 4 3 3 2 3 3 1 2 2 1 2 2 4 3 1 4 4 2 2 2 3 4 1 1 3 3 4 4 4 3 2 2 3 4 1 4 1 4 1 1 3 1 2 2 4 2 2 2 4 2 1 2 4 3 4 4 2 4 2 2 1 3 4 2 2 4 3 2 2 2 3 2 4 3 1 1 2 4 2 1 3 3 4 
4 3 2 4 2 4 4 4 3 1 2 1 4 1 2 1 2 4 1 3 3 4 4 1 2 4 2 2 1 2 3 1 2 3 1 1 4 4 3 4 2 3 2 4 2 2 4 1 2 2 3 1 1 4 2 3 1 3 2 4 3 3 4 1 1 1 4 4 3 3 3 1 4 4 3 4 2 2 2 3 4 2 4 2 2 4 4 
4 1 4 1 1 1 4 4 3 2 2 2 2 4 4 3 2 3 4 1 2 2 2 2 1 4 3 2 2 1 2 3 3 4 4 4 4 2 3 4 2 1 3 3 4 2 4 3 4 3 3 1 3 2 2 1 3 4 3 3 2 4 2 2 3 1 4 1 2 4 2 2 4 4 2 3 2 1 4 4 2 3 4 4 2 1 4 
4 1 2 2 2 2 3 1 4 2 3 1 4 1 2 4 3 4 3 3 2 4 2 2 3 1 1 4 2 4 3 4 1 2 2 1 4 1 3 4 1 1 1 1 2 1 1 3 4 3 4 3 4 4 1 1 4 1 4 1 1 2 3 3 3 3 1 4 3 3 1 4 1 4 4 2 3 4 2 4 1 4 4 3 4 2 4 
4 3 2 2 3 1 2 3 4 1 3 4 2 3 4 2 1 3 3 1 3 3 2 1 2 1 4 3 4 1 3 4 4 1 2 2 3 1 3 4 4 1 3 2 1 3 1 4 3 2 3 1 1 2 1 2 3 1 3 1 1 2 4 2 4 4 2 1 4 1 1 2 3 3 3 3 4 1 1 1 3 3 3 1 2 3 4 
4 2 4 3 2 1 4 2 2 4 1 2 4 3 1 1 1 4 3 2 4 2 2 1 3 3 4 2 3 1 3 3 4 2 4 3 1 4 2 4 4 1 1 1 1 4 2 3 2 4 2 3 1 1 4 1 1 4 1 1 4 4 1 1 3 2 2 3 3 1 3 2 1 1 1 2 2 4 4 1 1 3 3 1 3 3 4 
4 1 4 1 2 3 2 4 4 4 1 1 4 4 1 1 4 2 3 3 1 4 1 3 2 2 2 3 2 3 1 1 3 2 4 4 2 4 1 3 1 1 3 2 1 1 2 1 3 3 1 1 2 1 4 3 2 2 2 2 1 4 4 2 1 4 2 4 4 4 2 4 2 1 4 1 1 2 3 2 1 1 3 2 4 2 4 
4 1 4 2 2 3 1 4 2 4 2 4 2 1 2 3 2 2 2 1 1 3 3 3 3 4 2 2 4 3 1 4 1 2 3 1 2 1 3 4 1 2 3 2 2 4 3 4 3 1 3 4 3 1 4 4 4 4 1 2 2 2 1 3 2 2 2 1 2 3 1 4 4 1 4 4 3 3 1 1 4 2 1 4 2 1 4 
4 1 3 1 1 4 3 3 2 1 4 1 3 1 4 4 3 3 4 3 4 2 2 1 3 3 2 4 2 3 2 1 4 4 4 2 1 3 1 4 4 2 1 4 2 3 1 3 2 4 2 4 3 1 3 1 3 1 4 1 4 2 2 4 2 4 2 3 2 4 4 3 4 1 1 1 4 1 2 1 1 1 3 2 3 2 4 
4 4 1 2 1 4 1 1 3 4 3 2 3 1 2 1 4 3 1 1 4 1 2 2 1 4 2 2 1 1 2 3 3 2 1 4 1 4 2 3 3 2 4 4 1 3 3 2 2 4 1 2 3 3 4 4 3 4 2 4 1 3 4 2 3 1 3 2 1 1 4 2 1 2 1 3 4 3 3 2 3 4 3 2 1 3 4 
4 1 1 2 1 3 2 4 2 4 1 2 2 1 4 4 1 2 2 2 1 4 4 1 3 3 3 2 2 2 3 1 1 3 3 4 3 3 2 1 4 2 3 2 4 2 2 2 3 4 1 3 4 2 2 4 1 3 2 3 1 4 3 2 2 1 3 4 3 3 1 4 3 1 4 1 3 3 2 1 2 3 3 3 1 1 4 
4 1 3 1 3 4 1 1 4 1 2 2 3 3 1 1 3 3 4 1 3 3 2 2 2 2 1 1 4 4 4 1 4 1 4 4 3 1 1 1 3 2 2 4 4 2 3 4 1 1 2 1 1 2 1 2 1 2 2 3 4 2 3 3 2 1 4 3 2 3 3 1 1 4 4 1 3 4 4 3 1 2 2 2 3 4 4 
4 4 3 4 1 2 2 3 2 1 4 1 3 2 3 3 3 1 3 1 4 1 2 3 4 3 1 2 2 4 3 1 4 2 3 4 2 4 2 2 1 3 3 1 2 1 4 3 3 2 3 2 1 2 2 1 2 1 3 3 1 2 3 3 2 1 2 4 1 4 1 1 1 2 4 3 3 2 1 1 3 4 4 2 2 1 4 
4 4 3 1 2 2 3 2 3 3 3 2 2 2 2 4 3 4 2 2 3 1 1 1 2 3 1 1 3 3 2 4 1 4 2 2 2 2 4 2 2 4 3 1 1 3 2 3 4 1 3 3 2 4 3 1 1 4 3 4 2 2 4 2 2 4 2 4 2 3 1 3 4 3 4 3 2 4 2 3 3 2 2 1 2 3 4 
4 3 2 1 3 2 1 1 1 3 2 1 3 3 4 1 1 2 1 3 1 4 3 1 2 1 2 2 2 1 2 4 2 4 2 4 4 4 4 3 2 2 4 2 2 4 4 3 1 2 3 4 3 3 4 1 2 2 3 2 1 4 4 1 3 3 2 2 1 1 2 1 3 3 4 3 2 1 4 2 3 1 2 3 2 4 4 
4 3 2 1 1 2 1 4 2 2 4 4 4 2 4 1 1 2 2 1 1 3 2 1 1 2 4 4 3 4 3 2 2 4 4 3 1 2 4 2 3 2 1 1 4 4 4 4 2 4 2 1 4 3 2 2 1 2 4 1 3 1 1 2 4 3 1 3 1 2 4 1 4 4 3 3 4 1 1 2 3 4 4 3 2 1 4 
4 4 3 3 2 3 4 1 4 1 3 2 2 1 1 3 1 4 3 1 4 4 3 2 2 2 1 1 2 2 3 1 3 2 3 4 2 2 3 2 4 3 4 2 2 2 1 1 3 4 3 1 2 2 1 4 3 2 4 2 1 1 3 3 1 2 1 2 1 1 4 1 1 1 3 1 1 4 4 3 2 2 4 3 4 4 4 
4 4 1 1 4 3 3 4 4 2 2 1 2 1 4 1 3 4 3 2 1 1 3 1 1 3 2 1 4 4 2 3 1 1 2 3 3 4 4 2 2 4 1 1 1 4 4 1 1 1 3 1 4 2 1 1 3 3 1 4 2 4 2 1 3 1 4 3 4 2 2 4 3 4 2 1 4 3 1 3 2 2 3 4 2 4 4 
4 3 4 3 2 2 1 2 4 2 4 3 3 4 2 4 4 4 4 4 1 4 4 3 2 4 3 2 2 1 3 1 2 4 1 1 1 2 2 2 3 1 4 4 2 4 4 3 1 2 4 1 4 2 4 3 4 4 1 3 2 4 4 2 2 1 3 4 1 4 4 4 4 3 3 2 3 4 3 1 1 3 1 3 4 1 4 
4 1 3 4 2 4 4 1 4 1 1 1 3 4 4 1 3 4 1 2 1 1 2 4 3 4 3 2 1 3 1 1 3 2 1 3 3 1 1 2 1 3 4 1 1 3 4 4 2 3 1 3 4 1 1 2 3 1 2 3 1 2 2 4 4 3 3 3 4 2 4 4 4 3 3 1 1 3 1 4 4 3 1 4 3 3 4 
4 4 1 4 3 4 3 1 1 3 4 4 2 3 2 3 2 4 4 2 3 3 2 2 4 2 3 2 1 1 1 2 4 3 2 3 1 4 2 1 1 2 3 2 4 4 3 1 1 2 4 4 2 1 4 4 3 1 1 1 2 2 4 4 4 1 1 3 4 2 3 4 3 2 3 2 4 1 2 4 3 3 3 1 3 1 4 
4 3 3 2 2 3 1 2 3 3 1 2 1 3 3 1 2 3 2 2 1 1 3 2 3 4 4 1 4 1 1 3 3 1 1 3 4 1 2 1 2 1 4 3 3 4 4 3 1 4 1 1 3 1 2 2 4 2 2 4 4 1 2 2 3 4 3 1 1 4 2 1 1 2 4 3 1 4 4 3 2 1 1 4 3 1 4 
4 4 2 3 1 2 3 2 1 2 1 3 3 3 3 4 4 2 4 4 4 2 3 2 2 4 3 2 2 1 2 1 4 3 1 4 4 1 2 3 3 4 2 4 1 2 3 4 1 2 2 3 3 4 3 1 2 4 4 2 3 4 2 3 4 3 3 4 1 4 1 3 1 3 4 2 4 3 4 4 3 1 4 3 2 4 4 
4 2 1 1 2 2 3 4 4 3 4 1 3 2 3 4 3 3 1 1 4 2 4 4 4 1 3 1 3 3 1 3 4 3 4 3 1 4 4 4 4 4 4 2 4 1 3 4 3 2 4 3 3 3 3 3 1 3 1 4 2 1 3 4 4 1 2 2 2 1 3 3 1 3 4 3 2 1 3 3 2 2 2 1 1 1 4 
4 4 4 3 2 2 4 2 4 2 2 1 4 1 4 3 3 3 4 3 4 3 2 2 1 1 4 4 4 1 2 3 3 1 2 1 1 3 4 2 1 1 2 2 2 3 1 2 1 4 2 2 3 2 1 1 2 2 2 1 3 1 3 2 4 1 2 1 2 1 4 2 1 1 2 4 2 2 3 3 1 1 4 1 3 3 4 
4 2 4 1 3 4 4 4 2 3 1 1 4 1 3 4 3 3 1 2 3 4 4 4 3 3 4 4 3 4 3 1 1 1 1 3 4 2 2 3 2 1 3 3 1 1 1 1 2 3 4 4 2 3 2 2 3 4 2 1 3 2 1 4 3 4 1 4 3 4 3 3 2 1 3 2 1 2 1 4 3 1 1 1 1 2 4 
4 3 4 1 1 3 4 1 3 1 1 2 2 2 4 3 3 3 1 1 1 1 1 2 3 3 4 2 3 1 3 2 2 2 1 4 2 4 4 2 3 1 2 2 4 1 3 2 2 4 4 1 1 3 3 1 4 4 3 4 1 3 2 2 3 1 3 4 4 3 1 1 1 2 1 1 2 2 4 4 2 1 4 4 4 2 4 
4 4 2 4 4 4 3 4 3 4 1 1 2 3 1 1 2 2 2 2 2 2 4 2 2 3 3 2 2 2 3 1 1 1 2 2 4 2 2 2 1 4 1 1 3 4 1 2 2 1 3 2 4 4 1 1 1 4 3 3 2 4 2 2 1 1 2 3 3 1 3 1 1 3 4 4 1 1 1 2 3 2 1 3 3 3 4 
4 4 3 3 2 1 3 1 2 3 1 3 3 1 4 2 2 1 1 4 2 2 2 4 2 1 2 1 3 1 3 1 1 1 2 4 3 4 1 4 2 3 1 3 3 2 4 4 1 1 1 4 2 4 2 1 4 4 3 4 3 3 4 1 1 3 2 3 4 2 4 1 1 2 1 3 3 1 3 4 1 1 4 2 4 1 4 
4 1 2 1 1 3 1 3 3 3 4 2 1 3 4 3 2 2 1 1 3 4 1 1 4 1 4 3 3 1 1 3 4 2 2 3 4 2 3 2 4 2 3 1 3 3 4 3 2 3 1 4 4 3 2 2 1 4 1 2 3 3 2 2 4 4 1 1 1 1 2 4 1 1 2 4 4 3 2 2 3 2 3 1 4 4 4 
4 3 1 4 4 1 4 2 3 4 2 1 4 4 2 3 1 2 4 4 2 4 1 2 3 3 4 1 3 2 1 4 4 2 3 3 3 1 2 2 1 2 1 3 4 3 3 1 2 3 1 1 3 3 4 3 2 4 4 3 4 4 1 4 2 2 4 3 4 3 1 3 4 2 2 1 4 3 1 4 2 1 4 3 4 3 4 
4 1 4 4 1 3 4 4 3 2 3 2 4 1 3 2 4 4 4 4 3 4 1 1 4 2 1 4 2 3 2 3 3 2 2 2 1 2 2 4 2 2 3 1 4 3 2 1 1 4 1 1 4 3 4 4 1 2 3 2 2 4 4 4 3 2 3 2 3 4 3 4 4 4 1 3 3 2 2 4 3 3 1 1 4 1 4 
4 3 1 2 3 3 2 4 4 3 2 3 1 4 2 2 4 3 1 3 4 3 1 2 2 2 1 4 2 3 3 4 2 3 2 1 3 2 1 4 3 1 2 2 2 2 4 4 1 2 1 4 1 3 1 3 3 2 2 1 3 4 3 2 1 3 2 4 3 2 2 1 1 4 2 3 3 3 1 2 3 1 3 3 1 4 4 
4 1 4 4 1 3 4 4 4 2 4 2 1 2 4 1 1 1 2 2 1 1 1 2 3 2 2 1 3 3 3 4 1 3 1 2 2 2 4 1 1 2 2 1 1 4 2 4 3 3 4 1 3 3 3 1 2 1 3 4 3 4 4 4 3 1 2 2 4 3 1 1 4 3 2 2 3 3 4 1 1 2 1 3 3 3 4 
4 4 4 4 1 3 3 4 4 2 2 1 4 2 3 3 2 2 3 4 4 3 3 2 1 2 4 3 1 4 4 3 3 1 1 4 3 3 2 2 1 3 3 2 4 1 4 1 2 1 3 2 3 4 4 2 2 1 4 2 1 2 3 2 3 1 2 2 3 1 3 1 2 4 4 4 3 3 3 3 2 2 4 1 4 3 4 
4 1 2 1 4 1 4 3 1 3 4 3 3 2 3 2 4 1 3 2 4 3 4 4 2 1 1 2 3 1 2 1 4 4 1 1 4 2 3 1 4 4 3 1 2 1 1 2 1 2 2 3 3 4 2 2 2 1 4 2 3 2 4 1 4 1 4 2 4 2 3 1 3 2 3 2 3 4 4 1 4 3 3 3 3 1 4 
4 3 4 1 3 1 4 3 4 4 3 4 1 4 3 1 3 4 2 4 2 2 4 4 1 3 1 3 2 3 1 2 2 3 3 3 2 2 1 3 2 3 3 1 2 3 3 2 3 1 1 2 4 2 1 2 2 4 3 4 3 3 1 3 2 2 3 2 1 4 2 1 4 3 1 4 1 4 2 2 3 3 4 3 2 2 4 
4 3 1 1 1 2 3 1 2 1 1 4 3 4 2 4 3 1 3 3 1 4 3 2 2 4 1 2 2 2 4 2 3 4 1 2 2 1 1 4 1 1 4 2 1 3 2 1 1 2 1 3 1 1 3 1 2 3 2 1 3 3 3 1 1 2 3 1 1 3 3 3 4 2 1 2 2 3 4 4 1 4 3 1 3 3 4 
4 3 2 1 1 4 1 2 1 4 2 1 3 4 2 1 3 4 2 2 2 1 3 2 4 4 2 2 2 4 1 4 1 2 4 1 3 3 3 2 1 1 3 4 4 1 3 4 4 3 3 1 4 3 4 2 3 1 3 4 4 2 2 3 4 2 4 2 4 4 1 3 4 3 3 4 4 3 4 2 2 3 4 4 4 1 4 
4 2 2 4 1 3 2 2 2 2 4 1 4 3 4 3 3 2 3 2 1 1 3 3 1 2 1 4 4 1 3 3 4 1 3 4 1 1 1 1 4 3 3 2 4 1 1 2 4 2 2 2 4 3 4 3 4 4 4 4 1 1 4 3 1 3 3 4 4 3 4 3 4 4 2 3 2 2 2 3 2 1 2 2 1 2 4 
4 3 4 1 1 3 4 2 4 4 1 2 1 2 1 2 2 3 1 3 2 1 4 4 4 1 1 2 1 3 2 1 3 3 2 1 1 2 3 3 3 3 1 3 4 2 2 3 3 4 3 2 2 3 3 2 1 2 3 1 3 3 1 3 1 4 2 1 4 2 4 2 2 4 3 1 2 2 4 2 4 4 1 4 1 2 4 
4 3 1 3 4 3 3 3 4 3 3 1 2 3 2 1 1 2 2 4 4 3 1 2 3 3 4 3 1 2 2 1 4 1 1 1 3 4 3 2 2 4 2 3 1 2 4 1 4 4 2 3 3 3 1 4 3 1 3 4 3 2 2 2 3 1 2 2 1 1 1 3 3 2 1 4 1 1 1 1 2 1 2 4 3 1 4 
4 3 3 2 1 2 4 2 1 1 3 2 1 1 2 3 2 4 4 1 3 3 2 3 3 4 3 2 2 3 1 4 1 1 2 2 3 4 2 3 1 2 1 1 1 4 1 3 4 3 3 4 3 3 3 4 3 2 1 4 2 4 2 1 2 4 3 4 3 3 4 2 2 4 3 3 1 1 1 2 4 4 4 1 4 1 4 
4 3 3 4 3 2 3 2 2 1 4 2 4 1 3 4 4 1 2 1 3 3 2 4 1 4 1 2 1 1 3 1 2 1 1 3 1 4 4 2 3 1 2 1 2 3 2 4 4 4 3 2 4 4 2 1 3 4 2 2 3 3 2 2 2 3 3 1 3 1 2 2 4 3 4 2 2 3 2 1 1 2 3 4 1 1 4 
4 4 4 4 1 2 2 4 2 1 1 2 3 3 4 3 4 1 4 2 1 4 3 3 4 2 2 1 1 1 3 1 3 1 3 2 3 4 3 4 2 1 2 1 4 1 4 1 4 3 1 1 4 4 3 4 1 2 2 2 1 4 1 4 1 1 3 4 3 3 3 3 1 4 2 1 2 1 1 1 4 2 3 3 1 4 4 
4 3 3 4 2 2 2 4 4 1 4 2 4 1 4 4 4 4 3 2 4 1 4 1 3 3 3 4 2 3 1 3 2 1 3 3 4 3 4 1 1 3 2 1 1 2 3 4 3 1 2 1 2 3 1 4 2 4 3 2 2 2 3 2 2 2 3 3 3 4 2 3 2 4 4 2 2 2 4 2 1 2 3 2 4 4 4 
4 1 4 3 1 3 1 3 1 1 3 1 3 1 1 1 1 2 3 3 1 1 1 3 1 1 3 2 2 3 4 1 2 1 2 4 3 1 1 3 3 2 1 2 2 4 4 2 4 1 2 1 1 2 3 3 1 4 1 1 1 2 1 1 1 4 3 2 2 4 3 4 4 1 2 4 2 1 1 2 1 3 3 2 4 1 4 
4 3 2 1 2 4 1 3 1 1 3 4 2 3 4 2 4 3 1 3 2 3 2 2 3 4 1 2 4 1 1 1 3 2 2 2 2 3 2 2 1 2 4 3 3 4 4 1 4 4 4 2 3 1 3 3 3 1 3 1 4 2 2 2 1 2 2 3 1 4 3 4 1 2 1 4 1 4 2 4 4 4 4 4 2 4 4 
4 2 4 4 2 2 3 3 4 3 3 1 1 4 1 3 2 3 4 2 2 3 4 4 4 4 4 3 3 1 2 4 2 2 2 2 3 2 1 1 1 3 1 2 3 4 2 3 3 4 1 4 1 2 4 2 3 3 3 3 4 1 4 2 1 1 2 1 2 2 1 4 4 3 1 3 1 1 1 2 4 4 1 4 1 2 4 
4 2 1 2 2 3 1 2 4 3 4 1 4 2 4 4 2 2 3 2 2 1 4 4 1 1 2 3 2 1 3 1 2 3 2 3 2 1 4 4 2 1 2 4 2 3 3 2 1 4 1 3 1 2 4 1 3 1 3 1 4 2 3 2 4 4 1 3 2 1 3 1 4 3 4 1 2 1 4 4 4 1 4 2 1 1 4 
4 4 2 1 4 1 3 4 4 4 4 1 1 3 4 1 1 3 4 3 2 2 2 1 2 1 3 4 2 2 2 4 4 1 1 1 3 3 2 2 2 4 2 1 4 2 1 1 2 2 2 1 2 2 4 2 1 3 3 3 3 3 2 1 4 4 3 2 3 2 4 2 3 4 2 2 2 3 3 1 4 1 2 3 1 2 4 
4 1 3 2 1 1 2 1 1 4 2 3 2 3 2 3 2 4 3 3 4 3 2 3 1 1 2 2 2 4 1 3 2 1 1 2 4 4 1 2 3 2 1 2 3 4 2 2 2 3 1 1 2 2 2 2 4 1 2 4 1 3 4 2 2 3 3 4 4 1 2 3 4 2 1 3 4 2 4 1 1 4 4 1 4 4 4 
4 2 1 3 4 2 4 2 3 2 3 1 2 3 4 1 4 1 3 1 3 1 4 2 4 1 4 4 1 3 2 2 4 3 3 1 1 4 3 2 4 1 4 3 1 1 2 2 1 1 4 3 1 4 4 3 3 2 1 4 1 3 2 1 3 3 1 1 4 3 2 4 3 3 4 4 4 3 4 2 2 1 4 2 4 4 4 
4 2 3 4 1 1 4 4 3 1 1 3 4 4 4 4 2 3 1 1 3 2 1 3 4 1 1 1 4 4 1 1 1 4 4 2 1 2 2 1 1 3 4 1 4 4 3 4 4 4 3 3 2 3 2 4 4 4 3 2 4 1 4 4 1 2 1 3 1 2 2 2 3 3 4 2 2 4 2 3 4 3 2 3 2 4 4 
4 3 4 1 1 1 4 4 3 1 2 3 4 4 4 2 1 2 3 1 3 1 4 1 2 1 1 4 3 4 1 2 1 2 4 1 4 2 3 3 4 3 1 1 1 3 3 1 4 4 1 3 4 1 2 1 1 1 1 2 4 1 3 1 4 2 4 3 1 2 2 1 3 2 2 3 2 3 1 4 1 3 3 4 1 3 4 
4 1 3 4 4 3 2 1 3 1 4 1 2 4 4 4 1 4 3 3 1 1 4 4 3 2 3 1 4 2 1 4 4 1 4 4 2 3 3 1 2 2 1 1 2 3 3 2 4 3 4 2 1 2 1 1 2 2 1 1 1 1 1 3 2 4 1 4 4 4 4 3 4 4 3 3 3 1 4 4 3 2 1 4 4 1 4 
4 4 3 1 1 3 3 3 2 2 4 2 3 2 3 1 4 2 3 1 3 3 4 4 4 1 4 3 2 2 4 3 3 3 4 1 2 3 1 3 2 1 3 1 4 1 1 4 1 1 3 1 1 4 2 2 3 4 3 3 1 3 3 1 1 4 2 2 4 3 3 4 4 3 4 3 4 1 4 4 1 4 2 4 2 1 4 
4 4 4 4 4 4 4 4 4 4 4 4 4 4 4 4 4 4 4 4 4 4 4 4 4 4 4 4 4 4 4 4 4 4 4 4 4 4 4 4 4 4 4 4 4 4 4 4 4 4 4 4 4 4 4 4 4 4 4 4 4 4 4 4 4 4 4 4 4 4 4 4 4 4 4 4 4 4 4 4 4 4 4 4 4 4 4 

