86
1000
1000

[Node]
0  0  0   0  0
87 0  0   0  0

[pickup]
1       502785843      11          13
2       502785852      11          13
3       503686465      11          15
4       504900247      21          10
5       505112367      24          17
6       504235142      25          13
7       502786505      27          19
8       502802054      33          19
9       502802137      39          8
10      504784699      46          17
11      502785848      52          16
12      504888674      53          11
13      502799157      54          17
14      504512179      55          17
15      502793194      62          8
16      503207090      64          16
17      503262469      66          8
18      502789069      69          9
19      502789997      70          18
20      503641850      71          11
21      502791700      73          20
22      503824141      76          12
23      502792437      78          20
24      504139409      79          18
25      504317547      85          10
26      502795314      91          8
27      502792441      96          5
28      502970886      99          11
29      504896908      104         6
30      505115866      105         20
31      504040924      113         17
32      505045728      115         18
33      505190348      117         9
34      502792272      122         8
35      502794188      133         9
36      502794770      136         7
37      504999730      146         20
38      502958598      149         5
39      503074303      152         6
40      505121657      161         17
41      502798247      161         12
42      504726267      162         8
43      505107611      187         10
44      503251698      208         8
45      502795290      212         10
46      503900481      214         13
47      504940723      216         7
48      503108157      226         18
49      502786483      231         7
50      502791365      231         15
51      502785865      232         7
52      502789178      232         16
53      504940819      247         15
54      502794727      262         11
55      505172794      266         18
56      504814520      268         15
57      505143425      270         17
58      503226439      282         5
59      503586355      289         15
60      505188477      310         10
61      502786482      311         15
62      503838473      312         5
63      502786480      317         14
64      502799697      319         13
65      503229542      326         10
66      502798415      333         16
67      502947479      359         14
68      502798266      384         8
69      502789207      386         9
70      502794583      456         17
71      503157758      460         16
72      504938844      496         19
73      502787651      503         18
74      505052796      522         19
75      505129431      540         5
76      502785857      541         14
77      503900603      591         16
78      502785928      636         7
79      505088719      664         12
80      504783205      712         15
81      504970852      816         17
82      502790625      915         10
83      504851316      936         5
84      504411671      1000        8
85      502804546      1000        7
86      504940835      1000        14

[Speed 0]
0.81
30.0   60.0 0.0 0.6
90.0   150 0.0 0.4
300.0  540.0 0.0 0.81
570.0 630.0 0.0 0.6
660.0 720.0 0.0 0.4
750.0 840.0 0.0 0.81

[Speed 1]
1.33
30.0   60.0 0.0 0.8
90.0   150 0.0 0.6
300.0  540.0 0.0 1.33
570.0 630.0 0.0 0.8
660.0 720.0 0.0 1.3
750.0 840.0 0.0 2

[Speed 2]
1.33
30.0   60.0 0.0 1.0
90.0   150 0.0 0.8
300.0  540.0 0.0 1.33
570.0 630.0 0.0 0.8
660.0 720.0 0.0 0.6
750.0 840.0 0.0 1.5

[Speed 3]
1.5
30.0   60.0 0.0 0.9
90.0   150 0.0 0.8
300.0  540.0 0.0 1.5
570.0 630.0 0.0 0.9
660.0 720.0 0.0 0.8
750.0 840.0 0.0 1.5

[Speed 4]
2
30.0   60.0 0.0 1.1
90.0   150 0.0 0.9
300.0  540.0 0.0 2
570.0 630.0 0.0 1.1
660.0 720.0 0.0 0.9
750.0 840.0 0.0 2

[speed choose matrix]
4 4 4 4 4 4 4 4 4 4 4 4 4 4 4 4 4 4 4 4 4 4 4 4 4 4 4 4 4 4 4 4 4 4 4 4 4 4 4 4 4 4 4 4 4 4 4 4 4 4 4 4 4 4 4 4 4 4 4 4 4 4 4 4 4 4 4 4 4 4 4 4 4 4 4 4 4 4 4 4 4 4 4 4 4 4 4 4 
4 1 2 4 4 4 1 4 4 3 3 3 4 2 3 1 1 2 4 2 4 3 3 1 4 1 1 2 4 1 2 4 4 4 4 2 1 4 3 4 3 2 4 1 2 4 4 1 3 1 2 3 4 3 1 1 1 2 4 2 3 1 3 4 2 1 1 3 3 4 2 1 1 3 3 3 3 3 4 3 3 1 3 2 2 2 4 4 
4 4 4 1 3 4 1 3 2 4 4 1 3 4 1 3 1 1 2 3 2 1 2 4 3 3 2 1 3 1 3 3 4 4 1 4 2 3 1 3 4 2 2 3 4 1 2 3 1 2 2 1 2 3 4 1 3 2 4 3 4 2 2 1 4 1 2 1 2 1 3 3 3 2 3 4 3 3 1 1 3 3 2 2 4 4 3 4 
4 1 4 1 3 1 2 2 1 2 4 1 3 3 3 1 3 1 4 2 3 3 2 3 1 3 3 3 4 2 4 3 2 1 4 4 3 3 2 2 2 2 4 1 4 3 3 2 4 1 2 2 4 4 4 2 1 3 1 1 2 3 1 3 2 2 4 1 3 4 2 3 1 3 2 4 2 4 1 1 3 3 3 1 3 2 1 4 
4 3 4 2 3 2 2 2 3 1 1 3 1 4 4 4 2 4 2 2 3 3 2 1 3 1 4 4 2 3 2 2 3 1 4 1 2 4 4 2 4 2 2 2 3 1 4 2 4 1 4 4 4 4 4 2 2 4 3 3 4 2 3 2 3 1 3 4 3 3 1 3 2 1 1 2 2 2 1 3 3 4 4 1 4 4 3 4 
4 1 2 1 3 3 3 2 3 2 1 4 3 1 2 1 3 4 4 3 2 4 1 1 1 2 3 2 3 3 1 1 2 4 3 4 2 2 2 1 2 1 3 3 1 4 4 2 3 1 2 2 1 2 2 3 1 4 3 3 2 2 1 3 1 1 1 2 2 4 2 4 4 3 4 4 2 1 4 1 2 4 1 2 2 3 4 4 
4 3 2 4 4 2 1 2 3 4 3 3 2 3 1 3 4 4 1 4 1 4 4 2 2 3 4 3 1 3 1 4 1 1 1 2 2 1 4 4 3 3 1 2 1 3 1 1 2 4 1 3 4 1 1 2 3 4 4 1 3 1 2 3 1 4 4 2 4 1 4 1 2 4 2 2 4 4 4 2 3 4 4 1 2 3 2 4 
4 2 1 4 2 3 1 2 4 2 4 2 1 3 2 4 2 3 4 2 1 1 1 4 3 1 4 3 1 2 4 3 1 3 4 1 4 1 2 3 2 3 1 1 2 2 3 1 4 3 2 4 3 2 1 3 1 4 2 1 1 3 1 4 2 2 4 1 4 1 3 4 4 4 2 2 4 2 3 1 4 2 4 4 2 4 4 4 
4 3 2 2 1 4 3 3 1 1 1 2 4 1 4 2 2 4 3 1 2 4 1 1 4 3 3 1 4 4 2 3 4 4 2 2 2 2 4 3 4 3 4 2 3 2 1 3 4 1 3 3 3 3 3 2 2 1 1 1 4 3 1 2 1 2 1 1 2 1 3 1 2 2 1 3 4 4 3 1 4 1 4 3 3 2 4 4 
4 3 2 3 4 1 1 4 3 3 4 4 4 1 4 4 2 1 2 2 2 3 2 3 3 1 1 2 1 2 2 4 1 4 4 1 1 2 2 2 1 4 4 4 2 1 4 1 3 1 2 3 3 3 4 2 3 1 2 3 1 4 2 3 3 3 3 3 2 2 1 4 2 2 3 3 1 2 2 2 1 1 1 3 4 2 3 4 
4 1 3 3 3 4 2 4 2 3 3 4 2 1 1 4 4 4 3 1 3 2 3 3 1 1 1 4 1 1 3 1 3 2 1 4 2 4 3 2 3 3 2 4 1 1 4 1 1 1 4 4 3 4 3 4 3 2 4 3 4 4 3 4 1 3 2 1 2 2 1 1 1 3 3 1 1 3 1 3 4 1 1 4 4 3 4 4 
4 4 1 1 4 3 4 3 3 2 2 1 2 4 4 1 2 2 1 2 4 4 1 3 1 1 4 3 3 1 3 2 2 2 1 4 1 1 4 2 2 2 2 3 1 1 3 3 2 1 3 3 2 3 1 2 1 2 2 2 1 1 1 4 4 1 3 3 1 2 1 3 4 3 4 4 2 3 4 3 1 4 4 4 2 2 4 4 
4 3 2 1 3 3 4 1 2 4 3 1 4 4 1 2 2 3 4 2 3 4 2 3 1 1 2 4 1 4 1 4 3 2 1 2 1 4 2 2 3 4 4 3 1 4 4 3 2 3 4 3 3 1 3 2 1 1 4 4 3 3 2 4 1 4 3 3 4 1 4 3 1 2 4 3 4 4 4 2 3 3 1 1 3 1 1 4 
4 4 4 3 1 3 4 1 4 4 1 4 3 3 4 1 4 4 4 1 4 2 3 3 4 2 1 3 2 3 4 4 3 1 3 4 2 4 1 4 4 2 2 3 1 1 2 3 4 2 1 3 1 3 1 2 4 1 3 4 3 4 1 4 3 1 2 3 2 3 1 3 4 1 1 3 3 3 4 1 2 4 2 3 1 3 3 4 
4 2 1 1 4 2 2 4 2 2 4 3 2 3 2 4 1 1 4 1 2 3 1 1 4 4 4 3 2 1 1 4 4 4 1 2 4 2 4 4 3 4 4 1 3 1 2 4 1 1 1 2 1 2 4 4 2 4 1 2 2 4 1 4 2 3 4 4 2 1 1 2 3 2 1 1 2 1 3 2 4 4 2 4 4 2 2 4 
4 2 1 3 1 4 3 1 4 1 1 1 1 3 2 1 3 3 4 3 2 4 4 4 1 1 2 1 1 2 1 2 4 2 1 4 2 1 2 4 2 4 2 4 4 4 1 2 1 3 3 2 2 1 4 2 1 4 4 3 4 4 1 1 4 3 3 1 3 1 4 1 4 2 1 2 1 3 1 1 4 1 3 4 3 2 1 4 
4 4 2 3 2 3 3 1 4 1 1 4 3 1 1 1 3 1 4 4 3 1 2 1 3 3 2 3 4 1 2 2 4 4 3 2 1 1 4 1 3 3 1 4 4 4 1 4 1 4 2 3 2 1 1 2 1 2 1 2 3 4 1 1 2 3 3 4 4 3 1 3 2 2 1 1 2 3 4 1 4 1 4 4 2 1 3 4 
4 3 2 1 2 4 1 3 1 3 4 4 1 3 4 1 2 4 4 4 1 3 2 4 1 2 4 3 3 1 2 1 3 3 1 3 1 2 3 2 2 2 2 1 4 2 4 3 2 1 2 2 4 2 4 4 1 3 3 2 1 3 4 1 2 4 1 4 3 4 2 3 1 1 2 4 2 3 3 4 1 1 2 1 1 4 3 4 
4 4 4 1 1 1 2 2 1 3 4 1 3 4 1 4 1 1 2 3 3 3 1 3 2 3 4 2 3 3 2 3 4 2 1 1 3 3 3 2 4 2 3 2 4 1 4 4 4 3 3 1 2 1 1 4 3 3 4 4 1 4 2 4 3 1 1 2 1 4 3 3 4 1 3 3 1 3 4 3 1 4 1 2 2 2 4 4 
4 4 1 2 1 1 4 2 1 3 3 4 1 2 4 1 2 3 2 4 3 2 4 3 4 2 4 4 3 4 2 1 3 4 4 1 4 3 3 2 1 4 2 4 4 2 2 3 1 2 1 3 1 4 1 1 4 4 3 4 1 4 2 4 1 1 2 3 4 1 3 3 3 1 1 2 3 3 1 1 4 4 1 3 4 1 1 4 
4 1 1 2 2 1 2 1 2 4 4 1 3 1 4 2 2 2 2 3 2 4 1 4 3 4 3 2 1 3 4 3 4 4 1 1 2 1 1 2 4 4 2 2 3 4 3 2 4 4 3 4 3 2 4 4 4 1 2 4 2 2 4 1 1 4 3 2 4 3 1 1 3 4 3 3 4 2 4 2 2 2 3 1 4 1 2 4 
4 3 3 4 2 1 1 4 3 2 2 4 3 2 2 4 2 1 2 4 2 1 4 4 2 2 2 1 1 4 3 3 1 3 3 3 3 2 3 2 1 2 4 3 1 4 4 2 4 2 3 1 4 1 3 3 1 4 1 4 3 3 2 2 2 2 3 3 1 3 2 4 4 2 1 1 3 3 1 2 4 3 3 1 4 2 4 4 
4 4 2 4 4 3 4 3 2 4 4 3 2 3 2 2 3 2 4 1 1 3 3 2 2 1 1 3 3 1 4 2 3 3 1 4 1 1 3 2 2 2 3 4 3 3 1 3 3 2 4 4 2 1 3 4 1 1 3 2 4 1 4 1 4 2 3 1 2 1 1 4 2 3 1 1 1 2 3 4 4 2 1 3 4 2 2 4 
4 4 2 2 1 2 2 3 2 4 4 1 2 1 1 1 4 1 1 1 2 4 3 2 2 1 3 2 1 1 3 3 1 4 3 1 2 4 1 4 2 4 1 1 3 1 4 3 2 1 2 3 4 3 4 4 1 4 4 2 2 3 4 1 2 4 1 2 2 2 2 3 2 2 3 4 3 3 4 1 3 1 1 3 4 4 4 4 
4 2 2 2 3 3 3 2 4 2 1 2 4 4 1 2 4 4 1 3 2 1 4 4 2 3 4 1 2 1 1 2 4 2 3 2 3 4 4 1 1 2 3 4 2 2 4 4 1 1 3 2 3 4 2 4 1 4 1 4 3 4 4 1 3 4 4 2 2 3 3 3 3 4 2 1 1 2 4 3 1 2 3 2 2 2 1 4 
4 2 3 4 3 4 2 3 1 4 1 2 4 2 2 3 2 2 3 2 3 2 2 2 4 4 4 1 3 3 4 2 3 2 1 4 2 2 4 2 1 2 3 4 1 3 2 4 3 4 3 3 3 4 4 1 1 3 2 1 4 2 3 4 1 3 3 2 3 2 3 3 3 4 1 1 4 1 2 4 2 4 2 3 4 3 1 4 
4 4 4 2 3 3 1 1 1 3 4 3 1 3 1 4 2 4 4 2 1 2 1 4 2 1 2 4 2 1 4 4 1 2 4 3 2 3 1 1 1 3 1 1 3 1 2 1 2 2 1 3 3 1 2 4 4 2 2 2 2 3 4 3 3 3 2 2 1 4 2 2 1 4 1 2 1 1 1 4 3 1 1 1 1 3 4 4 
4 2 3 3 1 4 2 4 1 1 2 1 2 2 1 2 3 4 3 2 3 1 4 1 2 3 4 4 3 1 4 4 3 2 3 4 3 2 1 3 1 1 4 4 4 3 3 4 4 2 1 1 2 4 2 1 2 3 4 3 2 2 4 4 2 1 1 3 4 3 3 3 4 4 1 4 2 4 1 3 1 2 3 2 1 2 4 4 
4 3 3 1 2 3 1 3 3 4 3 1 3 2 2 2 2 2 2 2 3 3 2 1 3 3 3 1 2 3 2 4 3 3 3 3 2 1 3 1 2 2 1 1 1 2 2 3 1 2 1 1 2 1 1 2 4 3 4 4 4 1 4 3 3 3 3 3 1 2 2 1 2 1 2 1 2 1 3 2 2 3 4 2 2 1 2 4 
4 1 4 4 3 1 2 1 2 1 2 3 3 2 4 2 2 4 2 4 3 1 3 1 4 2 3 2 4 1 4 2 1 2 2 1 2 2 3 3 4 4 4 4 1 3 1 3 3 1 2 1 4 2 2 3 2 2 3 4 3 3 3 2 4 2 3 4 3 4 2 3 1 2 1 4 3 4 1 1 3 1 3 3 4 3 2 4 
4 3 3 1 4 4 2 1 4 4 1 2 2 4 2 2 1 4 3 1 2 2 2 1 3 2 4 2 2 3 1 4 4 1 1 3 3 2 2 2 2 4 3 1 3 2 1 2 2 2 3 1 4 1 2 1 4 4 1 4 3 4 4 3 2 2 4 1 2 4 2 1 4 1 2 4 4 1 3 4 3 2 4 1 2 2 4 4 
4 2 2 1 4 4 2 3 4 1 3 2 2 1 1 3 1 2 4 1 1 4 1 4 2 1 2 1 4 3 1 3 4 3 1 3 1 3 3 3 1 3 4 4 2 2 4 4 2 2 3 4 1 1 2 1 4 3 1 4 3 4 3 4 2 2 4 4 1 1 2 2 4 3 1 4 3 1 3 2 1 3 4 1 4 4 3 4 
4 2 3 2 3 1 4 3 1 4 2 4 1 1 3 2 4 2 1 2 4 1 4 3 2 2 2 2 4 4 1 3 1 1 1 2 2 1 2 4 3 4 3 3 4 4 4 2 2 3 4 3 2 1 1 2 4 1 1 2 4 2 4 4 2 1 1 3 4 3 3 2 3 2 2 3 2 1 1 3 2 2 3 1 3 1 4 4 
4 3 4 3 2 2 3 2 2 2 1 4 3 3 2 1 3 2 4 3 4 2 4 2 1 1 4 4 4 3 4 4 3 3 1 4 3 1 4 3 4 3 1 3 3 3 2 1 3 1 1 3 3 1 1 3 3 3 1 3 4 2 4 3 3 2 4 2 2 2 2 3 2 1 2 2 2 1 2 2 2 2 3 4 4 2 1 4 
4 3 2 1 2 3 1 3 3 4 4 4 2 1 2 2 4 1 1 3 3 1 4 2 3 4 3 4 4 2 1 1 4 1 2 4 3 3 4 2 4 3 3 4 3 3 3 3 4 1 3 4 1 4 2 1 4 1 4 3 1 3 2 1 4 2 4 3 3 1 1 4 3 4 2 4 4 4 1 2 3 4 1 3 2 4 4 4 
4 2 2 4 2 4 3 4 1 4 3 2 4 1 1 4 4 3 4 4 2 3 4 3 4 2 4 2 1 3 3 3 1 3 3 3 4 4 2 2 4 3 3 3 1 1 2 2 3 2 2 1 2 2 2 4 2 4 3 1 2 2 2 3 2 3 3 4 1 4 2 3 3 4 1 4 2 1 3 2 3 2 3 4 3 3 3 4 
4 1 1 1 4 2 1 1 1 3 4 1 3 2 3 4 2 4 3 4 1 4 3 1 2 1 3 3 1 4 1 4 2 1 1 2 3 3 4 4 2 3 2 3 3 4 4 4 1 1 2 4 1 3 1 2 3 1 1 3 3 3 2 3 1 3 3 4 1 2 1 1 3 3 2 3 2 3 1 3 1 3 2 4 1 2 3 4 
4 1 3 2 4 4 2 4 4 1 2 1 4 4 1 2 1 4 1 4 3 1 3 4 3 1 4 1 3 2 3 1 2 3 3 3 4 1 4 2 2 4 4 4 3 3 1 1 1 3 2 4 1 2 2 2 4 2 3 2 1 2 3 1 3 1 1 2 2 1 3 3 1 3 3 3 2 3 2 1 4 2 1 2 2 3 3 4 
4 4 4 3 4 3 4 3 3 1 2 3 2 1 3 4 4 4 4 4 3 3 2 1 2 3 2 3 3 4 3 4 2 1 2 3 3 3 3 3 3 1 4 4 2 2 3 4 2 4 1 1 4 4 4 1 3 3 4 1 4 4 1 4 3 2 3 2 4 4 2 1 4 2 1 2 1 1 1 3 3 1 3 3 4 3 3 4 
4 1 2 1 2 3 3 2 1 4 3 3 4 2 1 3 4 2 4 4 4 1 3 1 1 2 1 3 4 3 3 2 2 1 3 1 4 1 2 4 2 2 1 4 4 3 3 4 1 4 1 2 1 1 4 1 2 3 4 2 3 2 2 4 1 4 3 3 4 2 4 3 1 1 3 3 1 2 3 2 4 4 2 1 2 1 1 4 
4 4 1 4 3 2 4 1 1 2 4 1 1 1 3 4 3 4 3 3 3 3 1 2 2 2 2 1 1 4 1 3 1 4 4 4 2 2 3 1 3 1 1 2 1 3 1 1 3 3 1 3 1 1 4 1 2 2 3 4 2 4 4 4 4 1 2 3 1 1 3 3 1 2 1 4 3 1 3 2 1 4 1 3 1 2 3 4 
4 4 2 3 3 4 3 4 4 3 4 2 2 3 1 1 3 4 1 3 1 4 1 2 1 3 1 3 1 1 3 4 4 4 2 2 3 2 4 3 1 2 1 4 3 3 4 3 3 4 4 2 4 2 2 3 3 1 2 2 2 3 2 1 2 2 2 4 4 2 4 2 2 3 4 3 4 3 2 2 2 2 2 1 2 2 4 4 
4 2 3 4 1 4 1 1 4 4 2 2 3 1 1 1 3 1 3 2 2 2 2 1 1 4 3 3 1 2 2 1 3 2 2 4 1 3 4 4 2 4 3 1 3 4 4 2 3 1 1 3 3 4 4 1 4 4 3 4 3 3 1 3 3 4 2 1 3 4 2 3 4 1 2 3 3 4 2 1 4 1 1 2 1 4 2 4 
4 2 2 1 2 2 4 4 1 2 3 4 3 4 4 3 4 2 3 4 3 3 1 2 1 2 2 1 1 1 2 1 3 1 4 2 2 4 1 1 1 2 3 2 2 2 3 4 4 3 3 3 2 3 3 1 2 2 1 2 3 3 1 3 4 1 4 1 2 1 1 1 4 3 3 4 4 4 4 1 4 2 4 2 1 1 4 4 
4 3 2 3 1 3 4 1 1 3 3 1 3 4 1 1 2 2 1 4 4 4 3 2 2 3 2 4 2 4 3 2 3 2 1 2 3 2 4 1 4 3 1 2 4 2 3 2 1 1 2 1 3 2 2 3 4 2 3 1 1 2 3 3 4 3 2 2 4 4 3 2 3 1 4 4 4 3 1 3 3 2 2 1 4 3 2 4 
4 1 2 3 4 2 1 4 1 3 4 2 3 3 1 4 1 4 2 4 3 3 2 1 2 1 3 3 4 1 1 2 4 2 2 3 4 2 4 3 3 1 1 2 2 2 4 4 1 1 3 3 3 3 1 3 3 4 2 4 1 4 4 1 1 3 1 1 1 1 3 3 2 3 4 4 3 2 4 1 2 4 4 1 4 2 4 4 
4 2 4 3 4 2 3 2 2 4 1 1 1 4 4 3 4 4 4 4 1 1 4 3 4 4 1 3 1 4 4 4 1 4 1 4 3 2 1 2 1 3 2 1 3 4 4 2 1 1 1 2 2 3 1 4 1 1 1 4 2 4 3 2 3 2 2 2 2 4 1 1 1 1 3 4 4 3 3 2 1 3 1 2 4 3 1 4 
4 3 4 4 2 1 3 3 1 3 2 1 2 3 4 1 3 3 2 1 2 2 4 1 2 1 2 2 2 3 2 4 3 1 1 2 2 2 1 2 1 2 3 3 1 3 1 4 2 4 2 4 4 1 3 4 3 3 3 1 1 1 1 1 2 2 1 1 2 1 4 4 2 2 2 3 3 2 1 3 4 1 3 2 4 3 4 4 
4 1 1 1 2 1 4 4 3 3 2 4 4 1 1 4 1 3 3 1 1 1 1 2 1 4 3 4 1 1 3 2 3 3 1 2 4 2 2 1 3 2 4 1 2 4 4 2 4 3 3 3 2 3 2 4 2 2 1 4 4 4 3 1 1 4 2 3 1 1 1 2 4 4 3 2 4 3 2 2 3 2 1 2 3 3 1 4 
4 2 4 2 4 1 4 4 2 2 2 2 2 2 3 4 4 1 1 2 4 4 1 3 3 3 3 3 4 1 2 2 3 2 3 4 1 2 2 4 2 1 3 4 2 1 3 1 3 3 3 1 1 1 2 3 3 3 2 4 3 1 3 2 2 4 1 3 4 4 3 4 1 2 4 2 2 2 2 4 2 3 2 1 1 1 3 4 
4 2 3 2 2 3 4 2 2 4 3 3 2 2 2 4 3 4 2 4 3 4 3 4 4 4 1 1 2 4 3 4 4 2 2 4 1 2 2 2 4 2 1 2 3 2 2 2 1 3 4 4 4 2 4 3 3 1 2 2 1 1 2 1 3 2 3 4 4 4 1 4 3 4 3 3 4 1 2 2 1 4 4 4 4 1 1 4 
4 1 1 1 1 3 2 4 1 4 3 4 1 2 4 1 4 3 4 1 4 2 4 3 2 2 2 4 4 4 3 4 4 3 1 4 3 1 1 1 1 3 3 1 2 1 4 2 4 2 4 2 4 2 3 4 2 2 4 1 4 1 2 4 4 4 2 4 1 2 3 2 3 1 4 4 1 4 1 4 4 4 4 1 2 1 4 4 
4 1 4 1 3 1 2 2 4 3 3 2 4 2 1 2 1 4 3 3 2 2 4 1 3 4 4 4 3 4 4 2 4 2 2 1 1 4 4 2 1 4 1 4 2 3 2 3 2 4 2 2 3 3 2 3 1 4 4 2 1 3 2 4 4 4 3 4 2 2 3 1 1 3 2 2 1 3 2 2 2 2 1 1 4 2 1 4 
4 4 3 4 2 1 4 3 3 2 1 3 2 1 2 4 4 3 3 4 1 4 4 2 4 3 4 2 1 1 1 3 3 2 4 2 4 4 2 1 4 3 1 2 4 2 1 2 1 2 3 2 4 4 4 3 2 2 1 4 4 2 2 1 3 2 3 3 4 3 2 4 3 3 4 3 2 2 1 1 2 2 3 3 1 2 1 4 
4 3 2 2 1 1 3 3 1 3 1 2 3 4 3 1 2 3 2 2 2 1 2 3 4 2 3 4 1 2 4 3 4 2 1 1 3 4 1 4 4 2 2 1 1 2 3 2 1 4 4 1 3 1 4 3 3 3 1 3 1 1 1 2 3 4 2 2 1 3 4 4 3 3 4 2 1 2 4 4 1 4 2 2 1 2 3 4 
4 4 3 1 1 2 1 4 2 1 3 3 4 2 4 2 3 4 2 4 2 2 2 3 4 1 3 2 1 2 3 3 3 4 3 4 1 4 2 1 4 3 2 4 2 3 4 1 4 2 2 1 4 1 3 2 2 4 2 2 1 2 1 2 3 1 3 2 3 4 1 3 2 4 3 2 2 4 1 1 4 4 1 1 3 3 2 4 
4 4 4 3 1 2 2 4 3 1 2 3 1 4 2 3 3 4 1 4 2 1 3 1 2 1 4 1 4 2 4 1 3 3 1 3 2 1 3 4 1 3 1 2 1 2 4 2 4 4 3 1 2 1 3 4 1 2 3 2 3 3 1 2 4 2 2 1 1 1 2 1 2 2 3 2 4 3 1 3 3 3 1 4 1 3 2 4 
4 3 1 1 2 1 1 1 2 4 4 4 2 4 2 1 4 4 3 1 3 4 4 2 3 2 4 3 2 4 4 3 1 4 2 2 1 4 3 3 3 4 1 3 1 3 4 3 1 4 3 1 4 1 1 4 1 3 2 3 4 2 2 4 4 2 3 2 2 2 4 4 4 2 3 1 2 2 3 2 2 3 3 4 1 4 2 4 
4 2 3 3 3 4 2 1 4 1 3 1 1 2 3 3 3 2 3 2 1 2 4 2 3 2 4 4 1 1 4 3 3 3 2 3 3 2 1 1 2 2 2 3 2 3 2 4 2 2 4 3 3 2 4 4 4 4 3 4 4 4 2 2 4 2 3 1 3 4 4 2 3 3 4 3 4 1 2 4 3 1 2 3 1 2 3 4 
4 3 1 2 1 3 1 2 4 1 2 3 4 3 1 1 4 1 4 2 3 2 2 4 1 2 2 2 3 2 4 4 1 4 2 2 2 4 4 4 3 3 3 3 4 2 1 4 1 2 1 1 4 4 3 4 3 3 2 1 2 2 2 2 4 3 4 2 2 1 1 2 4 3 1 1 1 3 1 2 2 2 1 3 2 1 4 4 
4 4 2 3 4 1 2 3 2 1 2 1 3 1 1 3 1 1 3 1 3 2 2 1 2 4 1 3 1 1 2 1 4 1 1 2 2 3 2 2 2 1 2 1 4 1 1 1 4 1 1 2 4 4 1 2 1 4 1 4 4 1 3 2 1 2 3 4 4 1 2 3 3 1 2 3 4 4 4 4 1 3 2 1 4 4 2 4 
4 4 3 4 1 2 1 3 2 1 3 2 2 4 3 1 3 1 3 2 1 2 1 2 4 3 1 3 1 4 4 3 1 3 1 4 4 2 4 2 1 1 3 3 2 4 1 2 4 4 2 2 1 2 4 1 2 1 4 3 4 3 3 2 2 3 2 3 2 2 2 1 4 1 2 1 2 1 1 3 3 3 2 3 1 3 3 4 
4 3 3 2 3 2 2 2 2 2 4 1 2 3 4 3 3 1 2 1 1 4 3 3 4 1 1 2 4 3 3 4 2 1 1 4 1 4 4 4 2 3 3 4 2 4 4 2 2 3 2 2 3 4 3 3 4 1 4 4 4 4 2 2 1 4 3 3 3 2 4 2 2 1 2 3 1 3 1 4 3 1 1 2 3 3 4 4 
4 2 1 1 1 1 4 1 4 3 4 3 3 2 3 1 2 1 1 2 4 2 2 3 4 1 3 4 3 1 4 3 2 1 1 2 2 1 2 3 4 3 4 4 3 2 1 4 1 3 1 2 4 1 2 3 1 1 1 1 3 2 1 1 4 1 3 4 1 2 3 2 3 3 1 1 4 3 3 1 1 2 2 1 4 1 4 4 
4 3 2 2 2 2 4 2 3 2 4 3 2 4 2 2 1 4 2 3 3 4 1 2 3 4 4 2 3 3 1 1 2 2 1 3 2 2 2 4 4 4 3 4 1 4 1 4 4 2 2 1 4 1 2 4 4 3 2 4 1 2 1 1 3 1 4 1 3 2 4 2 3 4 1 2 4 1 4 3 3 1 2 3 2 3 4 4 
4 4 1 2 2 2 3 3 4 4 1 1 2 4 3 3 3 4 3 4 2 3 1 3 3 3 3 3 3 1 2 4 3 2 4 4 3 1 2 4 1 1 2 1 2 1 4 3 4 4 4 2 1 4 4 3 2 4 4 1 3 4 1 1 1 4 4 2 1 2 1 3 2 2 2 2 2 1 2 3 4 4 3 3 4 4 1 4 
4 2 3 1 3 2 1 4 2 4 4 1 3 2 1 4 1 1 3 3 4 4 4 1 2 2 1 1 3 2 3 2 2 3 4 1 2 3 4 1 4 3 4 2 4 3 1 4 1 4 4 3 2 2 1 4 3 4 4 3 2 4 1 1 4 2 2 2 1 3 3 3 3 4 2 2 2 2 1 4 4 4 2 3 4 3 1 4 
4 1 4 4 4 2 3 1 1 4 3 1 4 2 4 4 1 3 4 2 4 1 3 1 2 3 2 2 2 1 4 2 4 4 2 2 2 4 2 1 2 2 1 4 2 4 4 3 1 3 4 2 2 2 3 2 3 2 1 3 3 4 3 3 3 2 4 3 4 2 4 1 1 2 3 3 1 3 2 3 1 1 1 1 3 1 3 4 
4 2 1 1 3 4 4 1 2 1 4 1 1 3 2 2 4 2 4 2 4 1 1 2 2 3 3 1 2 4 3 3 1 1 3 2 2 4 4 3 3 4 2 1 4 2 4 1 1 3 2 4 4 4 3 1 4 2 1 3 2 4 3 4 2 2 3 4 2 1 4 3 4 3 4 1 1 1 1 2 4 4 4 3 2 3 2 4 
4 3 2 4 3 3 2 2 1 4 1 3 2 2 4 3 3 1 3 3 4 1 2 1 1 4 1 2 4 4 3 4 3 1 4 4 3 2 4 2 4 2 3 2 3 4 2 3 4 4 2 4 2 2 1 1 4 2 3 3 2 3 4 3 3 3 2 1 3 4 3 3 1 2 4 3 2 1 4 3 2 4 2 1 4 4 2 4 
4 4 3 3 2 3 3 4 3 1 3 4 1 3 3 3 3 3 1 4 1 3 3 1 3 4 4 3 2 2 1 1 4 1 1 1 2 3 4 3 4 2 3 2 3 4 4 2 3 2 1 2 1 4 4 1 1 1 4 4 4 3 1 3 1 4 2 1 4 4 3 4 4 3 2 2 4 3 4 4 3 1 2 3 2 4 3 4 
4 2 1 3 1 2 4 1 2 4 4 3 4 1 2 1 4 2 3 1 3 1 3 1 3 1 2 2 3 4 4 2 3 1 1 4 3 2 4 4 3 4 1 4 1 3 2 4 4 1 2 2 3 1 2 2 2 3 4 2 4 2 1 4 2 1 2 1 2 1 1 2 2 2 3 3 4 1 3 1 2 2 3 4 3 2 2 4 
4 1 3 3 3 1 4 4 4 1 1 4 4 2 1 1 3 1 3 3 2 2 3 2 4 4 2 2 3 2 3 3 1 1 1 2 4 2 2 1 4 3 2 2 1 3 1 3 1 4 2 4 2 1 2 3 4 3 1 3 2 3 2 4 2 3 4 1 4 4 1 4 2 1 3 3 2 2 2 3 3 1 2 4 2 2 4 4 
4 1 1 2 3 2 4 3 1 1 4 4 3 3 4 1 1 4 1 3 4 4 2 4 4 2 2 2 1 1 3 3 4 1 2 3 4 1 2 1 4 1 2 2 1 1 4 2 4 2 1 2 4 2 1 2 3 2 4 2 1 3 4 4 3 3 2 3 1 3 4 3 1 1 2 4 1 2 1 1 3 3 3 3 3 3 4 4 
4 2 1 1 2 3 4 4 3 1 3 3 4 4 2 3 2 2 4 3 3 2 4 1 3 4 1 3 4 1 2 3 2 1 1 4 1 3 4 1 1 2 1 3 1 2 4 2 1 4 3 3 4 1 3 2 3 1 1 4 1 1 3 3 2 4 1 2 2 4 2 3 3 2 3 2 4 1 1 4 4 1 2 1 1 3 1 4 
4 3 1 4 1 3 2 2 3 3 3 4 2 2 1 2 1 2 1 3 1 4 2 2 4 4 3 1 1 1 4 4 2 2 4 2 2 2 2 4 3 1 2 4 1 4 4 4 1 1 3 4 3 2 4 1 1 4 4 1 3 1 1 2 1 1 4 3 2 4 4 1 2 4 2 4 1 3 3 2 1 1 1 1 2 2 4 4 
4 4 1 3 2 2 1 2 2 4 1 4 1 1 2 1 2 2 2 4 3 1 4 1 2 2 4 1 1 2 2 3 4 4 4 4 4 2 2 4 1 4 1 1 2 4 4 3 1 1 3 4 3 1 2 1 2 2 1 2 1 1 2 1 1 4 4 1 1 3 1 4 1 1 4 4 4 2 2 2 3 4 2 4 1 4 2 4 
4 1 4 4 4 4 3 2 2 2 4 1 1 4 4 4 4 4 1 2 1 2 1 3 1 4 4 4 3 1 1 3 3 1 4 1 4 3 4 1 2 4 1 1 3 2 3 1 3 3 1 4 2 1 4 3 4 3 4 4 3 1 1 4 2 1 4 1 4 4 1 3 1 4 2 4 1 3 2 2 4 2 2 2 4 3 3 4 
4 3 1 1 4 1 3 3 4 4 1 3 1 4 4 3 4 1 3 3 3 3 1 3 4 2 1 1 1 2 3 1 4 2 1 2 1 3 4 4 3 2 4 4 3 2 3 2 4 1 1 4 2 1 3 2 3 2 4 1 4 1 4 3 2 1 2 3 1 1 3 4 2 2 2 1 3 4 1 4 3 4 4 2 4 4 3 4 
4 3 4 3 3 2 3 2 4 3 3 2 4 4 1 1 4 2 4 3 3 1 2 3 1 2 1 2 3 4 2 4 4 3 4 4 4 3 3 1 1 3 2 3 4 3 2 2 2 4 3 4 3 4 4 2 3 2 2 2 3 4 2 2 4 4 1 3 3 1 2 2 1 3 3 4 2 3 3 3 2 4 3 2 4 2 3 4 
4 3 4 3 2 1 1 3 4 1 4 1 2 2 2 4 1 3 2 3 2 1 4 2 2 1 1 4 2 1 2 2 2 2 4 3 2 1 1 4 2 1 4 2 1 1 3 4 1 1 3 2 2 3 2 2 1 4 1 4 1 2 4 1 2 1 2 4 4 2 4 3 2 2 3 3 4 4 4 2 2 2 1 1 2 4 4 4 
4 3 1 4 2 1 3 4 2 2 1 4 4 1 2 2 4 1 2 4 3 2 4 3 4 4 1 1 4 1 4 1 3 4 1 2 4 3 1 3 3 4 2 3 3 1 2 3 4 4 1 4 2 3 3 1 1 2 1 2 2 4 3 4 2 3 3 4 3 1 2 3 2 1 3 2 3 2 2 1 1 3 3 4 4 1 2 4 
4 1 1 2 2 1 1 2 1 2 3 2 4 4 1 2 4 4 2 1 2 1 2 1 4 4 4 4 1 1 3 2 1 4 4 1 3 2 1 3 4 2 4 1 4 3 3 2 4 2 2 4 4 3 3 1 4 3 4 2 4 3 4 4 2 2 4 3 1 4 4 2 4 2 1 1 2 4 3 1 1 4 4 3 2 1 4 4 
4 2 3 1 1 4 4 4 2 1 4 2 2 1 1 1 3 3 2 1 4 1 4 1 4 1 1 4 1 1 3 3 3 2 2 2 1 3 4 4 2 3 2 1 3 3 4 4 4 3 2 2 1 1 3 4 4 4 1 4 1 4 4 1 2 2 3 1 2 4 4 1 3 3 4 3 2 2 4 1 2 4 2 3 4 4 2 4 
4 4 1 3 3 4 2 4 4 4 4 1 1 4 3 2 2 2 4 4 3 4 2 3 1 3 3 2 4 1 1 1 4 4 3 2 2 2 3 1 1 4 1 3 4 3 2 1 3 4 2 1 4 1 3 1 2 2 2 2 1 2 2 1 2 1 4 2 3 3 2 4 1 3 1 3 3 1 4 4 4 1 3 3 4 1 3 4 
4 4 1 3 1 3 3 2 1 4 2 1 1 4 4 2 2 1 3 3 4 1 2 1 2 1 3 1 3 4 1 3 4 1 1 4 2 1 1 3 2 4 3 3 2 3 3 3 4 1 3 2 4 2 4 4 3 4 1 1 2 4 3 4 3 1 1 3 1 3 2 1 2 1 1 1 2 3 4 4 3 4 2 3 1 2 2 4 
4 2 1 3 4 2 2 2 3 3 4 3 2 4 2 4 2 1 4 2 2 4 3 1 1 4 3 4 3 2 1 3 3 1 3 2 4 4 3 3 3 2 1 2 3 3 3 4 2 1 3 4 4 3 1 4 3 4 3 2 3 2 4 2 4 4 2 3 4 4 3 1 2 2 1 4 4 1 2 4 3 4 3 2 1 4 2 4 
4 4 4 4 4 4 4 4 4 4 4 4 4 4 4 4 4 4 4 4 4 4 4 4 4 4 4 4 4 4 4 4 4 4 4 4 4 4 4 4 4 4 4 4 4 4 4 4 4 4 4 4 4 4 4 4 4 4 4 4 4 4 4 4 4 4 4 4 4 4 4 4 4 4 4 4 4 4 4 4 4 4 4 4 4 4 4 4 

