87
1000
1000

[Node]
0  0  0   0  0
88 0  0   0  0

[pickup]
1       504989744      8           13
2       502791296      8           8
3       503617238      16          8
4       503207090      17          11
5       503640888      20          18
6       505115866      23          18
7       505154688      23          19
8       504829702      24          6
9       503099514      37          10
10      504558137      37          13
11      502798324      40          6
12      502997308      40          16
13      504449422      43          12
14      502792437      48          11
15      504870492      58          8
16      504807788      65          18
17      505123006      68          12
18      502786869      69          18
19      504844669      73          8
20      502786503      77          18
21      504999730      77          8
22      502791163      95          15
23      505160192      95          8
24      502958598      97          6
25      505096954      98          8
26      502791700      98          12
27      502785855      105         7
28      502873629      108         7
29      504467511      120         6
30      504845350      124         14
31      504950887      124         8
32      504787660      126         5
33      502786834      126         5
34      502794469      131         10
35      504758586      133         18
36      504782558      134         7
37      504707951      141         11
38      504750395      142         8
39      502795290      149         6
40      504112581      150         20
41      504940723      150         6
42      502794247      157         19
43      502790450      157         5
44      502786480      161         6
45      504561518      165         15
46      503297617      168         10
47      504744533      174         6
48      504783206      180         8
49      504761212      182         17
50      504800636      183         12
51      502798247      186         15
52      505112367      187         12
53      504865782      190         14
54      504941658      204         17
55      502793194      208         18
56      503107234      212         8
57      502791554      232         5
58      504940829      232         8
59      502790595      233         11
60      503900481      251         12
61      503012782      251         12
62      504555619      257         19
63      505145108      262         9
64      502786917      270         9
65      504489902      297         12
66      503284101      297         16
67      504938851      306         15
68      505084995      326         7
69      502788888      338         18
70      502798824      343         19
71      504717668      381         6
72      505071203      399         12
73      502786501      420         16
74      504938844      429         7
75      502786974      486         17
76      502796219      502         19
77      502796218      502         12
78      504800637      540         18
79      504851316      546         19
80      503658860      566         9
81      504804143      571         8
82      503257871      602         11
83      502788707      667         6
84      505121631      682         6
85      504783205      739         16
86      502797790      808         20
87      502790625      1000        13

[Speed 0]
0.81
30.0   60.0 0.0 0.6
90.0   150 0.0 0.4
300.0  540.0 0.0 0.81
570.0 630.0 0.0 0.6
660.0 720.0 0.0 0.4
750.0 840.0 0.0 0.81

[Speed 1]
1.33
30.0   60.0 0.0 0.8
90.0   150 0.0 0.6
300.0  540.0 0.0 1.33
570.0 630.0 0.0 0.8
660.0 720.0 0.0 1.3
750.0 840.0 0.0 2

[Speed 2]
1.33
30.0   60.0 0.0 1.0
90.0   150 0.0 0.8
300.0  540.0 0.0 1.33
570.0 630.0 0.0 0.8
660.0 720.0 0.0 0.6
750.0 840.0 0.0 1.5

[Speed 3]
1.5
30.0   60.0 0.0 0.9
90.0   150 0.0 0.8
300.0  540.0 0.0 1.5
570.0 630.0 0.0 0.9
660.0 720.0 0.0 0.8
750.0 840.0 0.0 1.5

[Speed 4]
2
30.0   60.0 0.0 1.1
90.0   150 0.0 0.9
300.0  540.0 0.0 2
570.0 630.0 0.0 1.1
660.0 720.0 0.0 0.9
750.0 840.0 0.0 2

[speed choose matrix]
4 4 4 4 4 4 4 4 4 4 4 4 4 4 4 4 4 4 4 4 4 4 4 4 4 4 4 4 4 4 4 4 4 4 4 4 4 4 4 4 4 4 4 4 4 4 4 4 4 4 4 4 4 4 4 4 4 4 4 4 4 4 4 4 4 4 4 4 4 4 4 4 4 4 4 4 4 4 4 4 4 4 4 4 4 4 4 4 4 
4 2 1 3 2 3 1 2 2 4 4 1 1 4 3 3 2 1 2 4 3 4 2 2 4 4 2 2 4 4 2 4 1 2 1 1 4 2 1 4 1 2 2 3 1 4 2 1 2 1 3 2 1 4 4 3 4 3 2 4 3 1 1 1 2 3 4 3 4 4 2 1 4 3 4 1 3 3 1 2 3 1 4 3 2 4 4 3 4 
4 1 3 1 2 2 3 4 1 1 3 4 1 4 2 3 4 1 3 4 4 1 2 1 3 2 1 4 3 1 3 1 1 2 3 3 2 4 1 3 1 4 4 2 3 2 1 4 3 2 3 4 4 3 1 1 1 4 2 1 2 3 3 1 2 4 4 1 3 4 4 4 2 3 3 3 3 4 4 3 1 3 1 3 3 3 2 1 4 
4 4 4 4 3 2 4 2 4 2 4 2 4 4 3 1 2 1 1 2 1 2 1 3 3 1 2 3 3 1 1 4 2 2 1 1 2 1 2 1 4 1 4 3 1 3 4 4 1 3 3 3 4 3 2 1 3 4 1 3 3 4 4 1 2 4 3 2 4 2 3 1 3 2 4 4 4 3 1 2 1 4 2 4 2 4 1 4 4 
4 1 3 3 2 1 4 3 3 1 1 4 4 2 2 4 1 1 2 2 4 1 4 2 2 2 4 1 1 2 2 4 2 3 2 4 3 2 2 2 4 3 4 4 1 4 4 4 1 1 1 4 3 3 4 1 1 2 2 3 1 2 1 3 1 3 1 1 1 1 2 3 3 3 2 3 1 3 2 3 3 2 3 2 3 1 3 1 4 
4 1 3 2 3 4 4 2 3 1 2 4 2 4 1 1 4 4 2 1 2 1 4 1 4 4 2 4 3 3 4 2 3 3 3 4 1 1 3 1 3 4 1 4 4 1 3 3 3 1 4 1 1 2 3 4 2 4 4 2 2 1 4 4 2 4 2 3 3 1 1 1 2 3 3 1 2 1 4 3 3 4 2 3 2 3 1 3 4 
4 4 1 1 3 3 2 3 1 1 2 1 3 3 3 4 4 3 3 1 1 3 4 1 3 1 1 2 1 1 2 3 3 4 3 4 1 3 4 4 3 3 2 4 3 3 3 3 4 4 3 2 1 4 1 3 3 1 4 3 3 2 3 3 4 2 2 3 4 3 4 1 1 4 4 2 2 3 4 1 1 2 4 3 1 3 2 4 4 
4 3 3 1 4 3 4 3 3 1 4 4 4 3 1 1 4 2 1 1 4 1 1 1 1 3 3 3 3 1 2 4 3 2 4 1 4 1 1 4 4 2 3 2 4 2 4 2 3 3 2 1 1 2 1 4 4 1 3 2 1 1 2 4 3 3 1 4 3 2 3 4 4 3 3 1 3 4 4 1 3 3 3 4 3 3 3 1 4 
4 4 2 3 1 1 4 3 1 4 2 2 4 3 4 1 2 3 4 2 4 4 1 2 4 1 4 3 4 2 2 3 1 2 4 1 4 3 1 1 4 2 1 1 2 3 2 4 4 3 3 3 4 4 3 1 2 4 4 1 3 2 3 4 1 3 3 1 4 2 2 4 1 3 1 1 1 3 3 2 1 3 1 2 2 2 4 1 4 
4 4 1 3 1 3 2 3 3 3 2 3 4 4 3 1 4 3 3 1 4 2 4 4 4 3 4 4 3 3 2 4 3 4 3 1 3 4 2 1 4 1 4 4 3 4 4 2 1 3 2 3 3 4 1 2 2 1 4 3 1 1 4 4 3 2 2 4 3 1 4 4 1 3 4 2 4 3 4 3 4 4 3 3 1 1 3 4 4 
4 1 3 3 2 1 4 2 4 2 4 1 2 4 1 1 1 3 2 2 1 1 3 1 4 2 2 3 4 2 2 1 1 2 3 3 1 1 3 3 4 2 3 4 3 4 3 3 2 3 3 3 3 2 1 4 2 3 2 4 3 3 2 2 2 3 1 2 4 4 2 3 2 2 3 4 4 1 2 2 1 4 2 3 4 4 4 4 4 
4 4 4 3 3 2 4 2 1 3 4 1 3 4 2 3 1 3 4 2 4 1 1 3 4 1 3 3 3 2 1 2 4 4 1 3 3 4 2 4 4 4 3 4 2 4 3 3 1 2 3 2 1 4 4 3 4 4 1 4 2 4 4 3 1 2 3 2 3 4 2 1 3 2 3 3 1 2 3 2 3 2 2 1 1 1 3 1 4 
4 3 3 4 4 3 2 1 1 2 1 4 3 2 4 1 4 2 4 2 1 4 3 4 3 3 4 4 2 1 1 3 1 4 4 2 4 2 4 1 2 1 3 2 4 2 1 4 1 2 2 3 3 4 4 3 1 3 1 4 1 4 2 1 3 1 2 1 2 1 1 4 3 1 4 2 2 1 3 1 1 2 1 3 3 3 4 3 4 
4 1 1 3 2 1 1 3 4 3 2 1 2 4 2 3 1 4 3 2 2 4 2 4 4 4 1 2 1 3 3 4 4 3 2 4 1 2 1 4 2 2 4 4 3 4 1 2 2 1 2 4 4 2 3 2 3 1 2 3 1 2 3 1 1 1 4 2 3 3 3 4 4 3 1 1 3 2 4 4 4 1 4 3 1 3 2 3 4 
4 1 3 3 2 1 3 4 2 1 1 4 1 2 2 4 3 2 2 4 3 4 1 2 1 1 1 3 1 1 4 4 3 3 4 2 1 4 1 1 1 1 1 1 2 4 4 3 2 4 3 2 2 2 3 3 2 4 4 4 2 1 2 2 4 4 3 3 2 3 2 2 4 1 4 1 4 1 3 1 3 2 2 4 4 4 3 3 4 
4 4 4 3 1 3 1 1 3 4 2 1 2 3 1 3 4 4 1 3 4 4 3 4 2 3 1 3 4 3 2 4 3 3 2 3 2 2 4 2 4 2 3 2 4 1 4 3 3 4 1 1 3 3 3 3 4 3 2 4 4 1 2 4 1 2 1 4 2 2 3 1 4 2 1 3 1 3 2 1 3 1 1 4 4 2 4 1 4 
4 4 4 2 3 4 3 2 1 3 2 2 2 3 3 1 1 2 2 3 3 3 1 4 1 1 2 3 3 3 2 1 4 2 4 4 3 3 3 2 2 4 4 3 4 3 4 1 2 2 1 2 3 1 3 1 4 2 1 3 1 2 2 4 1 1 3 3 2 4 2 1 2 3 4 3 3 4 2 4 1 2 2 4 1 2 4 1 4 
4 4 3 2 4 3 3 2 4 3 2 4 4 1 3 1 2 1 4 4 2 1 2 2 1 4 4 3 3 1 3 4 2 1 1 3 3 2 1 1 2 3 2 2 2 4 4 1 4 1 1 2 2 2 1 1 4 4 3 1 2 4 3 4 1 1 2 1 2 3 1 4 3 1 3 1 1 4 1 3 3 4 1 1 2 2 3 4 4 
4 3 1 2 3 3 2 4 4 4 3 3 4 2 4 2 3 1 2 4 1 2 1 1 4 2 2 1 3 1 3 2 4 3 4 4 2 1 3 1 2 2 3 4 1 2 3 1 4 3 1 3 3 4 2 3 1 2 2 3 3 2 2 1 2 3 2 2 4 1 3 3 1 3 1 3 1 4 2 2 3 1 3 1 1 4 2 3 4 
4 4 1 4 2 1 1 1 4 1 1 4 3 3 1 1 2 3 3 3 1 3 3 3 2 3 1 3 4 1 2 2 2 4 4 4 3 2 3 3 3 4 1 3 4 4 4 4 1 3 2 3 4 3 2 3 1 2 2 1 2 3 3 3 2 4 1 2 2 4 3 2 4 4 1 4 4 1 1 4 4 2 3 4 3 4 1 2 4 
4 2 3 4 3 2 4 2 1 3 4 3 2 4 3 1 1 1 1 1 4 2 1 4 3 2 3 1 1 2 2 4 2 3 1 4 4 1 1 2 2 2 2 2 4 3 2 4 1 3 1 2 1 1 2 1 4 1 1 4 3 1 2 2 1 2 3 4 4 4 3 2 4 4 1 3 1 3 3 3 3 2 3 1 1 2 4 4 4 
4 4 2 3 3 1 3 3 2 2 1 1 4 2 1 3 1 3 4 4 2 2 1 1 1 2 2 2 1 4 3 2 3 4 2 2 1 2 2 2 2 4 1 3 1 2 4 3 2 1 4 4 1 3 3 3 2 4 3 4 4 3 3 2 4 1 2 2 1 4 1 2 4 4 1 1 1 4 4 4 3 4 2 1 4 1 2 2 4 
4 1 2 1 2 4 3 3 1 2 2 1 2 4 2 3 4 4 3 2 3 1 3 4 4 2 2 1 3 1 3 4 3 2 4 2 4 1 4 4 2 2 2 1 3 2 3 4 2 2 1 1 3 4 3 3 1 3 4 1 3 1 3 4 3 1 4 3 1 3 4 2 4 2 2 2 3 1 2 1 2 4 4 3 2 1 4 1 4 
4 1 3 2 2 3 3 4 1 3 2 3 3 2 3 3 1 4 1 3 3 4 2 3 1 4 4 3 3 4 3 1 4 3 1 2 4 1 2 1 2 3 4 4 1 2 3 1 4 1 1 1 4 1 1 1 2 2 2 4 1 3 1 4 2 1 4 4 1 4 4 4 4 1 1 1 4 1 1 4 2 1 1 3 3 1 4 3 4 
4 3 1 4 1 4 1 1 4 2 2 2 1 4 2 1 1 3 2 1 3 4 4 2 2 3 3 2 1 1 2 2 2 4 3 3 1 1 1 3 2 4 2 1 2 2 2 3 1 3 4 4 2 1 1 4 2 2 1 2 3 1 2 2 1 1 4 1 4 1 4 2 4 3 4 3 3 2 3 3 2 4 3 2 1 3 1 4 4 
4 3 4 4 2 1 4 2 4 2 2 1 3 4 4 3 4 3 2 1 2 1 3 4 2 4 3 3 1 2 4 2 3 2 3 1 1 1 3 3 4 3 1 4 3 3 1 3 3 3 2 4 2 1 4 1 1 4 4 4 3 2 1 3 4 3 3 1 2 4 1 1 1 3 1 4 3 4 1 1 1 2 3 3 1 2 1 2 4 
4 1 3 2 1 3 4 4 1 2 4 4 1 3 2 1 4 3 3 2 4 3 1 2 1 4 1 3 1 3 1 2 4 1 3 2 4 2 3 1 3 4 3 1 3 4 2 2 4 1 4 2 1 3 4 2 4 3 3 3 3 2 1 2 4 1 2 4 2 3 3 4 3 3 4 2 2 4 1 1 3 2 4 3 3 1 1 3 4 
4 2 4 3 3 4 3 1 1 3 4 3 4 2 1 3 1 3 4 3 2 4 3 2 1 2 2 3 3 3 3 3 1 3 2 3 3 2 3 1 2 1 3 1 1 1 4 1 3 1 1 3 2 2 3 4 4 1 1 4 2 1 2 1 1 4 1 2 1 4 1 4 3 1 3 2 2 2 1 3 3 3 2 1 4 1 1 4 4 
4 1 3 3 3 4 1 1 1 1 2 1 4 3 3 4 4 2 4 1 2 1 4 4 4 1 2 4 1 4 4 4 1 4 2 4 2 1 3 1 1 3 3 2 4 3 2 2 1 2 4 4 1 3 2 4 1 1 3 2 2 4 1 1 1 1 1 4 1 4 4 3 1 1 3 2 4 3 2 1 1 3 4 4 1 2 3 1 4 
4 2 1 4 3 4 2 1 2 3 3 4 4 1 2 4 3 3 1 2 2 3 2 3 3 4 4 4 1 2 2 4 4 4 3 2 4 4 4 2 2 1 1 2 2 1 1 2 2 4 3 3 4 2 4 4 1 3 2 3 3 1 1 1 3 4 4 1 1 4 3 2 3 3 2 4 3 4 2 2 1 1 4 2 2 1 3 3 4 
4 1 2 3 3 1 3 1 3 2 1 4 1 3 1 3 1 1 4 2 2 2 3 4 3 1 1 3 1 3 4 4 2 3 1 1 3 3 2 1 4 4 1 1 4 2 1 4 1 1 3 2 4 4 1 2 2 2 4 3 4 4 1 1 4 2 2 4 1 3 1 2 3 3 4 2 2 1 1 2 3 4 3 2 1 3 4 1 4 
4 1 3 3 4 1 1 3 1 3 1 1 2 1 1 2 2 3 3 1 4 4 4 2 2 1 2 3 2 2 3 1 1 2 3 4 2 3 2 3 2 1 4 3 3 2 3 3 4 2 4 3 4 1 1 2 1 3 1 3 1 2 1 3 2 3 4 1 2 4 2 1 2 2 3 2 3 2 4 2 1 1 2 3 1 4 1 2 4 
4 1 3 1 2 1 2 1 3 1 3 1 3 1 2 2 1 4 4 2 1 3 3 1 2 4 2 4 2 1 2 2 4 4 1 4 1 3 1 3 4 1 4 4 3 1 4 3 3 2 3 4 3 4 4 3 2 3 4 2 4 1 2 1 4 2 3 1 4 2 2 1 1 4 4 3 3 3 1 3 2 4 4 4 3 3 4 1 4 
4 3 2 1 4 1 1 1 3 4 1 2 2 2 3 1 2 2 1 1 2 3 1 1 3 2 3 3 4 3 1 2 2 1 1 3 2 2 1 3 2 1 2 2 2 2 2 1 1 4 3 3 2 1 3 1 2 4 1 3 3 4 4 3 2 3 1 3 3 1 4 2 4 3 4 4 4 4 2 4 3 3 1 1 3 4 3 4 4 
4 1 1 1 3 2 2 3 1 1 1 1 2 2 1 3 2 3 2 1 2 4 2 3 2 1 3 1 4 1 3 4 1 1 2 4 3 2 4 3 3 3 1 1 4 1 3 1 3 4 4 3 4 3 3 4 3 4 3 1 2 1 4 3 2 1 1 3 1 4 4 1 1 2 4 4 3 1 2 3 1 2 1 1 2 4 3 4 4 
4 3 2 4 4 1 1 1 2 3 4 3 1 4 2 3 2 1 3 2 4 1 4 1 2 4 1 4 1 1 3 3 3 1 1 3 2 4 2 4 3 1 4 3 4 1 3 3 1 2 4 3 3 2 4 2 4 4 1 2 3 4 1 4 1 3 2 3 3 1 3 4 4 3 3 3 4 4 2 3 1 1 3 2 2 3 1 4 4 
4 3 3 4 3 2 3 2 2 3 2 4 2 3 3 3 4 2 3 1 1 3 3 4 3 4 4 1 2 3 4 3 3 4 1 2 2 1 3 3 3 3 2 3 4 4 1 3 2 4 2 2 4 2 4 2 2 4 3 4 3 1 4 3 3 3 1 2 3 1 4 4 1 3 2 4 2 4 4 1 3 3 4 1 4 4 2 4 4 
4 2 1 4 2 1 2 2 3 4 2 4 4 1 2 1 1 1 2 4 3 1 3 4 2 1 1 1 4 2 1 1 2 3 3 2 4 1 4 1 4 4 1 2 1 4 2 1 2 4 3 1 1 4 3 3 4 1 3 3 3 4 3 4 2 2 1 1 4 4 3 2 1 2 1 4 4 3 4 3 3 3 2 1 1 4 2 2 4 
4 1 2 3 2 4 1 4 2 4 3 1 3 3 2 3 2 4 4 1 2 3 3 3 1 4 3 1 1 4 1 4 4 1 3 3 3 1 1 4 3 4 4 1 3 3 4 4 2 4 4 3 3 2 3 4 2 2 4 2 1 2 3 3 1 3 4 4 4 3 3 3 3 4 4 4 2 2 1 1 4 1 3 1 1 4 4 3 4 
4 3 2 1 4 3 4 1 3 3 2 4 4 4 3 4 2 2 2 2 3 3 3 2 3 4 1 1 3 3 1 3 1 2 1 1 4 1 3 3 2 2 2 2 2 3 3 3 1 3 1 3 1 2 2 1 2 1 1 3 2 1 1 2 3 4 1 1 1 2 1 4 1 4 2 1 2 4 4 2 1 1 4 3 3 1 2 4 4 
4 1 3 1 2 4 2 1 3 3 2 3 4 3 1 3 1 3 4 2 2 4 2 3 3 2 3 3 3 1 3 2 2 1 1 4 2 1 4 2 4 1 2 2 1 4 3 2 3 3 4 3 2 4 3 1 2 2 4 4 3 4 1 4 1 3 3 4 4 1 1 1 1 4 3 2 3 2 1 3 2 3 4 4 2 1 1 1 4 
4 2 3 2 2 1 1 1 2 1 2 3 4 2 1 3 2 3 3 1 4 2 2 3 1 1 2 1 2 4 1 4 2 3 4 3 1 2 4 2 3 3 3 2 4 1 2 1 2 3 4 4 1 2 2 4 1 4 1 3 3 2 1 1 3 3 4 2 4 1 3 4 4 2 3 1 4 4 4 4 3 1 1 3 2 2 1 2 4 
4 1 2 4 4 2 2 4 1 4 2 2 4 2 1 1 2 2 3 4 3 2 4 2 3 3 1 1 3 1 4 2 4 2 3 2 2 1 4 2 4 2 1 2 2 2 1 2 1 1 3 2 2 4 2 2 3 3 2 2 2 2 2 2 3 1 2 3 3 1 1 2 2 1 3 4 1 2 1 4 1 2 1 4 4 2 4 2 4 
4 4 1 2 3 3 1 2 3 1 1 2 2 4 1 2 2 2 4 4 2 1 4 2 1 1 3 1 3 1 2 2 1 1 2 3 4 3 4 4 3 3 1 2 3 1 4 1 4 2 1 3 4 3 1 3 1 1 3 4 4 1 4 2 2 4 3 1 1 3 3 4 4 4 3 2 2 3 1 4 2 1 3 2 1 4 3 1 4 
4 1 4 3 1 3 3 2 3 4 2 1 4 2 3 3 3 2 4 2 3 1 2 4 1 2 2 2 4 1 3 2 2 3 2 3 1 4 2 3 4 1 2 2 2 1 2 3 1 2 3 1 3 4 4 1 3 3 3 4 2 4 2 1 2 2 3 2 3 3 2 1 1 3 4 4 1 1 4 2 3 3 4 4 2 1 1 2 4 
4 1 4 3 4 4 1 2 2 2 3 4 2 4 2 1 3 2 1 2 3 4 4 4 4 4 1 1 3 1 4 3 3 3 4 1 3 3 4 1 2 3 2 3 4 4 1 1 1 1 4 1 4 1 1 4 4 2 2 4 1 3 1 4 1 2 2 2 3 4 3 3 3 1 3 3 2 2 2 1 3 3 3 4 2 2 2 2 4 
4 3 2 3 2 1 3 4 2 2 3 3 3 2 2 2 2 4 1 2 3 2 3 3 2 3 4 3 4 3 3 3 4 4 3 3 4 4 4 1 4 3 3 3 4 4 2 3 2 1 4 3 3 1 1 3 3 3 3 1 2 4 1 2 1 1 4 1 1 3 4 1 3 3 3 4 1 2 3 2 2 2 1 2 1 3 3 2 4 
4 4 3 2 3 3 2 4 4 1 1 1 2 1 2 3 1 1 3 3 4 1 3 3 2 4 2 2 1 4 1 1 3 2 3 2 1 2 1 1 3 4 3 4 1 2 1 1 4 1 2 1 4 1 3 2 2 2 2 3 2 1 3 2 1 3 1 2 4 2 4 2 2 1 4 4 3 1 3 4 4 4 1 2 2 2 2 1 4 
4 3 2 1 4 4 3 4 4 1 1 2 2 1 4 1 1 1 3 4 3 1 1 1 3 3 3 3 1 3 1 1 1 2 3 2 2 1 4 1 3 3 1 2 2 1 4 3 1 3 4 4 2 1 3 3 4 2 2 1 4 3 3 2 1 4 3 1 4 4 1 4 2 4 2 1 3 1 3 2 4 2 4 2 4 4 4 4 4 
4 2 3 1 1 3 2 3 4 1 1 1 2 2 1 3 2 2 2 2 2 4 4 3 2 3 1 4 4 4 4 4 1 4 4 1 2 1 2 2 4 1 2 1 1 3 1 1 4 2 4 1 1 2 2 4 3 4 2 3 4 1 1 4 3 4 1 3 4 3 1 2 1 4 1 4 1 2 4 2 1 3 4 1 1 3 3 4 4 
4 2 4 3 2 4 2 3 1 4 4 4 3 3 2 4 2 2 2 2 4 2 3 2 4 3 2 2 2 3 4 2 2 3 2 2 1 4 3 2 1 3 2 1 1 3 2 4 3 3 3 2 4 1 2 3 1 2 4 1 4 2 3 2 1 4 3 4 4 4 4 3 4 2 3 2 2 2 4 4 1 4 1 3 2 2 3 4 4 
4 4 3 4 1 1 2 4 3 2 2 1 3 1 2 1 2 4 1 3 3 4 2 4 1 4 2 1 2 1 1 4 4 2 3 3 2 3 1 2 4 1 2 1 2 4 3 4 2 1 1 1 3 2 3 2 4 2 1 1 1 1 4 1 2 2 2 2 2 4 4 1 4 3 4 4 2 1 3 2 1 2 2 1 4 2 2 2 4 
4 4 2 3 2 4 3 1 2 4 2 3 4 3 1 2 3 2 3 2 3 2 1 1 2 4 2 3 2 1 2 2 3 4 2 4 3 2 3 1 3 1 4 2 1 1 3 2 3 4 3 3 4 4 3 4 1 4 2 1 3 3 1 1 4 2 2 1 3 3 1 2 2 4 2 2 1 3 3 1 2 2 1 1 3 1 1 2 4 
4 4 1 4 2 2 2 1 2 1 4 1 1 4 1 3 2 2 1 4 4 2 3 1 1 4 2 4 3 3 2 3 1 1 4 2 3 4 2 1 4 1 2 4 2 3 2 2 2 1 3 1 4 2 1 3 2 1 2 4 4 3 3 3 2 3 2 3 3 1 3 3 1 2 3 3 2 4 1 3 3 3 4 3 3 3 4 1 4 
4 3 3 3 1 3 2 1 1 1 1 3 4 3 4 4 1 4 4 3 3 4 2 4 4 4 4 3 3 2 4 1 2 3 2 3 3 2 4 2 2 2 1 3 1 2 1 4 3 1 3 1 2 1 2 3 4 2 4 1 2 1 1 1 4 3 4 1 4 2 1 1 4 4 3 1 3 4 3 1 4 1 3 2 4 1 1 4 4 
4 1 2 1 2 2 1 2 4 3 1 4 2 4 4 1 2 4 1 2 4 4 1 2 2 4 2 2 4 2 2 4 2 2 3 3 3 4 4 4 3 4 1 1 1 1 3 4 2 4 1 2 1 3 2 3 4 4 3 4 4 2 2 3 2 3 2 4 1 3 2 3 4 1 2 2 4 4 1 4 1 3 4 2 1 3 1 2 4 
4 4 4 1 2 2 3 3 3 2 2 2 2 2 4 1 2 4 4 4 4 3 2 2 4 4 1 4 2 4 4 1 3 2 1 3 3 1 4 1 2 1 2 1 4 3 2 1 1 4 2 1 1 3 2 1 2 3 3 2 1 3 3 2 1 3 4 4 3 4 1 3 2 2 4 1 1 1 4 1 3 2 2 2 3 4 4 3 4 
4 4 4 4 2 1 1 4 3 3 4 4 4 1 2 1 4 3 1 4 4 1 2 4 1 4 2 3 1 3 4 4 4 3 4 3 1 2 2 2 3 2 4 4 3 1 1 4 3 1 2 4 1 1 1 4 4 1 2 3 3 3 1 2 3 2 1 4 3 2 1 3 4 3 2 1 4 2 1 3 3 2 1 3 3 4 2 3 4 
4 4 3 2 1 3 2 4 4 4 1 3 3 2 1 4 3 1 1 1 1 4 3 4 1 2 2 4 2 2 3 3 1 3 3 3 3 4 3 3 3 3 2 4 1 1 4 1 1 2 1 4 1 4 4 4 1 1 3 1 2 2 4 1 3 2 2 4 2 2 2 4 4 2 3 1 2 2 3 1 3 4 3 1 3 2 1 3 4 
4 1 3 2 2 2 1 2 3 3 3 2 3 1 3 1 3 2 4 3 1 4 4 4 4 1 3 4 1 2 1 4 2 3 2 3 2 1 4 3 2 1 4 3 3 2 3 2 1 1 3 3 4 2 1 4 4 2 1 3 2 3 1 1 1 1 4 1 4 2 4 3 1 1 4 1 3 4 1 4 4 2 1 1 3 3 1 2 4 
4 3 3 1 1 4 2 3 2 1 2 3 1 3 3 2 4 4 2 1 1 2 4 2 2 4 3 1 4 2 4 1 1 1 3 2 4 2 3 4 2 4 4 1 3 3 1 3 1 4 2 3 1 2 2 3 2 4 3 3 4 3 4 1 1 2 4 4 1 2 4 3 1 2 3 4 3 4 3 2 4 4 3 3 1 1 3 4 4 
4 1 1 2 3 2 3 4 1 2 4 4 1 3 4 4 4 1 1 4 3 1 3 4 3 1 4 2 3 2 2 3 2 4 1 1 2 3 4 1 2 3 1 2 2 1 4 4 4 2 2 2 2 2 4 3 3 1 1 3 2 4 1 2 2 3 4 1 2 3 4 2 4 4 2 1 3 1 3 1 2 4 3 1 4 2 2 3 4 
4 3 1 1 4 2 2 4 3 3 2 3 3 4 2 4 3 2 2 4 1 4 1 3 4 4 4 1 1 2 3 4 1 1 4 2 3 2 3 4 4 3 4 4 2 2 1 3 3 1 2 2 2 1 3 2 3 1 2 4 2 2 3 3 2 3 1 3 2 3 2 2 4 1 1 3 4 2 2 2 1 2 1 3 4 2 1 2 4 
4 1 1 2 1 3 2 4 4 3 4 3 2 4 1 2 2 4 2 3 4 2 4 2 4 1 1 4 3 1 1 4 1 4 1 2 1 3 4 2 3 1 4 4 2 1 1 1 2 4 2 1 3 3 3 3 4 2 3 1 2 3 3 2 4 2 4 1 2 3 3 3 3 4 4 3 4 2 3 4 3 2 4 4 1 4 1 1 4 
4 1 4 1 3 3 2 3 2 2 4 4 1 4 2 4 1 2 4 1 4 4 2 3 1 2 1 3 2 2 1 2 2 1 4 2 2 4 3 1 4 2 4 2 4 3 3 4 1 1 4 3 3 1 2 4 2 1 2 1 3 3 4 1 3 4 4 2 4 2 3 4 1 2 1 4 1 4 2 3 4 3 4 1 3 3 4 1 4 
4 3 3 2 4 2 2 4 3 3 2 3 2 3 4 3 1 3 4 2 3 3 3 3 1 4 1 2 1 3 4 3 2 2 4 4 3 2 4 1 3 1 2 3 1 1 1 1 1 2 1 3 2 1 4 3 2 4 2 3 2 4 4 1 3 4 4 4 1 1 3 2 1 1 4 4 3 3 1 4 1 1 2 4 4 2 3 4 4 
4 2 4 2 2 2 1 3 1 3 2 3 2 3 1 3 4 3 1 2 4 4 3 4 2 2 2 1 4 1 1 2 4 4 3 4 1 4 4 2 3 2 3 1 2 1 4 2 1 1 3 4 4 2 3 3 3 3 2 4 4 4 3 2 2 2 3 2 2 3 2 2 4 1 3 2 3 3 1 3 1 1 1 4 2 4 2 1 4 
4 2 2 1 1 1 3 3 2 3 4 2 4 1 2 3 3 4 2 1 3 2 3 4 1 3 2 1 1 3 4 2 4 1 2 1 2 2 4 1 4 1 4 3 1 4 2 3 4 2 4 1 2 3 4 1 3 4 3 3 2 1 4 3 3 3 4 2 2 3 4 3 3 1 4 1 3 4 3 2 4 4 1 4 1 4 2 4 4 
4 1 1 1 4 4 4 1 2 2 4 1 4 2 3 4 1 2 2 4 3 2 1 1 2 2 3 1 3 3 2 3 4 1 3 3 2 3 2 3 4 2 4 2 3 1 1 3 3 1 4 2 3 1 3 3 4 4 3 1 1 2 4 2 2 2 4 3 2 1 4 2 4 2 4 3 4 3 2 4 2 2 1 2 1 2 3 4 4 
4 4 4 4 4 4 2 3 3 4 4 2 2 1 1 1 3 4 1 4 3 4 1 2 2 4 3 3 2 1 4 1 3 4 4 1 2 4 4 1 3 4 4 3 4 2 1 2 4 3 2 2 4 3 4 4 2 1 1 3 4 4 4 2 2 2 4 2 1 3 1 4 4 3 1 1 3 4 2 3 1 4 2 2 3 2 2 4 4 
4 3 1 1 4 3 2 3 2 3 1 2 4 1 4 2 2 3 2 1 4 1 2 1 3 2 4 4 3 3 2 2 3 4 4 2 4 3 4 3 1 2 2 1 3 4 1 1 4 4 3 1 1 1 3 1 2 4 1 2 3 2 3 4 3 1 1 4 3 1 2 1 1 1 2 3 4 1 2 1 4 4 1 1 1 3 4 1 4 
4 1 4 3 4 4 2 2 2 2 2 3 4 4 4 1 3 2 2 2 4 3 2 1 1 3 1 4 1 3 2 3 2 2 2 3 1 3 4 2 2 3 1 2 4 4 4 3 4 2 3 1 3 4 2 1 1 2 3 1 1 1 4 1 2 4 1 3 1 3 3 1 1 1 2 2 2 1 1 2 2 4 3 3 1 2 4 4 4 
4 1 3 1 4 4 3 1 2 4 1 3 3 2 2 1 3 4 3 3 1 3 4 4 2 4 2 4 2 2 3 2 1 3 2 3 3 2 3 3 4 2 1 1 3 3 1 3 3 4 1 1 2 1 3 1 2 3 1 1 2 4 4 2 1 2 2 4 3 4 2 4 3 2 4 3 2 1 4 2 4 3 1 1 3 4 1 1 4 
4 1 3 4 4 2 2 1 2 4 4 1 4 3 1 4 3 4 4 1 1 4 4 1 2 2 2 2 1 1 4 1 1 2 4 2 4 3 4 2 1 1 4 2 3 1 2 4 3 2 4 3 2 4 2 3 4 1 2 4 1 1 1 1 3 4 3 1 4 4 4 3 1 1 1 1 3 1 4 4 2 3 1 1 2 4 2 1 4 
4 2 1 4 3 2 1 2 2 2 3 4 1 2 1 4 3 1 3 4 1 2 4 2 2 1 1 4 2 1 3 3 1 1 2 3 1 2 1 3 1 1 2 3 4 3 4 2 3 3 3 4 1 4 2 4 3 1 1 1 4 2 1 2 4 2 2 4 3 2 3 4 4 2 1 4 3 3 1 1 1 4 1 2 4 1 2 2 4 
4 4 2 4 3 1 1 1 2 1 4 4 4 4 3 3 2 2 1 4 3 1 3 4 3 3 4 3 1 2 2 3 1 1 2 3 3 4 2 1 4 2 3 2 1 3 1 3 1 1 1 2 4 1 3 4 3 3 3 3 4 2 2 4 4 1 1 1 3 4 2 1 4 1 1 3 4 4 2 2 2 2 3 1 3 1 4 3 4 
4 2 3 1 4 3 2 4 3 1 3 2 4 3 3 1 4 2 1 1 3 4 1 2 3 2 3 3 2 2 4 3 4 4 3 4 2 1 4 1 2 3 2 2 3 2 2 3 1 3 3 1 4 4 3 1 2 3 4 1 1 3 2 4 4 4 1 3 4 4 3 4 3 1 1 3 2 1 3 3 4 1 2 4 2 2 1 3 4 
4 1 2 4 3 1 3 4 3 1 2 3 3 2 3 1 4 4 3 4 1 2 2 1 2 2 3 1 1 1 2 3 4 4 4 3 1 4 4 4 1 3 3 4 2 4 3 1 1 3 3 2 2 4 4 4 2 3 3 3 2 3 4 1 1 1 2 2 4 3 4 3 2 2 2 4 2 3 4 4 4 1 2 1 2 1 1 2 4 
4 3 4 3 4 4 2 1 4 4 4 2 3 2 1 1 4 1 3 1 1 3 3 2 1 1 2 2 4 1 4 1 4 3 1 4 3 4 1 4 3 3 4 1 3 3 2 2 2 2 1 1 4 3 1 3 2 3 1 3 4 4 4 4 3 3 4 2 4 3 1 2 4 4 2 1 2 4 2 1 3 3 4 2 1 4 3 1 4 
4 3 2 1 4 1 1 2 4 4 1 2 3 1 2 1 2 3 1 3 2 4 3 2 1 4 2 1 3 1 2 2 4 2 3 2 2 3 2 4 2 2 3 3 2 3 3 3 3 3 3 1 1 1 1 3 2 4 3 4 2 1 3 1 2 2 3 3 3 4 2 2 1 1 2 2 1 4 3 2 3 2 3 3 1 3 1 2 4 
4 4 4 1 2 2 4 3 1 2 4 1 2 4 2 1 1 2 1 1 3 4 4 4 2 4 3 4 4 1 1 3 3 4 4 1 4 3 4 3 1 2 3 4 2 1 4 3 2 1 1 4 3 1 1 4 4 2 1 2 1 1 3 1 2 3 2 4 2 4 2 2 1 3 2 2 2 4 2 2 3 3 2 4 3 2 1 2 4 
4 1 1 1 3 2 2 4 2 4 3 2 1 1 4 2 1 2 2 3 2 4 2 1 2 3 2 2 4 3 4 4 3 4 3 2 2 3 4 4 4 2 4 2 2 1 4 3 3 4 1 2 1 4 1 2 4 3 3 3 4 4 1 3 4 1 3 1 1 2 2 4 3 3 4 2 1 4 1 2 1 2 1 3 2 1 3 3 4 
4 2 4 1 3 2 4 1 3 1 2 3 1 1 1 1 2 3 4 3 3 1 1 3 2 1 4 1 3 2 3 2 3 1 2 2 2 2 1 4 3 4 3 1 1 1 3 1 1 1 1 1 2 4 3 4 4 4 3 3 1 1 2 4 2 2 4 3 1 4 2 3 1 2 4 4 4 2 2 2 1 2 3 3 4 4 1 2 4 
4 1 4 2 3 4 1 1 1 2 3 4 4 2 2 2 1 2 2 2 4 4 1 4 1 4 4 2 1 2 4 2 2 3 4 3 3 3 2 2 1 2 2 1 1 4 4 2 2 1 3 4 1 3 4 3 3 4 3 1 1 2 1 4 3 4 4 1 2 2 4 3 1 2 1 4 1 1 4 3 2 4 3 3 1 3 3 3 4 
4 2 2 4 1 3 2 3 1 1 1 3 4 1 4 3 3 3 1 2 2 1 3 1 2 3 3 2 4 3 4 2 4 2 4 2 2 1 3 3 4 3 2 2 4 4 3 4 2 2 3 2 4 2 3 2 1 1 3 4 4 1 2 1 4 2 1 3 2 3 4 3 3 3 3 1 2 4 3 4 3 4 3 2 4 3 2 3 4 
4 3 3 1 3 4 3 3 2 2 1 4 2 1 1 4 2 4 4 1 2 2 4 4 4 4 1 2 1 3 2 1 3 3 1 1 2 3 3 1 1 2 4 4 4 1 1 4 3 1 1 2 4 3 4 1 3 2 2 4 3 1 3 2 3 4 3 1 2 3 1 3 2 4 1 1 1 1 4 1 2 1 1 1 4 1 1 4 4 
4 3 3 1 2 4 3 1 3 3 4 1 2 3 1 2 1 4 1 3 4 2 2 2 3 4 4 1 3 3 1 2 3 3 4 1 4 1 4 1 3 4 3 1 2 4 4 4 4 1 2 2 4 2 3 1 1 3 3 2 3 1 4 1 4 2 4 1 3 3 4 1 1 3 1 1 2 2 3 2 2 2 4 2 1 1 4 2 4 
4 1 1 4 1 4 1 3 2 2 3 3 2 2 3 4 1 1 2 4 4 1 1 2 3 2 3 4 2 3 2 4 1 4 3 4 1 1 2 2 2 2 4 3 4 3 2 4 2 2 4 3 1 4 1 2 2 1 2 4 4 1 3 2 4 1 1 1 2 3 2 1 2 3 4 4 1 4 3 3 3 3 1 1 1 2 4 1 4 
4 4 4 4 4 4 4 4 4 4 4 4 4 4 4 4 4 4 4 4 4 4 4 4 4 4 4 4 4 4 4 4 4 4 4 4 4 4 4 4 4 4 4 4 4 4 4 4 4 4 4 4 4 4 4 4 4 4 4 4 4 4 4 4 4 4 4 4 4 4 4 4 4 4 4 4 4 4 4 4 4 4 4 4 4 4 4 4 4 

