87
1000
1000

[Node]
0  0  0   0  0
88 0  0   0  0

[pickup]
1       505193084      24          8
2       504507033      24          14
3       504558137      25          18
4       505031054      25          16
5       504944052      30          12
6       505112394      32          16
7       502785856      33          7
8       503641850      34          9
9       505123014      40          9
10      502795408      40          13
11      505195416      42          5
12      502787835      42          5
13      504512179      44          11
14      504398964      45          18
15      502794879      48          11
16      502795382      48          16
17      505193078      52          20
18      502795303      56          6
19      502795373      57          19
20      505185201      58          7
21      505131975      59          7
22      505128819      65          18
23      502795366      66          9
24      502794343      74          14
25      502797785      76          15
26      504609080      81          12
27      503297617      83          6
28      505186923      84          5
29      504758586      88          7
30      502795314      89          8
31      502786505      96          17
32      502795975      96          10
33      502794469      96          17
34      502970886      99          11
35      505026956      99          10
36      504633794      100         18
37      505036392      103         6
38      502794188      106         18
39      503242004      108         15
40      503284249      109         7
41      502800258      111         5
42      505137551      112         13
43      504930829      114         8
44      505046733      122         12
45      502795434      128         9
46      504354545      134         13
47      502878271      136         12
48      502787651      153         12
49      502792419      156         14
50      502796205      157         16
51      505170924      158         18
52      504959841      160         15
53      504940819      181         9
54      505129431      187         14
55      502789312      188         20
56      505163840      191         15
57      502833962      194         10
58      504783211      200         20
59      504561518      201         19
60      504139409      203         7
61      503123568      218         6
62      503824141      221         15
63      502786501      221         11
64      504814520      229         5
65      503168027      245         16
66      504303490      251         17
67      502791365      252         6
68      505188477      271         16
69      504695606      303         13
70      502947479      315         9
71      502789207      320         13
72      503108157      341         10
73      505195426      348         7
74      502794583      357         13
75      502797790      392         13
76      502798415      395         8
77      503838473      400         20
78      502785770      444         5
79      502797193      516         16
80      502785857      519         13
81      503157758      547         12
82      504706103      568         20
83      504966944      568         8
84      503557118      572         19
85      504970852      867         18
86      504851316      936         18
87      505080279      992         10

[Speed 0]
0.81
30.0   60.0 0.0 0.6
90.0   150 0.0 0.4
300.0  540.0 0.0 0.81
570.0 630.0 0.0 0.6
660.0 720.0 0.0 0.4
750.0 840.0 0.0 0.81

[Speed 1]
1.33
30.0   60.0 0.0 0.8
90.0   150 0.0 0.6
300.0  540.0 0.0 1.33
570.0 630.0 0.0 0.8
660.0 720.0 0.0 1.3
750.0 840.0 0.0 2

[Speed 2]
1.33
30.0   60.0 0.0 1.0
90.0   150 0.0 0.8
300.0  540.0 0.0 1.33
570.0 630.0 0.0 0.8
660.0 720.0 0.0 0.6
750.0 840.0 0.0 1.5

[Speed 3]
1.5
30.0   60.0 0.0 0.9
90.0   150 0.0 0.8
300.0  540.0 0.0 1.5
570.0 630.0 0.0 0.9
660.0 720.0 0.0 0.8
750.0 840.0 0.0 1.5

[Speed 4]
2
30.0   60.0 0.0 1.1
90.0   150 0.0 0.9
300.0  540.0 0.0 2
570.0 630.0 0.0 1.1
660.0 720.0 0.0 0.9
750.0 840.0 0.0 2

[speed choose matrix]
4 4 4 4 4 4 4 4 4 4 4 4 4 4 4 4 4 4 4 4 4 4 4 4 4 4 4 4 4 4 4 4 4 4 4 4 4 4 4 4 4 4 4 4 4 4 4 4 4 4 4 4 4 4 4 4 4 4 4 4 4 4 4 4 4 4 4 4 4 4 4 4 4 4 4 4 4 4 4 4 4 4 4 4 4 4 4 4 4 
4 1 2 4 2 2 2 4 4 4 3 3 4 2 1 4 3 3 4 1 3 3 1 3 2 4 1 4 1 1 1 2 2 2 4 3 2 4 3 3 2 4 2 2 4 4 3 2 2 3 3 4 4 3 3 1 3 2 2 3 4 1 3 1 4 3 4 3 4 4 2 1 3 4 4 3 3 2 4 2 4 2 1 3 3 3 4 4 4 
4 3 1 1 2 2 1 3 3 4 4 4 3 4 3 4 2 3 3 3 4 2 3 3 3 4 3 1 4 1 4 4 2 3 3 2 4 4 2 3 1 3 1 4 4 4 4 3 2 4 3 3 1 2 4 2 4 2 4 4 1 2 1 1 2 4 1 3 4 1 2 2 3 2 2 2 2 2 2 3 4 2 2 2 2 2 3 1 4 
4 4 2 3 2 1 3 1 3 1 2 3 4 3 3 1 1 1 3 3 2 3 4 4 2 1 4 3 3 3 3 3 3 1 1 2 1 4 4 1 4 1 1 1 1 4 1 1 3 4 3 4 1 1 3 2 2 3 4 2 1 2 4 3 4 3 3 2 3 2 2 2 4 2 4 4 2 2 1 2 1 4 1 1 2 2 1 1 4 
4 1 1 4 2 3 1 4 1 2 2 4 4 3 1 2 4 3 2 2 1 3 3 2 2 3 3 3 1 1 2 1 4 2 1 3 2 2 3 2 1 4 4 3 3 1 3 2 3 2 4 3 1 2 2 2 1 3 3 2 4 3 3 1 1 2 1 4 1 2 4 3 1 1 3 4 2 2 1 3 2 2 2 4 1 4 1 3 4 
4 4 3 4 3 3 1 2 1 1 1 4 4 1 4 4 3 3 2 4 1 4 4 2 4 2 3 4 2 2 1 1 1 1 3 2 1 2 2 4 4 4 1 3 2 3 1 3 4 4 1 4 2 4 3 3 2 3 2 2 1 1 1 1 1 1 1 1 3 3 4 4 4 2 1 1 1 4 2 1 4 3 4 2 2 3 1 1 4 
4 1 2 3 2 1 2 3 1 3 2 1 2 1 3 2 4 1 1 1 4 3 2 3 2 3 3 4 3 1 2 3 1 4 3 2 3 1 3 2 4 4 4 3 3 1 1 3 1 1 2 1 2 4 1 1 4 1 3 1 4 1 3 3 1 3 4 1 1 1 3 1 3 2 1 4 4 2 2 4 4 4 1 1 3 2 4 2 4 
4 3 4 3 2 4 2 3 1 2 2 4 1 1 4 4 3 3 3 4 3 4 3 4 2 1 3 2 2 2 3 1 4 3 4 3 2 1 3 2 1 1 3 3 3 4 1 3 1 1 3 1 2 1 4 4 1 3 4 1 4 4 1 3 4 1 1 2 1 4 2 2 1 4 2 1 2 4 3 3 1 3 2 4 2 1 1 4 4 
4 2 2 4 3 1 1 3 4 4 2 2 4 2 2 2 4 3 4 1 3 3 4 2 1 4 3 2 3 4 4 3 2 3 1 2 4 1 2 4 1 4 3 1 4 4 4 2 3 2 2 1 1 2 1 4 4 3 2 2 4 4 4 4 1 1 3 2 1 2 3 3 1 4 3 4 2 3 2 4 1 4 4 2 4 4 1 4 4 
4 2 2 1 1 4 1 1 3 3 3 3 1 2 2 4 2 4 2 2 4 2 4 1 1 3 1 4 3 2 3 2 4 3 3 3 3 1 2 4 1 3 1 3 2 2 4 1 4 1 3 4 2 2 1 4 1 3 4 1 3 4 1 2 1 2 1 3 2 2 4 2 3 2 2 1 2 2 4 2 2 4 1 4 4 1 1 3 4 
4 2 3 4 3 3 1 3 4 4 4 3 2 2 2 3 4 1 2 2 2 2 1 3 3 2 1 1 4 1 2 4 1 2 3 2 1 1 2 4 1 3 4 3 2 2 2 3 3 4 2 2 1 4 3 2 3 2 2 3 4 4 4 2 3 1 2 2 4 4 3 1 1 4 3 4 4 1 4 4 2 2 4 2 4 2 4 4 4 
4 1 3 4 1 1 2 1 2 4 1 3 2 3 1 2 1 4 4 3 2 4 4 2 1 4 2 2 2 4 1 3 3 2 3 4 3 2 3 1 3 3 3 1 1 3 4 2 2 4 4 3 1 2 3 1 3 2 2 2 4 1 3 3 2 3 3 3 3 3 3 3 4 3 3 3 2 1 4 1 2 1 4 1 2 3 3 3 4 
4 4 4 3 4 3 1 4 1 2 4 1 1 3 3 3 1 1 2 1 1 4 3 2 4 1 1 3 2 4 1 2 4 1 2 2 2 2 1 3 1 1 2 4 2 4 4 3 3 3 1 4 4 1 3 2 1 3 2 3 1 4 3 4 1 2 2 4 2 3 4 2 2 4 2 3 2 2 3 4 2 1 4 4 3 4 3 2 4 
4 4 2 3 1 2 4 4 2 3 1 2 1 2 1 2 2 1 3 3 3 4 4 1 3 4 4 1 2 3 4 1 2 4 3 2 2 4 2 3 2 1 1 2 3 3 3 2 2 3 4 4 3 3 1 4 4 1 3 4 1 1 1 2 4 3 3 2 2 2 2 4 4 4 1 3 3 4 3 1 1 1 1 1 3 3 1 3 4 
4 3 2 2 4 2 1 3 4 4 1 4 1 1 3 4 1 1 2 1 2 4 3 4 2 1 1 4 2 1 2 1 3 2 4 2 3 2 4 1 3 3 1 4 2 4 3 4 4 3 4 1 1 4 2 1 2 4 1 3 3 2 2 2 4 1 4 4 3 4 3 3 2 3 3 4 1 3 4 3 3 4 4 2 2 2 2 1 4 
4 1 1 3 2 4 2 1 2 2 4 3 3 4 2 4 4 1 2 2 1 4 4 2 4 3 4 1 3 1 3 3 4 4 1 2 4 1 4 3 1 4 1 3 3 3 1 3 3 4 4 3 3 1 2 1 2 2 3 1 4 3 3 1 4 4 3 3 4 3 3 3 2 2 2 1 3 3 4 1 4 2 3 4 4 1 2 2 4 
4 4 3 2 1 3 4 2 4 2 1 3 4 3 3 1 2 3 4 1 4 4 4 3 1 1 1 1 1 4 2 4 4 4 4 2 1 3 2 1 2 2 1 2 4 2 1 1 3 1 3 2 2 4 3 1 2 3 4 1 1 4 4 4 2 4 1 3 3 1 2 4 3 3 3 3 3 2 4 1 3 3 2 1 2 4 1 2 4 
4 2 4 1 2 4 3 3 3 3 2 4 4 4 2 4 2 1 2 4 3 3 4 2 2 4 4 2 4 2 4 1 4 1 3 4 1 4 4 4 2 1 2 1 1 3 2 4 3 2 3 2 1 3 1 2 1 1 4 1 2 2 2 4 2 1 1 4 2 1 1 4 4 1 3 4 2 1 2 3 4 3 2 3 3 2 1 3 4 
4 1 1 3 2 3 3 3 2 2 2 4 1 4 1 4 2 3 4 1 4 2 1 2 1 1 4 4 3 4 3 1 4 1 4 3 3 2 4 4 2 1 4 3 4 1 1 1 4 2 2 1 1 3 4 2 2 4 4 2 2 4 2 4 3 3 3 2 1 4 2 3 4 2 1 3 2 1 2 4 4 1 4 2 1 4 3 2 4 
4 3 2 4 4 4 1 1 4 3 4 3 3 2 4 4 2 2 2 2 1 3 3 4 4 2 4 1 4 2 3 4 4 4 3 2 4 4 1 3 1 3 1 4 2 4 2 4 3 1 3 2 2 4 4 1 3 3 2 2 1 2 1 3 1 4 1 2 1 3 2 2 2 3 4 3 3 4 1 1 3 2 2 2 2 4 2 3 4 
4 1 3 2 1 2 2 1 1 3 1 4 3 2 3 3 1 3 3 1 1 1 3 2 4 4 4 1 1 2 1 1 4 2 3 3 3 2 2 1 3 2 4 1 3 4 2 2 2 4 1 1 3 1 2 3 3 1 3 1 2 1 3 3 3 2 4 4 2 2 3 3 2 4 4 2 2 3 1 2 3 3 3 1 1 3 1 3 4 
4 2 2 4 3 1 2 1 1 1 2 2 3 2 2 1 1 3 2 1 2 1 1 2 2 2 1 2 3 3 3 2 4 4 3 2 3 2 3 1 4 4 4 4 1 4 1 2 1 4 2 3 2 2 4 1 2 1 3 1 3 3 3 4 4 3 1 4 1 3 4 3 1 4 3 2 4 4 1 4 2 1 4 4 4 4 1 1 4 
4 3 3 4 1 2 2 2 3 1 3 4 3 4 4 3 1 3 4 4 4 1 2 3 4 1 4 2 1 4 3 4 3 2 2 4 1 4 3 1 3 2 2 4 2 3 3 1 2 1 4 4 3 1 1 1 3 3 2 3 4 2 3 4 3 1 1 3 3 3 4 4 1 2 3 1 3 3 2 4 4 2 1 4 1 2 2 4 4 
4 4 2 2 3 2 3 2 2 4 3 4 1 4 3 3 4 3 2 1 2 3 1 4 3 3 3 2 3 3 3 1 1 1 2 1 1 3 3 3 4 3 1 1 1 3 4 1 3 3 3 1 3 4 2 1 3 1 4 1 2 1 1 1 1 2 2 3 3 4 2 4 2 4 3 2 3 2 1 2 3 2 2 2 3 2 3 4 4 
4 4 1 4 1 3 3 2 3 1 4 4 3 4 2 3 1 4 3 4 4 3 1 2 4 2 4 2 3 3 2 2 2 2 1 1 3 1 4 4 2 4 1 4 2 3 1 3 3 4 2 1 4 1 3 4 2 2 1 2 4 1 1 1 4 2 2 2 4 1 2 4 4 2 2 4 1 1 1 2 2 3 2 4 1 4 1 2 4 
4 3 4 4 1 3 4 2 1 1 4 3 1 2 4 2 3 4 2 4 2 3 4 2 2 1 4 4 2 4 4 3 1 1 4 3 2 3 1 1 3 2 1 2 2 1 2 4 1 3 3 4 3 2 1 2 1 3 3 1 3 3 4 2 2 3 2 3 4 1 4 2 4 1 3 3 2 3 4 3 2 3 4 3 1 3 1 3 4 
4 4 3 3 3 3 1 3 2 2 2 3 2 4 3 2 1 2 2 3 2 2 2 2 1 3 4 4 4 2 1 1 2 3 2 1 2 3 3 1 3 4 3 2 3 1 3 2 2 2 1 3 4 2 3 4 4 3 1 3 1 4 2 1 3 1 3 1 3 4 1 3 4 3 3 4 4 2 1 2 2 1 2 3 4 1 1 3 4 
4 1 4 1 1 1 3 4 3 3 2 2 1 4 4 3 2 2 3 1 2 4 3 1 3 4 4 1 3 3 4 3 4 4 1 2 3 2 1 2 1 4 1 2 2 1 4 2 3 1 2 1 2 4 1 4 1 1 3 2 1 4 1 3 1 4 3 3 1 1 4 2 4 2 1 4 2 1 2 1 3 2 2 2 3 3 4 3 4 
4 1 4 2 4 4 4 4 2 2 2 2 2 1 1 1 3 4 1 3 1 4 1 4 2 3 4 2 4 3 1 4 4 1 1 3 3 3 3 2 3 3 4 4 4 2 3 4 4 3 3 2 4 3 2 4 3 1 2 3 2 2 2 4 1 4 2 4 3 2 3 4 4 2 4 3 1 2 3 2 2 3 4 2 1 3 1 2 4 
4 1 4 1 4 2 3 2 3 4 1 3 1 1 4 4 3 1 3 2 4 4 1 2 1 1 1 4 4 4 4 2 3 2 1 3 2 3 4 3 1 1 4 3 2 3 4 1 3 2 1 4 3 1 4 1 4 2 4 1 4 4 1 4 1 4 1 1 2 2 3 3 3 2 3 4 3 2 1 3 3 3 1 2 4 4 2 1 4 
4 4 4 4 1 1 1 4 2 4 3 3 3 2 2 2 4 4 2 1 1 1 1 3 3 3 3 2 2 1 3 1 3 4 2 3 4 1 1 2 1 2 3 3 1 2 2 4 4 3 3 3 3 1 4 4 4 4 2 3 3 2 2 3 1 1 4 2 3 4 2 2 2 3 2 3 1 3 2 2 3 3 2 2 1 4 3 4 4 
4 2 1 4 3 4 4 3 2 3 4 2 2 3 2 4 1 3 1 1 2 2 1 4 3 4 3 4 1 1 1 3 4 2 1 3 4 4 1 3 1 4 2 4 2 2 4 2 4 4 4 3 2 3 4 1 2 3 1 2 1 3 2 2 4 1 3 4 1 1 2 3 4 4 3 2 3 4 4 2 4 2 2 4 2 2 4 2 4 
4 4 2 2 4 2 3 1 1 1 1 4 1 2 2 4 1 3 3 3 1 3 3 1 4 1 2 4 1 4 4 4 4 3 4 2 1 1 2 4 2 1 1 3 3 1 1 2 4 1 3 3 1 2 2 4 4 1 4 4 2 2 4 3 4 3 4 4 2 2 2 2 3 1 2 4 3 1 4 3 3 1 1 2 2 2 1 4 4 
4 4 1 1 4 4 3 4 4 4 4 3 4 1 1 3 3 1 2 4 3 1 3 4 2 4 1 2 1 3 1 4 1 3 4 1 1 4 3 3 1 4 3 2 1 1 4 2 1 1 4 2 1 2 4 3 3 2 2 3 1 2 2 4 2 3 4 3 2 2 4 2 2 2 2 1 1 1 3 1 1 1 2 2 3 1 3 2 4 
4 4 2 4 2 4 3 3 2 3 4 1 4 2 4 3 4 2 4 2 2 2 4 4 2 2 4 3 1 1 3 1 1 3 4 1 2 1 3 2 4 4 4 3 2 4 2 2 3 3 4 2 1 1 2 3 2 2 4 2 3 2 2 1 1 3 4 3 3 3 3 1 1 4 2 3 1 1 4 3 3 2 4 3 2 3 1 1 4 
4 3 4 1 4 3 1 4 2 3 4 4 2 2 1 2 1 1 1 2 3 4 4 2 4 1 2 2 3 3 1 2 2 3 3 4 4 3 1 1 4 3 2 2 1 2 4 2 3 3 3 1 3 2 3 4 1 1 2 2 4 4 1 2 2 3 3 4 2 3 1 1 3 4 2 3 4 3 4 3 2 4 1 4 1 2 1 4 4 
4 4 1 4 3 2 2 4 3 3 1 4 1 3 1 4 1 3 2 2 1 3 4 1 3 2 3 2 1 1 3 1 3 1 3 4 4 4 3 1 1 3 3 1 1 3 1 3 1 1 1 3 2 4 1 3 1 2 4 4 4 1 4 2 4 1 2 2 3 1 2 4 3 2 3 3 4 2 4 4 2 1 4 3 1 3 2 3 4 
4 4 3 4 3 1 4 1 4 2 3 4 2 2 3 2 3 1 2 4 1 4 2 4 2 4 4 4 2 3 2 1 2 2 3 4 4 4 3 4 2 1 4 2 3 4 2 3 1 4 3 1 4 2 3 3 4 2 1 1 2 3 1 3 3 4 1 4 4 1 2 1 1 2 3 1 4 3 2 4 2 3 3 3 3 1 3 2 4 
4 4 2 4 2 2 2 3 4 2 2 2 4 2 1 2 1 1 2 3 4 4 2 1 4 1 2 2 1 4 2 4 4 2 4 3 3 2 2 1 2 1 4 4 2 2 2 1 2 3 3 1 2 3 4 2 4 3 3 4 2 4 3 2 3 1 2 4 3 2 4 1 3 4 1 2 1 1 2 3 4 2 1 4 2 2 2 3 4 
4 2 4 1 4 3 1 3 4 1 3 4 3 1 1 2 2 4 4 1 4 1 3 2 3 3 2 1 3 3 4 3 4 2 4 1 3 2 3 2 3 4 4 1 3 4 1 2 2 4 4 2 3 3 1 3 3 4 4 4 2 1 3 2 1 4 4 4 1 2 4 4 1 1 4 1 1 2 4 1 3 4 2 1 2 1 4 2 4 
4 2 1 4 4 3 4 2 1 4 1 4 4 2 1 3 3 1 3 2 4 3 3 4 4 2 3 2 4 1 1 3 2 4 3 4 1 3 4 1 2 2 4 3 3 1 4 2 2 3 3 1 1 2 2 3 1 2 1 2 3 2 2 4 1 1 1 2 1 2 2 4 4 4 4 3 2 3 3 1 1 4 3 1 2 3 2 3 4 
4 3 2 1 4 2 2 3 2 3 2 4 2 4 2 2 3 4 2 1 3 2 4 2 3 4 4 1 1 2 2 3 2 1 1 3 3 3 1 2 4 3 4 2 2 1 1 4 1 1 3 3 4 2 1 1 2 1 2 1 3 3 1 3 1 1 2 3 1 4 4 3 1 4 1 3 2 2 4 3 2 1 3 2 2 1 4 4 4 
4 4 3 2 2 3 4 4 2 4 3 3 2 2 1 1 4 2 1 1 3 1 4 1 4 2 4 2 3 2 4 3 3 1 1 1 4 4 1 4 1 1 1 4 1 3 1 4 4 3 1 4 4 1 1 4 3 2 2 3 3 3 4 4 1 1 1 4 4 3 3 1 3 2 2 3 4 2 2 4 4 3 2 3 1 1 2 2 4 
4 2 2 3 2 2 3 3 3 2 1 4 2 3 1 3 4 4 3 2 2 2 4 1 4 3 4 4 4 4 3 4 3 4 2 4 1 4 1 1 3 3 4 4 3 4 1 1 2 4 4 4 3 3 1 3 4 1 1 4 2 2 1 1 3 4 3 1 2 4 1 1 1 3 3 1 1 4 1 4 1 4 4 3 4 4 1 1 4 
4 3 4 3 3 1 3 2 2 1 3 2 4 2 1 1 4 1 3 2 2 1 3 3 1 4 1 3 1 4 3 2 4 3 3 2 2 1 4 2 2 3 2 3 2 3 2 4 2 4 3 4 1 2 1 1 2 1 1 3 4 2 3 4 3 3 4 2 4 2 4 3 4 2 3 1 3 1 1 3 4 4 1 3 4 3 2 3 4 
4 3 4 1 1 4 4 3 2 3 3 3 1 3 3 4 1 2 3 1 3 4 4 4 1 2 2 3 2 3 4 1 3 1 4 4 2 1 1 1 2 4 4 3 3 3 1 1 3 3 3 4 1 1 1 2 4 2 4 2 4 4 1 1 1 3 4 1 4 1 1 2 3 4 1 3 4 1 2 2 1 4 3 1 1 1 3 2 4 
4 3 1 3 4 2 1 3 1 3 2 4 1 3 2 3 4 3 3 3 2 2 4 2 4 3 1 2 1 4 4 3 2 4 3 1 4 3 3 3 4 2 4 4 2 2 2 3 3 3 2 1 2 1 3 1 1 3 2 1 2 1 1 4 1 3 2 2 2 3 4 2 1 4 2 4 4 4 3 3 4 1 4 1 2 3 4 4 4 
4 2 2 2 1 1 3 3 4 3 2 1 1 4 2 3 1 4 1 4 2 3 1 3 1 1 3 2 4 3 3 2 2 4 1 4 2 3 2 1 2 1 3 1 4 1 2 2 2 4 3 3 3 2 2 1 1 2 4 1 2 1 2 2 4 1 4 2 1 3 1 4 1 4 4 3 3 4 3 2 4 3 3 4 4 3 2 4 4 
4 3 3 1 1 2 3 3 4 1 3 2 2 1 4 1 2 3 3 1 2 3 2 4 2 1 4 2 1 1 4 1 2 4 2 3 4 3 4 4 2 2 1 1 2 4 4 2 4 1 3 2 1 3 3 4 1 1 4 3 3 1 3 1 1 3 2 3 4 3 3 3 4 3 3 4 1 1 1 4 1 4 1 3 2 3 1 2 4 
4 4 2 4 2 4 4 2 3 1 1 2 3 3 2 2 4 3 3 1 3 2 3 1 2 4 1 1 1 1 2 2 2 1 1 4 4 1 4 4 1 2 3 4 4 3 4 2 4 2 4 2 2 1 4 2 1 1 1 1 2 1 3 2 1 2 3 1 2 1 1 2 1 1 1 1 1 4 3 3 2 2 1 3 3 4 3 4 4 
4 2 2 2 3 2 3 1 1 2 1 4 4 4 4 3 4 1 2 2 3 3 1 1 4 1 4 1 4 4 4 3 2 3 4 2 3 2 3 4 3 1 4 4 2 2 3 4 4 4 4 1 1 3 1 4 3 1 3 2 3 4 2 2 4 2 2 4 3 2 4 1 3 4 2 3 4 2 4 4 1 4 3 4 2 2 1 2 4 
4 4 2 3 3 2 3 2 2 4 2 4 2 2 2 3 1 4 4 4 2 3 4 3 4 3 4 2 2 2 2 4 4 1 3 1 3 2 1 2 4 2 4 3 3 2 4 2 2 3 3 1 2 3 2 3 3 1 1 4 2 1 2 4 4 2 3 3 4 3 3 3 4 4 1 2 1 4 3 2 2 4 2 3 3 2 4 3 4 
4 4 3 3 2 4 2 3 4 1 1 1 4 1 2 2 3 1 1 1 3 1 2 1 4 1 3 4 1 1 1 3 1 1 1 1 1 4 1 1 1 2 2 1 4 2 2 2 1 2 4 1 4 1 2 1 2 3 2 3 3 3 3 3 2 3 2 1 2 4 1 1 4 2 3 1 2 4 3 4 4 3 2 3 3 2 2 2 4 
4 1 1 2 1 4 1 2 1 2 1 3 2 3 1 2 2 3 2 1 2 2 4 2 2 4 1 1 3 1 3 3 4 3 1 2 2 3 4 3 4 1 4 4 4 4 4 3 1 2 1 4 3 3 2 2 1 3 4 2 1 1 2 3 3 3 1 2 3 4 4 1 4 3 3 3 2 3 2 4 1 4 4 4 3 4 1 2 4 
4 4 3 4 2 1 4 2 1 2 1 3 2 2 3 2 1 2 3 1 4 2 3 1 2 4 1 1 2 2 1 3 3 1 1 2 2 1 3 4 3 2 4 2 1 4 4 2 3 3 1 3 1 2 2 3 4 2 4 2 2 4 2 4 1 2 4 3 4 2 1 4 4 3 4 3 1 4 1 3 3 3 3 1 3 2 1 2 4 
4 4 2 3 2 1 1 4 4 2 1 3 1 3 1 3 2 4 1 3 4 1 1 3 1 2 3 1 4 1 4 3 2 1 4 1 1 3 3 2 2 3 1 1 3 4 4 4 2 4 2 4 3 4 4 4 4 4 4 1 4 2 3 4 2 1 2 1 4 2 2 3 3 4 3 4 2 4 4 1 3 3 4 1 1 3 3 1 4 
4 3 4 1 3 1 3 3 3 2 3 2 4 1 2 4 2 2 4 4 1 3 4 4 4 1 1 1 2 2 2 2 4 4 1 1 2 1 4 1 1 4 2 2 2 2 2 1 3 3 4 2 2 3 1 4 3 3 3 3 2 2 4 1 4 4 3 4 1 4 4 4 2 4 4 1 2 4 3 3 1 3 3 1 1 3 4 4 4 
4 1 4 2 4 2 4 4 4 2 4 4 1 4 4 1 3 3 1 1 1 1 3 2 4 2 2 1 3 2 2 2 4 2 1 4 4 3 3 1 4 2 3 4 2 3 4 2 1 4 1 3 3 1 1 4 4 2 2 3 1 3 3 4 4 4 1 4 1 3 4 2 4 4 3 1 2 4 2 3 3 1 4 2 4 1 2 4 4 
4 3 3 2 1 1 3 2 2 2 3 1 1 4 2 1 3 4 3 3 3 4 4 4 1 2 2 3 3 3 1 1 1 4 4 4 3 3 3 1 2 2 1 2 1 2 2 3 1 4 2 2 4 2 3 1 4 3 2 4 2 1 4 1 4 3 4 2 2 2 2 4 2 3 4 3 2 4 4 3 4 4 4 2 2 2 1 3 4 
4 1 4 1 4 4 1 2 2 3 1 3 1 2 4 1 3 2 2 2 3 1 2 3 3 3 3 2 4 3 4 4 3 1 4 1 4 2 2 3 1 4 1 3 4 3 4 4 2 4 1 2 1 4 1 1 4 1 4 4 1 3 2 4 1 1 2 3 1 4 4 4 1 1 3 3 1 2 2 1 3 1 3 4 3 1 4 2 4 
4 3 1 1 2 3 4 1 4 4 1 2 2 1 1 4 2 4 2 2 3 3 1 3 3 1 4 4 1 4 2 4 2 2 2 3 3 3 3 3 3 2 2 4 3 4 3 4 1 1 1 3 1 3 4 2 4 1 4 1 3 3 3 1 4 1 3 4 4 4 2 1 2 4 2 4 2 3 4 2 3 4 2 4 3 2 3 2 4 
4 1 4 1 2 1 4 3 3 1 4 2 3 2 2 1 2 1 2 3 1 3 2 3 3 2 2 1 4 2 4 3 3 1 4 1 2 4 4 1 1 1 1 2 3 3 1 2 4 3 3 1 2 2 2 1 4 2 3 1 4 2 4 1 2 2 1 4 4 2 2 4 4 4 2 1 3 2 1 2 3 1 4 4 1 3 4 1 4 
4 3 1 3 1 1 2 4 1 2 3 1 4 3 3 2 4 1 1 4 3 4 4 4 2 4 3 1 3 2 3 2 3 4 2 3 3 1 4 3 1 2 2 4 1 2 3 4 1 2 1 1 3 4 4 3 4 2 4 4 4 3 2 3 3 2 1 4 4 4 3 4 3 1 1 2 2 4 4 3 3 2 3 1 3 3 3 2 4 
4 3 4 3 2 4 1 4 3 3 2 4 1 4 2 4 1 4 4 4 3 2 1 4 1 4 2 4 3 3 3 2 2 4 3 1 4 4 2 4 4 1 3 3 3 4 1 4 4 1 4 1 3 3 3 3 3 2 3 3 1 3 3 2 4 1 1 3 1 2 2 2 3 2 4 1 1 3 4 4 4 3 1 4 3 1 3 3 4 
4 3 4 3 4 4 1 3 3 4 2 2 3 2 2 2 3 4 2 4 4 1 1 2 4 2 4 4 3 1 1 2 1 3 1 4 1 3 4 3 1 4 3 4 4 2 4 4 3 3 3 1 4 3 1 3 3 4 3 4 2 1 1 4 1 2 3 3 3 2 2 1 1 3 4 2 1 2 4 4 1 3 1 3 1 4 1 1 4 
4 2 2 3 2 1 4 3 4 2 1 2 4 4 3 2 3 3 4 2 1 1 1 2 1 2 4 2 3 2 2 3 3 3 3 1 2 2 4 4 2 1 4 1 3 4 4 3 3 4 3 3 4 3 4 3 3 4 2 4 3 2 3 3 4 2 3 4 4 1 2 4 3 4 1 4 3 4 4 3 4 1 3 2 4 1 2 4 4 
4 3 1 3 1 1 2 1 3 2 4 2 1 4 1 4 4 2 1 3 1 3 2 3 4 4 2 4 1 2 3 1 4 3 1 2 1 4 2 1 4 3 4 2 2 1 1 4 4 1 1 3 4 1 2 1 3 4 3 4 3 4 4 3 3 2 3 1 3 4 4 1 1 3 4 4 3 2 4 3 4 3 1 3 4 2 3 1 4 
4 1 1 3 2 1 2 3 3 1 3 3 4 3 1 2 2 2 2 1 1 4 4 1 2 1 1 3 4 4 2 2 2 4 2 4 3 2 1 4 1 4 4 2 1 3 4 1 4 4 2 1 3 3 4 3 1 1 2 1 1 4 3 4 3 3 3 2 1 4 3 4 1 3 3 3 3 4 2 2 4 3 2 2 1 2 1 2 4 
4 2 2 2 3 1 3 4 1 3 3 2 3 4 1 3 3 4 3 3 1 1 1 2 4 3 3 2 3 2 1 4 2 2 1 3 4 1 3 2 4 1 2 2 3 2 4 4 4 3 3 3 4 1 3 1 1 3 4 2 3 1 4 2 4 2 3 2 1 1 4 1 2 2 1 3 3 3 2 4 2 4 3 2 3 2 2 3 4 
4 4 3 4 4 1 1 4 2 1 1 3 4 4 3 2 4 2 1 2 2 3 4 2 1 1 2 2 1 1 2 3 3 1 4 2 3 4 4 1 3 3 4 1 4 2 2 2 4 2 3 1 4 3 2 1 3 1 3 1 3 2 4 4 2 4 1 3 1 3 2 2 2 2 2 1 3 1 3 3 4 3 4 2 4 1 1 3 4 
4 4 1 4 4 3 3 4 1 2 2 1 1 1 2 3 1 2 2 4 3 4 3 4 2 1 3 2 4 3 2 2 2 1 4 2 2 2 1 3 3 1 4 4 3 2 4 3 3 2 1 1 3 1 1 4 4 2 2 3 4 2 2 4 1 3 1 3 3 4 3 4 4 2 2 1 2 1 2 3 1 1 1 2 2 1 2 3 4 
4 1 2 3 2 1 3 1 4 3 1 1 4 4 1 2 3 4 3 3 3 4 1 1 2 1 4 3 3 3 2 4 3 3 2 4 2 1 3 1 4 2 3 3 1 4 1 1 1 1 3 3 3 1 3 4 4 1 2 4 1 3 1 1 3 4 2 4 2 1 3 4 1 4 4 3 3 1 4 1 2 3 4 4 3 4 3 4 4 
4 4 3 1 1 4 1 2 4 4 3 3 3 1 1 1 1 3 4 3 4 2 4 3 3 1 2 3 4 1 2 2 2 4 1 3 4 3 2 3 3 1 4 3 1 2 2 3 4 4 2 4 4 4 3 3 1 3 2 1 2 1 1 3 2 3 4 2 3 3 3 2 2 2 3 3 3 3 2 2 3 4 4 2 3 1 3 1 4 
4 1 2 2 2 2 2 3 2 1 3 3 4 1 4 2 1 4 3 3 2 3 3 4 2 4 3 3 1 4 3 1 3 2 2 4 1 1 4 4 4 1 2 4 2 2 3 1 3 4 1 4 4 4 2 1 4 3 3 3 4 2 4 3 4 1 4 4 3 2 4 3 4 2 4 3 4 1 1 3 2 1 1 3 4 1 4 1 4 
4 1 4 1 4 2 1 1 4 2 1 3 3 2 4 4 1 4 2 1 3 3 3 2 4 2 2 4 2 1 1 3 4 1 3 3 3 4 2 2 2 4 2 2 1 4 2 3 2 3 4 3 2 2 3 1 2 4 1 2 2 3 2 3 2 4 2 1 3 3 1 3 1 1 3 3 3 2 1 3 3 1 2 4 2 3 2 3 4 
4 2 4 3 1 4 2 3 2 4 3 2 2 4 4 2 1 1 1 1 1 4 1 3 2 2 2 2 1 3 2 1 3 1 2 3 1 3 3 4 3 1 1 1 3 2 2 1 2 1 3 3 1 4 1 2 1 2 2 1 4 4 1 2 4 1 3 4 2 1 2 4 1 1 4 3 2 2 4 3 2 1 4 4 1 1 4 1 4 
4 1 2 2 2 1 2 2 4 2 4 1 4 4 2 2 2 1 4 2 2 2 3 2 1 3 3 3 1 4 3 4 3 1 4 4 2 1 1 1 1 1 3 4 4 3 1 4 1 2 3 3 2 2 3 1 1 2 3 3 3 3 1 1 4 4 3 4 2 4 4 2 1 1 3 4 2 4 2 4 3 4 2 4 4 2 2 2 4 
4 3 2 1 3 1 3 3 3 2 2 4 2 3 2 1 2 4 4 2 4 3 3 2 3 2 3 1 2 2 4 4 3 4 4 2 2 2 3 4 3 4 4 2 3 1 1 2 4 2 1 2 4 3 4 1 2 3 2 2 1 3 4 1 1 4 4 1 4 3 1 3 3 3 2 1 2 2 4 4 3 1 2 2 3 2 2 1 4 
4 2 1 1 3 4 1 3 4 1 3 2 3 1 3 3 1 2 1 3 3 2 4 4 2 4 2 4 2 4 1 2 3 1 3 3 3 3 4 1 1 4 4 3 1 3 2 1 1 2 2 1 2 3 4 4 4 1 4 1 4 1 4 2 4 2 1 3 1 1 3 4 1 3 3 2 2 3 1 2 4 2 1 1 3 4 3 2 4 
4 4 2 3 1 3 3 4 1 3 1 2 4 3 1 1 4 1 3 3 4 2 4 2 1 4 1 1 2 3 4 4 1 3 2 1 2 3 4 1 3 2 3 3 3 3 3 1 4 3 4 4 1 2 3 2 2 1 1 4 1 3 1 1 3 2 4 4 4 3 3 4 2 3 2 2 3 3 3 1 4 1 1 4 2 2 2 1 4 
4 4 2 3 2 1 3 4 3 2 2 4 1 1 1 4 1 4 3 1 3 3 4 1 4 2 1 4 2 2 3 3 3 4 2 4 4 3 3 4 2 3 3 3 4 2 1 1 1 4 1 2 2 4 3 1 4 2 1 1 1 2 2 2 3 4 1 1 3 4 2 1 3 2 1 2 2 2 3 1 3 3 3 3 4 3 3 4 4 
4 2 4 3 2 2 1 4 3 3 2 4 2 3 2 2 4 1 1 1 1 1 3 4 4 4 2 1 2 1 4 2 4 3 2 1 4 4 3 1 4 2 1 4 1 4 4 3 3 3 4 4 3 2 4 1 4 3 4 1 3 1 3 3 1 3 2 3 2 2 1 4 2 2 3 2 3 4 2 2 1 1 4 1 4 4 3 3 4 
4 1 4 2 3 1 2 2 4 1 2 2 4 4 3 1 1 1 4 2 3 4 2 2 4 3 2 1 3 3 2 3 1 2 4 3 2 3 3 1 2 2 4 2 2 1 2 4 4 3 3 4 1 2 3 2 2 2 1 4 1 4 3 2 1 2 1 4 1 2 4 4 2 2 1 1 4 2 1 3 2 4 2 4 2 1 1 1 4 
4 4 1 4 1 3 4 2 2 4 4 1 4 2 1 4 2 2 1 3 2 3 1 2 4 3 4 4 3 2 1 1 2 3 1 3 4 2 4 3 2 3 1 4 4 1 4 4 1 1 1 1 4 1 2 2 3 4 1 3 3 4 3 4 3 1 2 4 1 4 1 3 1 1 2 2 2 4 4 2 4 4 2 3 2 3 4 3 4 
4 2 4 3 4 2 2 4 4 2 4 1 1 2 1 2 4 4 4 3 2 3 4 3 3 3 1 1 2 1 4 1 3 2 4 1 3 3 1 3 1 1 1 2 2 3 3 2 3 1 2 3 1 3 3 2 4 2 4 4 1 3 4 2 3 4 1 4 1 4 4 2 2 2 2 2 2 3 4 2 1 1 4 1 3 4 3 4 4 
4 4 3 2 1 2 4 1 3 3 4 3 4 1 2 4 3 1 4 4 2 3 1 4 1 3 2 3 2 1 1 4 4 2 3 3 2 4 4 2 2 2 1 3 3 4 3 3 3 2 2 1 2 3 4 1 4 2 3 4 1 4 3 4 3 3 2 1 4 2 1 4 1 3 1 4 3 3 3 4 2 3 3 3 4 4 2 2 4 
4 3 2 3 3 3 3 3 2 3 3 1 2 4 4 4 4 1 1 3 2 1 2 3 3 1 1 3 2 4 2 2 1 3 2 4 2 4 3 2 2 3 3 4 4 4 1 2 1 4 3 4 3 2 4 4 3 3 4 4 1 2 3 4 4 2 4 2 2 1 1 3 3 1 2 4 3 1 3 1 1 3 4 2 2 4 4 1 4 
4 3 3 2 1 3 4 4 2 4 3 4 4 3 3 3 4 3 2 3 3 2 2 4 3 4 2 2 3 1 3 1 2 1 4 2 4 2 1 2 2 4 1 4 4 3 2 1 4 1 3 1 1 3 4 2 3 3 4 2 3 4 3 4 2 4 1 1 2 4 3 1 2 4 2 3 2 1 3 2 3 3 2 4 3 2 1 1 4 
4 4 4 4 4 4 4 4 4 4 4 4 4 4 4 4 4 4 4 4 4 4 4 4 4 4 4 4 4 4 4 4 4 4 4 4 4 4 4 4 4 4 4 4 4 4 4 4 4 4 4 4 4 4 4 4 4 4 4 4 4 4 4 4 4 4 4 4 4 4 4 4 4 4 4 4 4 4 4 4 4 4 4 4 4 4 4 4 4 

