87
1000
1000

[Node]
0  0  0   0  0
88 0  0   0  0

[pickup]
1       503122205      12          9
2       504112581      12          5
3       502785862      19          7
4       504829702      21          11
5       502795303      25          12
6       502785848      25          8
7       502786784      30          5
8       505033597      31          14
9       502787864      34          16
10      504729849      37          13
11      505125143      47          17
12      504467528      49          20
13      504766184      50          15
14      504512179      53          16
15      504609080      57          9
16      504483241      58          11
17      502785857      61          10
18      502795975      64          19
19      503641850      71          8
20      502794469      75          20
21      503221322      78          5
22      503262469      80          20
23      502878271      83          5
24      502794188      100         16
25      502795366      107         10
26      502795314      108         18
27      502851705      115         9
28      502801750      115         5
29      502970886      124         20
30      504845352      128         5
31      504695606      132         16
32      504561518      138         19
33      504940819      141         10
34      502787651      144         6
35      502791365      151         8
36      502787619      161         6
37      504589401      165         7
38      505012229      165         10
39      503251699      167         19
40      504744533      174         18
41      505164779      189         12
42      504761212      193         5
43      502789207      196         15
44      505126632      198         17
45      502794727      202         8
46      504814520      203         17
47      505008224      211         17
48      504558135      227         16
49      505163840      228         5
50      502786863      231         10
51      502786541      233         17
52      502787917      239         13
53      502789997      253         20
54      504012514      254         16
55      504945646      254         16
56      505102079      258         17
57      502799157      263         10
58      502794583      268         16
59      504813165      280         9
60      502787837      291         14
61      502790178      312         7
62      502796219      320         9
63      502947479      331         5
64      502802038      340         14
65      502785770      347         14
66      502798415      354         18
67      503229542      367         12
68      505122342      383         11
69      505129431      386         12
70      505071203      396         9
71      505052796      409         11
72      502976944      409         18
73      505188477      414         19
74      502797790      417         14
75      502801827      479         15
76      502786501      555         15
77      502796218      556         20
78      504777883      562         10
79      502786503      620         5
80      503557118      626         14
81      503157758      738         12
82      502789312      937         12
83      502786969      983         9
84      502788888      989         6
85      502795654      1000        20
86      505229205      1000        12
87      504940835      1000        8

[Speed 0]
0.81
30.0   60.0 0.0 0.6
90.0   150 0.0 0.4
300.0  540.0 0.0 0.81
570.0 630.0 0.0 0.6
660.0 720.0 0.0 0.4
750.0 840.0 0.0 0.81

[Speed 1]
1.33
30.0   60.0 0.0 0.8
90.0   150 0.0 0.6
300.0  540.0 0.0 1.33
570.0 630.0 0.0 0.8
660.0 720.0 0.0 1.3
750.0 840.0 0.0 2

[Speed 2]
1.33
30.0   60.0 0.0 1.0
90.0   150 0.0 0.8
300.0  540.0 0.0 1.33
570.0 630.0 0.0 0.8
660.0 720.0 0.0 0.6
750.0 840.0 0.0 1.5

[Speed 3]
1.5
30.0   60.0 0.0 0.9
90.0   150 0.0 0.8
300.0  540.0 0.0 1.5
570.0 630.0 0.0 0.9
660.0 720.0 0.0 0.8
750.0 840.0 0.0 1.5

[Speed 4]
2
30.0   60.0 0.0 1.1
90.0   150 0.0 0.9
300.0  540.0 0.0 2
570.0 630.0 0.0 1.1
660.0 720.0 0.0 0.9
750.0 840.0 0.0 2

[speed choose matrix]
4 4 4 4 4 4 4 4 4 4 4 4 4 4 4 4 4 4 4 4 4 4 4 4 4 4 4 4 4 4 4 4 4 4 4 4 4 4 4 4 4 4 4 4 4 4 4 4 4 4 4 4 4 4 4 4 4 4 4 4 4 4 4 4 4 4 4 4 4 4 4 4 4 4 4 4 4 4 4 4 4 4 4 4 4 4 4 4 4 
4 2 1 2 4 4 1 3 1 2 3 2 1 3 3 3 3 4 1 3 2 2 4 3 4 2 2 2 3 2 3 1 2 1 1 4 1 4 2 1 4 3 3 4 3 1 4 2 1 3 3 1 1 3 2 1 3 2 3 1 3 2 4 4 4 2 4 4 1 4 4 3 2 2 1 2 1 2 3 4 4 4 2 3 4 2 3 3 4 
4 3 4 2 1 1 1 1 4 2 2 2 4 2 1 3 4 3 4 3 1 2 4 3 2 4 4 3 4 2 3 2 4 2 3 1 4 4 3 1 1 1 4 3 2 2 1 2 1 1 3 2 4 2 3 4 4 3 1 4 4 2 1 2 3 2 1 2 2 2 4 4 2 3 4 4 1 2 2 1 2 1 2 2 2 4 4 3 4 
4 4 2 4 1 4 1 3 1 1 1 2 2 4 1 3 4 4 4 1 2 2 4 3 4 1 3 3 3 2 4 1 4 3 3 3 2 2 4 2 2 3 2 1 4 3 4 2 2 2 4 1 3 2 2 2 1 1 2 3 1 1 2 4 3 1 4 2 2 2 2 2 4 4 2 3 3 3 4 1 4 1 2 1 2 4 1 3 4 
4 3 1 3 4 1 3 2 3 3 1 3 2 1 3 3 3 1 2 3 3 1 3 1 3 1 2 4 2 2 1 2 1 1 4 4 1 2 4 4 3 1 2 2 4 1 1 4 3 4 4 2 2 2 3 3 4 1 3 3 3 4 4 2 1 4 4 2 3 4 2 2 2 3 2 4 3 2 3 2 4 1 4 1 1 1 3 2 4 
4 4 4 1 2 2 2 4 2 2 3 1 3 2 2 3 4 1 2 3 1 2 1 3 3 3 1 4 4 4 1 2 4 2 2 4 4 2 4 4 3 3 4 1 2 2 2 1 2 1 2 4 2 1 3 3 4 4 2 3 4 2 3 1 3 1 3 3 1 2 1 4 2 2 4 4 4 4 3 4 2 1 2 4 2 2 3 3 4 
4 2 4 4 3 3 3 1 1 4 3 4 4 3 1 4 2 4 2 4 2 1 4 1 2 2 1 2 3 4 3 2 4 4 1 2 2 2 2 2 2 1 4 1 3 4 4 2 1 3 2 1 2 2 3 1 4 4 2 4 4 2 4 2 1 3 2 4 1 4 3 1 2 3 4 1 4 4 3 1 2 1 2 3 2 4 4 3 4 
4 4 1 1 3 1 4 1 3 3 3 3 4 3 4 3 4 4 3 2 2 2 3 1 3 3 4 1 1 2 3 1 1 4 1 1 1 2 3 1 4 4 4 2 1 1 3 3 3 3 1 3 4 2 4 4 3 3 3 4 1 4 2 1 1 3 1 3 1 2 4 3 3 3 3 2 2 4 1 3 2 4 3 4 2 4 3 2 4 
4 2 3 3 1 2 1 4 1 3 2 2 3 2 1 2 2 3 3 4 3 2 1 1 3 3 2 2 4 1 2 2 1 3 1 3 2 1 2 2 4 1 1 3 1 4 4 3 3 1 3 2 2 2 2 4 4 3 2 4 1 3 2 2 3 1 3 3 1 2 1 4 1 1 3 3 2 2 3 3 1 4 2 3 2 3 3 4 4 
4 3 2 2 3 3 1 3 2 1 3 4 2 1 1 1 2 1 4 1 2 2 4 2 4 2 2 4 2 4 2 4 3 4 3 1 1 2 3 2 3 4 3 3 4 3 3 3 3 2 1 3 4 3 2 2 4 3 1 2 3 3 4 1 3 2 1 1 2 2 1 4 3 1 3 1 3 3 1 1 4 4 4 1 3 1 4 3 4 
4 4 3 3 4 2 3 2 2 4 4 3 3 2 3 3 3 4 1 4 1 1 1 2 4 4 2 1 1 1 1 3 1 1 1 3 1 1 3 1 1 2 4 3 1 1 1 1 2 1 3 3 2 1 3 3 2 4 1 1 4 1 4 3 3 3 3 3 2 2 2 1 1 3 4 2 4 2 1 3 4 3 3 4 2 1 4 4 4 
4 1 3 1 1 4 4 4 4 2 4 1 3 2 3 1 1 2 4 1 4 1 1 2 1 3 4 1 4 4 4 4 2 1 2 1 2 4 4 4 2 1 1 1 2 3 3 4 2 3 3 4 3 2 3 4 4 2 3 4 3 4 3 3 2 4 1 3 1 2 3 4 3 2 2 3 2 2 4 2 3 4 4 2 1 4 3 4 4 
4 2 2 3 2 4 2 4 4 4 4 1 3 1 3 3 3 2 3 1 1 4 4 4 2 3 3 1 2 2 4 3 2 3 3 3 3 4 4 2 2 4 2 2 1 2 4 1 2 1 1 2 3 4 2 2 3 2 4 1 1 4 2 4 2 4 3 1 4 4 1 2 2 2 2 2 2 2 3 1 1 2 4 2 1 4 1 1 4 
4 3 2 4 4 4 4 2 4 4 1 4 4 4 4 3 2 2 4 3 3 2 2 4 2 2 4 4 3 2 2 1 2 2 4 3 2 3 3 1 4 2 2 4 1 2 1 1 4 4 3 1 4 2 3 2 4 1 4 4 3 3 1 4 3 3 1 2 3 3 4 1 3 3 1 4 2 2 4 1 2 1 1 3 4 2 1 3 4 
4 1 2 4 4 1 2 2 3 3 1 3 4 3 4 4 1 3 1 2 3 1 4 4 1 4 1 3 1 3 3 2 3 2 1 2 4 1 4 4 1 3 1 4 4 4 3 2 4 2 1 4 4 3 4 1 2 2 1 4 3 3 3 1 4 2 4 1 3 1 1 1 3 1 2 2 1 3 1 3 4 3 1 4 4 1 2 4 4 
4 3 3 3 4 1 3 1 3 3 3 1 1 1 1 4 4 1 2 3 4 2 1 1 1 4 3 3 4 2 1 1 2 4 1 2 2 3 1 2 4 1 3 1 4 1 4 1 1 3 4 1 4 1 1 4 4 4 2 2 3 1 3 2 2 4 2 2 3 4 3 4 1 4 2 4 1 3 2 1 4 2 3 1 4 1 1 1 4 
4 1 3 2 1 1 4 2 4 4 4 2 4 3 2 1 1 4 1 3 4 2 3 3 2 1 4 4 2 3 4 1 4 3 1 3 1 1 3 4 1 4 2 4 1 1 3 3 2 1 3 3 2 3 4 2 4 4 1 4 1 4 2 4 1 2 1 1 3 4 1 4 3 1 3 3 1 1 3 1 3 1 1 4 3 1 1 1 4 
4 4 2 3 4 4 3 2 3 2 1 2 2 1 2 4 3 3 2 2 1 1 4 1 1 1 2 3 4 4 2 2 2 1 2 1 3 3 1 2 3 1 2 3 3 1 2 4 2 2 1 3 3 2 3 4 1 2 1 4 4 1 4 4 1 4 1 4 1 1 2 1 2 2 1 1 2 4 2 3 2 1 4 2 3 2 1 4 4 
4 1 3 2 2 2 3 3 1 1 4 4 2 2 4 3 4 4 2 1 1 1 4 2 3 3 3 1 1 3 4 3 4 2 4 2 4 2 2 2 4 3 1 2 2 1 4 4 3 1 1 3 1 1 2 4 2 4 3 1 2 4 3 4 2 1 1 4 2 1 2 3 4 2 1 4 1 1 3 3 1 2 4 2 3 2 3 4 4 
4 1 3 2 4 2 1 1 3 2 3 2 3 3 2 2 2 4 1 4 1 4 1 1 4 1 4 3 3 3 2 4 3 2 2 1 1 1 4 4 3 3 4 4 4 3 4 2 3 2 3 2 4 1 4 4 1 3 3 2 3 1 2 3 3 3 4 2 1 3 1 3 1 3 3 4 3 4 1 2 1 2 2 4 4 4 2 2 4 
4 4 3 1 2 4 2 2 2 2 2 3 1 3 3 1 3 3 2 2 2 2 1 2 4 2 2 4 4 3 3 2 2 2 1 1 1 3 4 3 4 3 3 3 2 3 4 3 2 1 4 1 4 4 2 3 1 4 1 1 3 1 1 2 4 4 3 3 4 4 2 3 4 1 3 2 2 4 3 1 3 3 1 1 4 3 3 1 4 
4 1 4 4 4 2 4 1 1 2 3 1 3 2 1 3 2 3 2 4 3 1 2 4 3 1 1 3 1 1 1 1 1 3 3 3 3 3 2 1 4 4 4 4 3 4 3 4 4 2 3 3 3 3 1 1 4 3 4 4 2 1 3 4 1 3 3 3 2 4 2 3 2 4 3 2 3 4 1 3 2 2 3 4 1 2 1 2 4 
4 2 3 2 3 3 2 1 2 1 3 2 1 4 3 2 1 4 1 3 4 3 4 4 4 2 2 4 1 1 2 3 2 1 4 1 3 2 1 1 2 4 3 3 1 4 2 4 1 4 2 1 3 1 1 2 3 2 3 2 4 3 3 4 4 1 3 4 2 3 2 1 2 1 2 2 3 1 4 3 3 3 3 3 1 1 4 4 4 
4 1 3 2 1 3 1 2 1 3 4 3 4 4 2 3 4 4 4 1 4 4 3 3 1 3 2 2 4 1 2 4 1 2 3 2 4 2 3 4 1 1 2 2 1 2 1 3 4 4 4 4 4 3 3 3 1 4 1 4 3 3 4 3 1 2 3 4 3 4 4 2 4 4 3 4 3 3 3 1 4 4 1 2 4 1 1 1 4 
4 4 3 1 1 4 3 3 2 3 1 3 3 4 3 1 3 3 1 2 2 4 4 3 3 4 4 2 1 1 3 1 1 3 3 4 3 3 1 3 1 3 4 2 2 3 4 3 2 2 2 2 2 3 4 3 2 3 2 4 3 2 3 1 3 3 1 2 2 3 2 2 4 1 4 2 3 4 2 3 3 2 4 2 2 2 3 1 4 
4 3 3 2 2 1 2 4 1 1 1 2 2 3 3 4 4 3 3 1 4 2 3 3 1 4 1 1 2 3 1 3 1 2 4 2 4 3 4 3 4 3 2 1 3 4 2 1 1 4 3 2 1 1 4 2 2 2 2 2 3 4 3 1 3 4 1 4 3 1 1 2 3 1 2 1 2 3 4 2 2 2 1 2 1 2 4 3 4 
4 3 2 2 2 2 3 2 2 3 3 1 1 2 3 2 2 2 3 2 3 2 1 3 4 2 1 4 4 3 3 2 4 3 2 2 4 3 2 2 3 4 3 4 1 2 4 4 4 2 2 4 2 1 2 1 1 4 2 2 1 1 2 2 1 2 4 3 2 2 2 3 2 1 3 4 1 2 3 4 4 1 1 3 3 3 3 3 4 
4 3 3 1 2 2 3 4 4 4 1 1 3 4 4 1 3 4 1 2 1 4 4 3 2 4 1 4 4 4 2 4 2 3 1 4 2 3 1 3 2 4 2 1 3 2 4 2 3 2 4 2 4 2 1 4 4 1 4 4 2 4 3 2 3 2 4 4 2 4 4 3 3 1 1 4 3 2 2 3 4 1 4 2 3 3 2 3 4 
4 4 4 2 3 1 4 3 2 3 3 2 1 3 3 1 4 4 1 3 2 4 3 1 4 1 2 4 3 1 4 4 2 2 2 1 1 3 4 3 4 3 3 3 2 2 1 3 2 3 1 2 1 3 3 4 2 1 4 3 1 3 1 2 3 4 2 1 3 1 1 3 3 1 4 2 1 1 1 2 4 3 3 1 2 2 2 2 4 
4 3 2 4 1 4 2 4 3 2 4 4 1 4 1 1 3 1 3 1 2 1 2 2 4 1 1 3 2 3 3 2 3 3 2 2 3 2 2 3 4 1 2 2 3 1 2 2 4 2 2 1 3 3 3 3 1 1 2 1 3 2 2 4 3 1 4 1 1 3 3 4 1 4 3 4 4 3 1 3 2 3 4 4 2 1 3 3 4 
4 1 1 4 3 2 1 4 2 2 3 3 3 2 4 4 4 4 4 1 2 3 3 1 2 2 1 3 3 4 3 2 2 2 2 2 3 4 3 4 3 2 1 4 2 1 2 4 3 2 3 4 4 1 1 3 2 1 3 1 1 2 4 2 1 1 2 3 1 1 1 3 1 1 1 3 3 2 2 4 4 1 1 4 4 3 4 4 4 
4 4 2 2 3 2 3 2 3 3 4 3 2 1 2 2 1 1 3 1 1 1 1 2 1 1 3 3 1 2 1 3 2 3 3 2 1 2 1 4 4 1 1 2 2 1 3 3 1 2 4 4 2 4 4 1 4 2 3 4 1 2 1 1 4 2 3 3 1 1 3 4 2 4 2 2 2 1 1 3 1 2 4 4 3 1 2 2 4 
4 4 2 2 2 1 4 1 2 3 3 1 2 4 3 1 3 2 2 2 3 3 4 4 3 3 3 2 3 1 4 3 3 4 2 4 3 3 1 2 2 1 1 4 3 4 4 4 4 4 3 1 1 4 3 3 2 3 1 2 3 3 3 1 4 3 3 4 1 3 2 4 2 3 1 1 1 4 2 3 4 2 3 1 1 2 4 4 4 
4 1 4 2 3 4 1 1 2 3 4 4 1 2 2 1 2 1 2 3 4 4 1 4 2 2 2 3 4 3 4 3 4 4 3 4 3 3 4 3 2 3 2 4 4 1 1 2 3 3 1 2 2 3 3 3 2 1 2 3 1 4 4 1 2 3 2 3 4 1 3 4 3 2 1 3 1 2 3 2 4 1 1 1 3 3 1 4 4 
4 4 1 2 3 3 1 2 1 3 4 3 2 3 3 3 4 2 1 4 1 1 1 2 2 1 4 3 2 4 2 1 1 2 3 2 1 3 3 2 2 3 2 1 4 3 2 3 1 1 2 4 1 3 2 2 3 1 3 3 3 3 4 3 2 4 1 1 4 4 1 3 1 3 1 2 3 3 3 4 3 2 2 1 2 2 1 4 4 
4 2 1 4 1 2 2 3 1 3 2 3 2 3 2 3 1 4 4 4 2 4 4 3 3 3 2 4 4 4 3 4 2 2 1 3 2 3 4 4 3 4 1 3 3 2 2 3 4 4 1 3 4 2 3 2 1 1 3 3 3 2 1 4 3 3 4 4 3 2 1 1 4 3 4 1 4 2 2 1 3 3 2 2 3 3 2 1 4 
4 1 2 3 4 2 1 1 4 4 1 1 1 1 3 1 4 3 3 2 4 4 4 3 3 4 3 1 2 3 4 3 4 3 2 2 1 4 3 2 4 1 4 3 2 4 4 3 2 2 4 4 3 4 4 3 2 2 2 1 4 1 2 3 3 1 3 4 3 4 2 4 1 3 2 2 4 1 1 2 1 4 2 4 4 2 4 3 4 
4 2 2 4 1 1 3 3 3 4 2 4 4 2 1 3 2 1 1 2 2 4 1 2 1 1 1 1 2 3 1 3 2 3 4 1 1 1 3 4 3 1 3 4 3 4 3 2 4 2 1 1 3 4 4 3 1 1 4 2 4 2 4 4 2 1 2 4 1 1 3 3 3 3 3 1 1 2 1 3 4 4 2 2 2 2 2 3 4 
4 4 4 1 4 4 4 1 3 2 1 2 1 3 1 4 1 1 2 1 3 4 2 4 1 3 4 3 4 4 1 3 2 1 1 1 4 4 2 4 4 2 4 4 2 3 3 2 4 2 1 3 1 1 4 1 1 2 4 1 2 1 2 3 3 2 3 2 2 4 2 4 2 4 4 2 1 4 4 2 4 1 2 1 4 1 1 3 4 
4 1 2 4 2 3 4 4 3 3 1 2 2 2 1 4 3 1 2 3 3 1 1 1 3 1 1 4 2 3 3 2 2 1 1 3 1 1 2 2 3 3 2 2 3 2 1 2 1 1 1 1 1 2 3 3 4 1 3 3 2 1 1 2 1 2 1 4 2 4 2 3 3 1 3 2 3 1 1 3 3 4 3 4 4 4 4 3 4 
4 2 1 2 3 2 1 3 3 4 1 2 2 2 2 2 2 4 4 3 4 4 1 4 1 3 3 1 3 3 4 2 1 1 4 3 4 2 3 2 3 4 3 1 4 2 3 1 3 2 2 2 2 3 3 1 3 2 1 4 1 2 3 4 4 4 1 1 3 3 1 2 4 4 4 1 4 3 4 3 3 1 1 3 1 2 4 2 4 
4 2 1 2 4 4 4 3 3 3 4 4 2 2 4 2 2 3 1 3 4 4 4 2 4 4 4 2 2 3 3 2 1 4 3 2 2 2 3 2 1 4 3 1 3 2 1 3 4 1 1 2 2 2 2 1 3 2 3 4 3 4 1 3 3 1 1 1 1 3 2 1 3 1 2 3 2 3 2 3 2 2 2 4 2 2 1 4 4 
4 2 3 4 2 4 3 2 2 3 3 2 1 2 4 4 2 3 4 2 3 1 3 2 2 3 3 2 1 3 1 2 2 2 3 2 4 2 4 4 2 3 3 2 2 2 4 2 2 3 4 1 3 3 1 1 1 4 1 2 3 3 4 4 1 2 1 1 1 2 4 3 2 4 2 1 4 4 2 1 3 3 3 3 3 3 3 4 4 
4 2 3 2 4 1 2 2 1 4 1 2 4 2 2 1 1 4 4 2 2 4 4 3 3 3 3 2 3 4 1 2 3 3 3 2 3 3 4 2 1 1 2 3 3 2 4 4 2 3 2 2 2 4 3 4 1 4 4 3 2 4 2 3 3 1 4 1 2 3 1 1 1 2 4 3 2 4 2 2 3 2 3 4 2 3 1 1 4 
4 2 4 2 1 3 1 4 2 3 4 2 4 2 4 1 1 2 3 1 3 1 4 3 2 4 2 4 4 4 4 1 2 3 1 4 1 1 3 3 2 3 1 2 4 2 2 3 4 1 3 4 1 2 1 2 1 1 2 3 4 2 1 2 3 1 1 1 1 4 3 3 4 3 4 3 3 4 2 4 2 2 3 2 1 1 1 4 4 
4 3 3 2 2 4 4 1 1 2 3 2 4 2 4 1 1 3 2 1 1 4 2 1 4 2 3 1 3 3 1 3 4 3 4 3 4 3 4 4 3 3 2 1 4 3 3 2 3 4 2 2 3 1 4 2 4 1 3 3 2 3 3 1 2 3 2 1 3 4 1 3 1 1 1 3 3 2 3 4 4 4 2 4 2 3 1 1 4 
4 2 1 1 4 4 4 3 2 2 3 2 4 3 4 2 4 3 3 1 1 1 1 3 3 4 4 3 4 4 2 3 1 2 2 2 3 3 1 2 1 3 4 4 2 2 4 3 4 4 4 2 2 1 4 2 4 3 3 3 4 1 1 4 4 1 2 1 1 4 2 1 3 4 3 1 4 2 3 1 3 3 2 3 3 4 3 1 4 
4 1 1 4 4 1 3 4 2 3 1 1 2 1 3 4 4 3 2 1 1 4 3 3 3 2 1 2 4 3 3 4 4 4 4 1 3 3 3 2 1 3 1 2 4 2 1 1 4 2 2 1 4 1 4 4 2 3 2 4 3 1 2 4 4 4 3 2 4 2 1 1 1 2 4 3 2 4 2 3 3 3 2 4 1 2 2 3 4 
4 2 2 1 2 4 2 4 2 1 4 1 4 2 4 2 2 2 4 2 3 1 1 3 4 4 2 2 4 2 2 2 4 2 1 4 1 2 1 3 2 3 4 3 3 2 4 2 2 1 1 3 1 4 2 4 1 1 2 2 2 4 2 4 3 2 4 2 2 4 1 3 1 4 1 4 1 2 4 3 4 4 1 4 3 4 1 3 4 
4 3 4 2 3 2 3 1 2 3 4 1 2 2 2 3 1 3 2 1 1 2 1 1 2 2 4 1 4 2 1 3 4 1 3 2 2 3 2 4 4 2 3 1 2 2 1 3 1 2 4 2 4 4 2 3 4 4 3 1 2 4 3 1 2 1 2 1 4 1 2 1 4 3 4 3 1 3 3 4 1 2 1 2 1 4 3 2 4 
4 1 3 3 3 4 4 4 2 4 3 3 2 1 2 4 3 1 4 4 3 3 1 2 3 2 4 4 2 4 1 2 1 2 2 3 3 4 1 1 1 2 3 4 2 3 2 1 2 2 4 1 2 4 4 4 1 3 2 1 4 3 4 1 4 4 3 2 2 4 1 1 1 4 3 4 3 4 2 3 1 1 2 4 1 1 3 2 4 
4 1 3 2 2 4 1 2 1 3 1 3 3 1 4 3 1 4 1 3 4 1 4 4 4 1 3 3 3 3 3 3 3 1 4 3 3 4 3 2 1 1 2 3 1 4 2 1 4 3 3 2 3 1 4 4 1 4 2 3 1 4 1 3 1 4 4 2 3 2 2 4 4 3 1 1 2 4 3 2 3 3 2 2 2 3 3 3 4 
4 3 4 4 1 4 2 1 4 2 4 2 3 3 1 3 4 1 2 1 1 3 3 2 2 2 2 2 2 2 4 4 1 3 4 4 1 4 1 3 3 4 3 3 3 1 3 3 3 1 1 3 3 3 3 3 3 1 1 3 2 3 4 4 3 1 3 3 4 4 1 3 4 3 2 3 4 3 2 3 1 4 1 2 1 1 4 4 4 
4 1 1 3 4 4 3 3 4 3 1 3 1 3 1 4 4 3 3 3 2 2 4 3 3 2 4 2 1 3 3 1 4 3 4 1 2 1 2 2 2 4 4 4 2 2 2 1 4 2 4 1 3 3 1 3 2 4 1 4 2 3 3 3 2 3 4 1 1 1 1 3 3 3 1 4 1 3 2 2 4 2 2 4 4 4 4 4 4 
4 3 4 2 3 1 1 2 1 1 4 1 3 2 1 1 1 1 1 4 3 4 4 4 4 4 3 2 3 2 1 1 2 1 4 1 2 1 3 2 4 2 2 3 1 3 3 1 2 4 3 1 4 4 3 1 4 4 2 2 4 1 1 4 1 1 2 3 4 3 1 4 2 2 3 2 1 3 2 1 1 2 2 2 1 3 3 4 4 
4 2 2 3 4 3 2 4 3 1 3 1 2 2 4 4 4 4 2 4 1 1 1 3 3 2 4 2 4 3 3 3 3 4 3 3 2 3 4 2 3 1 3 3 4 4 4 4 1 3 2 1 4 2 2 4 1 3 1 2 4 1 4 4 3 2 1 1 1 1 1 1 1 1 4 1 3 2 2 2 2 2 2 2 2 3 3 3 4 
4 1 4 1 4 2 4 2 3 2 1 1 4 2 3 1 2 1 2 1 1 1 3 2 3 1 2 3 4 1 2 3 1 1 4 3 1 1 4 4 4 4 2 2 2 2 4 3 2 1 3 4 3 2 3 3 1 3 3 1 3 3 4 1 2 3 1 1 4 2 1 2 4 4 2 2 3 2 2 4 2 2 3 4 2 4 1 2 4 
4 2 4 2 3 2 4 4 3 2 4 4 1 3 1 4 4 4 3 1 3 3 1 1 2 2 3 3 1 2 3 1 2 2 4 1 2 2 4 3 2 3 4 2 4 1 3 2 4 4 4 2 4 3 2 3 4 4 1 1 3 1 4 3 1 1 3 1 4 4 2 3 3 1 2 3 4 2 2 3 3 1 1 1 4 1 3 3 4 
4 1 1 3 2 1 2 2 1 1 2 2 1 1 2 1 1 4 1 4 2 4 2 2 1 1 3 4 2 3 1 4 3 1 4 4 4 3 3 3 2 3 1 1 4 4 1 2 3 4 2 1 4 4 1 1 1 3 1 4 2 1 3 2 2 2 2 4 4 2 2 2 4 3 1 3 4 1 3 1 1 3 1 2 4 2 2 4 4 
4 3 1 1 1 4 2 2 3 2 3 3 1 1 2 4 1 4 3 3 4 3 3 3 2 3 1 1 3 3 1 3 3 3 1 2 4 1 3 2 2 3 2 2 4 2 3 3 4 1 2 1 2 2 4 4 4 4 4 1 1 1 4 3 3 1 4 4 1 3 2 2 2 4 1 1 3 4 1 4 2 3 1 1 1 3 2 4 4 
4 1 4 3 1 2 1 1 3 1 1 3 2 1 1 3 3 2 2 2 4 1 2 4 3 2 1 3 3 4 4 2 3 1 3 3 1 4 1 1 2 1 1 1 4 2 2 2 3 3 1 3 2 1 1 2 4 1 3 1 4 1 2 3 3 3 3 2 3 3 3 4 2 1 3 1 4 2 1 2 1 2 4 2 4 4 4 1 4 
4 4 2 2 2 1 3 2 1 1 2 3 2 2 3 1 4 4 4 4 2 1 4 2 4 3 1 3 3 4 3 4 1 4 4 4 4 1 4 2 1 3 3 2 2 1 1 2 2 2 1 2 1 2 4 2 4 1 4 3 2 2 3 1 1 4 1 4 4 2 4 2 1 2 2 3 4 3 4 2 3 4 4 1 3 2 3 1 4 
4 4 3 3 1 4 2 1 3 2 2 2 4 1 3 4 4 4 3 2 2 1 4 3 3 3 2 4 2 2 3 3 1 4 3 2 3 1 3 3 1 4 3 3 4 1 1 2 4 3 3 1 3 2 4 4 4 4 1 3 2 4 1 4 4 3 1 1 2 3 2 4 3 4 1 4 2 3 1 1 2 2 2 4 2 2 1 3 4 
4 1 2 3 4 2 3 1 1 2 1 3 3 3 1 1 3 2 4 4 1 1 2 3 2 3 2 4 4 4 4 1 4 4 4 4 3 4 3 2 4 4 1 2 1 4 1 2 2 3 4 2 1 4 1 3 4 4 3 4 2 2 2 2 2 3 3 4 3 3 1 2 1 2 3 4 4 4 4 2 4 1 4 4 3 1 4 1 4 
4 1 2 4 4 4 2 4 2 1 1 1 4 1 2 2 2 1 3 3 4 3 4 2 4 3 2 1 4 1 4 2 4 3 3 4 1 4 3 4 1 2 4 4 2 3 1 2 1 4 2 1 4 3 4 2 4 1 4 4 4 1 4 1 2 4 2 4 1 4 4 1 3 2 2 1 3 4 4 3 4 1 3 2 1 3 3 2 4 
4 2 4 2 1 4 2 4 3 3 2 2 4 1 4 2 3 2 3 4 1 3 2 3 2 2 2 1 3 1 2 4 3 4 4 1 4 1 1 1 3 1 4 1 2 3 4 1 4 2 1 2 1 2 2 3 3 3 3 4 1 2 4 2 3 4 1 3 3 1 1 4 2 3 3 4 2 4 1 4 3 3 3 4 2 1 3 1 4 
4 3 3 1 4 1 4 1 3 3 2 4 1 4 4 3 4 2 2 2 3 3 4 2 3 1 1 3 1 4 4 3 3 4 1 2 1 4 4 4 1 1 3 4 2 3 2 1 3 1 1 4 2 2 1 3 4 1 2 2 4 3 3 2 1 4 2 1 3 1 4 3 3 4 3 2 2 1 4 1 3 4 3 1 3 3 3 4 4 
4 2 2 4 4 2 4 1 3 4 2 3 1 2 2 2 2 2 4 3 1 3 1 4 2 3 4 3 4 4 3 3 1 2 1 2 1 2 2 4 4 3 4 3 3 1 1 1 2 1 2 1 1 2 3 4 2 1 3 3 4 1 1 1 3 4 1 2 1 1 1 2 3 3 1 2 3 3 1 3 4 4 3 2 2 2 3 1 4 
4 3 2 3 3 2 4 1 1 1 1 3 4 1 2 3 2 3 1 2 3 4 1 3 2 1 1 2 4 4 2 1 2 1 3 1 3 3 3 4 4 4 3 2 2 2 3 2 3 3 2 1 2 2 4 1 2 1 3 1 3 4 3 3 3 3 3 4 2 4 2 2 4 3 4 2 3 4 2 4 4 4 2 2 2 2 2 3 4 
4 3 3 4 4 4 4 1 1 4 1 1 1 2 1 2 1 2 1 2 1 2 1 1 1 1 3 4 1 4 1 1 4 2 2 1 3 2 2 3 3 3 1 3 4 1 2 1 4 1 1 2 3 2 3 3 4 1 4 4 1 4 1 2 1 1 4 4 2 3 1 3 4 4 3 3 3 3 4 4 4 1 4 4 3 4 1 3 4 
4 2 4 3 4 1 2 1 4 3 3 3 2 1 2 3 2 4 2 1 3 2 2 4 4 3 4 1 3 2 3 4 2 1 3 2 4 1 2 3 1 3 1 2 4 3 2 1 3 1 3 3 3 4 4 3 2 4 2 2 3 3 4 1 2 1 3 1 4 1 1 2 4 1 1 4 3 2 2 4 4 4 2 3 4 1 3 3 4 
4 3 1 3 2 1 4 1 4 2 4 4 1 1 4 4 1 4 2 4 3 2 2 4 3 2 2 4 4 3 3 3 3 1 1 3 2 3 3 2 3 4 1 3 3 4 2 3 2 3 1 2 1 4 4 4 3 1 4 3 3 3 2 1 1 4 3 3 2 2 2 3 2 4 3 1 1 1 4 4 2 3 3 4 1 3 1 4 4 
4 4 3 3 2 3 4 4 1 3 1 3 4 4 4 3 4 4 1 2 4 1 3 1 4 1 2 4 3 4 3 3 4 1 4 3 3 1 3 4 2 1 1 3 3 1 4 3 4 1 2 3 3 1 3 1 1 1 3 2 4 3 2 1 3 2 2 2 4 3 1 4 3 3 3 1 2 3 1 4 1 3 3 4 4 2 4 4 4 
4 4 3 2 2 3 3 1 1 4 3 2 3 4 3 4 1 3 4 1 3 1 1 2 1 3 2 3 1 3 3 2 1 4 1 3 1 4 4 3 4 2 1 4 4 2 4 4 1 3 4 1 4 1 2 3 1 1 2 4 1 4 4 2 3 3 4 4 3 2 1 4 3 3 4 1 2 4 3 2 4 2 4 1 3 1 4 2 4 
4 1 1 4 4 1 3 1 4 4 3 1 1 1 3 1 4 4 2 4 4 3 3 1 1 3 1 1 4 1 4 2 2 4 1 1 4 2 4 3 2 1 1 2 2 4 1 2 1 1 2 2 1 3 3 4 3 2 4 3 3 1 2 3 3 4 3 1 3 1 2 3 4 4 4 4 4 1 2 3 1 3 1 1 2 1 3 3 4 
4 3 2 2 3 4 2 4 1 4 4 1 2 1 4 2 4 4 2 2 3 3 1 3 1 2 3 4 3 3 1 3 4 3 3 2 3 3 4 4 2 3 4 3 1 2 3 3 1 1 3 4 3 2 1 3 3 1 2 1 1 2 1 2 1 4 3 3 1 2 2 1 4 2 1 4 1 4 3 2 2 1 2 1 2 1 3 2 4 
4 4 4 3 1 1 1 4 2 2 4 4 1 1 3 3 2 4 1 4 2 1 4 3 3 2 4 1 1 3 1 3 3 2 3 1 1 4 1 3 1 1 1 2 3 4 1 3 1 4 1 1 4 4 2 3 4 3 4 3 2 3 1 2 3 1 2 3 1 1 4 3 3 1 1 3 4 2 4 3 3 2 4 3 1 1 1 1 4 
4 1 2 1 2 1 2 3 2 1 2 3 3 2 4 2 3 2 2 3 3 3 2 1 2 4 4 3 3 4 2 2 4 1 3 4 4 1 3 3 4 2 4 1 4 2 2 1 1 4 2 2 4 2 2 3 2 4 1 1 3 4 4 3 2 1 2 1 1 2 3 3 4 4 4 1 1 4 4 2 4 1 4 3 3 1 3 3 4 
4 2 2 3 4 3 4 2 4 4 4 2 3 2 2 4 3 3 3 4 4 2 4 2 2 3 2 3 2 2 3 1 4 1 2 1 2 2 4 4 4 1 1 3 2 1 4 4 2 4 2 4 1 4 3 2 3 3 1 1 4 1 4 2 4 4 1 2 3 4 1 1 3 2 2 2 1 2 4 3 3 4 3 2 4 4 3 3 4 
4 3 4 2 3 2 4 4 2 2 2 2 1 2 1 3 2 1 4 1 4 2 3 3 4 2 1 4 2 3 3 1 4 4 3 1 2 3 1 3 2 2 4 1 1 2 3 4 2 4 3 1 2 2 4 4 4 3 3 1 1 4 2 4 1 1 4 4 2 4 1 4 4 1 1 3 4 1 2 1 3 1 1 2 1 1 4 1 4 
4 3 4 4 3 3 3 1 3 2 1 2 4 4 1 3 3 1 4 3 1 4 2 1 1 4 2 3 4 2 1 3 2 2 4 1 1 1 1 4 3 1 2 3 4 1 1 1 1 1 3 1 2 2 3 3 1 1 3 1 2 1 1 2 4 1 1 2 1 4 2 1 1 1 1 2 2 2 2 3 3 3 3 1 3 1 4 4 4 
4 4 3 1 2 4 1 1 1 1 2 2 2 3 1 3 3 3 3 3 1 3 4 1 3 1 1 4 4 1 1 4 1 3 2 4 4 4 4 1 4 1 4 1 4 4 3 2 4 3 2 1 1 1 2 3 4 4 3 2 4 1 3 2 1 1 2 3 1 4 4 4 2 1 2 3 2 3 2 2 3 2 1 1 2 2 4 3 4 
4 2 2 1 2 2 2 4 3 4 1 3 3 3 1 4 1 4 2 4 1 3 2 2 1 4 4 4 1 4 1 1 3 2 3 2 4 4 1 4 2 2 2 3 2 1 1 4 1 4 2 1 1 3 4 1 4 1 3 2 3 2 2 1 2 1 3 1 1 1 3 1 2 1 1 1 3 2 4 1 3 4 2 4 1 4 2 2 4 
4 2 3 3 4 3 1 2 4 4 2 1 4 3 1 4 2 1 4 2 2 4 3 3 3 1 3 4 2 4 4 4 4 2 4 3 1 1 4 3 2 2 3 2 1 1 1 1 3 4 4 1 2 4 4 2 4 1 4 1 4 3 2 1 1 2 4 3 3 3 4 4 4 2 4 4 2 4 1 2 2 4 1 1 2 1 1 1 4 
4 4 4 1 2 3 3 1 4 2 1 1 4 1 3 3 2 3 3 1 3 1 1 2 2 1 2 1 1 4 4 3 3 3 2 4 4 3 3 4 2 4 4 4 2 3 4 4 3 2 2 2 4 4 2 4 3 1 1 1 4 1 1 3 4 3 3 3 2 1 3 3 1 4 3 1 1 2 3 4 3 4 3 2 2 3 1 3 4 
4 1 4 2 3 2 1 4 1 4 2 2 4 2 1 1 4 3 2 3 3 1 3 4 3 3 4 1 4 2 3 2 3 1 1 4 4 3 1 1 2 1 4 1 1 2 3 3 2 4 2 4 3 3 2 4 4 2 3 2 3 4 1 2 3 1 2 1 4 4 2 2 3 4 2 2 3 1 3 4 3 2 1 1 1 4 4 3 4 
4 4 1 1 1 1 1 2 2 1 3 1 2 2 3 2 3 3 1 2 2 2 4 2 1 1 4 3 3 2 1 1 2 3 2 4 2 2 4 2 3 1 3 3 2 1 3 4 1 1 3 2 3 4 4 3 4 2 2 2 1 1 2 3 3 1 1 1 4 3 4 2 4 1 4 2 1 1 1 1 1 3 4 1 2 1 3 4 4 
4 3 4 2 2 2 4 2 4 2 3 4 4 4 1 3 4 2 3 4 1 1 2 2 4 2 3 3 3 1 1 2 1 4 1 2 3 1 4 4 4 3 4 3 2 3 3 1 3 4 3 1 2 4 1 4 1 4 4 4 1 1 2 2 2 3 4 2 2 1 3 1 2 4 4 1 3 4 1 1 1 3 3 3 2 4 2 3 4 
4 4 4 4 4 4 4 4 4 4 4 4 4 4 4 4 4 4 4 4 4 4 4 4 4 4 4 4 4 4 4 4 4 4 4 4 4 4 4 4 4 4 4 4 4 4 4 4 4 4 4 4 4 4 4 4 4 4 4 4 4 4 4 4 4 4 4 4 4 4 4 4 4 4 4 4 4 4 4 4 4 4 4 4 4 4 4 4 4 

