88
1000
1000

[Node]
0  0  0   0  0
89 0  0   0  0

[pickup]
1       502898368      20          8
2       505112394      23          10
3       502787864      25          8
4       503629917      26          12
5       504433520      32          19
6       505126632      34          12
7       505123014      36          9
8       503907150      41          14
9       504944047      43          18
10      502788559      46          10
11      503589812      48          7
12      502791464      50          16
13      503587915      52          7
14      503615814      54          14
15      502786561      55          10
16      504780339      55          9
17      502800271      59          13
18      504654384      59          12
19      502936595      63          18
20      505186923      63          15
21      504959841      64          18
22      504557490      66          13
23      503225123      70          17
24      502792057      71          14
25      502792385      74          5
26      503978903      76          14
27      503167459      76          17
28      505158222      92          6
29      505128847      92          16
30      505126631      100         10
31      502985617      101         9
32      504852746      108         10
33      504913105      119         8
34      503592373      120         18
35      502790879      125         19
36      503657465      133         9
37      503291816      139         16
38      502789111      141         5
39      503136759      151         13
40      503167442      152         18
41      504699548      161         20
42      502785872      163         9
43      503604039      164         19
44      502785850      164         15
45      502798846      166         18
46      504795387      167         11
47      502791109      169         14
48      503284249      169         12
49      502795357      172         20
50      502800753      176         14
51      502786480      179         17
52      503219384      195         16
53      502787235      196         15
54      503689218      197         7
55      505127921      200         15
56      503278639      200         19
57      502789160      204         9
58      502791236      219         7
59      503188362      231         11
60      504783211      231         10
61      504930829      233         5
62      504912045      238         16
63      503168027      245         11
64      502794067      247         20
65      504489902      247         7
66      504306349      259         5
67      504924578      277         19
68      503074190      277         19
69      505160758      290         5
70      502785846      298         14
71      503557466      302         8
72      502790625      324         14
73      502785849      325         8
74      504475038      337         17
75      504888671      338         9
76      502793877      372         18
77      504940726      373         8
78      504591167      383         20
79      503297612      388         14
80      502787162      389         17
81      502794668      405         9
82      504938844      433         18
83      502798266      490         13
84      505012229      576         11
85      503192571      577         5
86      503242004      645         18
87      504459915      890         14
88      505080279      1000        18

[Speed 0]
0.81
30.0   60.0 0.0 0.6
90.0   150 0.0 0.4
300.0  540.0 0.0 0.81
570.0 630.0 0.0 0.6
660.0 720.0 0.0 0.4
750.0 840.0 0.0 0.81

[Speed 1]
1.33
30.0   60.0 0.0 0.8
90.0   150 0.0 0.6
300.0  540.0 0.0 1.33
570.0 630.0 0.0 0.8
660.0 720.0 0.0 1.3
750.0 840.0 0.0 2

[Speed 2]
1.33
30.0   60.0 0.0 1.0
90.0   150 0.0 0.8
300.0  540.0 0.0 1.33
570.0 630.0 0.0 0.8
660.0 720.0 0.0 0.6
750.0 840.0 0.0 1.5

[Speed 3]
1.5
30.0   60.0 0.0 0.9
90.0   150 0.0 0.8
300.0  540.0 0.0 1.5
570.0 630.0 0.0 0.9
660.0 720.0 0.0 0.8
750.0 840.0 0.0 1.5

[Speed 4]
2
30.0   60.0 0.0 1.1
90.0   150 0.0 0.9
300.0  540.0 0.0 2
570.0 630.0 0.0 1.1
660.0 720.0 0.0 0.9
750.0 840.0 0.0 2

[speed choose matrix]
4 4 4 4 4 4 4 4 4 4 4 4 4 4 4 4 4 4 4 4 4 4 4 4 4 4 4 4 4 4 4 4 4 4 4 4 4 4 4 4 4 4 4 4 4 4 4 4 4 4 4 4 4 4 4 4 4 4 4 4 4 4 4 4 4 4 4 4 4 4 4 4 4 4 4 4 4 4 4 4 4 4 4 4 4 4 4 4 4 4 
4 4 2 1 1 2 1 3 4 3 2 1 1 4 1 2 2 1 1 2 1 4 2 2 4 2 4 2 1 3 3 4 3 4 2 2 2 1 2 1 3 2 1 1 3 2 3 4 2 2 4 1 3 4 2 4 1 2 4 4 1 2 1 2 2 4 1 2 1 2 4 1 2 1 3 4 1 3 4 2 2 4 4 2 1 1 3 3 2 4 
4 2 1 1 3 2 1 1 2 2 1 1 2 1 2 3 3 3 1 1 2 2 1 1 4 2 2 2 2 1 4 3 4 3 2 2 2 2 1 1 1 1 3 3 4 4 2 4 1 4 3 1 3 2 1 3 2 3 2 3 2 2 2 3 4 2 4 4 1 2 1 4 1 4 4 2 1 2 3 4 1 3 3 1 3 1 2 3 3 4 
4 3 4 3 4 2 3 1 2 1 3 4 4 1 4 4 4 1 2 1 2 1 3 1 3 2 4 1 4 4 3 4 4 4 3 4 3 4 2 4 3 4 1 2 3 3 2 4 4 4 2 1 1 3 4 2 1 4 4 2 3 3 4 4 4 4 3 3 3 2 3 4 3 4 1 4 1 3 2 1 4 3 1 3 3 1 1 2 2 4 
4 1 1 2 1 4 4 3 4 1 2 2 3 3 3 2 4 3 4 2 1 3 3 2 4 2 2 2 2 2 2 3 3 1 4 3 1 1 3 1 1 1 4 4 4 4 2 3 2 2 1 2 3 1 2 4 3 3 2 4 2 2 3 3 1 4 3 4 3 4 1 2 2 2 1 1 1 2 4 3 3 2 4 2 1 4 3 3 3 4 
4 1 3 3 4 4 3 2 2 1 1 4 1 1 1 4 2 3 4 4 1 3 4 4 1 2 4 3 3 2 3 4 3 1 2 3 1 3 4 1 2 2 1 4 4 2 1 4 4 3 3 1 3 4 2 2 1 4 1 3 4 1 2 1 4 4 3 2 4 4 2 4 3 1 1 3 2 1 4 2 2 2 2 1 3 3 1 4 1 4 
4 3 4 4 1 2 2 1 3 2 1 3 3 4 1 3 3 1 3 1 3 3 4 2 2 1 1 4 4 2 2 3 2 4 1 4 4 1 1 4 3 1 1 3 2 4 2 3 1 4 2 2 2 2 2 4 3 3 2 4 2 3 3 1 1 1 3 3 1 4 1 1 3 1 1 3 3 2 4 3 3 4 2 4 4 1 3 4 1 4 
4 2 3 4 2 4 4 1 1 1 1 3 1 4 2 4 1 3 3 1 4 1 2 2 1 2 2 3 4 4 1 3 3 2 1 4 3 3 2 3 2 1 4 4 4 1 4 1 2 3 1 2 4 2 2 4 2 2 4 4 4 3 3 4 4 4 3 2 2 4 1 2 2 1 2 4 1 4 4 3 2 3 3 3 3 2 4 1 4 4 
4 3 1 2 4 1 4 1 3 3 3 2 4 4 4 3 1 4 2 1 4 3 2 2 3 1 4 1 1 3 3 3 1 1 1 4 4 1 1 1 1 1 1 2 4 2 3 1 1 2 1 2 4 3 4 1 3 4 2 2 4 2 1 2 1 2 4 2 2 2 2 4 1 4 4 2 1 3 1 3 2 1 3 2 4 3 4 2 4 4 
4 3 4 3 3 3 2 1 2 4 2 3 3 3 2 1 4 4 2 2 1 3 2 2 4 1 4 3 2 3 2 2 3 2 1 1 1 3 2 3 3 3 1 3 4 3 1 3 2 2 3 4 1 1 4 3 4 2 2 4 3 1 1 4 3 1 3 4 2 4 4 4 3 2 3 1 4 3 2 3 2 3 4 1 2 3 2 4 4 4 
4 1 2 4 1 1 1 1 4 2 1 2 1 1 1 1 4 2 3 4 4 4 2 1 2 3 2 3 2 1 3 1 4 1 4 3 3 1 1 2 3 2 1 2 4 3 4 1 4 3 4 4 2 1 3 1 2 4 4 1 2 1 1 2 2 1 4 2 3 4 2 2 2 1 4 2 1 3 1 2 3 2 2 4 2 2 3 2 1 4 
4 4 3 2 3 1 4 1 4 2 2 2 3 4 1 1 1 2 2 4 4 4 2 1 2 4 4 3 2 2 2 3 3 1 2 1 3 2 4 4 3 4 1 3 2 2 2 4 3 1 3 3 2 4 4 1 3 2 3 1 3 1 3 4 1 2 3 2 3 2 1 1 3 1 4 4 2 1 4 1 1 4 4 2 2 3 1 3 4 4 
4 4 2 3 2 2 3 4 3 2 2 1 1 2 4 1 2 3 1 3 2 1 4 3 2 3 4 1 4 3 1 3 4 2 2 3 4 1 2 1 4 3 3 4 2 1 3 1 4 3 1 2 3 1 1 3 3 3 3 3 2 2 1 1 1 1 1 1 3 2 3 1 4 1 4 2 4 3 1 3 3 3 4 4 3 2 2 3 2 4 
4 3 2 1 1 4 3 1 2 1 2 2 1 3 3 4 4 3 3 4 3 1 1 4 1 3 4 3 1 4 4 1 3 1 4 4 1 3 3 1 3 4 4 3 4 4 1 4 1 1 2 4 4 3 4 3 1 1 2 1 2 4 1 4 1 3 1 1 2 2 3 3 4 4 2 4 2 3 3 3 1 1 1 4 2 3 1 3 2 4 
4 1 1 1 1 4 3 2 3 1 3 4 2 3 1 2 4 2 2 2 1 3 2 1 4 4 4 2 2 1 2 2 3 2 2 3 3 3 1 4 4 3 1 1 2 4 1 4 1 2 1 4 2 4 2 4 4 3 3 2 1 3 4 1 4 4 3 4 3 4 3 4 3 1 1 3 3 2 2 4 3 3 2 2 2 2 4 3 4 4 
4 4 3 1 2 4 3 1 3 1 1 1 3 3 1 3 3 1 3 3 1 2 1 2 2 2 1 2 3 3 4 1 3 1 4 4 1 2 4 2 3 1 3 2 2 2 3 4 2 1 4 1 2 2 3 3 2 1 3 3 2 1 1 1 3 1 1 3 1 4 3 3 3 4 4 3 3 2 2 3 4 2 2 2 4 2 2 3 4 4 
4 4 1 4 2 1 3 2 1 4 2 2 2 3 4 3 4 2 4 4 4 2 3 3 2 3 2 2 1 2 4 4 1 2 2 2 2 1 4 2 2 3 1 4 3 4 3 4 2 3 2 4 1 1 4 3 4 3 2 1 1 2 2 1 4 2 2 1 2 4 2 4 1 1 2 4 1 4 4 2 2 2 2 1 4 3 2 3 4 4 
4 4 2 3 2 2 3 2 3 3 1 2 3 1 2 4 1 4 2 3 1 3 3 1 2 4 1 3 3 3 3 4 2 1 4 2 2 1 1 1 1 2 3 2 2 4 3 1 4 1 1 3 1 3 3 1 2 4 1 4 2 1 4 2 3 4 3 2 2 4 1 4 3 4 1 1 4 4 3 1 2 2 4 3 4 3 3 3 1 4 
4 2 4 2 3 2 3 4 1 4 1 1 3 2 3 4 2 3 3 1 2 2 3 2 2 4 2 2 1 1 4 4 3 4 2 2 4 3 1 2 2 2 1 1 2 2 4 1 3 2 1 1 2 1 3 4 4 1 3 2 1 2 1 1 4 2 4 3 4 4 1 3 3 3 2 4 3 3 1 1 4 2 3 3 2 4 3 3 2 4 
4 3 2 2 2 1 4 2 1 1 4 4 1 3 3 3 1 4 4 4 3 4 4 2 1 2 1 2 2 4 2 4 3 4 2 3 1 2 3 4 2 4 1 2 3 3 4 1 3 1 3 4 3 1 2 4 3 2 1 1 3 3 1 2 1 1 1 1 1 2 1 1 4 3 3 4 4 4 3 4 3 1 2 1 1 4 4 4 1 4 
4 4 1 1 1 1 3 2 1 2 1 3 3 4 2 2 1 4 1 3 2 2 3 3 4 2 1 3 4 4 4 1 1 2 2 3 1 4 4 2 3 1 4 1 1 3 4 3 3 4 3 2 4 2 1 1 4 2 4 3 4 3 1 4 3 4 2 4 4 2 1 3 3 2 2 1 4 2 1 2 1 1 2 4 1 2 1 3 4 4 
4 4 2 3 4 1 1 1 1 1 2 3 1 2 3 1 4 2 4 1 4 4 4 3 4 3 2 2 1 3 3 4 3 3 4 3 3 2 2 4 4 1 3 3 1 3 4 4 4 2 2 2 2 4 4 1 4 2 1 4 4 1 3 2 4 3 2 4 1 1 1 2 4 2 1 4 4 4 2 2 1 4 4 2 3 3 4 2 2 4 
4 3 4 2 4 3 1 4 3 3 4 1 3 3 1 4 4 4 4 2 1 4 1 4 1 2 4 2 3 2 4 1 2 2 4 4 2 4 4 3 4 4 2 4 1 3 4 1 1 3 1 2 3 3 4 4 2 3 3 3 2 1 2 1 2 1 2 4 1 4 1 4 3 2 3 4 1 1 4 2 2 4 4 1 2 3 2 2 3 4 
4 4 4 2 2 1 3 1 2 3 2 1 3 2 3 1 1 4 1 2 3 3 2 3 2 1 4 2 2 4 4 4 3 3 4 1 4 4 1 2 4 2 2 3 4 4 2 3 1 3 1 1 2 1 2 3 1 3 3 2 1 1 1 3 2 1 1 1 3 2 3 4 3 3 1 1 1 1 1 4 2 4 3 2 1 2 3 1 3 4 
4 3 1 1 3 4 3 4 1 3 1 2 1 1 1 4 4 3 3 1 3 4 4 4 3 1 2 4 4 4 2 4 2 3 4 2 4 3 2 3 2 4 1 4 2 2 2 4 1 2 2 1 4 2 4 3 2 3 3 3 2 1 3 1 4 3 1 2 1 3 3 4 3 1 4 1 2 4 2 3 2 2 3 3 1 3 2 2 3 4 
4 1 2 3 4 3 2 4 2 4 2 2 1 3 4 3 2 2 4 1 2 2 3 2 1 1 4 4 3 2 2 4 1 1 1 4 4 4 3 1 4 1 3 3 2 4 4 1 2 1 2 3 4 3 3 4 4 3 1 3 1 2 3 4 3 2 3 3 3 3 4 3 4 2 2 1 1 4 2 1 2 1 1 4 1 3 4 2 3 4 
4 1 3 4 4 1 2 3 3 2 4 3 1 3 4 4 4 4 4 1 3 4 2 3 3 4 4 4 4 2 1 2 1 3 2 1 4 3 4 2 3 4 1 4 3 1 2 4 4 3 4 1 4 1 4 1 1 3 4 3 4 2 1 3 4 4 2 4 2 1 2 4 4 3 4 1 1 4 1 1 3 3 4 2 2 2 3 4 2 4 
4 3 2 2 1 1 3 3 4 4 3 2 2 4 1 1 2 2 4 1 4 4 4 3 1 2 1 1 1 1 3 4 1 4 4 1 1 3 4 1 2 2 4 1 3 3 1 2 4 3 3 4 4 2 4 4 3 4 3 3 3 4 4 2 3 3 4 1 3 4 3 1 2 3 1 4 4 4 4 2 2 2 4 4 1 4 1 2 2 4 
4 3 1 4 1 3 3 3 3 1 2 1 1 3 1 4 4 3 2 4 4 4 1 3 4 4 4 2 2 1 2 1 2 2 2 4 4 4 4 1 4 4 3 1 2 3 4 1 3 2 4 1 2 1 3 2 2 1 1 1 4 1 3 3 3 4 4 1 2 3 2 3 3 2 4 4 3 1 4 2 2 3 3 4 3 3 4 2 4 4 
4 3 2 3 1 4 2 4 1 2 3 1 4 4 1 3 2 4 1 2 3 3 1 4 3 3 3 1 3 2 3 3 1 3 2 4 1 4 3 3 3 4 1 3 3 1 1 1 4 2 3 3 4 1 4 2 4 2 4 2 1 1 4 3 2 3 2 4 2 2 2 2 3 1 3 2 2 2 2 1 1 3 2 3 1 2 3 1 3 4 
4 3 3 3 4 2 1 4 1 4 1 2 1 1 2 1 4 4 1 1 3 1 4 2 3 4 2 2 1 4 2 3 1 4 2 2 3 2 2 3 4 3 2 2 3 4 3 3 1 1 1 4 4 2 1 4 4 2 2 2 1 3 3 3 2 4 4 1 1 2 2 3 3 2 2 4 3 2 2 4 2 2 4 4 1 3 4 2 2 4 
4 4 4 2 4 3 2 1 1 4 2 1 3 4 4 2 1 1 4 3 2 2 3 4 2 4 3 2 2 1 3 2 2 3 3 2 2 2 1 4 4 2 2 1 4 3 3 3 1 4 4 4 3 1 1 2 1 2 4 2 1 2 4 2 1 3 2 4 1 1 2 1 1 3 1 4 4 2 2 2 4 4 1 2 2 3 3 4 4 4 
4 3 3 1 2 1 2 3 1 2 3 2 2 1 3 1 1 3 3 1 4 1 3 4 4 4 1 2 3 1 1 3 3 4 2 1 3 4 4 4 4 2 4 4 4 1 1 3 4 1 3 4 1 1 3 3 4 1 2 2 4 1 2 1 3 1 1 4 3 2 4 3 4 2 3 3 4 1 4 4 2 4 2 3 3 3 3 3 4 4 
4 4 1 3 4 1 1 4 4 4 3 2 3 3 2 3 2 2 2 4 1 2 3 3 4 4 3 1 4 3 4 3 2 3 4 4 4 4 1 4 2 3 3 4 1 4 3 1 3 1 2 1 4 4 1 4 1 2 1 4 2 4 2 2 1 2 1 4 4 2 4 3 1 2 3 4 3 1 2 4 2 4 2 1 3 4 3 2 1 4 
4 2 2 2 4 1 2 3 1 3 3 2 4 1 2 2 4 4 3 4 2 4 3 3 2 4 3 4 3 2 1 4 4 4 2 2 3 2 1 3 4 4 1 3 2 2 1 1 1 4 1 4 4 4 3 1 3 1 1 3 4 3 1 2 4 2 1 3 1 2 1 4 4 1 1 3 4 1 4 4 4 3 2 2 2 1 1 3 2 4 
4 1 2 3 3 3 4 2 1 2 2 4 4 3 1 4 1 3 2 3 4 4 3 3 4 1 2 2 4 3 1 3 4 4 4 1 4 4 3 1 2 1 2 4 3 1 3 2 1 2 3 4 2 1 4 4 4 2 4 4 2 4 2 1 4 2 1 3 2 1 2 2 2 3 3 4 3 3 3 3 3 2 1 4 2 2 4 4 1 4 
4 4 4 4 2 2 3 1 3 3 3 1 1 3 2 2 2 1 1 4 2 4 3 4 2 2 3 3 2 3 4 1 1 4 1 1 1 2 4 2 3 4 4 4 2 1 1 4 2 2 1 1 4 4 3 1 1 4 3 3 2 1 1 2 1 4 2 3 2 4 4 3 3 2 1 1 4 4 4 1 2 2 1 3 1 3 2 3 3 4 
4 4 4 4 1 1 4 2 3 3 4 2 4 1 3 1 2 2 3 2 4 2 1 4 2 2 4 1 2 1 2 3 2 3 3 4 2 4 1 1 2 4 3 3 1 2 3 4 1 3 4 4 3 2 2 2 3 3 1 3 1 2 2 2 2 1 4 1 3 2 1 2 1 4 1 4 4 2 4 2 3 4 4 3 2 4 2 4 4 4 
4 2 2 2 3 3 1 4 4 4 2 4 2 4 4 1 3 2 2 4 2 2 2 4 2 1 3 3 2 4 3 2 4 3 3 4 1 4 2 1 1 4 2 4 1 4 4 1 4 4 4 2 4 4 2 4 4 4 4 4 1 4 4 4 1 2 2 3 2 3 1 3 4 1 4 3 4 2 4 4 3 2 2 4 3 2 1 1 3 4 
4 4 1 2 2 3 4 2 3 1 3 3 4 1 1 4 4 1 4 2 1 3 2 1 3 3 4 3 1 4 3 2 2 4 3 3 1 4 4 2 1 4 3 1 4 1 3 1 2 4 4 1 4 4 3 3 4 2 1 3 4 3 4 2 1 1 2 4 3 4 2 4 3 1 1 3 3 4 3 3 3 2 1 2 4 4 2 2 4 4 
4 1 4 4 3 4 2 1 2 2 4 1 4 3 3 4 2 1 4 1 3 4 2 4 2 3 1 2 3 3 4 3 2 3 3 1 1 1 2 4 4 2 2 4 4 4 2 4 4 4 2 3 1 1 1 4 4 3 3 2 2 1 2 2 3 3 4 1 1 2 4 3 4 3 1 1 2 4 4 4 3 4 3 2 2 1 2 4 4 4 
4 1 3 1 2 4 4 1 1 1 2 4 1 4 3 3 4 1 4 2 2 3 3 2 2 3 1 3 1 3 2 2 4 1 4 4 2 4 2 1 1 4 4 4 4 3 4 4 3 4 3 3 4 3 4 1 1 2 2 2 1 3 2 2 4 4 2 3 4 4 1 3 4 2 2 2 3 4 4 2 1 4 4 4 2 2 1 3 2 4 
4 3 2 4 1 3 4 1 1 3 1 4 2 3 3 3 2 2 3 4 2 1 1 1 4 4 4 4 3 3 4 3 3 4 1 4 4 4 1 1 1 4 4 4 4 2 1 3 3 2 4 3 4 4 2 2 3 2 3 1 2 1 1 3 1 1 3 2 4 1 3 3 4 1 3 1 2 1 3 3 2 2 2 4 3 2 4 2 4 4 
4 3 2 2 1 1 1 4 2 4 1 4 1 3 3 2 4 2 3 1 4 3 2 3 2 4 1 1 3 3 3 2 2 2 4 1 2 2 2 3 4 4 1 2 4 3 2 4 2 2 1 3 1 4 2 1 3 2 4 2 4 2 1 3 2 1 2 3 2 4 3 1 2 1 3 4 4 2 2 2 4 2 3 3 1 2 2 2 4 4 
4 1 4 3 3 1 2 3 1 3 3 4 1 1 4 4 4 4 4 1 1 4 1 1 3 2 4 3 2 2 3 2 1 3 2 1 1 1 3 1 3 1 1 4 2 2 1 1 3 1 2 1 3 2 4 3 4 3 3 3 4 4 1 1 4 1 4 2 4 2 2 2 4 2 4 4 1 1 2 2 4 3 2 2 4 3 4 4 4 4 
4 4 1 2 4 4 3 2 2 1 3 3 2 2 1 2 4 3 2 3 1 3 3 3 3 1 1 2 3 3 4 4 3 1 2 1 1 3 2 4 1 1 4 2 3 1 3 1 4 3 3 2 1 3 1 3 4 2 4 2 1 4 2 3 2 1 4 4 3 4 1 3 1 2 4 2 4 1 1 2 3 1 2 1 2 4 3 4 1 4 
4 1 3 3 3 2 3 2 4 4 4 2 4 3 4 1 3 2 1 3 1 4 2 4 3 2 1 1 1 2 2 2 2 3 4 3 1 3 2 4 1 2 4 1 1 1 2 2 4 3 4 2 4 3 1 1 4 2 2 4 2 4 4 4 1 4 1 2 1 1 1 4 3 1 2 4 3 3 3 1 3 3 3 3 4 3 3 2 1 4 
4 3 1 4 3 4 3 4 1 2 4 1 1 3 1 1 1 2 2 3 2 2 1 4 1 3 1 1 3 2 4 3 3 4 3 1 3 2 1 2 4 3 4 2 2 1 1 1 1 2 1 2 3 3 1 2 1 1 2 3 4 1 2 3 3 1 4 3 3 1 1 1 1 2 4 1 4 3 1 4 2 1 3 2 2 4 3 2 2 4 
4 1 2 1 3 1 1 1 1 1 2 1 3 2 3 1 4 4 4 1 3 4 3 1 4 4 2 1 2 4 3 1 1 3 2 3 4 1 1 1 4 3 2 4 2 2 3 1 4 4 4 3 4 1 4 1 2 1 4 1 1 4 3 1 4 2 2 4 2 3 1 1 1 4 4 1 4 2 3 3 2 2 2 3 4 1 1 2 2 4 
4 4 4 4 1 2 1 1 4 4 3 2 4 1 4 1 3 3 4 2 4 3 3 2 4 2 2 3 3 4 1 2 1 1 1 2 1 3 4 2 3 3 4 1 3 4 4 1 2 4 3 3 2 1 1 1 2 1 3 1 3 3 2 1 3 3 3 2 1 2 4 2 4 3 1 1 3 4 2 3 3 2 3 4 4 3 3 4 3 4 
4 4 3 2 1 4 3 3 2 1 2 2 1 3 3 1 2 4 4 1 3 3 1 1 3 3 4 2 4 1 1 2 1 4 3 1 3 1 2 1 1 2 2 4 4 3 3 3 4 3 2 1 3 4 1 3 4 2 3 4 1 1 2 1 3 4 4 3 1 4 1 2 1 4 2 4 3 4 1 1 2 1 4 4 3 4 3 4 2 4 
4 4 2 1 4 3 4 4 2 2 2 3 1 4 3 3 4 2 2 3 1 1 1 2 4 4 4 4 4 4 3 2 4 2 3 2 2 2 1 4 1 4 4 3 4 2 2 4 3 2 3 1 1 3 1 2 1 1 1 1 2 1 2 4 3 2 1 4 2 2 4 3 2 3 2 1 2 1 2 3 1 4 2 4 3 1 2 4 3 4 
4 4 1 2 4 2 3 3 3 3 2 3 3 4 4 3 1 2 4 4 2 4 1 3 2 1 1 4 1 2 1 2 1 2 3 3 4 4 4 3 4 2 1 2 2 2 2 3 4 2 3 4 3 1 1 3 2 2 4 1 1 2 2 3 4 1 4 1 2 3 3 2 4 1 4 4 4 2 1 2 3 4 3 4 3 4 4 3 2 4 
4 4 1 3 1 4 4 2 4 1 4 4 2 4 1 2 2 3 4 1 4 2 2 4 3 3 2 1 4 2 2 1 1 1 4 2 2 2 4 3 2 1 1 1 2 2 4 1 1 1 1 3 3 4 4 2 3 4 4 2 3 4 4 3 3 2 3 2 3 3 2 1 3 2 3 3 2 1 4 4 4 2 1 4 1 4 4 2 2 4 
4 1 1 3 1 3 1 3 2 4 1 2 4 2 1 2 3 3 1 1 2 2 4 1 2 2 3 1 3 2 1 3 2 3 2 2 2 4 3 3 3 3 1 1 2 4 2 4 2 2 2 3 2 4 1 4 2 1 4 1 3 2 3 1 2 3 1 2 4 3 1 1 2 2 2 2 2 1 4 3 2 2 4 4 4 3 3 1 4 4 
4 1 3 2 1 3 1 4 4 3 3 1 3 4 4 3 2 4 3 3 4 1 4 1 2 3 2 4 3 2 2 2 1 1 3 2 4 3 4 2 1 3 2 3 2 2 3 2 4 1 2 3 4 2 1 2 4 4 4 4 2 4 4 3 3 3 4 3 4 3 4 4 4 2 4 4 2 1 1 4 1 1 1 2 1 3 3 4 1 4 
4 2 1 4 3 2 1 4 4 1 2 4 1 3 4 3 1 3 4 3 4 4 3 2 2 1 1 1 2 2 3 2 3 1 1 4 4 1 1 4 4 4 1 2 1 2 1 4 3 3 1 1 2 2 4 4 4 4 1 1 1 4 4 2 2 2 2 3 4 2 3 1 3 3 3 1 1 1 2 1 4 3 2 4 1 2 1 1 3 4 
4 4 4 2 2 3 1 3 1 2 4 1 1 3 1 2 3 4 1 1 1 2 1 1 2 3 2 3 1 2 4 4 2 4 1 1 2 3 3 1 2 2 3 1 4 2 3 2 4 1 1 1 4 3 1 1 3 1 3 4 3 3 2 4 2 3 1 1 4 4 4 2 4 1 3 1 1 3 1 2 3 3 2 4 1 2 1 2 4 4 
4 1 1 2 1 3 2 2 2 2 4 1 2 4 4 3 1 2 4 1 2 1 3 1 4 4 1 2 3 2 1 4 4 1 2 3 2 2 3 4 2 3 1 2 2 3 1 3 2 2 2 4 1 3 1 2 4 4 4 3 1 1 4 1 4 1 2 1 1 3 1 1 3 2 1 1 1 4 1 1 2 3 2 4 3 2 1 2 2 4 
4 2 3 4 2 1 4 3 3 3 3 2 4 1 3 4 1 4 1 3 3 2 1 2 2 3 2 3 1 1 4 1 4 3 2 3 4 1 2 4 1 4 4 2 4 1 2 4 2 3 3 2 2 2 2 3 2 4 1 2 2 1 3 3 3 1 4 1 4 2 4 1 2 4 3 4 3 4 3 2 4 1 2 1 2 4 2 2 1 4 
4 2 2 1 4 1 3 1 2 2 2 3 2 4 3 1 3 2 3 1 3 4 1 1 2 1 1 4 4 3 1 2 2 2 3 1 4 3 1 3 4 2 1 1 2 3 1 2 3 1 3 4 1 1 4 4 1 3 4 3 3 4 3 1 3 2 1 3 1 2 4 1 4 3 4 2 1 3 1 2 2 1 1 2 2 2 3 3 1 4 
4 4 2 1 2 2 1 3 1 2 4 2 3 1 3 2 4 1 4 1 3 3 3 4 3 1 2 4 1 4 3 1 4 3 3 2 1 3 1 4 4 3 2 2 1 4 2 2 4 3 2 2 1 4 2 1 2 2 1 2 3 1 2 3 1 1 2 2 1 1 3 3 1 4 4 1 1 2 3 2 2 1 3 3 3 2 3 1 4 4 
4 4 3 4 2 3 3 2 2 2 1 2 1 4 1 1 1 3 4 2 4 3 1 2 2 2 4 2 2 2 2 3 3 2 4 2 4 1 4 2 3 1 4 3 1 1 3 3 4 1 3 3 1 2 2 4 2 1 3 4 1 1 3 4 4 4 4 1 3 3 2 3 1 2 4 2 2 2 4 3 1 1 1 4 3 4 4 4 4 4 
4 4 2 2 2 2 2 4 4 1 4 2 2 4 1 3 1 2 2 1 2 1 3 2 4 1 2 4 3 2 4 4 1 4 3 1 2 4 2 3 2 2 3 1 3 3 2 2 2 3 2 3 2 1 3 4 1 4 3 4 4 3 2 1 3 1 1 4 1 1 2 1 1 2 1 1 4 2 4 4 2 2 3 4 1 4 1 1 4 4 
4 1 1 2 4 1 1 3 2 2 4 2 4 4 2 2 1 2 1 1 3 4 1 3 1 3 4 4 2 1 1 1 4 4 2 3 3 2 2 3 4 3 2 2 1 4 1 3 1 1 1 3 4 4 1 4 3 3 2 3 4 1 3 2 2 4 1 4 4 3 2 4 4 1 1 1 2 3 1 2 1 4 1 1 4 2 1 4 3 4 
4 4 3 1 1 1 4 1 4 2 4 1 1 2 2 1 1 3 1 2 3 3 3 2 2 3 1 4 2 3 4 3 2 3 3 3 2 3 1 4 4 1 2 2 4 4 4 2 3 4 4 1 4 2 3 3 1 3 2 3 4 2 4 4 2 1 3 3 3 1 1 3 4 4 3 1 1 1 2 4 2 1 3 4 3 3 2 3 3 4 
4 2 3 1 2 1 4 2 4 4 3 3 1 4 3 3 3 2 4 2 3 4 3 4 1 1 4 1 2 2 3 3 2 1 4 3 1 3 4 2 3 4 1 3 4 1 4 4 4 1 2 1 1 3 4 1 2 2 2 3 1 1 2 3 1 1 2 4 1 3 2 2 1 4 2 3 2 2 1 2 4 2 4 1 3 3 2 4 2 4 
4 3 3 3 3 4 3 4 2 4 2 4 3 1 2 3 4 2 2 2 1 3 1 4 4 3 4 2 3 3 1 4 3 3 3 1 2 2 1 4 2 2 1 3 3 1 4 1 3 4 2 3 4 3 2 1 3 2 2 1 2 2 3 2 4 4 4 4 4 3 1 2 4 1 3 1 2 2 2 1 4 2 1 3 2 3 3 1 2 4 
4 2 1 2 1 4 4 3 3 2 1 4 1 2 3 4 1 3 1 2 4 4 3 2 3 2 2 2 4 3 1 2 3 1 1 3 2 2 2 1 4 2 3 2 2 4 1 3 3 3 2 4 3 4 4 2 3 1 3 4 2 3 4 4 1 3 2 4 2 1 3 2 3 1 4 2 4 3 1 4 2 1 1 4 1 1 2 4 2 4 
4 1 4 2 4 1 4 3 1 1 3 4 1 2 4 3 4 3 3 4 2 4 2 2 3 3 4 3 1 1 4 1 1 1 1 2 4 4 3 2 3 1 2 3 3 3 3 4 1 4 1 2 2 1 2 2 4 2 4 2 3 3 3 3 2 2 1 2 4 1 4 1 3 3 1 1 3 2 4 2 3 2 4 1 2 2 2 3 4 4 
4 4 3 2 2 2 1 2 3 1 3 4 3 4 4 2 4 2 3 1 4 3 2 1 2 4 3 3 4 4 1 1 3 2 1 3 3 1 3 2 3 4 2 1 1 4 1 4 3 4 1 2 3 4 4 2 1 1 3 1 1 1 1 1 1 1 4 4 2 3 1 4 4 4 3 3 4 3 2 1 4 1 4 2 4 4 4 2 1 4 
4 4 3 2 4 4 4 3 4 3 2 1 3 3 2 4 1 3 2 3 4 3 1 4 1 2 1 2 1 4 3 1 2 1 1 4 2 1 4 1 2 4 1 4 1 2 1 3 4 1 3 2 1 1 1 2 2 4 2 1 1 1 4 1 3 2 3 1 2 2 4 1 2 3 1 2 2 1 2 3 4 1 4 3 2 2 1 4 1 4 
4 3 2 2 3 3 2 3 4 4 2 3 1 2 3 2 3 3 3 1 2 2 1 2 3 4 4 4 2 2 4 1 4 2 4 1 3 1 2 1 2 2 1 2 1 1 3 2 4 1 2 2 3 4 1 1 3 4 4 3 1 4 2 1 3 1 4 4 4 2 3 3 2 3 2 3 2 1 3 2 4 3 3 1 2 4 3 4 1 4 
4 2 2 1 3 4 2 1 4 1 4 1 2 3 4 3 1 3 1 3 1 3 1 2 4 4 1 3 4 3 2 2 1 2 1 4 3 1 1 2 2 1 4 2 1 3 4 1 3 3 3 2 4 1 4 3 2 3 4 2 3 3 3 3 4 3 4 3 2 2 1 1 1 1 1 3 3 4 4 4 3 2 2 4 1 1 3 4 1 4 
4 2 3 3 1 1 2 1 3 3 3 1 2 2 3 3 2 4 4 2 3 3 2 2 3 1 3 2 3 1 1 1 2 3 3 2 3 4 2 4 1 3 4 1 3 3 2 2 3 2 1 2 3 4 1 2 1 4 4 4 2 1 2 2 1 1 4 4 4 1 1 4 1 3 3 1 1 2 2 3 4 4 1 1 3 2 2 1 2 4 
4 2 3 4 3 3 2 4 1 3 3 3 3 4 4 3 1 3 3 4 3 4 3 4 1 2 4 4 3 3 4 2 4 4 1 3 3 1 1 3 1 3 2 3 2 4 4 2 3 4 2 2 3 4 4 1 2 1 2 1 3 4 2 1 1 1 2 2 3 4 3 1 2 3 1 1 3 3 1 1 2 2 3 2 3 4 1 2 3 4 
4 3 2 1 2 2 1 4 3 4 2 2 4 4 1 1 2 2 3 2 4 1 2 3 3 1 4 3 4 3 4 3 3 4 1 4 3 3 2 4 3 1 3 1 2 3 2 2 2 3 4 3 4 2 2 3 1 1 4 1 4 2 2 1 2 2 1 4 3 1 3 3 3 4 3 2 4 2 4 4 4 3 2 4 4 1 3 3 2 4 
4 3 4 1 2 4 2 3 2 3 4 1 1 2 4 3 4 3 4 3 3 3 4 4 3 2 2 2 2 1 2 4 2 2 3 3 4 3 3 4 3 2 2 4 4 3 3 1 2 2 1 4 3 1 3 2 1 1 1 2 4 3 3 3 2 4 3 2 4 4 4 4 1 4 4 4 4 3 1 1 1 4 2 2 1 3 4 1 3 4 
4 1 2 4 4 3 3 4 4 3 1 1 2 1 1 4 3 3 1 3 4 3 1 4 3 4 4 1 3 2 3 1 4 3 1 4 1 1 2 4 3 3 1 4 1 2 2 2 1 2 4 3 1 4 4 4 1 1 3 2 3 3 2 1 2 4 4 1 4 1 3 3 4 2 1 3 1 4 4 4 1 3 4 4 4 2 2 1 1 4 
4 3 4 3 1 1 1 4 2 1 2 2 2 4 1 2 1 4 4 2 4 4 3 4 3 1 3 4 4 3 4 3 4 2 4 1 2 3 4 3 4 3 3 2 2 2 3 2 2 3 2 2 2 1 2 4 3 3 4 2 2 1 4 1 4 2 1 2 2 4 4 3 4 1 2 2 3 1 4 4 2 1 4 3 3 2 4 4 3 4 
4 2 3 2 4 4 3 2 4 2 2 1 3 1 1 2 4 3 2 2 4 2 2 3 1 3 3 2 2 1 2 1 3 1 2 1 1 2 4 4 3 1 2 3 4 3 3 2 1 1 1 2 3 1 1 1 2 1 2 2 3 4 1 3 3 2 1 4 4 1 1 1 2 3 3 1 2 4 4 3 1 4 1 4 1 1 1 3 2 4 
4 2 4 4 2 4 3 1 3 1 2 2 2 2 3 3 3 2 1 2 1 2 2 3 3 3 3 1 2 2 4 3 3 1 2 2 4 4 3 3 3 1 4 4 3 4 1 3 3 3 1 3 1 4 4 3 1 3 4 1 4 3 4 3 3 1 1 3 1 2 1 3 4 2 1 3 4 3 2 2 3 4 3 1 4 2 2 2 1 4 
4 2 1 4 1 1 1 3 4 3 1 4 4 1 3 1 4 3 2 4 2 1 4 1 2 2 3 3 3 2 1 3 1 4 3 4 3 3 4 3 4 4 1 1 4 3 4 4 1 2 4 3 2 1 1 4 1 1 1 4 4 1 3 1 2 3 1 2 4 4 2 4 3 4 1 1 1 2 2 4 1 2 2 2 4 3 1 2 1 4 
4 3 1 3 4 4 1 3 1 3 4 3 1 3 3 2 2 3 2 1 2 2 3 3 2 2 1 1 3 4 4 2 4 1 4 1 4 2 3 4 3 4 2 1 3 4 4 4 1 3 3 4 4 4 2 1 2 1 2 2 4 2 2 2 3 1 3 3 4 2 4 4 3 4 2 1 2 3 1 2 4 4 4 1 3 2 4 4 3 4 
4 3 1 4 4 1 3 4 2 1 4 2 1 2 2 1 1 1 2 1 2 2 3 1 3 1 3 1 4 4 3 2 2 1 3 3 3 3 4 3 4 4 1 2 3 4 2 2 3 3 1 3 2 4 2 3 3 1 1 3 4 2 3 1 1 2 4 4 2 1 1 2 3 1 2 2 1 3 1 2 3 3 2 3 3 4 2 3 1 4 
4 1 3 2 3 1 4 4 4 2 3 1 2 4 4 2 4 2 2 1 4 1 1 4 4 1 2 1 4 3 1 2 1 4 4 4 1 3 3 4 1 1 2 3 4 4 3 1 4 1 2 3 2 1 2 3 4 1 4 2 1 4 3 2 4 4 1 4 2 4 3 4 2 3 4 2 1 4 4 4 3 3 4 4 3 3 2 3 1 4 
4 1 4 3 1 2 3 4 4 3 2 1 3 3 3 1 4 2 4 4 1 2 2 1 4 4 4 2 3 1 4 2 1 2 2 2 4 1 4 4 3 4 1 2 4 1 2 1 3 4 3 2 4 4 3 2 2 2 2 1 1 3 4 1 1 3 2 1 2 2 2 4 3 1 2 3 1 4 1 2 1 3 2 1 2 4 1 1 1 4 
4 2 3 1 2 1 3 4 4 2 3 1 4 2 2 3 4 1 3 2 3 2 1 3 4 3 1 1 3 4 1 2 2 2 3 2 1 3 1 3 4 1 3 1 4 1 2 3 3 1 1 3 1 1 2 4 3 3 1 3 3 4 2 4 1 4 4 4 3 3 1 1 3 3 3 3 2 1 4 4 3 2 3 4 1 2 3 2 3 4 
4 2 1 3 1 3 4 2 1 3 3 2 4 4 1 1 4 1 3 4 4 4 4 3 3 1 3 1 2 2 2 2 3 3 2 3 1 1 1 4 4 1 1 2 2 2 2 2 2 1 4 4 2 3 1 3 3 2 1 1 1 3 3 4 1 1 3 4 2 2 1 3 2 4 1 3 2 1 2 2 2 4 3 1 2 1 4 2 4 4 
4 4 4 4 4 4 4 4 4 4 4 4 4 4 4 4 4 4 4 4 4 4 4 4 4 4 4 4 4 4 4 4 4 4 4 4 4 4 4 4 4 4 4 4 4 4 4 4 4 4 4 4 4 4 4 4 4 4 4 4 4 4 4 4 4 4 4 4 4 4 4 4 4 4 4 4 4 4 4 4 4 4 4 4 4 4 4 4 4 4 

