90
1000
1000

[Node]
0  0  0   0  0
91 0  0   0  0

[pickup]
1       504900247      16          8
2       502794188      25          15
3       504449422      26          12
4       502785848      35          5
5       504483241      38          6
6       504896908      42          13
7       504512179      44          16
8       504697856      48          17
9       502795654      51          19
10      502801079      60          19
11      503108157      60          14
12      504813165      62          7
13      502795303      63          10
14      502794343      64          5
15      502789389      66          5
16      505191730      70          13
17      505121657      79          18
18      502795975      80          7
19      502851705      82          15
20      502795314      83          9
21      504761212      83          13
22      502799157      84          10
23      503641850      84          5
24      504633794      84          16
25      502797785      89          6
26      505012229      93          15
27      502796457      94          13
28      502795366      103         7
29      502787836      107         19
30      502795382      113         14
31      502878271      113         7
32      503221322      115         8
33      502970886      116         8
34      502786503      116         10
35      503297617      124         7
36      502787651      128         7
37      504332253      129         10
38      502801750      132         13
39      502794770      139         12
40      505163840      141         8
41      502787056      141         15
42      504940819      141         18
43      504467528      144         5
44      502795434      150         16
45      502794469      153         20
46      502791365      177         10
47      503262469      178         9
48      504539377      180         5
49      504766184      181         5
50      503251698      194         12
51      504561518      194         17
52      503202377      195         17
53      504695606      201         6
54      504139409      203         13
55      502787519      208         8
56      502799697      210         20
57      505186931      210         17
58      503074303      222         15
59      502789178      232         19
60      504970852      234         12
61      505188477      241         13
62      503184278      270         18
63      502947479      286         9
64      502789207      287         13
65      504814520      295         18
66      502786541      309         11
67      502785857      314         17
68      502787619      315         7
69      503229542      319         9
70      505122342      319         5
71      502787837      342         13
72      502794583      364         9
73      502798415      370         14
74      504608410      403         6
75      502976944      443         13
76      504783121      458         14
77      504804145      464         9
78      504851316      468         14
79      502785770      470         6
80      503157758      474         10
81      504411672      481         5
82      502797193      482         20
83      502790178      586         16
84      504777883      649         6
85      503557118      681         5
86      502789312      742         8
87      504783206      788         9
88      505080279      1000        12
89      502804546      1000        11
90      504940835      1000        20

[Speed 0]
0.81
30.0   60.0 0.0 0.6
90.0   150 0.0 0.4
300.0  540.0 0.0 0.81
570.0 630.0 0.0 0.6
660.0 720.0 0.0 0.4
750.0 840.0 0.0 0.81

[Speed 1]
1.33
30.0   60.0 0.0 0.8
90.0   150 0.0 0.6
300.0  540.0 0.0 1.33
570.0 630.0 0.0 0.8
660.0 720.0 0.0 1.3
750.0 840.0 0.0 2

[Speed 2]
1.33
30.0   60.0 0.0 1.0
90.0   150 0.0 0.8
300.0  540.0 0.0 1.33
570.0 630.0 0.0 0.8
660.0 720.0 0.0 0.6
750.0 840.0 0.0 1.5

[Speed 3]
1.5
30.0   60.0 0.0 0.9
90.0   150 0.0 0.8
300.0  540.0 0.0 1.5
570.0 630.0 0.0 0.9
660.0 720.0 0.0 0.8
750.0 840.0 0.0 1.5

[Speed 4]
2
30.0   60.0 0.0 1.1
90.0   150 0.0 0.9
300.0  540.0 0.0 2
570.0 630.0 0.0 1.1
660.0 720.0 0.0 0.9
750.0 840.0 0.0 2

[speed choose matrix]
4 4 4 4 4 4 4 4 4 4 4 4 4 4 4 4 4 4 4 4 4 4 4 4 4 4 4 4 4 4 4 4 4 4 4 4 4 4 4 4 4 4 4 4 4 4 4 4 4 4 4 4 4 4 4 4 4 4 4 4 4 4 4 4 4 4 4 4 4 4 4 4 4 4 4 4 4 4 4 4 4 4 4 4 4 4 4 4 4 4 4 4
4 1 1 3 1 2 4 3 4 2 3 2 1 4 2 1 4 3 4 3 4 1 1 4 2 1 1 2 1 2 3 3 2 4 3 4 4 3 2 2 3 1 3 3 2 2 3 2 4 3 1 1 3 3 3 3 2 1 3 2 1 2 2 2 2 4 2 4 3 4 4 4 3 3 4 2 4 4 1 2 2 1 1 2 2 2 2 2 2 3 1 4 
4 3 2 1 4 1 4 3 2 1 3 2 4 1 2 1 3 1 3 1 1 1 1 1 3 3 4 4 2 3 2 4 2 4 1 3 4 3 3 1 1 3 3 4 4 1 1 3 3 2 4 3 3 4 3 2 3 3 1 2 1 4 2 1 1 1 4 4 4 2 4 3 3 1 1 4 4 1 4 1 1 2 1 3 4 1 3 4 3 1 3 4 
4 2 2 4 4 4 3 2 3 4 3 3 1 1 4 1 2 3 2 3 1 3 1 1 4 3 3 1 2 1 1 4 2 3 1 3 4 4 3 3 2 3 4 4 1 1 4 3 1 2 1 3 2 2 3 1 4 3 3 2 1 4 1 4 2 2 2 1 1 2 4 4 2 4 2 3 4 4 4 1 2 3 3 3 2 2 2 1 2 1 3 4 
4 3 3 3 3 4 2 3 2 3 3 3 2 1 1 3 4 4 4 1 1 3 3 1 2 3 4 3 3 1 1 4 3 4 1 3 3 3 2 4 3 3 2 1 1 2 4 4 4 4 3 2 4 3 1 2 4 3 2 4 4 4 4 3 3 2 2 2 2 2 3 4 4 3 3 2 4 4 1 4 1 4 2 2 1 1 2 1 3 2 2 4 
4 2 3 1 4 3 1 2 1 3 1 3 2 2 2 3 3 2 2 1 3 1 4 3 1 4 4 2 2 2 1 1 2 4 1 1 4 3 2 3 3 4 3 3 4 1 4 2 4 3 3 2 4 1 1 3 1 4 2 4 1 3 4 3 3 3 2 1 4 3 3 1 2 2 3 1 4 2 4 4 4 1 2 2 1 4 1 1 3 1 1 4 
4 4 3 3 1 4 2 1 4 1 4 1 1 2 3 4 4 1 3 1 4 1 1 2 3 3 1 3 3 2 3 2 4 4 4 4 3 3 1 4 4 2 2 4 4 2 3 3 1 2 3 2 4 1 3 3 3 3 2 4 1 2 1 1 2 3 1 2 3 3 2 1 2 2 2 2 2 3 3 4 2 1 4 4 1 2 4 2 3 4 1 4 
4 3 1 4 2 4 4 4 3 2 2 3 2 4 2 3 3 1 4 3 3 2 3 1 3 2 1 2 2 2 3 4 2 1 3 2 2 1 3 2 4 3 2 1 2 1 1 3 3 4 3 2 2 2 2 1 3 2 4 1 4 4 3 1 3 2 4 2 4 4 2 1 4 4 1 3 3 3 2 2 3 1 3 4 3 2 2 3 3 2 1 4 
4 3 4 1 4 4 3 3 1 4 2 4 2 1 1 3 2 2 2 2 2 2 2 3 3 2 2 3 4 2 1 1 4 1 2 3 3 4 4 4 1 4 1 4 3 4 3 1 3 4 3 4 1 2 4 1 3 4 1 1 4 4 4 1 3 3 4 1 4 1 3 4 4 4 4 3 2 4 4 1 2 2 2 3 3 2 3 4 4 4 1 4 
4 4 4 4 1 4 3 2 1 3 3 2 1 2 2 4 1 2 4 1 2 1 1 3 3 1 3 3 1 3 3 2 4 4 2 3 1 1 1 3 3 1 4 3 3 1 1 1 1 1 4 2 1 3 4 1 2 2 2 1 4 1 4 1 1 2 4 2 1 1 4 2 2 4 1 1 2 3 4 3 3 2 4 1 3 3 2 2 1 3 1 4 
4 4 4 1 3 4 1 4 1 4 1 4 2 3 4 1 2 4 3 3 4 1 1 1 2 4 1 2 4 3 3 4 2 1 3 3 4 2 3 1 2 1 3 1 3 2 1 2 2 3 3 1 4 2 1 1 2 1 3 3 4 3 1 1 3 1 1 2 2 1 4 4 2 1 3 2 3 3 2 1 3 2 2 2 4 4 1 2 3 3 3 4 
4 4 4 4 2 1 3 3 1 3 2 2 2 4 2 1 4 4 1 1 1 2 4 2 2 4 4 1 3 3 2 4 4 2 3 3 2 1 4 2 4 1 3 4 2 3 1 1 4 3 3 2 3 3 1 3 1 2 2 1 1 2 3 2 1 2 1 2 2 3 3 1 3 3 2 2 1 1 4 2 4 4 3 3 1 1 3 3 4 4 2 4 
4 4 1 4 1 2 4 4 4 1 1 3 3 4 1 3 2 2 1 3 1 2 1 4 4 4 3 3 1 2 2 2 1 3 4 4 2 2 1 4 2 3 2 3 2 3 3 1 2 4 4 3 1 1 4 4 4 2 4 3 2 3 4 4 4 3 3 1 4 2 2 2 2 2 4 4 1 4 2 4 2 1 1 3 1 4 1 4 4 3 3 4 
4 2 4 3 1 2 4 3 1 1 2 4 1 2 3 2 1 3 1 3 1 4 2 2 2 2 4 4 1 2 4 4 3 3 4 3 3 4 4 3 1 1 2 4 4 3 1 1 2 4 1 2 4 1 1 2 4 1 1 4 1 3 3 2 4 1 1 2 1 1 4 4 2 4 4 2 2 2 2 3 3 3 1 4 3 2 2 4 1 4 3 4 
4 2 2 4 3 2 1 2 1 2 3 3 1 4 2 3 1 3 3 3 1 4 3 1 1 1 4 4 2 1 4 3 3 2 2 1 2 4 3 3 3 4 2 1 2 3 3 3 1 4 2 3 2 4 1 3 3 3 4 2 4 4 3 2 4 4 3 2 2 1 2 1 3 1 2 4 3 1 3 4 2 1 4 3 3 1 2 1 1 2 4 4 
4 1 1 2 2 1 4 4 1 3 4 3 1 2 1 4 2 3 2 4 1 4 2 3 4 1 4 4 4 3 3 2 3 1 2 3 4 4 3 4 1 2 2 4 3 2 4 1 1 4 3 3 1 4 2 1 2 4 3 2 2 4 3 2 1 3 1 2 1 2 1 3 3 2 4 3 4 2 1 4 4 3 3 4 1 1 2 1 1 4 3 4 
4 2 3 1 2 3 3 4 1 3 3 3 4 4 3 3 3 4 3 2 2 3 2 3 1 3 3 4 4 3 2 3 1 4 1 4 2 3 1 4 3 2 3 4 1 4 2 1 2 3 2 1 1 2 4 1 3 4 4 2 4 2 3 1 3 1 2 1 4 3 3 2 3 2 2 4 2 1 1 2 4 1 3 2 2 2 4 3 2 4 3 4 
4 3 1 2 1 2 4 2 3 3 4 1 1 4 1 3 3 4 4 1 1 1 4 4 1 1 3 1 2 2 2 1 3 4 3 3 2 2 3 4 1 4 2 1 1 1 1 3 3 4 3 2 2 3 4 2 4 4 3 2 2 1 3 3 2 2 2 4 4 2 3 4 2 3 3 2 1 3 1 3 4 2 1 1 4 3 3 3 4 4 4 4 
4 1 3 1 4 3 3 1 3 3 2 3 1 2 4 2 2 3 3 2 2 3 3 4 3 4 2 4 4 4 4 4 3 4 1 4 4 2 4 4 2 1 2 1 2 1 4 3 4 2 3 4 4 2 2 2 4 4 4 4 1 3 4 4 2 4 1 2 4 2 4 1 1 4 2 2 4 1 3 1 1 4 3 2 1 4 4 1 2 1 1 4 
4 2 4 1 3 3 1 3 4 1 4 1 2 4 4 4 4 4 4 1 4 2 4 4 1 4 2 1 2 1 4 1 3 2 4 4 2 1 3 4 3 1 2 2 3 2 4 1 2 4 2 1 3 4 4 4 2 4 2 4 1 1 2 2 1 4 1 1 3 1 4 2 2 1 4 1 4 1 4 2 2 1 1 3 4 1 1 2 2 2 3 4 
4 2 3 1 3 3 4 4 3 2 2 2 3 3 4 4 2 3 3 3 3 4 4 4 2 2 4 4 2 1 4 3 2 1 1 4 4 4 4 1 3 1 2 4 4 1 2 1 3 3 3 2 4 3 1 4 1 3 3 1 1 3 2 1 2 4 1 1 2 4 2 2 4 2 1 1 3 2 4 4 1 2 1 4 3 3 2 3 4 4 3 4 
4 4 4 3 2 1 4 2 2 4 4 4 4 4 3 2 1 3 2 3 4 4 2 4 2 4 1 1 3 3 3 3 2 4 3 3 3 1 1 2 4 2 2 2 3 2 3 2 3 2 1 2 1 2 2 2 3 2 3 4 2 4 1 4 2 3 4 2 4 3 2 3 3 3 3 4 3 1 1 3 3 2 2 1 1 2 3 2 2 2 2 4 
4 2 4 2 2 1 3 4 4 1 3 4 4 1 3 4 3 2 4 3 4 2 4 1 4 1 2 4 2 3 1 4 3 4 4 3 2 3 4 3 2 1 3 2 2 3 2 4 2 4 4 3 1 3 3 4 3 2 4 4 4 4 3 4 3 2 3 3 2 4 2 1 3 1 4 1 4 3 3 2 1 3 4 3 1 1 3 2 2 4 1 4 
4 4 2 2 3 4 3 2 2 3 3 3 3 1 2 4 2 1 2 4 1 3 2 2 1 3 2 4 1 4 4 3 1 3 1 1 4 3 1 4 2 3 4 4 4 4 1 4 4 3 2 4 1 4 3 3 2 3 1 1 1 3 1 3 3 4 2 2 2 2 1 3 3 1 2 2 2 1 2 2 3 2 2 2 1 3 3 1 1 3 2 4 
4 3 1 3 3 3 1 1 2 1 1 2 1 1 1 4 2 4 2 1 3 1 3 4 3 2 1 2 3 2 4 2 1 3 2 2 3 4 2 1 4 1 2 2 4 3 2 3 3 4 4 4 2 1 3 2 3 4 3 3 3 1 4 3 1 4 1 3 3 4 3 4 4 4 1 4 4 1 2 3 3 1 1 3 3 1 3 2 3 1 4 4 
4 2 4 3 4 3 4 3 2 3 2 2 3 4 3 3 3 2 1 4 3 2 4 3 1 2 2 2 4 1 3 1 4 2 3 3 3 3 1 4 3 3 3 3 1 2 2 4 4 4 4 4 1 2 3 4 3 1 3 4 1 1 3 4 1 2 2 3 4 3 1 2 4 3 2 4 3 1 1 2 3 2 4 2 2 2 1 2 2 2 2 4 
4 2 1 2 1 2 2 3 3 2 4 4 3 3 3 2 1 1 3 4 2 3 2 2 2 3 1 4 3 3 3 4 3 3 3 1 1 1 2 3 4 2 1 2 4 2 4 1 4 3 1 3 3 3 2 3 2 3 3 4 2 1 3 1 2 1 1 2 2 2 1 1 4 1 3 1 4 1 4 3 2 1 2 1 4 1 2 4 3 1 1 4 
4 2 4 2 1 1 1 2 2 1 3 1 1 1 1 4 3 3 3 4 2 4 4 4 3 2 2 1 2 2 2 2 3 4 4 2 4 2 4 3 1 2 3 2 1 1 1 4 4 4 4 4 3 1 4 1 1 2 3 1 1 4 4 4 1 4 4 2 2 2 3 4 4 3 3 3 1 4 2 3 4 1 3 4 3 4 2 3 3 3 1 4 
4 1 1 3 2 4 1 2 4 1 3 2 4 4 3 3 1 2 1 2 1 2 1 4 1 4 3 3 3 3 1 1 4 4 3 2 2 4 1 4 4 2 2 1 2 1 2 1 2 3 3 4 2 3 4 3 4 2 1 1 3 4 2 4 1 2 4 1 2 1 2 4 3 4 4 2 2 2 3 1 4 1 3 3 4 2 2 4 1 1 1 4 
4 3 1 3 4 2 4 4 4 1 1 3 3 2 1 3 2 2 2 2 3 3 2 4 4 2 4 1 2 1 3 1 4 3 4 4 1 3 2 1 4 2 1 1 2 2 1 2 1 2 4 3 4 2 2 3 2 1 2 2 3 3 4 4 3 4 1 1 2 4 1 2 4 4 4 4 1 1 2 4 3 2 1 4 4 4 4 4 4 3 3 4 
4 3 3 3 3 2 2 4 3 1 2 1 1 1 2 2 4 1 4 3 2 2 2 3 4 2 1 4 4 2 3 3 4 2 1 3 1 2 3 2 1 2 4 3 1 3 3 2 4 1 1 3 2 1 1 4 4 2 3 4 4 4 4 4 3 2 2 2 1 4 2 4 1 3 2 2 3 2 2 2 3 4 2 3 4 4 4 2 1 1 1 4 
4 4 2 2 2 3 2 4 1 4 2 2 3 2 2 3 2 4 1 1 3 2 1 3 3 3 4 4 1 3 2 2 2 3 1 4 1 4 3 4 3 3 2 3 3 4 4 2 2 2 3 1 1 2 3 1 4 2 4 2 2 4 2 3 4 2 4 3 3 1 4 1 2 2 4 3 1 2 3 3 1 3 4 3 1 3 2 1 2 1 2 4 
4 1 3 1 2 1 3 3 2 2 2 1 4 4 3 1 3 1 2 4 2 2 4 4 2 3 4 1 4 1 1 4 3 4 2 3 4 3 2 1 3 3 2 1 4 3 4 2 3 1 2 1 1 1 2 3 2 4 2 1 3 2 2 4 3 3 4 2 4 1 3 4 1 2 1 3 1 3 1 4 2 2 2 4 2 4 4 4 1 3 4 4 
4 4 2 2 3 2 3 1 3 3 2 4 4 3 3 1 4 1 2 4 1 1 3 2 4 3 1 2 3 1 2 4 4 1 3 2 2 1 3 4 4 4 1 1 1 4 2 2 2 3 1 1 2 2 1 3 1 1 1 2 3 1 4 3 1 1 2 3 2 2 2 2 1 2 2 4 3 3 3 3 4 4 3 1 4 2 3 3 2 3 4 4 
4 3 1 2 2 4 1 3 4 4 3 3 4 2 3 3 3 2 2 2 1 3 2 3 4 3 1 2 4 4 3 2 2 1 2 4 3 2 1 3 2 3 3 4 1 4 2 1 3 3 3 4 3 2 4 3 2 4 4 4 4 1 2 2 1 2 3 1 1 2 2 1 1 4 3 3 2 3 2 2 1 4 4 2 2 3 4 4 4 2 4 4 
4 1 4 2 4 2 1 3 1 2 1 1 1 3 4 2 3 3 1 2 4 3 4 2 4 3 4 1 4 3 1 3 1 3 2 2 2 4 4 3 2 4 1 3 1 2 3 2 4 2 2 1 4 2 1 3 4 4 2 1 1 1 3 4 3 1 4 3 3 3 2 2 3 3 1 4 1 1 3 4 1 2 3 4 3 2 2 3 1 3 1 4 
4 1 2 4 2 4 1 4 3 4 1 1 3 3 4 4 3 1 2 4 3 3 2 3 3 1 3 4 3 1 3 4 4 4 3 3 3 1 2 1 1 4 2 2 4 4 2 2 2 1 1 4 3 4 1 3 1 4 3 1 4 3 4 3 1 3 2 4 1 1 3 1 2 2 1 3 1 4 3 3 1 1 1 4 2 1 3 3 4 1 4 4 
4 4 4 2 3 1 3 1 1 4 2 2 4 3 1 3 3 3 1 3 1 3 4 3 4 2 4 1 3 2 2 2 2 2 2 1 2 1 4 4 4 4 2 2 1 1 1 4 3 3 2 3 3 4 1 3 2 4 3 1 4 3 4 2 3 2 4 2 4 3 2 3 3 1 2 2 4 4 1 1 1 2 2 2 2 4 3 1 3 1 2 4 
4 4 2 2 1 3 4 3 4 3 4 4 3 2 4 4 2 3 2 1 1 1 4 4 1 1 2 2 1 4 2 2 3 2 2 4 3 3 1 2 2 2 2 3 1 4 3 2 3 3 3 2 2 2 2 3 4 4 2 4 4 3 1 1 2 1 2 3 4 2 3 2 1 4 1 1 3 3 2 4 4 1 1 2 4 3 1 4 3 3 1 4 
4 4 3 2 1 1 4 4 1 3 2 4 4 1 4 2 2 2 2 1 3 1 2 4 2 4 3 4 2 4 2 3 2 4 2 4 3 3 2 1 2 2 2 1 4 2 3 3 1 1 4 3 1 3 3 2 1 3 4 4 2 1 3 3 1 3 1 2 4 1 2 4 4 4 1 4 4 2 3 3 3 4 2 1 4 3 1 2 4 3 2 4 
4 2 3 2 3 3 4 4 3 2 2 4 1 1 3 4 1 1 4 4 2 1 3 2 2 3 4 1 1 1 2 3 3 3 3 3 3 1 1 3 4 2 2 1 3 2 3 1 3 2 4 4 1 3 4 2 1 1 1 4 3 2 4 4 4 2 2 2 1 3 3 3 2 3 4 4 3 1 3 3 4 1 2 4 4 2 3 4 3 2 2 4 
4 4 4 4 2 4 2 1 4 3 4 3 2 1 2 2 4 4 1 3 3 4 2 1 3 3 4 3 4 3 4 4 2 4 4 4 2 1 1 4 1 2 2 3 2 4 1 1 3 4 3 4 1 2 1 3 2 1 4 4 3 3 1 1 1 2 3 2 1 2 4 3 2 3 2 3 3 4 4 3 1 2 3 4 4 2 4 1 1 1 2 4 
4 4 2 3 4 2 1 3 4 4 2 2 4 1 4 2 3 1 2 1 3 1 2 4 4 3 1 1 2 3 4 1 4 2 1 4 4 4 3 3 2 4 1 1 3 2 2 2 1 2 3 3 2 3 3 1 4 3 3 3 4 2 2 4 3 4 3 4 2 4 3 2 4 1 1 2 2 3 1 3 1 3 1 3 1 3 4 3 3 2 4 4 
4 3 1 3 1 4 4 2 1 4 1 3 2 2 3 3 2 4 3 1 2 1 1 4 1 4 4 1 1 1 1 1 3 3 4 3 4 2 2 3 1 3 3 1 4 3 1 4 4 3 1 3 1 3 3 2 3 4 4 1 1 1 3 1 3 4 3 3 2 2 1 4 1 4 3 2 1 3 2 1 4 3 3 4 3 3 3 1 2 1 4 4 
4 2 1 3 3 1 2 4 1 2 4 2 2 4 2 2 3 4 2 3 3 2 2 3 4 1 3 3 2 3 2 3 3 3 4 2 2 1 1 4 1 2 4 3 1 2 3 3 1 4 2 3 1 3 1 1 3 2 1 1 2 3 4 3 1 3 1 2 1 1 4 4 3 1 4 1 1 3 1 2 3 1 2 2 1 1 2 2 3 3 4 4 
4 1 2 4 2 1 1 2 3 3 1 2 1 4 3 3 3 2 4 3 4 1 1 3 3 4 3 4 2 4 2 4 4 2 4 1 1 4 3 3 4 4 1 2 3 4 1 2 1 1 1 2 3 2 2 1 1 3 4 1 1 1 2 2 1 2 4 3 2 4 3 3 4 4 4 3 1 1 4 1 2 1 4 3 2 3 2 4 2 3 1 4 
4 4 1 3 2 2 1 2 3 4 1 1 1 3 4 3 2 3 3 2 4 3 3 3 3 1 3 2 1 3 1 3 4 4 1 4 3 1 3 4 1 4 2 3 1 2 3 3 3 3 3 3 3 3 4 3 1 4 1 2 2 1 2 2 4 3 3 1 2 2 4 3 4 4 2 2 2 1 3 3 1 2 2 4 4 2 1 2 4 2 4 4 
4 3 2 2 3 1 2 3 1 2 2 3 4 4 2 2 4 2 4 3 3 1 3 1 3 1 1 4 4 3 1 1 4 3 4 4 4 2 4 3 3 1 1 4 1 1 4 1 1 3 1 1 1 3 3 3 3 2 3 4 2 2 4 1 3 2 4 3 3 1 4 1 1 2 4 2 4 2 4 2 1 4 1 4 2 3 3 3 2 3 1 4 
4 4 2 1 1 3 2 4 2 3 2 3 4 1 3 3 4 4 3 3 4 3 2 3 3 1 4 2 1 2 3 4 3 3 4 1 2 2 2 2 3 3 2 2 1 3 2 1 4 3 3 1 4 4 2 3 1 4 3 3 1 2 1 1 3 1 3 3 1 3 1 3 1 2 4 1 3 1 1 3 4 2 3 4 1 3 3 2 1 1 3 4 
4 3 1 2 4 3 1 1 2 2 4 4 3 3 3 3 3 3 2 1 2 4 2 2 3 4 2 3 1 4 3 4 2 2 4 2 2 4 2 2 4 2 2 4 2 2 1 4 2 3 2 4 1 1 2 2 1 2 4 2 2 2 1 1 4 3 4 3 4 1 1 3 1 2 1 3 3 4 3 2 1 4 3 2 4 1 3 3 4 1 1 4 
4 4 2 2 3 2 4 1 2 2 4 1 2 1 3 1 1 1 3 4 4 2 3 1 4 4 1 4 4 3 4 3 3 4 1 1 1 2 4 4 1 2 1 1 2 1 4 4 1 3 3 1 2 2 2 2 4 3 3 1 4 1 3 3 1 1 3 4 1 4 3 3 4 1 4 4 3 1 1 1 4 1 1 1 4 4 3 3 1 1 3 4 
4 2 2 3 1 3 4 3 1 2 4 3 3 3 3 3 2 4 1 2 3 4 2 1 2 1 4 4 3 3 2 1 3 1 4 3 1 1 4 3 1 2 2 1 1 1 2 4 4 3 3 4 4 3 1 2 3 2 2 4 3 4 2 4 3 1 3 1 2 1 3 4 3 4 1 4 2 1 3 4 1 2 2 2 4 3 2 3 3 4 1 4 
4 2 4 1 3 3 3 2 4 4 1 3 4 4 1 4 1 4 3 3 1 1 4 3 1 2 1 1 1 2 2 2 2 3 1 2 1 4 2 3 1 2 2 1 2 2 4 2 2 1 1 2 4 2 1 3 3 2 3 2 1 2 4 2 3 2 2 3 4 1 2 2 3 3 4 1 2 2 2 2 3 4 2 3 4 2 1 1 1 2 4 4 
4 3 2 2 2 2 1 4 4 4 4 3 1 4 2 1 4 2 2 4 1 1 1 2 3 1 4 3 2 4 2 2 3 4 1 2 1 2 4 4 2 3 2 1 1 2 1 4 3 2 2 3 3 1 3 1 4 3 4 3 3 2 4 2 4 3 3 2 2 3 1 3 4 2 3 1 3 3 4 4 3 1 3 4 1 1 4 4 2 2 2 4 
4 3 3 2 3 3 3 3 4 4 2 3 4 2 1 2 2 2 2 2 3 4 1 1 4 2 4 3 1 3 2 4 3 3 1 4 1 2 4 1 2 4 4 2 3 2 4 4 1 3 2 2 1 3 2 1 1 3 4 4 1 2 3 4 3 4 1 2 4 2 2 1 2 2 3 4 2 2 1 2 3 1 2 2 4 3 3 4 4 4 2 4 
4 3 2 2 1 2 4 2 4 1 2 2 3 1 4 2 3 4 4 4 3 4 1 3 4 2 3 3 2 3 4 4 3 3 2 2 4 2 1 1 3 1 2 4 4 4 3 2 4 3 2 3 2 4 3 4 2 3 2 3 2 4 1 3 4 2 2 2 4 4 2 2 1 4 2 1 1 3 4 1 2 4 2 3 2 4 2 4 1 3 3 4 
4 2 2 2 1 1 1 3 2 4 2 4 1 1 4 2 2 3 1 1 2 3 4 1 4 4 4 3 4 3 2 4 1 1 1 4 4 3 1 3 3 4 3 4 3 4 2 1 3 3 4 2 2 4 1 4 2 1 2 3 2 4 4 4 3 1 4 2 4 2 1 4 2 4 1 4 2 3 3 2 3 3 4 3 4 4 4 3 2 2 1 4 
4 4 4 4 2 3 2 3 3 4 1 3 1 2 2 2 1 2 3 4 2 2 4 3 2 4 4 3 3 4 2 4 2 2 4 4 1 2 1 3 2 1 1 1 1 2 2 4 4 3 2 1 4 3 2 4 2 3 1 3 3 1 4 2 4 2 2 4 2 2 2 4 3 2 4 1 3 2 2 3 1 2 4 3 1 3 4 3 1 1 3 4 
4 2 2 3 4 1 4 3 1 2 2 1 4 1 1 2 3 2 1 2 2 3 4 1 3 4 1 4 3 1 2 1 1 4 1 3 4 1 2 2 3 3 3 3 2 2 2 2 3 3 3 1 1 3 3 3 1 2 3 1 3 3 1 2 4 3 3 3 1 4 4 3 1 1 2 4 4 2 4 2 3 4 3 4 4 2 4 2 2 3 2 4 
4 3 4 4 1 1 3 1 3 1 4 3 1 4 2 1 2 1 4 2 4 4 3 2 2 2 4 4 4 3 3 3 1 4 3 4 3 3 4 2 1 3 2 1 4 1 3 3 1 3 1 2 4 1 2 2 4 1 4 1 2 2 3 1 4 2 4 2 3 3 3 4 3 3 4 3 2 3 4 2 4 3 1 1 1 2 3 2 3 2 3 4 
4 2 4 3 3 3 3 4 4 4 4 1 4 3 1 2 2 4 4 1 1 4 1 3 3 1 3 3 4 3 4 4 2 3 4 1 1 1 3 4 4 4 1 1 2 1 4 1 2 1 1 3 2 1 3 3 1 3 3 2 3 2 1 4 4 3 3 3 2 3 3 1 2 2 4 2 4 2 1 3 2 3 1 3 3 2 1 1 3 3 2 4 
4 2 1 4 4 2 4 1 4 3 4 3 3 2 4 3 2 2 2 4 2 2 2 2 4 2 4 4 3 1 3 4 2 3 4 4 3 3 4 2 3 4 3 1 4 2 3 4 1 3 1 1 1 1 1 1 1 2 3 3 4 4 4 4 4 3 4 1 1 1 2 3 1 4 4 3 2 4 2 4 4 3 4 1 1 4 4 4 4 1 3 4 
4 1 2 4 1 2 1 3 1 4 4 2 2 3 1 2 3 2 1 2 1 1 4 3 3 3 1 1 2 1 1 3 4 4 1 1 1 3 2 1 1 2 4 3 1 2 3 2 4 4 2 1 2 1 3 3 1 3 3 1 4 4 4 1 2 2 1 3 4 2 4 2 2 4 4 4 4 4 4 4 2 4 3 3 2 3 3 3 4 4 4 4 
4 2 4 3 4 4 3 3 3 1 4 3 4 3 1 3 3 1 1 2 3 1 3 2 2 1 2 4 2 3 2 2 3 3 2 2 1 3 1 2 2 2 2 3 4 1 1 2 4 1 2 1 1 1 1 3 2 2 1 3 4 4 4 3 1 4 1 2 3 4 3 3 2 1 2 1 4 1 1 3 3 4 2 2 3 2 1 2 1 2 4 4 
4 4 3 4 4 3 1 1 1 2 2 1 1 4 2 1 1 3 2 3 4 2 3 1 1 1 4 1 3 4 4 2 3 2 2 3 2 2 1 2 3 2 1 2 4 3 4 3 1 2 3 3 4 3 2 3 2 2 1 2 4 2 1 2 1 3 3 3 3 3 4 2 4 4 4 3 1 3 3 2 2 1 2 3 4 3 4 2 1 4 4 4 
4 4 2 1 2 2 2 3 2 1 4 1 3 2 4 4 4 3 1 3 4 2 1 4 4 3 1 1 4 2 1 3 2 3 3 4 3 4 2 2 4 1 4 3 4 3 3 2 3 2 4 4 1 1 4 2 1 4 1 3 3 1 4 2 3 3 2 4 3 4 2 4 4 2 4 2 3 1 3 1 3 1 4 2 4 3 4 4 3 1 2 4 
4 2 1 4 3 1 2 1 1 1 4 4 2 1 1 2 4 2 1 2 1 2 2 3 4 1 2 2 4 3 4 3 2 3 4 4 1 3 4 4 4 3 2 3 2 4 3 2 4 2 4 4 1 4 3 4 4 3 4 3 4 1 1 3 1 2 3 3 4 3 3 2 3 3 2 4 1 3 3 4 4 1 2 4 2 1 1 1 3 4 2 4 
4 3 2 4 3 4 3 3 3 1 1 4 3 4 2 4 1 2 4 2 3 3 4 2 4 2 3 3 3 1 3 3 1 1 4 3 3 2 2 2 1 3 1 1 4 3 2 2 2 3 3 4 1 2 2 4 2 4 2 1 3 2 3 2 4 1 3 3 3 2 2 1 2 3 2 2 1 1 1 4 2 3 2 1 1 3 2 2 2 1 2 4 
4 1 1 4 1 2 4 3 1 1 1 3 1 3 1 3 4 2 2 1 2 1 1 4 1 1 4 2 1 4 3 3 3 2 1 1 4 4 3 2 4 4 2 1 4 4 3 3 3 1 1 2 1 2 1 3 1 1 1 2 3 2 2 4 3 3 4 3 4 1 2 1 4 1 3 4 1 3 4 3 2 3 1 2 2 3 4 3 3 3 4 4 
4 4 1 1 1 3 3 3 4 2 2 4 1 3 4 2 4 3 4 2 1 4 2 3 2 2 1 1 1 4 3 1 1 2 3 1 4 3 3 4 2 3 1 2 2 4 4 3 4 4 3 4 1 4 4 1 2 4 2 1 3 2 3 4 3 1 1 3 1 3 1 2 2 4 2 4 2 2 1 3 2 3 1 2 2 1 1 1 1 3 3 4 
4 1 1 4 2 4 2 4 3 3 2 3 2 3 4 4 1 1 2 4 2 4 2 3 3 3 3 1 1 1 4 1 1 2 2 2 2 1 1 1 2 2 1 3 2 4 3 3 4 1 3 4 1 4 3 4 3 3 3 4 4 2 2 3 4 2 4 4 2 3 4 2 1 4 2 4 2 4 2 1 3 1 4 2 4 2 3 4 1 3 4 4 
4 1 1 3 2 2 4 3 1 4 3 3 1 1 4 2 1 1 4 4 4 4 3 2 3 3 3 2 3 4 3 4 3 4 2 4 2 4 4 1 3 4 1 1 4 4 2 1 4 1 4 1 4 1 1 4 4 4 4 1 3 1 4 1 4 3 2 2 2 2 4 4 1 2 4 1 2 2 2 3 1 1 3 1 4 4 2 4 4 1 3 4 
4 2 2 1 4 1 1 1 2 1 3 2 4 1 3 2 1 1 4 4 3 2 4 2 3 3 4 4 1 3 4 1 4 1 2 2 1 3 3 4 2 4 2 4 4 4 2 2 4 3 2 2 1 3 2 4 3 3 1 1 3 2 3 4 1 3 1 1 1 1 2 1 2 2 2 2 3 3 3 4 1 1 4 2 2 2 2 4 1 1 4 4 
4 1 4 2 3 1 2 2 2 1 2 3 1 3 1 1 1 2 4 3 2 1 2 1 4 4 4 4 1 4 2 4 2 3 3 3 2 4 3 3 4 2 2 2 1 3 2 2 4 2 2 3 1 1 2 4 1 4 3 2 2 2 3 1 1 1 3 1 2 1 2 1 1 2 3 3 4 3 3 2 1 2 3 1 3 4 3 1 1 1 1 4 
4 2 4 2 1 3 1 3 1 3 2 3 3 1 1 1 3 3 4 1 4 3 4 2 2 3 4 1 3 1 2 1 3 2 3 4 4 2 1 2 2 1 3 1 1 4 2 1 2 1 1 4 2 1 3 4 4 2 2 3 1 3 4 4 2 1 3 2 1 3 4 4 1 2 2 1 3 2 2 2 3 1 4 4 2 1 2 4 4 2 4 4 
4 2 3 4 3 2 1 3 1 2 2 4 2 3 3 3 3 3 3 1 3 2 3 1 4 1 2 2 3 2 2 1 4 4 2 2 3 4 4 3 1 4 1 2 1 3 2 1 4 2 2 2 4 1 1 1 4 2 1 1 4 2 4 1 3 4 2 1 3 4 1 1 3 2 2 1 1 2 3 2 3 2 2 2 4 1 4 4 3 2 3 4 
4 2 3 1 2 4 2 1 2 2 1 3 2 3 2 2 4 1 2 1 4 4 2 4 3 2 1 1 3 3 1 2 4 3 1 4 4 1 4 3 1 1 2 4 1 3 3 1 4 4 3 1 3 3 4 4 2 2 1 2 3 3 1 1 1 4 2 3 4 1 2 1 2 2 1 3 3 4 4 4 1 1 2 4 2 1 3 2 3 3 1 4 
4 4 1 4 3 1 1 3 4 1 1 2 3 4 2 4 4 1 1 2 3 1 1 3 1 3 4 2 3 4 2 4 2 1 4 3 1 3 1 1 3 2 4 4 1 2 4 1 4 4 3 3 2 2 4 1 2 2 2 1 1 3 3 4 1 4 1 3 4 2 4 4 1 3 3 3 2 1 1 4 2 1 2 2 1 2 1 3 1 4 2 4 
4 3 3 3 4 1 1 4 2 1 1 1 4 4 4 2 4 2 1 4 3 2 4 1 2 4 4 2 2 2 4 4 4 3 1 4 1 1 4 4 1 1 1 2 4 1 3 3 1 2 4 1 1 1 4 3 4 3 3 2 1 2 1 4 3 1 2 3 4 4 3 2 2 2 4 4 2 3 4 3 1 4 1 2 3 4 1 2 1 3 2 4 
4 4 2 1 2 3 3 3 2 2 2 3 4 4 4 1 2 1 2 4 4 1 3 1 1 4 4 4 3 2 3 2 1 3 4 4 1 4 4 1 2 2 3 2 3 3 1 1 1 3 1 2 2 4 3 1 2 1 3 2 1 1 1 2 3 2 3 1 4 3 1 2 4 3 1 3 4 1 4 1 2 2 4 4 4 3 4 2 3 1 1 4 
4 2 2 2 1 3 4 3 4 2 2 1 2 1 4 4 2 1 1 3 1 3 2 2 4 4 1 4 4 2 3 2 1 4 1 4 4 3 4 1 2 2 4 4 4 2 3 2 2 3 3 2 2 2 2 3 4 3 4 1 1 4 2 2 3 1 4 3 3 4 3 2 1 2 1 1 1 2 4 4 3 3 1 2 1 1 4 3 1 4 1 4 
4 4 4 3 4 4 3 4 2 4 4 2 3 3 3 2 2 4 3 2 1 2 4 4 3 3 4 4 1 4 1 2 3 1 4 4 2 2 3 1 3 2 3 2 3 2 1 2 4 1 3 3 4 4 2 2 3 1 2 4 4 1 4 4 2 1 1 3 3 2 4 3 1 4 3 2 1 2 1 3 4 3 1 3 3 1 3 3 2 3 1 4 
4 1 4 2 1 2 4 4 1 3 2 2 4 1 4 3 1 1 4 3 1 4 4 4 3 4 1 4 2 3 2 3 2 4 2 1 2 4 3 2 4 3 1 2 2 3 2 3 1 4 2 2 1 3 1 2 2 1 4 4 4 4 1 4 1 4 1 4 3 4 3 3 2 3 3 4 1 2 4 1 1 1 4 2 1 1 2 1 1 3 4 4 
4 2 1 1 1 1 2 4 1 4 4 3 4 3 4 3 4 1 2 4 1 1 1 4 2 1 4 3 3 3 1 1 2 2 1 3 3 1 1 3 3 4 1 1 3 2 3 3 3 1 4 2 3 4 1 4 3 1 4 4 1 1 2 1 2 1 3 2 3 2 3 3 1 3 3 3 2 4 1 1 2 1 2 3 2 2 1 3 3 2 3 4 
4 4 4 2 2 2 1 2 2 1 4 3 1 3 2 2 3 3 1 2 1 4 2 4 2 3 4 4 3 4 3 1 1 3 4 3 4 4 3 3 3 4 1 4 2 3 4 1 3 4 4 3 1 4 4 1 3 2 1 3 1 1 2 1 4 3 1 2 3 4 3 3 3 2 1 4 4 3 2 4 4 4 3 3 4 4 1 1 4 4 4 4 
4 3 4 2 4 3 1 2 1 2 3 4 3 3 4 3 2 1 2 2 3 4 3 2 1 1 2 2 2 3 2 3 4 3 3 2 2 1 3 3 2 2 4 4 4 4 4 3 4 3 2 1 4 1 2 4 4 1 2 1 3 1 3 4 1 2 2 1 1 3 2 1 3 4 3 3 1 2 4 2 2 2 1 4 1 2 4 2 1 3 1 4 
4 1 2 3 3 3 3 3 1 1 1 3 3 4 1 4 1 2 4 2 4 2 2 2 4 3 3 3 3 2 3 3 2 3 4 4 2 3 2 3 2 2 1 4 3 2 1 1 3 2 1 3 3 4 2 3 2 2 2 3 3 1 3 4 2 1 3 4 1 3 2 3 1 3 2 4 4 2 2 3 3 2 3 4 2 3 4 3 2 3 4 4 
4 3 2 3 4 3 4 3 4 4 2 3 2 3 2 2 1 1 1 2 2 1 3 1 4 2 3 1 3 4 1 2 1 3 3 2 4 3 1 2 3 1 4 1 1 1 2 4 1 1 4 3 4 2 2 3 3 2 1 1 1 4 1 3 3 4 4 3 2 1 2 1 3 1 2 1 4 1 2 3 2 2 2 3 4 1 4 3 2 1 2 4 
4 2 2 2 2 1 3 1 1 2 4 3 1 2 1 4 2 4 1 4 3 1 3 4 1 4 3 2 2 2 4 4 3 4 4 4 3 2 4 4 2 1 3 1 1 2 4 3 1 4 1 4 2 1 4 2 4 2 1 2 4 4 4 1 1 3 4 1 1 3 3 1 2 4 3 1 2 4 1 2 3 2 2 4 4 4 3 4 3 4 3 4 
4 2 4 2 1 4 1 1 4 2 2 4 1 2 3 2 4 1 1 3 2 4 1 3 4 1 3 2 2 4 1 1 3 1 3 4 1 3 1 1 2 1 4 2 3 2 2 1 4 1 3 2 2 3 3 1 1 2 3 3 3 1 4 4 4 1 1 2 3 2 4 2 1 4 4 2 1 2 4 3 3 4 4 4 4 1 4 4 1 1 1 4 
4 1 3 4 2 4 2 2 4 2 3 4 3 3 3 3 4 1 4 3 4 1 1 4 2 2 3 4 4 3 3 3 4 1 4 2 3 4 4 3 4 3 2 3 1 1 4 2 3 4 3 1 2 1 4 3 3 1 3 4 1 3 3 2 3 1 2 3 3 2 3 3 1 4 1 1 1 1 4 4 3 1 2 3 4 2 1 2 3 2 4 4 
4 4 4 4 4 4 4 4 4 4 4 4 4 4 4 4 4 4 4 4 4 4 4 4 4 4 4 4 4 4 4 4 4 4 4 4 4 4 4 4 4 4 4 4 4 4 4 4 4 4 4 4 4 4 4 4 4 4 4 4 4 4 4 4 4 4 4 4 4 4 4 4 4 4 4 4 4 4 4 4 4 4 4 4 4 4 4 4 4 4 4 4 

