91
1000
1000

[Node]
0  0  0   0  0
92 0  0   0  0

[pickup]
1       505123014      21          18
2       504632589      26          8
3       502786869      26          8
4       503615814      27          16
5       505112394      33          15
6       504731124      33          16
7       502800271      34          6
8       502801079      41          9
9       502794879      47          18
10      503266124      49          14
11      504558137      50          11
12      504726270      55          19
13      504959841      58          9
14      504507033      62          11
15      505193078      64          11
16      502795434      65          8
17      504944052      66          17
18      505170366      66          11
19      505131975      67          17
20      505150270      68          15
21      504489908      70          6
22      502851705      73          18
23      502795366      75          16
24      504467528      77          13
25      505185201      78          17
26      502795408      79          19
27      504307466      80          7
28      504851317      81          10
29      502801968      87          14
30      502795975      89          19
31      504989072      90          13
32      505008224      93          20
33      502795382      97          12
34      505036392      98          9
35      504742888      99          7
36      502796205      101         5
37      502789180      114         9
38      505026956      118         8
39      504633794      120         5
40      505084618      120         6
41      503284249      121         11
42      503242004      121         6
43      504940824      123         9
44      502801750      125         12
45      504632568      128         18
46      502787619      131         11
47      505191730      131         18
48      505186923      132         17
49      504725765      135         12
50      505160192      142         11
51      504845352      144         8
52      503221322      146         10
53      504697856      147         10
54      502794467      152         7
55      502794770      156         10
56      502789160      157         16
57      502789708      164         9
58      502990031      165         16
59      504813165      166         18
60      503168027      167         6
61      502789656      169         8
62      502787056      171         13
63      504904607      182         18
64      503064979      183         14
65      502789389      184         20
66      504692561      186         5
67      502793979      192         6
68      503202377      195         10
69      504959617      205         12
70      504398963      229         8
71      504539377      241         6
72      504930829      243         16
73      505163840      251         13
74      504945646      261         17
75      503249203      316         5
76      504579944      344         16
77      502786503      363         5
78      503184278      364         15
79      503746302      373         13
80      504012514      471         18
81      504783121      486         5
82      502947275      675         14
83      504777883      682         5
84      502786499      760         5
85      505012229      774         12
86      504608410      839         9
87      502785770      875         17
88      502788061      968         19
89      505080279      1000        13
90      504804145      1000        7
91      502786969      1000        14

[Speed 0]
0.81
30.0   60.0 0.0 0.6
90.0   150 0.0 0.4
300.0  540.0 0.0 0.81
570.0 630.0 0.0 0.6
660.0 720.0 0.0 0.4
750.0 840.0 0.0 0.81

[Speed 1]
1.33
30.0   60.0 0.0 0.8
90.0   150 0.0 0.6
300.0  540.0 0.0 1.33
570.0 630.0 0.0 0.8
660.0 720.0 0.0 1.3
750.0 840.0 0.0 2

[Speed 2]
1.33
30.0   60.0 0.0 1.0
90.0   150 0.0 0.8
300.0  540.0 0.0 1.33
570.0 630.0 0.0 0.8
660.0 720.0 0.0 0.6
750.0 840.0 0.0 1.5

[Speed 3]
1.5
30.0   60.0 0.0 0.9
90.0   150 0.0 0.8
300.0  540.0 0.0 1.5
570.0 630.0 0.0 0.9
660.0 720.0 0.0 0.8
750.0 840.0 0.0 1.5

[Speed 4]
2
30.0   60.0 0.0 1.1
90.0   150 0.0 0.9
300.0  540.0 0.0 2
570.0 630.0 0.0 1.1
660.0 720.0 0.0 0.9
750.0 840.0 0.0 2

[speed choose matrix]
4 4 4 4 4 4 4 4 4 4 4 4 4 4 4 4 4 4 4 4 4 4 4 4 4 4 4 4 4 4 4 4 4 4 4 4 4 4 4 4 4 4 4 4 4 4 4 4 4 4 4 4 4 4 4 4 4 4 4 4 4 4 4 4 4 4 4 4 4 4 4 4 4 4 4 4 4 4 4 4 4 4 4 4 4 4 4 4 4 4 4 4 4 
4 1 1 3 1 1 1 1 2 2 3 1 4 1 3 2 1 3 3 3 1 2 4 2 1 4 4 3 1 4 4 2 4 1 3 1 2 4 1 4 2 4 3 1 2 3 1 2 3 1 4 3 3 3 1 1 2 3 4 4 4 4 1 2 4 2 3 1 2 4 3 3 3 4 2 3 4 1 2 3 3 1 3 3 4 2 1 2 2 4 3 1 4 
4 1 2 4 3 1 3 4 1 2 3 3 4 4 1 1 2 2 3 1 3 2 2 1 2 4 1 4 3 1 4 3 1 2 3 1 4 2 3 3 1 1 4 4 2 2 1 1 1 4 3 4 2 4 3 4 2 1 4 1 2 4 3 3 1 1 2 3 4 4 1 2 1 3 4 3 3 2 4 3 3 4 2 4 3 3 2 2 1 2 3 1 4 
4 4 3 4 1 4 4 3 3 3 1 2 1 1 3 4 3 3 2 2 2 3 1 3 1 4 4 2 4 4 3 4 1 1 3 4 1 3 3 1 3 4 1 2 3 1 3 2 4 4 2 3 4 3 2 4 3 4 3 3 1 1 1 1 1 2 3 1 1 4 4 3 3 4 1 3 1 2 4 1 3 1 3 3 3 1 1 2 4 2 3 1 4 
4 1 3 1 2 2 3 3 2 1 4 1 3 4 1 2 3 3 1 4 1 4 2 4 3 4 2 2 3 4 4 1 2 3 2 1 4 1 2 3 1 1 3 2 2 2 1 3 1 1 1 1 3 4 4 1 4 1 2 3 3 4 1 4 2 4 4 4 3 3 3 1 2 2 1 4 4 2 3 3 3 4 2 2 3 2 1 4 1 2 1 2 4 
4 4 1 4 2 1 2 1 4 2 4 1 4 1 4 2 1 2 3 3 3 4 2 1 1 1 1 1 4 4 1 3 2 4 3 1 1 4 4 4 2 3 2 4 4 3 3 2 3 4 1 2 1 4 3 4 2 2 2 4 3 1 3 3 3 3 1 1 3 2 4 3 1 4 1 3 3 4 2 2 4 1 3 1 4 1 4 4 3 3 1 4 4 
4 3 1 3 4 4 2 4 2 1 4 3 4 3 3 2 4 1 1 4 3 2 2 4 1 1 4 1 1 3 2 3 3 4 4 3 2 4 2 3 3 2 1 4 1 3 2 4 3 3 1 1 2 3 3 1 4 2 4 2 3 1 2 3 1 3 2 2 3 4 1 4 3 1 2 3 1 4 4 3 3 4 2 3 3 1 4 4 1 4 2 1 4 
4 3 3 4 1 3 2 1 4 1 3 3 2 1 4 2 1 4 4 1 1 1 3 1 1 4 4 4 3 3 3 4 1 2 3 3 1 4 1 4 2 4 4 1 2 2 4 3 3 3 2 4 1 4 2 1 1 3 1 1 2 4 4 4 2 3 2 4 2 1 1 4 1 4 2 4 1 2 3 4 4 4 2 4 3 1 3 4 4 2 2 4 4 
4 3 3 2 4 4 3 2 4 1 2 3 4 4 3 4 3 3 4 3 1 4 2 1 4 2 4 2 1 3 3 2 1 2 4 1 4 1 3 3 1 2 4 2 3 1 3 1 2 4 2 3 4 4 4 4 4 2 3 2 2 3 3 4 2 1 4 1 2 4 4 2 3 3 3 2 1 2 3 2 1 4 3 2 2 3 2 2 4 4 2 4 4 
4 1 4 1 1 3 1 2 4 2 2 3 2 1 4 1 3 3 3 4 3 1 3 3 1 4 2 4 2 3 4 3 3 4 4 2 3 1 3 3 2 3 3 4 2 1 3 1 4 1 3 1 2 4 4 4 3 3 4 2 4 2 4 1 1 3 4 3 4 4 4 4 2 4 1 4 4 3 4 2 4 2 4 4 4 3 4 2 3 4 3 4 4 
4 2 2 1 4 4 4 4 3 4 3 4 4 4 1 4 3 3 3 3 1 4 2 1 2 1 4 3 1 4 1 4 2 3 3 3 1 2 3 2 1 2 1 4 2 1 3 4 4 3 4 2 1 2 3 4 3 2 3 4 2 4 3 2 4 3 2 2 2 1 2 2 4 3 3 4 1 2 3 4 3 4 1 1 2 3 2 2 2 4 1 2 4 
4 4 4 2 4 1 1 1 3 2 2 3 1 4 1 2 2 1 2 3 4 1 2 2 1 1 1 1 3 4 2 3 4 4 2 1 4 4 1 4 4 4 2 2 1 4 2 3 2 4 2 2 4 4 3 1 1 2 1 3 2 1 4 2 4 4 3 2 2 2 2 3 4 2 2 3 3 3 1 4 2 1 4 3 3 1 4 1 4 2 3 1 4 
4 4 1 4 4 2 3 1 2 4 3 3 4 3 3 2 2 3 1 2 1 2 3 4 1 1 3 3 3 1 1 1 4 3 2 3 4 4 1 4 2 2 1 1 3 1 1 3 2 4 3 1 4 4 1 2 3 3 4 2 2 3 1 3 3 4 4 3 1 3 4 4 1 1 1 1 1 4 3 4 1 3 2 1 1 2 4 4 4 2 1 2 4 
4 2 1 2 1 3 2 2 1 1 3 1 2 4 1 4 3 2 2 3 2 2 2 3 3 1 3 1 4 2 3 2 2 1 4 2 3 2 2 4 1 4 3 1 3 2 1 2 3 3 3 1 1 1 4 1 2 2 4 4 4 4 4 2 2 3 2 4 3 3 2 4 4 3 2 2 3 3 2 2 1 3 4 3 4 1 4 4 1 3 1 3 4 
4 2 2 2 3 2 3 2 1 2 1 4 4 3 3 1 2 4 3 2 3 1 3 4 1 1 2 1 3 1 1 4 4 3 3 2 2 2 2 4 2 4 3 3 4 3 4 1 3 3 1 1 2 2 2 4 3 2 2 3 4 2 4 3 4 1 4 2 2 1 2 2 4 3 3 3 2 1 4 3 1 3 1 2 2 4 4 4 4 3 4 4 4 
4 4 2 1 1 1 1 2 4 1 2 3 3 1 3 1 1 1 1 3 1 1 4 4 3 1 3 4 3 1 3 4 2 2 4 1 2 4 4 3 4 1 1 3 2 2 4 3 3 3 2 3 3 1 4 2 4 3 3 1 2 2 3 1 1 2 3 2 2 3 3 3 1 4 4 1 4 1 2 4 2 2 4 3 4 4 3 3 3 2 2 3 4 
4 3 2 4 3 1 4 3 1 4 3 3 3 3 1 1 4 1 4 3 3 2 1 2 2 1 2 2 2 1 2 1 2 1 1 4 1 3 3 2 2 3 2 3 3 4 3 3 3 4 3 3 4 3 2 3 2 3 3 4 2 1 2 3 4 2 4 1 3 1 2 4 3 1 1 3 1 3 4 4 2 3 2 4 4 4 1 4 2 4 3 1 4 
4 3 4 1 3 1 4 2 1 2 1 1 2 2 2 2 3 4 1 4 1 2 3 3 2 4 3 1 3 1 2 1 1 4 2 1 2 2 1 4 4 2 2 2 1 4 4 2 2 4 2 3 2 2 3 3 3 3 3 1 3 4 3 1 1 1 4 4 3 4 4 3 2 2 1 4 3 2 2 4 2 4 2 1 3 1 1 2 4 4 2 2 4 
4 2 2 2 3 3 4 3 3 3 2 3 3 3 4 4 4 3 1 3 3 2 1 4 3 2 2 4 4 2 4 2 2 3 3 3 1 1 2 4 1 3 4 4 4 1 1 1 3 4 4 2 2 2 1 1 3 3 1 3 2 1 1 1 2 2 3 3 4 2 3 4 3 1 3 1 4 4 2 1 4 1 2 4 1 1 3 1 1 4 2 1 4 
4 2 4 1 4 2 3 4 1 2 4 1 2 3 2 1 3 1 4 2 1 4 1 4 1 1 2 2 2 2 2 3 2 4 2 2 3 2 3 3 3 3 1 1 3 4 1 4 4 2 2 1 1 3 4 2 3 2 4 3 4 4 3 3 2 3 4 3 4 4 4 1 4 2 4 3 1 2 2 4 3 2 4 1 2 1 2 2 1 3 4 4 4 
4 3 3 4 1 2 2 3 4 1 1 1 3 4 1 3 1 1 1 1 2 3 4 2 3 4 2 2 3 2 1 4 2 4 4 2 2 4 4 4 4 3 3 1 2 1 1 2 4 2 3 1 3 2 1 4 1 2 1 3 2 1 3 2 1 3 3 1 1 2 3 4 4 1 1 2 1 3 1 4 3 4 2 1 2 2 2 3 4 3 4 2 4 
4 2 3 1 4 2 4 1 4 1 1 3 4 2 2 3 1 2 3 1 2 4 2 3 3 1 3 1 4 2 3 1 3 3 4 2 4 3 1 4 2 1 2 2 4 3 1 1 1 2 4 1 2 3 4 2 1 4 4 3 3 2 4 2 2 4 3 4 4 3 1 3 3 3 1 4 1 3 3 3 1 3 4 3 1 3 3 1 2 1 1 3 4 
4 2 3 2 4 1 2 4 1 2 2 1 3 3 4 1 2 4 3 2 1 4 1 2 4 3 1 1 4 3 4 2 2 4 3 3 2 3 4 2 2 4 3 4 4 2 3 1 1 1 2 3 4 2 4 3 4 2 2 4 3 4 4 4 1 1 3 4 1 2 1 4 4 2 2 1 4 3 3 3 1 4 4 3 3 1 1 3 4 2 4 4 4 
4 2 4 2 4 2 3 2 3 3 3 3 1 1 4 4 3 1 3 2 4 4 1 2 3 3 2 4 1 2 3 3 2 4 4 2 2 1 2 2 4 3 2 2 4 3 4 4 3 1 2 1 1 4 2 4 2 3 4 3 3 1 1 3 1 4 4 2 2 2 2 2 1 1 2 1 3 4 2 1 4 1 1 4 2 3 4 3 4 4 2 2 4 
4 4 1 2 4 3 1 2 2 4 1 2 2 2 1 3 2 3 1 1 3 3 1 4 2 1 4 2 1 4 1 1 2 1 4 2 1 1 1 1 3 1 4 3 4 2 3 2 2 2 2 2 1 2 3 4 1 1 3 4 2 2 3 2 4 1 2 3 4 3 1 2 1 4 4 3 3 2 2 3 1 4 2 1 1 4 4 4 2 2 4 1 4 
4 4 2 3 3 3 4 1 1 4 4 4 2 2 1 1 1 4 3 1 1 4 3 2 1 2 2 2 1 3 1 1 1 4 4 1 1 4 2 1 2 2 1 3 2 1 3 1 2 4 3 3 1 3 4 3 2 3 4 3 4 2 1 3 1 1 1 2 4 4 3 1 3 1 4 2 1 1 2 3 3 1 2 3 3 3 1 1 4 2 3 2 4 
4 3 3 4 1 1 3 3 2 4 1 1 4 4 2 4 3 2 4 3 4 1 1 3 2 3 1 1 2 1 2 3 4 4 2 4 2 1 3 3 1 1 3 2 2 1 3 4 4 2 3 3 2 3 3 2 3 4 3 3 2 1 4 1 1 3 3 2 3 1 4 4 3 4 1 4 4 1 2 4 1 3 4 2 4 2 4 2 3 2 3 4 4 
4 2 1 2 2 2 4 3 3 1 1 2 3 4 4 1 1 3 1 3 2 4 1 1 4 4 4 3 3 1 2 1 1 1 2 1 2 1 3 3 1 2 3 1 2 1 4 3 4 2 1 2 4 2 4 1 4 3 2 1 3 4 4 4 3 3 2 3 4 2 3 4 3 3 3 2 3 1 4 3 1 1 4 4 3 3 4 4 1 4 2 2 4 
4 2 2 2 1 3 3 4 2 2 3 4 1 1 1 2 2 4 1 4 1 1 4 1 4 2 3 4 2 3 4 1 2 4 4 2 4 2 4 2 3 4 4 4 4 4 1 2 3 1 4 3 1 3 1 2 1 3 3 1 1 3 1 2 1 1 3 3 4 1 3 1 3 1 1 1 3 2 4 3 2 2 4 3 3 2 4 4 4 1 2 1 4 
4 1 2 2 2 3 3 3 1 1 3 4 1 4 4 3 1 3 3 2 4 3 4 3 2 3 3 4 1 4 2 4 3 1 3 1 2 3 4 3 3 1 2 4 1 1 2 3 3 1 2 2 2 1 3 3 2 4 2 4 2 3 4 4 4 2 2 3 2 1 2 1 2 4 2 4 4 3 2 4 2 4 1 2 3 3 1 1 4 2 2 2 4 
4 3 2 1 1 2 3 3 2 4 1 4 3 2 2 4 1 2 3 2 3 2 2 3 2 1 4 4 4 3 4 1 2 2 3 3 4 2 1 3 2 3 4 3 1 4 4 2 4 3 4 1 3 3 4 3 2 4 4 2 4 2 3 1 1 3 1 1 3 4 3 2 3 1 3 2 3 3 4 3 1 1 2 4 4 1 4 3 3 3 1 2 4 
4 3 3 4 4 4 2 3 3 2 4 1 3 2 3 2 2 2 3 3 3 1 2 4 4 3 4 2 4 1 4 1 3 2 4 1 4 1 1 3 2 2 2 1 1 1 1 1 3 4 3 4 4 2 2 2 3 4 2 1 4 2 4 4 1 3 4 1 4 3 1 1 1 1 2 3 2 3 1 1 4 3 3 2 3 3 1 2 1 4 1 2 4 
4 2 2 1 2 3 2 4 2 3 4 1 1 2 2 3 3 4 3 2 2 1 2 3 3 2 3 3 1 2 3 3 3 4 2 2 2 3 4 1 2 3 3 4 3 4 3 2 1 4 1 3 3 2 3 1 4 4 3 2 1 3 3 4 3 3 3 2 1 2 4 2 4 3 1 1 3 2 1 1 3 4 3 2 2 2 2 1 3 3 3 1 4 
4 2 1 4 1 2 3 2 3 4 2 4 1 1 4 2 3 2 3 2 4 4 3 2 1 1 3 3 1 1 2 4 1 3 2 2 2 1 1 4 3 1 4 4 3 2 4 3 4 1 2 1 1 1 4 2 4 4 2 2 3 4 2 2 2 2 3 1 2 4 2 2 1 2 3 3 4 3 2 1 2 3 3 2 1 4 1 3 2 3 3 2 4 
4 3 3 3 4 2 4 3 2 2 1 1 4 2 2 4 2 2 4 3 1 2 1 3 3 2 3 3 2 2 2 2 4 2 4 2 4 4 2 3 3 3 2 4 3 2 1 4 2 3 3 1 3 1 4 4 1 3 2 3 2 4 4 2 3 1 1 1 4 1 4 4 1 4 3 2 2 1 3 3 1 4 4 1 4 1 4 3 2 3 4 1 4 
4 4 4 1 3 4 4 2 1 4 2 3 2 1 2 3 2 4 1 2 2 1 4 4 1 3 4 1 2 2 1 2 3 1 3 1 4 3 1 1 4 1 4 3 2 2 4 2 3 4 2 2 4 2 3 1 3 3 4 3 4 2 2 3 4 1 3 4 2 3 3 3 3 1 4 4 3 4 4 3 1 2 1 4 3 2 1 3 1 2 2 4 4 
4 2 4 2 2 3 3 3 3 1 4 3 3 2 4 1 2 2 4 2 3 2 4 4 1 3 4 2 3 3 3 1 1 1 2 4 1 2 1 1 2 1 3 3 1 2 1 2 3 2 4 2 3 1 1 4 3 1 2 2 2 1 1 1 1 4 2 3 1 1 2 1 1 1 1 2 1 2 3 2 1 4 4 3 4 1 3 1 1 4 3 2 4 
4 2 4 1 2 3 4 3 1 4 2 3 4 3 1 2 4 1 2 1 2 2 1 3 3 3 3 1 3 1 1 3 4 2 4 1 2 3 4 2 3 3 3 2 4 1 2 4 4 1 1 3 3 4 4 2 1 4 4 1 1 1 2 3 4 3 1 4 2 4 2 2 3 3 1 3 4 3 2 3 3 3 2 1 2 2 4 3 1 4 3 3 4 
4 1 2 2 3 3 3 1 4 1 1 4 2 3 2 4 4 1 4 3 1 2 3 1 3 4 4 4 2 4 1 2 4 2 1 1 3 2 1 3 3 3 1 4 2 4 4 4 1 3 1 3 4 4 2 2 4 2 3 3 4 2 3 3 2 1 1 3 2 1 3 1 3 4 4 1 2 2 4 4 2 2 4 4 3 2 3 3 1 4 4 4 4 
4 3 1 1 4 4 3 2 1 3 1 1 2 1 2 4 4 3 4 4 1 2 4 1 1 1 4 4 1 4 2 2 4 3 4 4 2 1 3 1 4 2 1 3 1 4 4 1 1 1 4 3 2 3 3 4 2 4 3 1 4 3 1 4 2 1 2 3 2 1 3 4 4 1 3 3 4 3 1 3 4 2 1 4 2 2 2 2 3 3 2 1 4 
4 2 4 1 3 3 3 3 3 4 3 3 3 4 4 4 1 4 4 1 4 4 4 1 3 3 4 3 1 1 1 3 2 3 1 4 4 2 3 2 3 1 3 1 3 3 1 1 2 3 1 4 4 4 4 4 2 3 1 4 4 2 1 1 2 1 4 4 2 4 4 3 1 4 1 3 2 3 2 3 3 3 4 2 3 2 1 4 3 4 4 4 4 
4 4 1 2 3 2 4 1 4 2 2 4 4 2 2 2 1 2 3 4 2 3 3 1 3 3 1 1 3 1 4 4 4 3 2 1 4 1 2 2 1 4 1 4 4 1 3 4 1 4 4 2 4 4 2 4 4 2 1 1 3 4 1 2 2 2 1 3 2 4 1 1 1 3 4 4 3 1 1 4 2 1 2 4 1 4 3 3 3 4 2 4 4 
4 3 4 4 3 2 3 4 1 4 1 4 2 3 2 1 3 2 3 3 4 3 4 3 1 3 3 3 1 3 4 2 2 2 4 3 4 2 1 4 2 1 4 1 3 3 1 3 3 2 4 4 1 2 4 3 2 4 2 1 3 3 4 3 3 1 2 3 3 3 3 1 2 1 1 1 1 2 1 1 4 3 4 4 1 3 2 4 1 3 2 4 4 
4 3 4 2 4 1 2 4 3 1 3 3 4 3 1 3 2 1 3 4 4 1 1 4 4 2 2 1 2 2 2 4 2 3 4 1 4 1 3 3 2 4 1 4 3 3 2 4 3 4 3 2 2 4 1 1 3 3 3 2 4 2 2 2 4 2 3 1 2 2 3 2 1 4 3 2 4 3 2 3 3 1 3 3 1 3 1 3 3 3 4 1 4 
4 3 1 1 1 3 1 2 3 3 4 2 1 1 4 2 3 4 4 1 4 1 2 3 1 3 4 1 2 1 4 4 3 1 4 4 1 1 2 4 1 1 1 1 2 2 3 4 1 3 3 3 4 3 1 1 2 3 1 2 2 2 3 3 3 1 3 4 2 2 1 2 1 2 4 2 1 1 3 2 2 1 4 2 4 1 1 3 1 4 1 1 4 
4 3 3 1 2 4 1 2 1 3 1 1 1 3 4 3 3 3 2 2 4 2 2 2 2 4 2 3 1 2 1 1 3 4 1 3 1 3 1 3 2 3 1 2 1 4 3 2 3 4 1 3 3 3 2 2 1 3 3 3 2 2 4 1 3 1 4 1 2 1 2 1 2 1 1 1 2 1 3 3 1 2 1 2 4 4 1 4 1 4 2 1 4 
4 4 1 3 4 4 3 1 4 4 1 4 1 1 2 1 1 1 1 3 2 3 1 4 4 4 2 2 3 2 1 3 1 3 4 3 4 4 1 1 3 2 1 1 4 4 1 1 1 2 3 2 2 2 1 2 4 1 1 3 2 2 1 3 1 2 1 2 4 1 1 1 4 3 4 3 2 4 3 4 4 1 1 3 3 1 3 1 4 2 3 4 4 
4 4 4 1 2 1 2 2 3 4 3 1 2 1 3 4 2 1 3 2 4 1 4 1 4 1 1 4 3 2 2 1 4 1 2 1 1 1 3 3 3 1 1 3 1 4 4 2 2 4 1 4 3 1 1 2 4 2 4 4 3 2 3 2 2 2 4 3 1 3 1 4 4 1 1 3 4 2 3 4 2 3 3 3 1 2 4 2 4 3 2 1 4 
4 2 1 3 2 3 2 4 1 2 2 1 3 1 4 4 1 2 1 1 1 1 3 3 4 4 1 1 4 4 1 3 4 1 2 1 4 2 1 1 2 4 4 3 3 2 1 3 1 1 3 4 3 4 2 4 1 1 3 4 1 4 4 4 3 4 3 2 1 2 4 1 2 1 3 4 2 3 1 2 2 1 4 1 3 2 1 1 4 4 4 3 4 
4 1 4 3 3 2 4 2 3 2 2 4 1 3 1 3 4 2 3 3 4 3 1 4 1 2 3 2 3 3 1 3 3 1 2 3 1 1 3 1 1 3 4 3 1 1 1 3 2 4 1 4 1 4 2 4 3 1 1 2 4 1 4 2 3 2 3 2 3 4 2 1 3 1 3 1 4 1 2 1 1 3 3 2 2 4 4 2 3 4 1 4 4 
4 2 3 1 3 3 4 1 1 1 3 1 2 4 2 3 3 4 1 1 4 2 2 1 4 2 4 3 1 3 2 3 1 2 2 3 3 2 4 1 4 4 1 1 1 2 1 2 2 3 4 2 2 2 1 3 3 4 4 3 2 4 4 3 3 4 1 4 2 1 4 2 3 2 2 1 4 2 3 1 3 1 3 1 4 3 4 2 1 3 2 3 4 
4 3 2 3 1 1 4 3 2 3 1 1 4 3 1 2 3 4 1 2 4 4 1 4 2 3 2 3 4 4 4 4 2 1 1 2 4 4 2 4 3 1 2 2 4 3 4 1 2 2 1 1 1 3 3 4 4 3 1 2 2 1 3 2 1 4 4 3 1 1 1 1 4 1 3 4 4 4 3 1 2 1 2 3 2 2 3 3 2 2 3 1 4 
4 2 2 1 2 2 2 3 4 1 4 4 2 4 4 4 1 1 3 1 3 2 4 1 3 4 4 1 2 3 1 3 2 4 3 1 2 3 3 4 4 2 3 2 2 3 4 3 1 4 2 3 1 1 1 3 2 1 2 3 4 3 1 1 1 2 1 4 1 2 3 3 3 2 1 3 1 2 4 4 4 4 1 3 1 3 3 2 4 4 2 1 4 
4 3 3 2 3 2 1 3 3 3 3 1 3 2 3 1 4 2 4 3 1 3 4 1 2 1 2 2 3 4 2 4 4 1 1 3 1 4 2 4 1 3 3 2 2 3 2 4 1 3 2 2 2 4 4 2 3 3 3 2 2 3 4 2 3 2 3 2 2 2 2 4 3 4 2 1 1 1 4 3 2 1 4 4 1 2 2 4 2 2 2 2 4 
4 4 1 3 4 2 2 2 1 3 3 4 4 2 3 1 4 2 1 3 3 2 2 2 4 3 3 4 4 2 1 2 3 1 4 3 2 4 1 3 1 3 3 1 2 1 4 1 3 4 1 3 3 1 3 4 3 2 3 2 4 3 4 3 1 3 1 1 2 4 2 1 2 4 1 3 2 4 2 2 3 2 4 3 3 2 3 4 2 3 4 2 4 
4 3 3 3 2 4 1 2 2 4 2 2 2 1 4 4 2 1 2 1 1 4 4 4 1 1 3 1 4 4 3 3 3 1 1 3 4 3 2 1 1 2 1 4 3 1 2 3 2 2 2 3 2 4 2 1 3 1 1 1 1 4 1 1 4 1 4 3 4 2 2 1 2 3 1 3 4 3 4 3 2 1 1 4 3 4 1 1 1 3 3 3 4 
4 3 3 3 3 2 3 1 4 4 3 2 4 1 2 3 2 2 1 3 2 1 1 3 4 4 4 4 2 2 4 3 2 1 4 4 4 3 1 1 1 1 3 1 2 2 4 4 4 3 2 4 4 4 2 4 1 1 1 2 1 1 1 2 1 1 1 4 4 1 1 4 3 3 1 4 2 4 4 2 4 2 4 1 3 3 4 4 2 3 4 2 4 
4 1 1 3 1 3 1 3 1 3 1 2 2 1 2 2 1 2 1 2 2 3 1 1 3 4 2 3 4 4 4 2 4 3 1 3 1 3 3 4 2 1 4 1 1 4 4 2 1 4 4 4 2 4 4 3 3 3 2 3 1 4 4 3 3 4 2 3 2 2 2 3 1 4 1 1 3 4 2 2 2 1 4 2 4 2 2 3 4 3 1 2 4 
4 4 4 2 2 3 4 2 3 2 4 1 4 2 3 2 4 2 3 4 4 3 2 3 2 1 3 2 2 1 2 1 2 1 3 3 3 2 1 4 2 3 2 3 2 1 1 1 3 1 3 4 3 1 3 4 3 1 3 3 1 4 3 2 3 4 4 2 1 1 4 3 3 2 3 1 2 3 1 1 1 4 4 2 3 1 2 2 3 3 2 4 4 
4 4 2 1 1 2 4 4 2 1 3 2 4 3 1 1 1 4 1 4 2 4 1 4 4 4 4 2 3 3 1 4 1 2 2 1 2 2 4 3 1 4 4 3 2 3 3 4 4 4 3 3 3 4 4 1 3 1 2 4 1 4 2 4 4 1 1 2 2 4 4 4 3 2 4 4 3 4 1 4 2 4 3 2 2 1 4 4 2 4 4 1 4 
4 2 1 4 1 3 1 1 4 4 3 2 3 1 4 4 4 4 1 4 2 4 2 1 3 1 1 4 4 4 3 2 3 2 3 1 4 4 2 1 2 3 1 3 4 3 3 4 2 2 1 1 4 2 2 3 3 4 4 3 1 2 3 1 4 1 2 4 3 3 1 2 2 1 3 3 1 4 2 4 4 2 4 1 3 1 3 3 2 1 1 1 4 
4 3 4 1 1 3 1 4 4 2 3 4 1 1 4 3 2 1 4 2 4 2 1 1 3 3 4 4 4 4 2 4 1 4 3 3 2 2 1 4 2 3 2 2 2 2 3 1 2 4 1 3 3 4 1 1 4 4 4 3 1 4 2 2 2 4 2 3 4 1 1 1 2 3 3 3 1 1 3 1 4 1 2 2 2 1 1 4 3 1 4 4 4 
4 4 1 3 3 2 4 1 3 2 1 2 3 1 1 1 2 2 2 2 2 2 3 4 2 2 1 3 1 2 2 3 2 2 1 2 3 2 4 3 3 3 3 2 4 4 3 4 4 2 2 4 2 2 3 2 3 2 1 3 3 3 1 2 3 1 4 2 4 4 2 2 2 1 4 1 2 3 2 2 3 1 2 4 3 4 4 3 3 1 3 2 4 
4 2 3 4 3 1 3 1 4 3 3 2 2 3 3 2 2 2 3 1 4 4 1 1 4 2 2 3 3 2 2 3 2 1 3 1 3 1 4 2 4 2 1 1 4 3 4 4 1 4 1 3 3 1 4 4 2 1 2 1 3 4 3 4 2 3 3 3 4 4 4 3 2 3 4 2 4 3 2 2 4 1 3 4 4 1 4 3 1 2 4 4 4 
4 2 1 4 2 3 1 1 2 3 3 1 2 4 4 1 1 4 4 3 4 4 2 1 4 3 2 4 4 2 3 1 2 1 3 2 1 3 2 4 2 1 3 4 3 2 3 1 3 4 1 3 2 2 3 4 2 2 2 1 3 3 2 4 4 2 4 4 4 1 2 1 3 4 2 2 3 2 2 4 3 1 2 4 2 2 3 1 4 3 1 1 4 
4 1 2 2 2 1 3 1 1 4 3 4 3 4 4 4 4 2 3 3 3 4 3 3 1 1 4 1 4 1 1 1 1 2 1 3 1 4 2 1 4 2 3 3 3 2 3 3 2 2 1 2 1 3 3 1 3 1 2 2 4 3 3 1 2 2 1 1 1 1 3 2 4 4 3 1 2 3 2 4 4 4 2 4 1 4 1 4 2 2 1 4 4 
4 2 3 2 1 1 2 1 1 1 4 2 2 1 4 4 2 3 1 4 3 1 1 3 3 3 1 4 4 2 1 4 1 3 2 3 2 4 4 4 2 3 4 2 1 2 1 3 3 4 3 4 1 3 2 1 2 1 4 3 4 1 2 4 4 1 1 1 2 4 3 4 1 4 2 2 1 3 2 4 3 2 1 1 2 1 3 4 1 3 2 3 4 
4 4 3 3 2 3 1 3 1 3 4 1 2 3 2 2 1 3 4 2 3 1 2 1 3 3 4 1 3 2 1 3 1 3 2 3 4 3 3 3 3 4 4 4 1 2 3 3 1 2 4 4 1 1 4 1 2 3 1 4 4 1 4 2 2 3 4 1 2 3 1 3 4 4 3 2 1 2 2 3 3 4 1 3 1 4 3 4 3 1 4 1 4 
4 3 2 4 1 4 1 3 4 1 2 1 3 1 1 3 4 3 3 3 1 3 4 4 1 3 2 1 3 3 4 4 2 3 3 3 1 2 4 4 4 4 1 1 2 3 1 3 2 2 3 4 3 3 3 2 1 1 2 2 2 3 2 3 2 4 4 1 2 2 1 2 3 2 3 2 3 2 3 1 3 2 2 1 1 2 2 3 1 1 1 1 4 
4 1 2 1 3 4 1 4 4 1 4 2 1 3 4 4 2 1 4 1 1 2 3 1 1 1 3 4 3 2 4 1 4 3 4 4 4 3 2 4 2 4 2 1 4 4 3 4 3 2 1 4 3 2 2 3 2 2 1 2 2 2 3 3 4 2 3 2 3 2 2 2 3 4 2 3 1 4 4 4 2 2 3 3 2 4 4 4 2 2 3 2 4 
4 4 2 1 3 4 2 4 3 1 1 1 4 2 4 4 4 4 2 2 3 3 2 2 2 1 4 4 3 4 1 3 2 3 1 2 3 1 4 3 4 1 3 2 3 2 4 4 1 1 2 1 3 2 4 3 3 1 3 3 2 2 3 3 4 4 3 1 3 1 4 2 1 2 2 2 3 2 2 3 4 1 1 2 4 3 2 1 1 4 2 2 4 
4 3 4 2 3 4 2 4 1 4 1 2 1 2 3 3 3 3 4 3 1 3 3 2 4 1 2 3 2 3 4 1 3 3 3 1 1 1 3 4 4 4 4 2 2 2 3 1 3 3 3 3 2 4 1 4 1 1 2 3 2 4 2 1 4 1 2 3 2 1 2 3 1 1 4 2 1 1 2 1 1 2 2 3 1 1 1 4 2 2 3 3 4 
4 3 1 4 3 4 4 4 3 3 1 3 2 3 4 1 2 4 3 2 4 2 2 3 4 2 2 4 2 4 3 4 3 1 1 2 1 1 3 4 1 1 2 4 2 3 4 4 1 1 3 3 4 2 4 1 1 4 4 3 3 4 3 2 1 1 1 2 4 4 1 4 1 4 3 2 3 2 2 2 3 1 3 1 2 1 1 4 3 3 3 4 4 
4 3 2 1 4 3 4 4 4 2 3 1 2 3 2 4 3 4 2 1 3 3 3 1 2 3 4 3 4 1 4 4 1 3 2 3 1 3 2 2 4 1 2 3 4 1 4 1 1 4 3 1 2 1 2 3 1 1 1 1 1 4 2 2 1 1 4 4 2 4 1 1 3 3 3 4 1 4 2 2 4 3 4 4 4 3 1 2 1 1 3 1 4 
4 1 4 2 2 1 2 3 3 4 2 4 1 1 4 3 2 4 3 1 2 2 4 3 1 1 4 4 3 1 2 4 2 2 1 2 4 1 3 4 1 3 3 2 2 4 1 4 2 1 1 1 1 1 2 2 3 2 4 2 4 1 3 3 2 2 2 2 2 1 2 2 4 4 4 2 4 3 3 4 3 1 3 4 3 1 3 3 1 1 4 4 4 
4 4 3 1 3 4 1 4 4 1 1 1 2 1 1 2 1 4 1 3 1 1 3 3 4 3 2 2 1 3 1 4 4 4 3 3 2 4 4 2 1 3 4 2 2 4 1 1 2 2 2 4 2 3 3 4 4 3 1 3 1 2 2 1 1 2 4 4 4 1 2 3 4 1 4 1 4 4 4 3 3 1 4 1 3 1 3 3 4 1 4 3 4 
4 3 1 2 4 1 3 2 2 1 4 2 2 1 1 1 4 4 2 3 3 1 1 3 4 2 1 4 2 1 2 3 2 3 2 2 2 2 3 2 4 2 3 2 3 3 1 1 4 2 1 2 3 4 4 3 4 4 3 3 3 3 4 3 2 2 1 2 2 3 1 4 2 3 2 2 1 4 2 1 4 1 2 3 3 4 4 3 3 3 4 1 4 
4 2 2 4 2 3 1 1 1 3 3 4 3 4 2 4 1 1 3 1 1 2 2 3 2 1 1 2 1 2 2 4 3 4 4 3 1 2 2 2 2 2 1 1 4 3 1 4 1 2 2 1 3 4 3 3 3 1 3 4 2 2 1 2 4 4 3 3 4 3 1 2 2 4 4 2 3 3 4 2 4 4 3 4 1 4 4 3 1 1 3 4 4 
4 1 3 1 3 4 3 1 1 1 3 2 3 3 3 4 3 4 4 1 2 1 4 1 3 1 3 1 2 1 3 1 3 4 1 2 1 3 4 4 4 1 4 4 2 3 1 4 4 4 4 1 3 3 3 2 1 3 1 4 3 4 3 4 3 2 3 4 4 3 4 3 3 2 3 3 2 1 1 4 4 1 1 3 1 3 1 3 2 3 2 2 4 
4 3 1 4 3 3 4 4 2 4 4 2 2 4 2 1 1 4 4 3 3 2 4 4 3 1 1 3 4 4 2 1 3 2 2 1 2 3 2 3 3 1 4 2 4 3 1 3 2 3 4 3 4 4 1 2 1 2 2 1 4 4 3 1 3 1 2 2 1 4 1 2 1 4 4 4 4 1 2 3 1 4 3 2 2 3 1 1 3 4 3 3 4 
4 2 3 3 3 2 3 4 4 3 2 3 2 4 3 2 3 2 2 2 1 1 2 4 2 1 2 1 3 1 1 1 3 4 4 4 2 1 2 4 3 2 4 3 1 2 3 3 3 4 1 1 1 2 4 4 3 2 4 2 1 3 3 2 4 4 3 3 4 4 4 2 4 3 3 2 2 2 4 3 4 4 2 2 2 3 2 4 4 4 3 4 4 
4 1 3 4 3 4 3 3 3 1 3 3 4 2 3 1 4 2 2 2 1 3 1 4 2 2 1 1 1 1 4 3 3 4 4 3 1 1 3 3 3 3 2 4 1 1 2 4 3 2 2 3 1 1 4 3 2 3 2 4 1 3 1 1 2 4 3 3 4 4 2 3 2 2 4 2 4 4 1 4 4 3 1 2 3 3 2 2 4 3 3 4 4 
4 3 4 1 1 3 3 2 1 2 1 2 1 3 2 3 2 3 2 4 1 1 4 1 4 2 2 1 4 3 3 2 3 2 2 3 2 1 4 2 2 3 2 2 4 1 3 2 4 2 3 1 3 2 2 4 1 1 3 3 3 1 3 4 4 1 4 2 3 1 2 2 3 1 1 4 4 2 3 1 3 2 2 3 2 4 2 3 3 3 4 1 4 
4 1 2 4 3 2 3 1 2 3 2 2 2 1 4 3 2 1 3 4 2 2 4 4 2 2 1 3 3 4 4 4 2 3 4 1 2 3 2 4 2 2 1 4 2 3 4 2 2 1 2 3 2 2 2 3 1 3 4 2 4 1 2 2 2 2 1 3 4 4 3 4 4 3 3 2 1 3 3 2 3 4 3 4 3 2 1 3 4 4 3 2 4 
4 1 2 1 1 2 1 2 3 1 3 1 1 1 4 3 4 3 1 1 1 4 4 3 3 4 4 4 3 4 2 3 4 2 2 2 4 2 1 3 1 4 3 4 1 3 4 4 2 4 4 2 3 1 4 3 2 4 2 2 4 3 4 4 4 1 3 1 2 2 2 1 2 4 1 2 4 2 3 3 4 3 4 2 3 2 4 1 2 4 2 2 4 
4 4 2 2 2 3 1 3 4 2 4 3 4 4 4 3 2 3 3 1 2 3 3 2 2 1 2 3 4 1 2 4 3 1 2 2 1 4 1 1 4 2 3 3 1 2 1 2 2 1 4 4 1 2 4 1 1 4 4 4 1 1 1 4 2 3 2 1 1 3 1 1 2 4 3 2 1 4 3 4 1 3 2 1 1 3 3 1 1 1 1 3 4 
4 4 3 3 4 2 4 1 1 2 4 4 1 2 1 4 1 1 1 4 1 4 4 4 1 2 3 4 4 4 1 1 4 3 2 1 2 3 4 2 4 3 4 3 4 1 2 3 1 1 4 1 2 2 4 1 2 2 4 2 3 4 1 2 4 3 3 3 3 2 4 2 4 1 1 3 1 2 3 3 4 4 3 4 2 2 3 3 1 4 3 4 4 
4 4 2 1 4 1 3 3 1 3 4 1 4 2 3 1 2 2 3 1 2 4 1 4 4 2 4 1 4 4 4 3 1 4 1 2 3 1 2 1 4 4 4 4 4 3 4 2 2 3 4 2 4 1 3 4 1 1 2 4 2 3 4 2 2 3 1 1 4 1 4 4 4 1 4 4 1 3 3 1 3 4 2 4 3 4 2 2 1 3 1 2 4 
4 2 3 3 2 2 3 2 2 2 4 4 4 1 2 3 1 4 1 1 3 1 1 2 3 4 3 3 4 4 1 3 2 2 4 2 1 2 2 1 2 4 3 3 4 4 1 4 2 3 2 1 2 1 2 4 2 3 4 3 3 1 4 1 2 4 3 1 3 2 2 2 1 3 2 1 1 1 4 2 3 3 3 3 2 4 4 3 4 3 4 2 4 
4 2 3 4 3 3 4 4 3 4 4 1 3 4 4 3 3 2 1 4 1 4 3 3 3 1 2 4 3 1 2 3 4 3 1 4 4 2 2 2 1 4 4 4 4 3 3 4 2 3 1 3 2 1 3 4 1 2 3 3 3 1 3 2 2 3 1 4 2 3 3 4 2 2 4 1 4 1 4 3 1 2 3 2 3 4 1 2 1 3 3 4 4 
4 4 1 3 4 4 3 2 4 2 3 1 2 4 1 3 3 3 1 1 4 3 3 3 4 2 2 4 2 3 4 4 2 1 2 1 3 1 2 3 4 2 1 4 1 3 2 4 2 4 4 4 4 3 3 2 4 2 4 1 2 4 2 3 4 1 1 4 1 3 4 3 2 4 1 1 4 3 1 2 3 1 4 4 2 3 1 4 3 2 1 2 4 
4 1 4 1 2 4 1 3 4 3 1 3 2 4 2 2 4 4 4 3 2 2 3 2 4 1 2 2 2 4 1 1 2 2 4 4 2 4 1 3 3 1 1 2 3 3 4 3 4 4 3 1 2 2 3 4 4 1 4 3 1 4 3 1 4 3 1 3 1 4 4 4 3 1 3 3 1 2 2 3 3 2 3 2 1 2 3 1 2 2 3 3 4 
4 4 4 4 4 4 4 4 4 4 4 4 4 4 4 4 4 4 4 4 4 4 4 4 4 4 4 4 4 4 4 4 4 4 4 4 4 4 4 4 4 4 4 4 4 4 4 4 4 4 4 4 4 4 4 4 4 4 4 4 4 4 4 4 4 4 4 4 4 4 4 4 4 4 4 4 4 4 4 4 4 4 4 4 4 4 4 4 4 4 4 4 4 

