93
1000
1000

[Node]
0  0  0   0  0
94 0  0   0  0

[pickup]
1       504930829      13          8
2       503058122      25          18
3       503058102      25          11
4       505112394      25          17
5       505247329      25          13
6       502875595      26          14
7       504944067      27          19
8       505083274      28          15
9       503657465      32          17
10      503589812      34          16
11      503282693      34          6
12      505150270      37          10
13      504557490      37          8
14      505023534      39          5
15      505244393      42          16
16      504844669      44          14
17      504360638      44          6
18      502798324      45          9
19      505246354      47          9
20      504731123      51          12
21      505238370      54          12
22      503273252      58          11
23      505150249      60          16
24      505077327      60          14
25      505239208      64          6
26      505198338      64          15
27      502802137      65          17
28      503301564      66          16
29      504558137      67          8
30      505243698      67          8
31      504433520      71          11
32      504807788      76          8
33      503282703      77          5
34      502791700      80          7
35      505237090      84          14
36      505128819      84          11
37      503228783      85          20
38      505158222      86          8
39      502791163      86          5
40      503635633      92          17
41      505237092      95          6
42      504950887      98          14
43      504802242      109         8
44      504952771      109         19
45      505246154      109         10
46      505185201      110         7
47      502798686      113         13
48      503107234      115         5
49      502786496      116         17
50      504941658      117         16
51      504591167      122         15
52      503557466      122         16
53      502997308      123         16
54      504697856      124         8
55      505088149      132         10
56      503689218      135         12
57      503284249      135         15
58      503613062      142         7
59      504938851      143         13
60      502892641      146         16
61      503192571      148         14
62      505084995      149         16
63      505170070      156         19
64      502792437      163         10
65      502970822      165         7
66      505076939      166         18
67      503168027      169         11
68      504800637      177         8
69      502795290      187         6
70      504904607      210         17
71      502786497      215         12
72      502786482      219         10
73      505244822      226         19
74      502787809      228         14
75      503284101      232         17
76      502800753      240         5
77      503658860      241         20
78      504940824      254         11
79      504467511      266         10
80      504940738      276         14
81      503278639      284         7
82      504815398      326         11
83      505231571      340         9
84      503900481      355         5
85      505246152      358         18
86      502789199      363         17
87      503297612      503         14
88      502785855      557         15
89      504427291      603         7
90      502788888      658         9
91      502787525      720         10
92      502787162      1000        13
93      504783210      1000        11

[Speed 0]
0.81
30.0   60.0 0.0 0.6
90.0   150 0.0 0.4
300.0  540.0 0.0 0.81
570.0 630.0 0.0 0.6
660.0 720.0 0.0 0.4
750.0 840.0 0.0 0.81

[Speed 1]
1.33
30.0   60.0 0.0 0.8
90.0   150 0.0 0.6
300.0  540.0 0.0 1.33
570.0 630.0 0.0 0.8
660.0 720.0 0.0 1.3
750.0 840.0 0.0 2

[Speed 2]
1.33
30.0   60.0 0.0 1.0
90.0   150 0.0 0.8
300.0  540.0 0.0 1.33
570.0 630.0 0.0 0.8
660.0 720.0 0.0 0.6
750.0 840.0 0.0 1.5

[Speed 3]
1.5
30.0   60.0 0.0 0.9
90.0   150 0.0 0.8
300.0  540.0 0.0 1.5
570.0 630.0 0.0 0.9
660.0 720.0 0.0 0.8
750.0 840.0 0.0 1.5

[Speed 4]
2
30.0   60.0 0.0 1.1
90.0   150 0.0 0.9
300.0  540.0 0.0 2
570.0 630.0 0.0 1.1
660.0 720.0 0.0 0.9
750.0 840.0 0.0 2

[speed choose matrix]
4 4 4 4 4 4 4 4 4 4 4 4 4 4 4 4 4 4 4 4 4 4 4 4 4 4 4 4 4 4 4 4 4 4 4 4 4 4 4 4 4 4 4 4 4 4 4 4 4 4 4 4 4 4 4 4 4 4 4 4 4 4 4 4 4 4 4 4 4 4 4 4 4 4 4 4 4 4 4 4 4 4 4 4 4 4 4 4 4 4 4 4 4 4 4 
4 1 3 4 4 3 4 3 1 2 2 4 3 3 3 2 1 3 2 2 2 3 3 4 1 1 4 3 2 3 4 1 3 1 2 3 4 4 4 2 1 1 3 1 3 1 1 3 4 3 3 4 3 4 3 3 4 1 2 4 4 2 2 2 4 1 4 4 1 2 1 3 2 4 3 3 1 3 4 4 3 1 3 2 3 2 2 3 4 4 1 2 4 2 4 
4 4 2 3 4 4 3 3 2 3 2 1 4 2 3 4 2 1 3 3 2 3 1 1 1 4 3 3 2 2 2 4 4 3 4 4 2 4 3 3 2 3 4 3 3 4 2 1 4 4 3 1 1 4 4 2 4 2 4 1 3 2 1 3 4 3 3 2 1 2 3 4 3 2 4 4 2 1 2 1 1 2 3 1 2 1 4 1 2 4 4 1 2 4 4 
4 2 3 2 3 1 2 2 4 4 2 4 2 1 2 1 1 4 3 4 1 3 2 2 4 1 1 3 3 4 4 3 4 2 3 1 1 2 3 2 3 2 2 3 1 3 3 1 4 3 3 1 4 4 4 3 3 2 3 1 3 2 4 4 1 4 4 4 3 1 4 3 3 3 3 3 3 3 4 3 3 1 2 1 3 2 1 3 4 2 3 2 4 4 4 
4 2 4 2 4 2 2 4 4 4 1 3 4 3 2 4 3 4 4 3 2 4 4 2 3 4 1 2 3 1 1 2 2 1 3 2 2 2 4 1 3 4 3 2 2 4 4 4 1 3 4 2 2 1 3 3 4 3 1 2 1 3 3 3 2 2 4 1 3 1 1 4 2 1 2 2 1 1 2 1 1 4 3 4 4 4 1 4 2 1 4 3 2 4 4 
4 3 2 2 1 2 3 2 4 4 1 3 2 4 4 3 1 1 4 4 4 4 3 1 3 3 2 1 1 1 2 2 4 3 2 4 3 3 4 1 1 3 4 1 4 2 1 4 2 3 1 2 2 2 2 2 1 3 3 4 2 2 2 1 3 3 4 3 4 4 4 4 3 2 3 4 1 4 1 1 2 4 1 1 3 1 4 2 1 3 3 4 3 4 4 
4 4 3 1 4 2 1 2 2 1 1 4 2 3 4 1 4 3 1 3 4 4 1 2 1 2 2 4 1 3 2 3 4 1 1 1 1 2 3 4 2 4 1 1 2 2 3 4 3 2 2 4 4 3 2 4 3 3 1 2 2 1 4 4 3 2 1 2 3 2 2 4 1 1 4 1 3 3 2 3 3 3 2 1 3 4 4 1 1 1 2 1 4 2 4 
4 4 3 1 3 2 3 4 1 4 2 3 1 1 4 2 2 4 3 3 1 3 1 3 3 1 2 2 1 3 3 4 2 3 2 2 4 4 1 1 3 2 4 1 2 2 2 3 4 2 4 4 1 3 1 3 1 3 2 2 1 1 2 1 4 4 3 2 3 4 2 3 1 2 4 1 2 2 1 3 3 1 1 4 1 2 1 3 3 3 1 1 3 3 4 
4 4 2 3 2 1 3 3 1 1 4 1 3 2 4 1 3 2 1 4 4 2 2 1 1 4 1 1 3 1 3 1 1 3 2 2 4 1 1 3 1 3 3 2 3 2 1 4 3 3 4 2 1 1 4 2 3 3 2 2 2 1 3 3 1 3 4 3 2 2 2 2 2 2 2 2 1 2 2 1 4 1 4 4 3 1 2 1 4 1 2 3 3 4 4 
4 1 2 3 1 3 2 2 1 1 2 3 3 3 1 4 3 3 1 3 2 2 2 4 1 1 4 3 1 2 3 2 4 4 3 3 4 4 3 4 4 3 4 2 2 4 3 2 1 4 2 4 3 1 1 2 2 3 4 4 1 4 1 3 4 2 1 3 3 3 3 4 1 3 3 2 3 3 4 3 2 3 4 3 1 1 1 2 2 1 2 2 2 2 4 
4 1 2 1 4 2 1 4 1 4 4 2 4 3 2 4 3 2 2 4 3 3 4 3 2 1 1 4 4 4 1 3 3 4 2 1 1 4 4 4 2 2 2 4 4 2 4 2 1 4 3 4 2 3 1 4 1 4 1 3 1 1 4 2 3 3 2 3 3 4 1 4 3 1 2 4 3 2 1 4 4 1 4 2 3 2 4 2 4 4 4 2 4 4 4 
4 4 3 1 2 4 1 4 4 1 1 2 2 1 4 1 3 4 2 3 1 2 1 2 3 1 2 4 2 4 1 3 4 1 1 1 3 3 3 3 2 3 1 2 4 1 1 1 1 3 4 4 2 3 1 1 1 3 1 1 3 1 1 2 4 2 1 1 3 3 2 4 4 2 3 4 3 3 1 3 3 3 2 3 1 1 1 2 3 2 2 3 3 1 4 
4 2 1 3 2 3 4 3 4 4 4 1 2 4 1 2 4 1 1 1 2 4 2 3 3 4 2 1 1 2 3 2 1 2 3 3 2 1 2 2 1 2 1 3 2 3 2 4 2 4 2 4 2 3 1 2 4 2 3 1 3 3 3 3 3 2 3 4 3 4 4 4 2 3 1 2 2 2 4 3 2 1 4 1 3 2 4 3 1 2 1 4 3 2 4 
4 3 1 3 4 4 3 3 4 2 4 3 2 4 3 4 3 4 4 3 4 1 1 1 3 1 3 1 3 3 4 1 4 1 2 1 2 4 2 2 2 3 1 2 3 2 3 1 1 2 1 3 1 1 4 2 3 1 2 4 3 4 1 3 1 3 1 3 1 2 3 2 3 3 4 4 1 1 1 1 4 2 3 4 4 4 2 3 3 1 1 4 2 2 4 
4 3 1 2 3 1 2 4 4 4 4 3 1 4 1 4 3 3 3 1 4 1 4 4 3 1 1 1 3 1 3 2 3 4 3 3 3 3 3 4 1 3 1 2 3 4 2 3 4 3 3 2 4 3 3 3 1 1 4 4 2 2 1 2 1 2 3 4 2 4 4 3 2 3 4 2 4 4 1 4 1 3 4 4 3 2 1 1 2 1 3 3 3 1 4 
4 4 4 2 2 3 1 1 2 4 1 4 2 4 2 2 1 1 3 4 1 3 2 2 4 4 2 1 1 4 4 1 2 4 1 3 1 1 3 4 1 4 3 1 3 4 1 4 3 3 2 4 1 3 4 3 1 2 1 4 1 4 4 4 4 3 1 2 4 1 1 1 4 1 2 4 1 1 1 1 2 1 4 4 1 2 3 2 1 1 3 3 1 3 4 
4 2 3 3 4 4 1 2 1 1 4 3 2 1 2 2 2 3 4 2 4 4 3 2 1 2 3 4 2 4 4 2 2 3 1 3 1 3 1 2 2 2 1 2 1 4 2 1 2 3 1 1 1 2 4 4 2 2 3 3 2 3 1 2 2 4 3 1 3 2 2 1 1 4 4 2 1 1 4 4 3 4 3 2 3 3 3 3 4 2 4 3 4 2 4 
4 2 1 2 3 1 3 1 4 2 1 3 2 3 2 4 3 2 3 3 1 2 3 3 2 2 3 2 1 3 3 4 1 3 4 4 2 4 2 3 2 3 1 3 3 3 4 2 4 4 3 2 1 2 4 3 4 4 3 4 2 1 4 4 4 4 4 4 4 2 4 2 3 4 1 1 3 1 2 1 4 1 1 2 2 1 4 2 2 2 4 4 1 1 4 
4 3 3 4 4 4 3 1 3 1 4 3 3 2 2 1 4 2 2 4 2 2 3 2 3 3 3 4 4 3 4 4 3 1 2 3 3 2 3 4 2 4 1 2 4 1 1 3 3 4 1 3 1 3 4 1 3 1 4 4 1 3 3 1 2 2 2 2 3 3 1 3 2 4 3 3 2 2 4 4 4 4 1 2 3 3 4 1 2 2 2 4 2 2 4 
4 2 1 1 2 2 4 1 4 3 3 4 1 4 3 2 1 3 4 2 4 2 3 3 2 4 3 2 1 4 2 1 1 4 3 3 1 3 3 4 2 2 4 2 2 4 2 2 1 4 1 4 1 4 4 3 1 3 2 4 2 3 2 4 3 3 3 2 3 4 3 3 2 2 1 3 1 3 1 4 4 1 2 3 3 4 4 1 3 1 4 3 4 2 4 
4 2 3 1 2 1 4 3 2 4 2 3 3 1 2 1 1 1 3 2 2 2 1 3 4 4 2 1 3 4 1 3 2 3 1 3 4 3 4 4 2 3 2 3 4 4 3 2 2 4 3 2 3 1 3 3 1 4 1 2 3 4 2 2 3 2 1 4 3 2 2 2 1 3 4 4 3 4 2 3 3 1 1 1 4 4 1 4 3 2 2 4 1 1 4 
4 3 2 3 2 2 2 3 3 2 4 1 4 2 1 3 2 1 4 4 1 4 2 4 1 1 2 1 2 3 2 4 1 3 4 4 3 4 2 3 3 4 2 4 4 3 3 1 4 1 2 4 1 4 3 4 3 2 2 1 2 1 4 3 1 1 2 2 3 4 2 1 3 3 2 1 4 1 1 1 3 2 2 3 1 4 4 3 2 1 1 4 3 2 4 
4 4 1 3 3 1 1 1 3 2 3 2 1 1 1 2 2 1 1 4 1 2 3 4 3 2 3 1 2 4 4 4 3 4 1 1 1 3 1 4 3 1 2 4 3 4 2 4 3 1 1 4 4 3 3 4 2 2 3 3 1 3 1 2 2 3 4 2 1 2 1 2 1 2 4 3 4 3 1 2 1 4 1 2 3 4 2 3 4 3 4 2 2 4 4 
4 4 4 3 2 2 1 2 4 1 4 4 3 4 3 2 4 1 1 3 3 2 1 1 3 3 4 4 1 2 4 3 2 3 4 4 1 3 3 2 2 1 3 1 1 3 1 3 2 3 1 2 3 4 1 1 4 2 3 4 3 3 4 3 3 3 1 2 4 1 1 4 1 2 3 1 4 4 3 3 4 1 2 1 1 2 2 2 1 1 4 2 1 3 4 
4 4 1 3 1 4 4 3 4 2 2 1 1 2 4 4 3 1 2 2 2 3 1 2 4 1 4 4 2 4 3 1 2 3 1 1 1 4 3 4 1 1 2 4 4 1 4 1 4 4 2 2 2 1 3 2 3 2 2 4 2 4 4 2 3 2 4 2 2 1 1 4 1 1 2 1 2 4 1 1 1 3 2 1 4 3 3 4 2 4 4 3 3 1 4 
4 4 3 4 3 2 4 1 2 1 2 1 3 1 1 3 1 3 1 1 1 4 2 3 2 2 1 3 4 3 3 4 4 1 2 1 1 4 3 3 1 3 4 2 3 2 1 4 4 3 2 2 3 1 3 1 3 3 4 2 2 2 1 2 1 2 1 4 3 2 2 3 4 2 1 3 2 4 1 4 2 1 4 4 4 1 3 3 2 4 3 4 3 3 4 
4 4 3 3 1 3 4 4 2 3 3 2 3 1 2 1 4 1 3 3 4 3 4 1 2 2 3 4 2 1 2 3 1 4 4 1 3 2 2 1 3 1 4 2 3 2 3 4 1 2 2 3 2 4 3 3 1 2 1 4 2 1 4 4 4 3 1 1 4 2 4 3 4 2 1 4 1 4 3 3 1 4 2 2 2 3 4 4 2 2 4 4 4 2 4 
4 3 1 4 3 4 2 2 1 1 4 3 1 2 4 2 1 1 1 3 4 3 4 3 4 3 3 3 1 4 1 4 3 2 4 1 4 4 1 4 1 1 3 4 3 3 2 4 3 2 1 2 1 4 2 3 3 4 1 3 4 1 4 2 3 4 3 2 3 4 3 2 2 2 3 3 3 2 3 4 2 3 3 2 4 2 4 1 1 3 3 3 2 1 4 
4 3 1 1 1 1 1 1 2 3 1 4 3 3 2 2 2 3 1 1 3 4 2 2 1 3 1 2 3 3 2 4 1 1 2 3 1 2 3 2 2 2 3 2 3 3 2 3 3 2 4 3 3 2 4 4 2 2 1 4 1 1 2 4 3 1 1 2 1 4 2 3 4 2 3 1 2 3 2 2 2 2 4 2 2 3 1 2 1 3 1 4 4 3 4 
4 3 4 2 2 3 1 4 2 3 1 3 1 1 3 2 1 4 1 2 4 3 2 2 1 2 3 3 2 1 3 2 1 2 1 1 1 2 1 4 3 2 2 1 1 3 3 3 2 2 3 4 4 1 4 1 2 3 3 2 3 3 3 4 1 4 4 4 1 1 1 1 4 4 4 1 4 4 4 3 1 4 3 2 4 1 2 4 1 4 1 3 4 3 4 
4 1 3 3 2 3 2 4 1 1 2 1 4 3 4 4 3 3 4 3 1 2 2 2 3 2 2 2 2 3 2 2 4 4 2 3 1 2 1 3 4 1 2 4 3 1 2 2 1 3 1 3 4 4 2 4 1 2 2 2 1 1 1 4 3 2 2 4 2 1 2 1 3 3 2 3 4 2 4 1 3 1 4 3 3 4 2 4 4 4 2 4 2 2 4 
4 1 3 1 1 2 3 3 2 4 1 4 2 1 1 1 2 2 2 1 1 4 3 1 3 3 2 2 4 2 1 3 1 3 1 2 3 4 4 4 1 4 4 1 2 4 3 1 3 3 1 1 3 3 1 3 3 4 1 2 1 3 1 2 3 3 1 2 4 4 1 1 3 3 2 2 1 3 3 4 1 1 2 1 2 2 2 2 3 3 3 4 2 2 4 
4 1 4 2 2 4 3 4 4 2 1 1 4 2 2 4 4 4 2 1 4 4 3 1 4 1 4 4 2 2 2 3 4 3 2 3 4 1 4 4 2 3 4 2 4 4 3 3 4 1 4 1 3 3 2 2 3 4 2 1 3 3 3 1 4 1 2 3 4 3 4 1 2 1 3 2 3 2 3 1 3 2 3 3 1 3 1 4 1 1 4 1 3 3 4 
4 2 4 3 1 4 3 2 2 3 1 3 3 2 3 3 3 3 1 1 4 4 1 1 3 4 1 4 3 2 3 3 2 2 1 3 1 1 3 2 3 4 4 4 3 3 2 1 4 2 3 2 2 2 3 2 1 2 4 3 3 4 2 1 1 1 2 4 4 2 1 1 2 3 2 4 2 4 3 4 3 4 2 3 2 1 1 3 2 3 1 3 4 3 4 
4 2 1 1 4 1 3 3 3 1 4 4 1 3 2 2 3 3 4 1 1 2 3 2 1 2 1 2 3 4 4 2 2 1 4 1 2 3 4 1 4 2 2 2 1 3 3 4 2 4 4 4 1 2 3 2 1 1 4 3 2 4 1 4 4 4 3 3 4 4 1 2 3 1 3 1 1 2 1 1 4 3 4 4 3 2 2 1 3 3 4 1 3 4 4 
4 4 1 2 2 1 1 1 3 4 3 3 1 3 2 2 4 2 4 1 3 1 2 3 2 4 1 1 1 2 3 2 2 1 2 1 1 4 3 1 1 4 1 4 2 1 3 4 4 1 4 4 3 2 2 1 2 3 1 4 3 3 4 3 4 3 3 1 1 1 4 2 3 1 3 1 4 4 2 1 1 3 4 3 2 2 2 3 2 4 4 3 4 4 4 
4 4 3 3 4 1 1 4 2 4 4 4 3 3 1 2 4 3 3 4 3 4 1 2 3 3 2 4 4 4 4 3 1 4 4 4 1 1 3 3 2 2 4 2 1 1 2 2 3 1 4 3 4 3 2 1 3 1 4 3 4 2 1 1 4 4 1 2 4 4 2 4 3 1 1 3 3 4 4 1 1 4 3 4 1 4 2 1 4 4 3 3 3 3 4 
4 4 1 3 1 4 3 2 3 2 3 1 3 1 1 1 3 4 1 1 3 4 4 4 1 1 4 2 1 1 1 2 4 4 1 2 3 3 1 3 3 1 3 1 1 1 1 1 4 3 2 4 1 3 2 2 2 1 2 2 3 2 2 4 2 2 4 4 3 4 1 2 1 3 1 4 4 2 1 2 4 3 2 1 3 4 2 4 4 2 4 2 4 4 4 
4 1 2 1 3 2 2 4 1 1 4 3 4 2 1 3 2 2 1 3 1 3 4 3 2 3 4 1 2 1 1 2 1 3 3 1 2 3 4 3 3 1 1 1 4 3 3 4 1 3 1 4 2 4 1 1 4 4 4 1 3 2 3 2 1 4 4 1 3 2 4 4 1 3 1 1 4 3 3 4 4 4 4 3 1 4 3 4 3 4 1 2 2 2 4 
4 3 2 2 4 1 3 1 1 3 4 3 3 1 2 4 3 2 1 2 2 4 3 4 4 1 3 3 2 1 3 3 1 1 4 1 2 2 4 2 2 4 1 3 1 2 2 1 4 2 4 3 1 1 1 3 1 1 2 1 2 1 3 2 2 2 4 2 3 2 2 3 1 2 1 4 4 1 3 3 2 4 4 3 2 4 4 2 4 1 4 3 2 2 4 
4 4 2 4 2 3 1 3 3 3 4 4 2 1 2 2 2 4 2 3 3 1 4 4 1 2 4 1 3 2 3 1 2 2 1 1 1 4 4 3 3 2 2 2 3 3 3 4 4 4 3 2 2 4 3 1 2 4 2 3 3 4 2 2 1 1 3 1 4 2 4 3 3 2 2 4 1 1 1 1 4 1 2 1 1 4 2 1 2 4 3 1 3 3 4 
4 3 4 4 4 1 4 3 1 3 4 2 3 3 2 3 3 3 1 3 2 3 1 1 1 4 2 4 4 3 2 1 2 2 4 1 3 4 1 4 4 1 3 3 3 4 4 4 2 1 3 1 3 1 1 4 1 4 1 2 2 3 4 1 1 1 1 1 4 2 2 1 4 4 1 1 2 2 1 4 4 4 4 1 3 1 1 1 1 1 2 3 4 2 4 
4 3 4 4 4 2 4 2 2 3 3 2 3 3 3 2 2 2 2 4 2 2 3 4 1 2 1 1 1 2 1 1 3 1 1 1 4 4 1 1 3 4 2 4 3 3 1 2 2 3 4 4 3 4 1 1 3 3 4 4 1 3 4 1 3 2 1 4 2 1 1 4 1 4 2 2 4 1 3 1 3 2 1 2 4 4 3 3 3 2 4 1 2 3 4 
4 1 1 2 2 1 1 1 2 4 4 4 3 2 1 3 4 1 3 4 1 4 1 4 3 1 1 2 1 1 4 2 3 2 3 4 2 3 3 2 1 2 3 4 2 1 4 2 4 2 1 4 1 4 4 1 3 1 1 3 3 4 1 2 3 1 1 3 1 2 4 2 4 1 1 3 2 2 2 4 2 4 3 2 3 1 1 1 1 1 2 1 1 2 4 
4 4 2 2 4 1 3 1 4 1 1 4 1 3 2 3 3 4 4 3 3 4 2 2 3 3 1 3 4 3 4 4 1 1 4 4 3 2 4 3 4 2 1 2 3 1 3 3 3 4 1 1 3 3 4 4 2 2 4 4 4 4 4 1 1 4 1 3 3 2 3 3 3 3 1 2 3 3 4 1 3 3 3 3 2 1 1 4 1 4 3 2 1 4 4 
4 3 3 1 4 1 2 3 4 3 4 2 1 2 4 3 4 1 2 4 2 1 4 4 1 1 1 1 3 2 2 1 1 4 4 4 3 4 1 2 2 2 2 4 4 1 4 1 1 1 2 2 3 1 2 3 1 2 4 4 3 4 1 2 3 2 2 4 3 1 3 1 3 3 2 3 3 4 2 2 1 1 1 1 3 2 1 1 1 1 3 3 3 3 4 
4 4 2 1 2 4 3 1 4 1 4 3 4 4 2 2 4 2 3 2 2 2 2 3 4 2 4 1 1 2 3 2 2 1 3 4 4 3 2 3 3 1 3 1 2 2 1 1 4 2 1 3 1 3 3 2 4 1 2 4 1 2 1 1 2 1 3 3 3 1 2 4 4 4 2 1 1 4 2 4 1 4 2 4 4 1 1 4 3 1 2 1 4 2 4 
4 1 3 1 4 1 1 3 1 4 3 3 4 1 3 1 1 1 2 4 4 2 3 1 4 2 1 1 2 3 4 2 2 2 1 4 3 1 1 1 2 1 1 2 4 2 2 4 3 2 1 3 1 1 3 2 1 2 3 3 1 4 4 3 2 1 4 4 4 1 1 1 1 2 4 1 4 2 2 4 3 4 1 4 2 4 2 4 3 2 3 2 3 3 4 
4 2 4 4 4 4 1 1 2 4 4 1 2 4 4 3 3 2 2 4 1 2 2 4 4 2 4 4 3 4 4 1 1 3 3 4 2 1 2 1 2 1 2 1 4 1 2 3 1 2 3 3 4 1 4 2 3 1 2 3 2 1 4 3 2 1 4 3 3 3 1 2 3 3 3 2 3 3 3 1 3 3 3 2 1 4 2 3 4 4 1 4 2 3 4 
4 1 2 4 4 1 3 4 4 3 1 1 4 3 1 4 1 3 2 2 1 4 3 2 1 2 3 3 4 4 4 4 4 3 2 2 1 3 1 3 3 4 1 4 3 1 2 3 3 3 3 3 4 3 3 4 4 1 3 3 1 4 4 1 4 3 3 1 4 1 2 1 2 4 2 4 1 2 4 2 4 3 2 2 1 1 1 2 2 3 4 1 1 3 4 
4 4 1 4 3 3 4 1 3 2 4 2 4 2 4 4 1 1 4 2 1 2 2 4 2 1 1 3 3 3 4 4 1 1 3 3 3 3 3 2 1 4 1 3 4 4 4 1 4 3 3 2 2 2 2 3 3 3 1 3 2 3 2 2 1 3 1 4 4 1 1 2 2 3 4 2 1 3 3 4 1 2 4 3 2 3 4 2 1 2 1 4 1 1 4 
4 4 3 4 4 1 3 4 1 3 2 2 3 3 1 4 3 2 1 2 4 4 3 4 3 2 1 1 4 2 3 3 3 3 1 2 1 2 3 3 3 1 1 4 1 3 4 3 3 1 2 4 2 3 3 4 3 2 4 2 2 3 2 2 3 1 4 3 4 1 3 3 4 4 4 3 3 1 4 1 1 1 4 4 3 3 2 1 2 4 4 1 4 4 4 
4 3 3 4 2 1 1 4 4 4 2 1 4 2 1 1 2 1 1 1 1 4 3 4 3 1 4 2 2 3 3 3 3 1 3 4 3 3 4 4 3 2 1 4 4 1 4 2 4 4 2 1 4 2 2 4 3 2 3 2 4 1 2 3 1 3 3 2 4 2 4 1 4 4 2 1 2 4 1 4 2 2 3 2 1 4 3 2 3 3 3 4 4 1 4 
4 1 1 3 3 4 3 1 4 4 2 3 3 3 1 3 1 1 3 2 2 4 3 3 2 1 3 3 1 1 4 1 1 1 1 3 3 4 2 4 4 1 3 1 1 4 1 4 2 3 4 2 3 1 1 3 3 1 3 3 4 4 2 1 4 1 3 3 4 1 1 4 2 4 4 1 3 3 4 2 3 3 1 3 2 3 2 1 4 1 2 1 4 4 4 
4 4 3 2 3 2 4 3 3 3 2 3 1 4 4 3 1 4 4 1 4 2 4 2 1 4 3 4 2 3 1 4 2 3 4 3 2 1 2 4 4 1 1 4 1 2 1 4 4 1 3 4 1 2 3 4 2 4 2 3 4 1 4 2 4 1 2 4 2 4 1 2 3 1 1 3 1 2 3 4 2 2 3 3 1 4 2 1 4 2 3 2 4 1 4 
4 3 3 4 1 2 1 3 4 4 4 1 1 3 1 1 1 4 1 3 3 3 4 2 3 3 2 4 1 4 3 1 4 1 3 2 2 3 2 2 4 1 4 2 3 1 1 2 3 1 4 3 4 4 4 4 2 1 4 4 2 1 3 3 1 3 4 3 3 2 1 1 2 1 4 2 3 1 4 4 1 4 4 3 3 1 1 3 4 3 1 3 1 3 4 
4 2 4 2 3 3 2 2 3 3 4 3 2 4 4 1 1 2 4 4 4 4 4 4 4 4 1 3 2 1 2 1 1 4 4 2 2 4 2 4 2 1 3 4 3 2 1 4 3 3 2 3 4 4 2 4 2 1 2 4 3 2 1 4 2 3 3 2 4 3 3 3 3 4 4 4 2 3 1 4 4 3 2 1 4 1 4 4 3 1 4 1 1 3 4 
4 3 1 4 2 2 3 4 2 2 2 4 3 3 3 1 3 3 2 1 2 3 1 1 2 4 2 3 1 3 2 2 3 3 2 1 3 4 3 3 3 4 3 3 1 4 3 2 4 4 1 4 4 3 2 4 1 3 1 1 1 2 2 4 4 2 4 2 2 4 4 4 3 3 2 1 3 3 3 2 1 4 4 2 3 4 2 4 3 1 4 3 4 1 4 
4 3 4 2 4 2 4 2 2 2 4 2 4 3 4 3 4 4 4 3 2 2 3 3 4 4 1 3 3 3 1 2 4 4 1 1 1 3 3 4 2 2 2 1 2 3 3 1 2 1 2 3 3 4 1 1 2 3 1 1 2 1 2 3 4 1 1 1 4 3 1 1 4 1 2 1 4 1 2 4 1 1 4 3 1 2 4 2 2 1 4 4 4 1 4 
4 3 1 1 4 4 1 4 4 1 4 1 3 1 2 3 3 4 4 1 1 3 4 3 4 2 2 4 2 4 1 3 3 3 1 4 3 4 3 4 4 1 3 4 2 4 3 1 4 2 1 1 4 3 1 1 1 3 4 1 4 4 2 2 4 1 2 2 3 1 2 2 1 4 3 4 1 2 1 3 1 4 4 3 4 4 2 1 2 1 4 2 2 2 4 
4 3 2 3 1 4 4 2 1 2 2 3 2 1 2 1 2 1 2 4 2 3 2 4 2 4 4 4 1 2 1 1 3 4 2 1 1 1 1 4 3 2 3 2 1 2 1 4 2 2 1 4 4 3 2 1 1 2 3 3 3 1 2 1 4 3 1 4 2 2 3 2 3 4 2 3 3 1 3 1 2 2 2 4 1 2 1 1 3 3 2 1 1 3 4 
4 1 3 4 3 4 1 4 3 4 1 4 2 3 3 4 1 2 3 3 3 2 4 4 4 3 1 1 4 1 2 4 1 3 1 4 4 1 3 3 1 4 4 1 2 4 4 1 4 4 4 3 1 2 1 3 4 4 4 4 3 2 3 3 3 4 1 3 2 3 1 2 2 2 4 4 1 4 3 2 4 3 3 1 4 1 4 2 3 3 3 3 1 2 4 
4 4 1 3 2 3 1 4 1 4 3 3 2 1 1 1 4 4 2 3 3 1 2 3 4 4 4 3 4 1 1 1 4 3 3 2 3 4 2 2 3 4 1 1 4 4 3 1 2 4 2 2 3 2 1 3 2 2 3 4 4 4 3 1 3 2 3 1 3 3 4 3 3 1 4 1 3 1 3 4 3 1 4 3 4 1 3 2 1 1 2 2 3 1 4 
4 3 2 4 3 1 1 2 4 4 4 1 4 2 2 2 4 4 4 4 2 2 2 1 4 4 4 2 1 3 2 4 2 1 2 1 4 3 1 1 3 1 2 1 3 3 2 1 1 1 1 1 3 3 4 3 3 1 1 2 1 3 1 4 2 2 1 3 4 3 4 2 2 1 3 4 4 3 3 2 1 2 2 1 1 4 3 2 1 1 4 3 4 3 4 
4 4 4 1 2 2 3 2 1 2 2 3 4 1 4 1 1 2 2 2 4 1 2 4 3 4 1 4 1 3 3 3 2 2 3 2 4 4 1 3 3 4 2 3 3 2 3 3 2 2 3 1 2 4 4 2 4 2 4 2 4 3 1 4 2 3 2 3 4 2 2 2 2 3 3 3 1 1 1 2 4 3 1 2 1 4 4 1 1 4 2 4 3 1 4 
4 2 3 3 4 3 1 2 2 2 2 1 4 3 1 1 4 4 4 3 4 4 4 2 3 4 1 4 3 2 3 2 4 4 1 2 3 2 1 3 3 2 4 2 2 3 4 1 2 3 1 1 2 4 4 3 4 2 2 2 1 1 2 4 1 2 2 2 2 2 3 3 3 1 3 1 2 4 3 1 4 3 1 1 3 2 3 3 4 2 3 2 1 4 4 
4 2 2 3 2 3 4 2 1 1 3 1 1 2 2 3 2 2 2 4 4 2 2 4 2 3 4 4 2 3 3 4 4 2 4 4 2 3 4 1 1 2 2 1 2 3 2 4 2 4 4 3 3 1 4 1 1 1 2 3 4 4 4 2 1 3 4 2 1 4 2 1 3 2 3 3 2 3 1 4 1 2 2 1 4 2 4 2 4 1 3 3 2 4 4 
4 1 2 3 2 4 4 3 3 3 4 1 3 2 4 2 4 4 4 3 1 3 2 2 1 1 4 1 1 1 1 4 2 2 1 3 3 1 2 3 3 3 1 4 3 1 3 2 2 4 1 3 4 1 3 4 2 1 4 3 2 2 1 3 2 4 4 3 1 2 2 4 1 1 3 4 1 1 3 1 3 3 3 4 3 3 4 4 3 3 4 3 2 1 4 
4 2 2 4 2 3 3 1 2 3 4 3 2 1 2 1 3 2 3 2 1 1 3 4 2 3 1 2 4 4 2 3 1 1 4 4 3 3 3 3 1 2 4 1 2 3 1 2 1 3 3 3 1 2 4 3 1 3 4 3 2 4 3 2 1 3 2 1 3 1 3 1 1 1 2 1 1 4 3 3 1 3 3 2 4 4 4 1 1 2 1 1 1 2 4 
4 4 1 4 2 2 2 2 2 1 2 4 3 3 2 3 1 3 4 3 1 3 2 3 4 4 2 1 3 2 1 1 1 4 4 4 3 1 3 2 3 1 4 2 4 1 2 3 4 4 2 3 3 4 4 1 4 1 1 1 4 3 3 2 2 2 1 1 1 3 3 2 2 3 4 2 1 1 1 1 1 3 2 3 2 3 3 4 3 4 2 2 3 4 4 
4 1 4 3 2 2 4 3 4 3 3 1 1 4 2 1 1 2 4 1 4 3 2 4 3 4 3 4 2 4 3 1 3 2 3 3 4 1 1 4 1 4 1 2 1 4 4 3 3 2 1 1 1 1 2 4 2 2 2 4 3 2 3 4 4 3 2 2 2 4 4 3 1 1 1 3 2 4 1 3 1 2 1 4 2 2 1 4 4 1 3 2 4 1 4 
4 2 3 4 1 3 3 2 4 2 1 4 2 2 3 4 4 3 3 2 1 3 1 2 2 3 4 3 1 1 2 1 3 3 2 4 4 2 1 3 2 3 4 1 2 1 4 1 3 2 4 2 3 4 3 4 4 2 2 3 2 3 2 3 1 2 4 3 3 1 2 3 2 2 3 2 3 2 2 3 4 2 3 4 2 4 1 3 2 3 3 2 1 3 4 
4 3 2 1 4 4 1 3 1 2 4 4 1 4 4 4 2 4 4 3 2 4 4 1 4 1 3 2 2 4 1 2 2 3 4 4 4 1 1 3 2 4 2 3 3 2 3 1 4 4 3 4 4 3 3 4 1 4 3 2 3 1 1 1 4 1 4 2 1 2 1 3 2 1 2 4 2 2 3 3 2 2 3 4 4 2 3 4 1 2 4 3 3 2 4 
4 1 2 2 1 2 1 2 3 4 4 3 2 4 1 3 1 1 2 3 2 4 1 3 1 2 1 3 4 3 1 2 1 2 3 2 3 3 4 1 2 4 1 3 4 1 3 1 3 1 2 1 4 2 1 1 2 4 3 2 4 2 4 2 4 2 4 1 3 4 2 2 3 4 2 2 4 2 1 1 2 1 2 3 3 1 4 2 3 2 2 3 2 4 4 
4 1 1 4 4 1 1 2 3 2 4 4 1 4 4 2 3 4 4 3 2 4 1 2 1 2 1 1 2 4 3 3 2 3 4 3 1 3 4 1 3 4 4 4 3 3 4 4 1 4 4 2 2 4 2 1 1 3 1 4 4 1 4 4 4 1 2 2 1 2 4 3 1 1 2 1 3 2 1 2 2 3 3 2 2 1 3 4 3 2 4 1 2 4 4 
4 1 2 3 1 2 3 2 3 1 4 4 2 2 2 4 3 4 1 3 4 2 4 4 4 4 4 3 3 2 3 1 3 3 3 4 2 1 4 1 3 3 1 3 2 3 2 1 1 1 2 3 2 1 3 3 2 1 2 1 3 3 2 1 4 3 3 4 1 1 2 2 3 1 3 2 3 1 2 3 3 4 4 1 4 4 3 2 4 1 4 4 2 3 4 
4 4 4 2 1 2 2 1 3 2 3 3 3 4 2 4 2 3 1 4 4 1 4 2 2 2 2 4 4 4 4 4 3 2 1 4 3 2 2 1 1 4 4 3 1 2 1 4 4 4 1 4 2 4 2 1 4 2 4 1 2 1 1 4 4 3 1 1 1 2 4 1 2 2 1 2 1 3 1 3 4 4 4 3 4 4 3 3 1 1 3 3 4 2 4 
4 4 3 3 1 3 4 1 4 4 2 1 2 3 3 2 4 1 3 4 2 1 2 2 3 4 3 4 1 2 2 1 4 3 3 2 1 3 2 1 2 2 2 2 3 2 2 4 1 2 1 4 4 4 1 1 2 3 3 4 2 2 4 1 2 2 1 2 4 4 4 4 4 4 3 4 2 3 2 3 1 1 3 3 1 3 3 1 3 2 1 2 2 4 4 
4 3 3 4 3 1 1 3 1 1 2 3 2 3 3 2 3 1 3 3 2 1 1 1 1 3 3 1 1 3 3 1 4 3 4 2 3 3 1 3 1 1 2 4 2 3 4 1 2 1 4 2 4 3 4 2 4 3 3 3 2 1 1 1 4 2 4 1 2 2 2 1 4 3 4 2 4 2 2 2 4 1 1 4 3 3 4 4 3 3 1 4 4 4 4 
4 2 1 2 4 4 3 4 4 3 3 4 2 1 1 4 4 2 4 3 2 2 1 1 2 1 2 4 1 3 1 1 4 1 1 4 4 4 1 1 1 1 2 2 3 1 2 1 2 2 4 4 2 4 1 3 4 1 4 3 3 1 4 3 4 4 1 1 2 1 1 2 2 1 3 1 3 2 1 3 1 1 1 2 1 3 3 2 2 3 1 3 1 2 4 
4 1 1 3 3 1 1 1 1 4 4 4 1 4 2 4 2 2 3 1 4 1 2 2 4 4 3 4 2 3 4 2 2 3 3 4 1 1 4 3 3 2 1 3 4 2 3 3 1 2 3 4 1 1 4 1 3 3 4 4 3 4 3 2 4 2 2 4 1 1 2 4 3 3 2 3 4 2 1 4 1 1 2 2 1 2 4 3 2 3 4 2 4 4 4 
4 4 2 3 1 4 2 4 3 1 4 3 1 2 2 1 2 3 3 2 1 2 3 1 2 2 1 3 3 4 2 2 2 3 4 3 1 3 3 2 3 2 2 1 3 4 1 2 3 3 4 1 2 2 3 2 1 1 4 3 3 1 1 3 1 2 4 3 2 3 1 2 3 2 1 1 4 4 3 1 2 2 2 1 2 3 4 4 1 4 4 4 1 1 4 
4 4 3 2 3 1 3 4 1 3 4 1 2 3 4 1 2 2 4 2 2 4 3 2 4 3 2 3 1 4 3 3 3 4 3 3 4 4 2 3 1 2 2 1 2 4 3 3 1 2 4 3 4 4 2 4 3 1 3 4 4 1 4 1 3 1 3 1 4 3 4 1 2 2 1 4 3 2 1 4 2 3 1 1 2 2 3 2 1 1 1 1 4 1 4 
4 3 3 2 2 2 3 2 1 1 4 4 2 3 4 4 3 2 4 3 2 4 4 1 4 1 3 2 3 4 4 3 3 4 2 1 4 4 3 3 1 2 2 1 2 2 3 4 1 4 4 1 2 3 4 1 2 1 3 4 1 4 2 4 4 4 4 1 4 3 4 2 3 1 1 4 2 1 1 2 1 4 4 2 1 4 3 3 4 4 3 2 2 3 4 
4 2 3 2 3 3 1 2 4 2 1 4 2 4 2 2 2 1 1 1 1 1 4 3 3 1 2 2 2 3 1 3 2 1 4 4 1 4 4 3 4 2 2 4 2 4 2 1 4 3 4 3 3 4 4 1 1 3 4 4 4 3 4 3 2 2 2 2 4 2 4 4 2 2 2 4 4 1 2 1 1 4 3 2 1 2 4 2 1 1 3 1 3 1 4 
4 1 1 4 4 2 1 2 1 1 2 1 2 2 4 4 2 2 3 3 2 2 2 1 4 3 4 2 2 2 1 3 3 2 1 3 1 3 3 3 4 1 1 1 2 2 3 3 2 4 1 4 2 4 3 2 1 3 4 3 4 2 2 1 2 4 2 2 1 1 1 1 1 3 4 4 3 1 3 1 1 3 3 2 4 4 1 4 3 2 3 4 2 3 4 
4 4 4 3 1 4 3 2 2 3 3 4 2 1 3 3 4 4 4 4 2 2 1 2 2 1 4 1 2 2 3 4 3 3 2 1 2 1 1 4 4 2 3 4 4 2 3 2 4 1 3 3 3 3 1 4 4 2 1 2 4 2 4 4 2 4 2 4 2 4 3 3 1 2 1 2 2 4 1 4 4 1 4 2 1 2 2 1 1 1 4 2 2 4 4 
4 2 4 1 4 2 3 4 4 2 4 1 3 4 2 3 2 1 4 4 2 2 3 4 2 3 4 1 3 2 3 3 3 1 4 4 3 4 2 1 4 3 2 3 4 4 1 4 1 1 4 1 4 4 3 3 3 4 4 2 1 4 1 3 3 3 3 1 4 3 2 2 2 3 2 4 3 4 4 2 2 3 2 1 2 3 1 3 1 1 4 4 3 3 4 
4 4 2 3 3 3 1 4 4 4 3 3 4 3 1 4 2 2 1 2 4 1 3 1 2 2 2 1 3 2 1 1 1 1 4 4 3 4 3 2 2 4 4 2 4 2 4 2 4 2 4 1 3 3 1 2 2 1 2 1 3 1 3 3 4 3 4 3 4 2 4 3 4 2 1 4 3 4 1 2 2 2 4 4 2 2 3 2 4 3 3 3 4 1 4 
4 3 2 4 4 1 3 4 2 2 2 1 1 2 1 3 3 4 2 1 1 4 2 4 2 2 1 1 4 1 4 4 3 2 3 1 1 4 3 1 3 1 2 3 3 2 4 1 1 4 4 2 4 4 3 4 2 3 3 2 3 3 2 3 4 3 3 1 4 4 3 2 2 2 4 2 3 4 1 1 4 2 4 2 1 3 4 4 1 1 1 4 3 4 4 
4 3 3 1 4 2 3 3 4 2 2 2 4 1 4 3 3 4 1 1 2 1 4 2 3 1 2 3 2 2 3 3 3 4 1 4 1 1 4 1 3 1 4 3 2 4 3 2 3 2 2 2 4 2 2 1 4 2 2 4 1 2 2 4 1 4 1 4 1 3 2 4 4 1 2 4 4 3 2 2 1 4 3 3 4 3 4 4 3 3 4 1 2 4 4 
4 3 4 2 2 2 1 1 3 1 4 4 3 3 4 2 4 3 4 3 4 1 4 4 2 4 4 1 2 2 3 1 4 2 3 1 3 3 4 3 3 4 2 1 1 2 4 3 1 3 1 2 2 4 4 4 1 2 2 2 1 2 1 4 3 2 3 3 4 4 2 3 3 4 3 4 1 1 4 1 2 1 1 2 4 4 4 1 1 2 1 4 2 2 4 
4 2 3 2 4 2 3 2 1 1 1 2 3 1 4 4 2 4 3 1 3 4 2 3 3 1 2 4 2 3 3 3 4 1 4 2 1 3 2 4 3 4 4 1 3 4 2 4 3 3 1 4 4 4 1 1 3 2 3 4 2 2 3 4 2 1 4 2 2 4 1 1 2 3 4 1 1 2 4 4 2 3 2 1 1 1 2 1 2 3 3 1 4 1 4 
4 3 1 1 2 3 3 3 3 3 4 2 2 1 1 1 3 4 2 2 2 2 3 3 1 3 1 1 3 1 4 3 2 4 4 1 1 1 3 1 2 1 3 1 4 3 4 1 2 3 4 2 3 3 1 1 2 2 3 4 4 1 1 4 3 1 3 2 2 1 4 3 4 4 4 4 3 3 3 3 2 1 3 3 2 1 4 2 4 2 1 2 3 1 4 
4 4 4 4 4 4 4 4 4 4 4 4 4 4 4 4 4 4 4 4 4 4 4 4 4 4 4 4 4 4 4 4 4 4 4 4 4 4 4 4 4 4 4 4 4 4 4 4 4 4 4 4 4 4 4 4 4 4 4 4 4 4 4 4 4 4 4 4 4 4 4 4 4 4 4 4 4 4 4 4 4 4 4 4 4 4 4 4 4 4 4 4 4 4 4 

