98
1000
1000

[Node]
0  0  0   0  0
99 0  0   0  0

[pickup]
1       505112367      16          15
2       504807788      25          12
3       502798324      32          5
4       503012782      36          6
5       502792437      44          20
6       505096954      47          14
7       505121631      54          10
8       502794770      54          15
9       502789180      56          5
10      502793194      57          18
11      502851705      58          14
12      505154681      63          16
13      505179308      63          15
14      504844669      64          9
15      502796457      66          18
16      502786834      73          15
17      503207090      74          13
18      505191730      74          18
19      502791700      74          18
20      503099514      77          5
21      502794469      79          13
22      504654398      79          10
23      503151774      82          19
24      504406686      87          13
25      504750395      88          7
26      502792441      97          13
27      502786501      99          16
28      504633794      114         9
29      502786483      114         8
30      504112581      118         15
31      504467511      118         17
32      504950887      119         19
33      505147775      122         20
34      504793290      126         8
35      503642641      129         17
36      504782558      130         17
37      505183084      134         12
38      504940723      134         9
39      502794642      141         16
40      502794247      157         14
41      502790450      157         6
42      502802038      162         10
43      502789069      166         14
44      502787056      171         18
45      504761212      172         20
46      504744533      174         16
47      504758586      179         5
48      504941658      191         6
49      502873629      196         10
50      504539377      196         5
51      504489902      201         9
52      504999730      204         13
53      504940829      207         18
54      502786480      209         10
55      503251698      209         20
56      503202377      210         14
57      505084995      218         19
58      503184278      222         17
59      503896020      223         12
60      502798247      225         10
61      502795290      229         13
62      505163840      246         13
63      504945646      247         15
64      504695606      257         8
65      502790595      266         18
66      503254635      269         11
67      503284101      276         19
68      504800636      280         20
69      502787619      285         10
70      503586355      290         8
71      504411672      314         6
72      502786917      316         14
73      505137588      323         12
74      503254639      325         8
75      504717668      349         16
76      504851316      369         7
77      503297617      369         13
78      504608410      409         19
79      502796219      420         7
80      504804145      421         6
81      503900481      428         12
82      505186931      435         13
83      504938844      442         15
84      504800637      508         9
85      504784699      520         16
86      504663156      522         8
87      503299570      559         16
88      502796218      570         17
89      504804143      573         20
90      504938851      582         5
91      502786974      597         13
92      502790625      621         13
93      505080279      714         20
94      504783205      722         19
95      502788061      819         18
96      502785928      877         10
97      502804546      1000        9
98      504940835      1000        18

[Speed 0]
0.81
30.0   60.0 0.0 0.6
90.0   150 0.0 0.4
300.0  540.0 0.0 0.81
570.0 630.0 0.0 0.6
660.0 720.0 0.0 0.4
750.0 840.0 0.0 0.81

[Speed 1]
1.33
30.0   60.0 0.0 0.8
90.0   150 0.0 0.6
300.0  540.0 0.0 1.33
570.0 630.0 0.0 0.8
660.0 720.0 0.0 1.3
750.0 840.0 0.0 2

[Speed 2]
1.33
30.0   60.0 0.0 1.0
90.0   150 0.0 0.8
300.0  540.0 0.0 1.33
570.0 630.0 0.0 0.8
660.0 720.0 0.0 0.6
750.0 840.0 0.0 1.5

[Speed 3]
1.5
30.0   60.0 0.0 0.9
90.0   150 0.0 0.8
300.0  540.0 0.0 1.5
570.0 630.0 0.0 0.9
660.0 720.0 0.0 0.8
750.0 840.0 0.0 1.5

[Speed 4]
2
30.0   60.0 0.0 1.1
90.0   150 0.0 0.9
300.0  540.0 0.0 2
570.0 630.0 0.0 1.1
660.0 720.0 0.0 0.9
750.0 840.0 0.0 2

[speed choose matrix]
4 4 4 4 4 4 4 4 4 4 4 4 4 4 4 4 4 4 4 4 4 4 4 4 4 4 4 4 4 4 4 4 4 4 4 4 4 4 4 4 4 4 4 4 4 4 4 4 4 4 4 4 4 4 4 4 4 4 4 4 4 4 4 4 4 4 4 4 4 4 4 4 4 4 4 4 4 4 4 4 4 4 4 4 4 4 4 4 4 4 4 4 4 4 4 4 4 4 4 4 
4 4 2 2 4 2 2 3 2 3 3 4 2 4 4 2 3 4 2 1 4 1 1 2 4 2 4 2 3 4 3 3 4 1 3 4 1 4 2 2 4 1 3 4 2 1 1 3 2 4 4 4 1 3 3 3 2 4 2 3 3 1 4 3 2 3 4 2 1 1 3 1 2 1 2 2 4 3 3 4 4 4 3 4 3 3 4 1 2 2 1 2 2 2 2 3 2 1 4 4 
4 3 4 1 2 3 2 3 3 2 4 1 2 2 3 3 2 4 2 4 2 4 2 2 3 1 1 3 4 4 2 1 2 2 3 1 3 2 3 1 1 3 1 4 1 4 3 3 4 3 1 1 4 2 1 2 1 3 3 1 1 1 4 3 3 4 4 4 1 2 1 4 3 1 4 4 1 4 1 1 2 4 1 4 2 1 4 3 1 1 1 2 4 2 3 2 1 3 3 4 
4 3 2 1 3 4 3 2 1 4 2 2 3 4 4 4 2 4 3 1 1 4 1 2 2 1 1 1 4 1 2 1 3 3 1 3 3 4 1 4 4 2 3 2 1 4 4 4 2 2 1 1 3 3 1 3 3 1 4 4 4 3 4 1 2 4 1 4 2 3 3 4 1 3 3 4 3 4 1 1 3 4 1 3 2 1 4 1 1 1 1 3 1 2 2 1 2 1 1 4 
4 3 3 4 2 1 4 4 2 1 1 3 1 1 2 1 4 2 4 3 4 4 1 2 2 4 2 3 3 1 2 3 2 3 1 3 1 1 3 3 4 4 2 4 1 1 3 3 2 3 4 4 3 2 1 2 1 2 3 3 4 3 3 3 1 2 2 3 1 2 3 2 3 1 4 4 2 2 1 3 2 3 2 3 2 1 4 2 3 2 1 1 3 2 1 2 4 4 2 4 
4 2 4 4 2 4 4 2 3 2 2 3 2 4 4 1 1 2 2 4 3 2 1 3 4 1 1 3 4 4 2 1 1 1 1 1 2 2 4 3 1 3 1 4 4 2 3 2 1 3 3 3 1 4 4 2 3 4 1 4 2 1 4 4 2 3 3 3 1 2 1 3 2 3 3 3 2 1 1 3 1 3 1 1 4 2 3 1 1 2 1 4 2 2 1 3 3 4 1 4 
4 3 2 4 1 2 2 1 4 1 2 2 1 1 3 2 3 3 2 3 4 2 3 4 2 2 2 1 4 4 4 1 2 4 1 1 2 3 4 2 2 4 1 4 2 2 2 1 3 2 4 1 4 3 4 2 2 4 4 4 2 1 4 3 3 2 4 3 4 3 1 3 1 2 1 4 4 1 3 3 3 1 3 4 1 1 1 1 3 3 1 1 3 1 1 1 4 2 2 4 
4 4 4 3 2 2 1 2 4 1 2 2 1 3 2 2 1 2 4 1 1 4 2 3 1 1 2 4 3 2 3 4 2 2 3 4 4 3 3 2 2 3 1 1 3 1 2 4 2 3 2 1 1 4 2 1 1 1 3 2 3 1 2 2 2 1 1 4 2 2 3 4 4 4 1 3 2 4 3 3 4 2 3 4 2 3 1 4 1 1 4 1 4 1 4 1 1 3 3 4 
4 1 2 4 3 2 3 3 1 2 1 3 4 3 4 4 3 3 4 1 2 1 1 2 2 1 4 2 2 1 3 3 4 3 3 2 2 4 2 3 3 4 2 4 1 3 2 1 3 1 3 3 1 1 4 4 4 4 4 1 4 2 4 2 3 1 2 1 4 3 2 2 4 2 3 1 3 3 1 1 2 3 2 2 1 1 3 4 2 1 4 4 3 3 2 3 1 1 2 4 
4 4 3 2 2 4 4 1 3 4 3 3 4 2 1 1 4 1 2 2 2 1 1 4 2 4 4 4 1 1 3 4 2 4 2 3 4 4 4 3 1 3 4 4 1 3 1 3 4 1 3 1 2 2 4 3 3 1 4 4 1 3 2 4 1 1 2 3 4 2 4 2 4 1 4 2 3 2 4 1 2 3 2 2 1 4 3 4 4 2 4 2 2 1 2 2 2 4 2 4 
4 2 1 1 4 2 2 2 1 4 2 2 4 1 4 3 3 2 3 4 2 3 2 2 4 2 3 2 4 3 4 1 2 1 3 3 3 4 1 3 2 1 3 2 3 2 1 4 1 4 3 4 3 3 4 4 2 4 2 2 1 1 4 1 1 3 2 4 2 3 1 4 2 3 2 2 1 3 1 4 2 3 2 4 2 3 2 4 1 1 1 2 2 1 3 3 2 4 2 4 
4 4 4 4 4 3 4 2 3 3 4 4 1 1 3 3 1 2 4 2 2 3 2 2 1 3 4 1 2 2 2 4 2 1 3 4 4 4 1 2 1 1 2 3 2 3 2 4 2 4 3 3 4 2 4 3 2 3 2 4 2 1 2 3 3 4 3 3 4 2 1 1 3 4 4 1 3 4 1 2 3 3 3 3 3 3 4 3 4 1 3 3 1 4 2 1 2 3 4 4 
4 1 2 1 4 3 3 1 2 1 4 3 4 4 4 1 3 2 4 1 1 1 1 1 2 3 2 2 1 2 1 2 4 1 4 3 3 1 2 3 1 2 3 1 2 1 1 4 2 2 3 3 1 2 4 1 1 4 1 2 2 1 4 4 4 1 3 3 1 4 1 4 2 3 1 3 2 2 3 3 2 1 4 4 1 4 4 4 3 3 2 3 3 3 4 3 2 1 1 4 
4 1 4 3 3 2 2 3 4 3 4 2 2 3 1 2 3 3 1 2 4 2 2 4 4 1 1 4 4 3 4 2 3 3 3 4 1 1 4 4 3 1 4 2 3 1 2 2 2 3 1 3 2 2 2 3 4 1 2 1 3 1 3 1 2 4 4 1 2 3 1 4 4 1 1 3 1 1 3 1 1 2 1 1 4 4 2 1 1 4 2 4 3 2 3 3 3 3 4 4 
4 4 3 4 1 2 3 4 3 1 2 2 3 2 4 1 3 1 1 1 1 2 3 1 1 4 1 3 2 2 3 2 3 4 1 1 4 3 4 4 3 2 3 1 4 1 4 3 2 2 2 1 4 2 1 1 1 1 3 2 3 2 2 1 4 3 3 1 4 2 4 3 1 4 4 2 4 3 4 4 1 4 4 2 3 3 4 4 3 3 2 3 2 3 1 4 3 4 3 4 
4 2 2 3 1 3 1 3 3 3 3 2 3 3 2 3 3 1 2 3 4 4 2 2 1 1 3 1 2 2 1 2 3 1 3 3 4 3 1 3 3 3 4 4 3 4 3 1 4 3 4 1 1 2 3 1 1 3 1 4 2 2 3 3 3 3 4 4 1 2 3 2 3 1 2 1 3 1 3 2 4 2 2 3 2 2 4 3 1 2 4 4 2 3 4 2 2 3 1 4 
4 4 3 4 3 2 2 1 2 3 3 4 1 3 2 3 1 3 1 1 2 3 3 1 2 2 4 1 4 3 2 2 1 1 2 2 2 2 4 2 2 2 1 3 4 1 4 3 1 2 4 3 3 1 1 1 3 1 2 4 2 2 4 2 4 4 3 4 3 3 4 4 2 3 2 3 3 2 3 1 4 4 3 3 1 1 4 4 1 4 1 2 1 3 2 4 2 2 2 4 
4 3 2 2 3 3 4 4 3 3 4 3 2 2 4 4 4 1 1 3 4 3 4 3 2 1 1 1 2 2 3 3 2 2 3 2 4 3 3 1 1 2 1 2 3 3 1 2 1 4 1 4 1 3 2 4 2 1 3 2 3 2 2 4 3 4 3 3 4 2 3 1 2 4 3 4 1 2 4 4 4 1 2 1 1 3 1 3 3 4 2 2 4 4 1 3 1 3 4 4 
4 1 1 2 1 2 4 3 1 4 4 2 3 3 4 2 4 2 4 3 4 1 4 4 2 2 3 2 3 3 3 1 1 4 2 2 4 1 1 2 3 3 2 1 2 4 2 4 4 4 3 3 2 4 4 4 2 3 4 4 4 3 1 1 1 4 4 4 4 4 4 3 4 4 1 1 1 4 2 1 2 2 3 2 2 3 2 3 3 2 4 1 3 2 4 4 1 4 3 4 
4 3 3 2 1 2 4 1 3 1 1 2 3 3 1 3 4 2 4 3 2 2 2 1 4 3 2 2 1 1 1 3 3 2 4 3 4 1 2 1 3 3 2 4 1 2 1 2 2 1 2 3 4 4 4 2 4 1 2 2 3 3 3 4 2 4 2 3 3 3 1 1 1 2 1 1 4 1 1 2 2 2 1 2 4 4 3 3 4 1 4 3 4 4 4 1 1 2 1 4 
4 1 4 2 2 1 3 1 4 1 1 3 3 3 1 3 2 4 3 4 3 2 3 1 3 3 4 2 1 1 3 4 1 3 4 4 1 4 4 2 1 4 1 4 4 4 4 1 3 4 2 1 3 3 3 1 2 3 1 2 2 3 2 4 4 3 1 3 4 3 3 2 1 3 3 2 2 2 3 1 2 4 1 1 3 1 4 3 2 1 3 4 2 1 1 2 1 4 4 4 
4 3 1 3 3 1 3 2 2 2 3 4 1 1 1 4 1 1 4 1 3 3 2 2 3 1 1 1 1 3 4 1 3 4 3 1 2 4 3 1 2 1 3 1 1 1 3 4 3 3 2 4 4 1 3 1 2 2 3 1 3 2 4 2 4 4 1 3 2 1 1 3 1 3 1 3 2 4 3 4 1 3 3 1 4 1 3 1 4 3 2 3 4 4 2 3 2 4 3 4 
4 3 1 4 4 2 2 3 2 4 3 4 1 3 4 2 1 4 3 4 4 3 4 1 2 4 2 1 2 3 1 2 1 1 2 1 1 3 4 1 2 3 1 4 1 2 1 4 1 3 1 3 3 1 3 2 1 4 1 1 3 1 4 1 2 3 3 4 4 2 3 4 1 1 1 1 3 3 3 3 2 4 1 2 1 2 3 3 3 1 2 1 1 2 2 3 3 1 2 4 
4 2 1 1 2 4 2 1 4 4 2 1 2 1 4 3 2 2 3 3 2 2 2 4 3 4 1 1 4 3 3 3 1 3 1 1 1 3 1 4 4 1 3 1 2 4 4 1 2 4 1 3 3 2 1 2 1 4 4 4 4 4 1 3 4 1 3 4 4 4 4 1 1 2 4 4 3 1 3 2 3 3 2 1 1 2 1 4 1 1 3 2 1 2 3 2 2 3 1 4 
4 2 3 2 2 1 4 1 2 1 2 4 4 1 3 1 3 1 3 3 2 4 3 2 2 2 4 2 3 3 1 3 3 2 3 2 3 4 3 3 1 1 4 2 2 1 2 4 1 4 3 1 4 2 3 1 1 2 3 4 1 2 4 2 2 1 3 2 2 2 3 1 2 4 3 4 4 3 1 2 3 3 2 2 1 1 1 3 3 4 2 2 2 3 3 4 4 3 3 4 
4 4 1 1 4 4 1 3 4 1 1 3 3 1 3 2 3 1 4 2 4 2 3 4 2 4 2 1 1 1 3 3 2 3 1 3 4 4 2 1 1 2 3 2 3 4 4 4 1 4 3 2 4 3 3 4 1 3 2 2 2 4 1 3 3 1 1 2 2 1 2 3 3 1 4 2 3 1 2 3 3 4 4 4 1 3 1 1 1 1 3 1 2 1 2 2 4 3 2 4 
4 3 1 1 4 1 4 3 3 2 2 2 3 1 4 1 1 2 2 1 1 1 4 2 2 1 4 2 4 2 2 2 3 4 3 1 3 2 4 1 1 1 2 2 3 1 2 1 2 4 1 1 3 2 2 2 1 2 4 3 1 2 1 2 3 4 3 3 3 3 4 3 3 4 4 4 2 4 4 3 2 1 3 2 4 2 3 2 2 4 4 2 3 4 2 4 1 2 3 4 
4 3 4 2 4 2 3 4 3 3 1 3 4 1 2 3 4 1 3 4 4 4 3 1 4 3 4 1 2 3 3 4 4 2 2 1 1 2 2 2 4 3 1 4 2 4 3 3 2 4 4 2 3 3 2 3 1 2 3 4 4 4 2 2 4 1 1 3 3 3 2 3 2 2 3 3 4 2 2 2 3 1 3 2 2 2 3 4 2 2 3 2 1 4 4 3 3 1 3 4 
4 2 3 2 2 3 2 2 1 2 1 2 3 4 2 2 3 3 2 1 1 1 4 1 1 2 2 2 2 2 4 4 4 1 4 3 4 4 2 3 2 4 4 2 1 2 4 1 1 2 3 3 1 1 3 2 4 3 1 3 3 4 2 4 3 4 3 1 1 1 1 2 1 3 4 3 3 1 3 4 1 1 2 3 3 4 1 2 3 4 1 4 1 2 1 4 1 4 2 4 
4 1 4 1 3 4 1 4 1 1 1 3 3 2 3 2 2 3 3 3 2 3 3 4 3 1 2 3 3 1 2 4 2 3 2 1 1 3 4 1 2 1 3 3 3 2 1 4 1 4 3 1 2 1 4 3 2 1 4 2 3 4 3 4 2 2 2 2 2 3 3 2 4 2 3 1 2 3 3 2 4 2 1 2 3 1 3 4 4 3 4 1 4 1 4 4 4 3 2 4 
4 4 2 1 3 2 2 4 3 3 1 3 4 1 2 2 4 3 3 1 2 3 2 2 1 2 3 4 4 2 1 4 1 1 4 4 4 4 1 1 4 2 4 1 3 2 2 2 1 2 2 2 4 2 4 2 3 3 2 4 2 3 3 3 2 3 4 2 4 3 2 1 3 3 2 3 3 3 3 2 1 1 2 3 1 1 4 1 4 2 2 4 1 4 3 1 2 2 3 4 
4 1 4 2 1 1 3 4 2 1 1 3 1 2 1 2 4 1 4 1 3 3 4 2 4 3 3 4 1 2 3 2 1 3 1 2 4 1 3 3 2 4 1 1 2 4 3 4 3 1 4 3 1 3 2 1 3 2 2 4 2 1 1 1 3 1 2 1 4 2 1 1 3 1 1 2 2 1 3 1 1 1 3 1 3 1 1 2 3 2 2 2 4 1 1 1 4 4 4 4 
4 1 2 2 4 2 2 1 4 3 3 2 1 4 3 4 2 4 2 4 4 3 1 3 4 2 2 4 1 3 4 3 2 1 1 2 1 2 2 3 3 1 4 2 4 4 4 1 2 4 2 2 2 2 4 1 1 4 1 4 4 2 3 4 4 1 3 1 2 4 2 3 4 4 2 4 2 4 1 1 4 4 1 1 1 2 2 3 1 4 4 2 1 4 1 3 3 2 4 4 
4 1 2 2 2 4 2 4 3 3 3 3 3 4 3 3 2 4 3 4 1 1 2 1 4 1 4 1 2 3 2 4 3 1 4 1 2 4 4 1 4 3 1 3 2 3 4 2 1 2 1 4 4 4 2 1 1 1 4 3 4 3 3 4 2 1 4 1 3 4 2 1 4 1 3 3 4 3 4 2 2 2 4 3 1 4 4 1 2 1 1 2 3 2 3 3 1 2 1 4 
4 2 3 1 3 4 3 1 3 3 2 2 2 2 1 2 4 1 4 3 4 2 3 3 2 2 4 1 1 3 2 2 3 2 1 3 4 3 2 3 1 4 2 1 2 2 4 1 2 3 4 2 2 4 2 3 4 3 1 1 3 1 2 1 3 2 3 2 4 1 1 2 3 2 2 2 2 2 2 2 2 4 2 4 3 3 2 1 4 3 2 2 1 4 2 1 4 3 3 4 
4 3 4 1 3 1 4 1 3 2 3 1 3 1 2 1 4 2 1 4 3 2 3 2 2 2 4 4 2 4 3 2 1 2 1 1 3 2 2 1 1 1 4 3 3 4 2 2 2 4 2 3 4 2 1 2 1 4 3 1 4 2 4 2 4 3 3 4 4 1 4 4 1 3 3 1 3 1 2 1 1 1 1 1 2 1 4 1 1 4 4 3 2 4 2 3 3 4 2 4 
4 2 2 4 3 2 3 1 1 3 3 3 2 2 2 2 4 1 2 4 2 1 2 2 3 3 3 4 1 1 4 2 3 4 4 2 3 4 4 3 4 3 2 4 1 3 1 2 2 2 3 3 4 1 2 1 3 2 1 2 4 1 3 1 1 2 2 2 2 2 2 4 3 2 3 3 1 3 4 4 1 1 4 2 3 1 2 4 1 2 1 1 4 2 1 3 2 2 2 4 
4 2 3 2 3 3 1 4 3 3 4 4 2 4 2 3 1 3 4 1 2 3 2 2 2 2 4 3 4 4 4 3 3 2 2 3 1 4 4 4 2 3 1 2 1 4 1 2 2 4 4 3 1 4 3 3 1 4 1 4 1 3 3 1 3 2 3 4 4 3 3 3 2 2 2 2 1 3 4 3 3 1 3 1 2 2 2 3 4 1 3 3 1 2 3 3 4 2 1 4 
4 4 4 2 1 3 3 1 3 3 4 3 2 3 3 3 1 2 2 3 1 4 3 1 2 2 1 3 4 4 4 3 3 1 2 3 2 2 3 2 2 2 4 1 4 3 4 3 3 4 4 1 3 2 2 1 3 3 1 1 2 4 1 4 4 4 1 3 3 2 3 3 4 1 4 2 2 2 2 4 3 1 1 3 4 3 3 4 1 1 1 3 2 4 2 4 4 2 3 4 
4 2 4 1 3 2 2 1 3 1 3 2 3 4 4 4 2 4 4 2 3 4 4 3 4 2 3 1 3 1 1 2 4 3 4 3 4 4 3 1 2 1 2 4 3 1 3 2 1 2 4 2 4 1 4 3 1 4 4 4 3 3 3 1 4 3 2 3 1 4 4 1 2 1 2 2 3 2 3 1 4 2 1 4 4 1 4 4 2 1 3 1 3 2 2 3 3 3 3 4 
4 2 3 4 2 2 3 1 4 3 4 1 2 4 4 1 3 1 2 1 1 2 1 3 4 4 2 2 1 2 4 4 1 2 4 2 4 2 1 2 1 3 1 4 4 2 4 4 1 3 1 1 3 2 4 4 3 2 2 4 4 2 1 3 4 1 3 1 3 4 1 1 2 1 1 3 3 1 4 1 2 2 4 2 1 1 1 2 2 1 1 3 4 4 1 4 1 1 3 4 
4 1 2 2 3 2 1 2 4 4 3 3 1 3 1 4 4 2 3 2 4 1 4 3 2 3 1 3 1 4 4 3 4 2 1 4 2 3 1 3 3 2 1 3 2 3 4 4 3 3 2 2 1 2 3 3 4 4 1 3 2 2 2 4 1 4 3 3 2 1 2 1 4 2 1 1 4 4 4 2 2 2 1 4 3 1 2 1 2 4 2 3 1 1 1 1 4 2 1 4 
4 2 4 2 2 4 4 1 1 3 4 4 3 3 1 3 3 2 3 1 3 2 1 3 3 4 3 3 4 4 2 1 1 2 1 3 3 4 1 4 2 4 3 1 2 3 2 1 4 1 4 1 1 1 1 2 1 4 2 4 2 1 3 4 2 3 4 4 4 1 4 2 3 2 4 2 1 1 2 2 2 1 3 3 4 4 1 1 4 2 3 1 1 4 3 3 1 1 3 4 
4 1 3 3 4 1 4 4 1 1 2 3 2 3 3 1 3 4 1 4 2 4 3 3 4 2 3 4 4 2 2 1 1 3 2 1 4 2 4 2 4 3 4 4 4 3 1 2 4 4 2 1 1 1 4 4 1 1 3 4 2 1 2 2 1 4 1 3 2 4 2 3 3 2 3 2 2 2 1 4 2 1 4 4 1 1 2 4 4 4 4 4 4 2 2 1 4 3 2 4 
4 3 3 3 2 2 4 2 2 2 1 1 1 1 4 1 3 2 4 4 1 1 1 2 4 4 2 1 2 1 3 1 3 3 3 3 4 4 2 4 3 4 4 2 1 4 4 1 1 1 1 2 3 3 4 2 3 3 3 1 3 3 1 1 3 4 3 1 1 4 2 3 1 1 3 4 2 1 2 2 3 3 1 1 1 1 3 1 1 2 3 4 2 3 4 3 1 2 2 4 
4 4 4 4 3 1 2 4 4 2 1 1 1 4 2 2 2 4 1 2 4 2 1 3 1 4 2 4 2 3 1 3 4 4 1 3 3 4 3 2 3 2 2 3 4 3 4 2 4 4 4 1 1 1 2 4 4 3 2 2 4 2 4 1 3 4 4 1 3 1 4 1 4 1 4 3 2 3 1 1 2 4 4 2 2 4 2 4 2 1 1 2 1 2 3 2 2 2 4 4 
4 3 1 2 2 1 2 1 1 4 4 4 2 3 3 4 4 1 1 3 4 4 3 4 2 1 1 2 3 2 1 1 2 1 2 4 2 2 1 2 3 4 2 4 2 3 1 3 2 4 2 3 2 4 3 2 1 3 2 2 2 4 3 4 4 2 4 4 3 4 2 2 1 2 4 3 4 1 1 4 1 2 3 2 1 3 4 2 4 4 1 1 2 4 4 2 3 2 4 4 
4 1 2 1 4 3 3 4 1 4 3 1 4 4 3 2 1 3 3 1 2 1 4 2 2 1 1 1 4 1 4 3 3 2 2 2 4 2 1 2 2 1 1 4 1 3 2 2 2 3 1 4 4 2 2 3 3 4 2 3 1 1 3 2 2 4 4 3 4 2 1 2 2 1 3 3 2 1 3 2 1 1 3 3 1 3 3 3 1 4 1 2 2 3 4 4 1 2 4 4 
4 4 2 3 1 2 2 2 2 1 1 3 1 2 1 2 1 3 1 1 2 4 2 2 1 3 2 1 3 2 4 4 1 3 1 3 3 3 4 1 4 2 4 1 2 4 3 3 2 2 4 3 4 1 1 4 4 1 4 2 2 3 4 4 3 4 2 4 3 4 1 4 4 4 3 1 4 4 4 2 4 2 2 3 4 4 3 2 4 2 2 3 1 4 1 2 3 4 4 4 
4 3 3 2 2 3 2 2 1 3 4 1 4 1 3 4 4 1 1 4 1 3 1 1 3 4 1 2 4 1 2 4 1 1 1 2 1 4 1 1 2 1 3 1 1 3 3 4 2 2 2 2 3 4 4 3 1 4 4 4 4 3 1 2 4 4 1 3 2 2 1 3 2 4 3 2 4 4 2 3 1 3 3 3 4 3 2 2 4 2 4 4 2 3 1 1 3 2 4 4 
4 4 1 2 2 3 2 2 2 1 1 3 3 4 2 1 2 2 4 2 2 2 4 3 4 4 1 1 2 2 1 4 1 3 2 3 2 1 2 2 2 3 1 1 1 1 3 4 1 4 2 4 2 1 1 2 2 3 2 1 4 4 3 1 3 4 3 1 1 2 3 2 1 2 3 3 2 2 1 4 1 2 3 1 4 3 2 2 2 3 4 3 4 4 1 2 1 2 2 4 
4 1 3 3 2 4 2 3 1 2 1 3 3 1 3 4 3 3 3 4 2 3 3 3 2 2 4 1 1 4 2 2 4 1 2 3 1 2 4 4 3 4 4 3 3 4 2 1 1 1 1 2 3 4 3 1 3 3 2 2 2 4 1 3 3 2 2 3 1 4 3 3 3 4 2 1 2 2 1 2 4 3 3 3 2 3 1 1 3 3 2 4 3 4 2 1 4 1 2 4 
4 1 2 2 2 3 3 4 4 2 1 3 1 1 1 4 1 2 3 1 4 4 4 2 3 4 1 1 4 2 2 4 2 4 4 2 2 1 3 4 3 3 2 1 4 2 4 4 4 2 1 1 2 4 2 4 4 2 4 3 4 2 4 2 3 3 1 4 1 1 4 4 2 2 3 3 1 3 3 4 3 2 4 3 3 3 2 1 1 2 4 1 4 1 2 3 2 4 1 4 
4 4 4 4 1 4 3 2 3 1 2 4 1 1 1 4 1 3 2 3 2 3 3 1 2 1 1 1 2 1 1 1 2 2 3 1 4 4 2 1 1 1 4 4 1 2 3 2 1 4 2 3 3 1 4 3 2 2 1 2 2 2 4 4 3 1 2 2 2 3 1 1 3 2 1 4 3 3 4 1 1 1 2 3 1 1 3 3 2 4 1 4 3 3 2 2 4 3 2 4 
4 4 4 4 2 3 1 2 1 1 4 4 4 2 3 1 1 4 3 2 4 4 1 4 1 3 1 3 3 1 4 2 4 2 3 1 4 3 1 3 1 3 2 4 2 3 1 4 2 1 4 4 3 3 3 4 1 4 4 2 2 4 3 1 3 2 4 4 3 1 3 3 4 2 1 1 1 1 3 3 1 1 4 3 3 1 3 1 4 3 2 3 3 3 1 2 4 1 3 4 
4 4 2 3 3 3 1 2 2 4 4 4 3 2 1 4 2 2 4 4 1 2 1 3 3 4 2 3 3 2 2 1 4 4 4 4 4 4 3 4 4 4 2 3 3 4 3 3 3 2 2 1 1 3 1 2 3 2 1 3 4 1 3 2 3 3 2 1 1 4 3 1 4 2 2 3 2 2 4 2 1 2 4 2 4 3 4 4 3 3 1 1 4 3 2 1 4 4 3 4 
4 3 2 1 2 2 2 4 4 2 4 3 4 2 3 4 3 2 3 4 4 3 4 1 4 4 3 4 1 3 1 3 1 2 4 2 2 2 4 3 4 2 1 4 2 4 2 1 1 4 2 2 2 3 2 4 2 4 3 4 3 1 2 1 2 4 3 4 4 3 1 4 3 4 2 2 4 2 1 3 2 1 1 1 2 1 3 4 4 4 2 1 1 2 4 2 2 1 3 4 
4 3 4 1 2 2 4 4 3 2 3 2 3 4 3 2 2 1 3 3 2 4 3 4 2 2 3 2 1 1 3 2 4 1 2 2 3 4 1 1 2 2 1 3 4 1 3 1 3 3 3 4 1 2 3 2 1 3 3 1 2 1 2 3 1 4 4 2 3 1 3 4 1 1 1 3 4 4 3 4 3 1 4 3 1 1 3 1 4 3 3 1 1 1 2 3 2 1 2 4 
4 4 3 4 3 3 1 1 1 3 4 4 4 1 2 4 4 2 3 2 4 2 1 4 1 3 4 2 4 2 4 3 1 1 3 2 4 4 1 2 3 3 2 4 1 4 4 1 3 3 4 3 3 2 4 4 1 1 2 2 1 2 4 1 1 3 1 3 4 2 3 3 1 2 2 1 3 3 2 4 3 2 4 2 2 1 1 4 4 3 4 4 3 4 2 4 3 1 1 4 
4 3 4 2 4 3 3 2 1 4 4 2 4 2 4 4 3 3 3 4 3 1 1 4 2 4 3 1 1 3 3 2 4 1 2 3 2 4 2 1 4 4 2 3 4 1 2 2 1 2 1 1 2 3 1 3 3 1 4 1 1 3 4 3 1 3 3 1 2 2 3 2 2 4 4 3 2 1 1 4 4 3 2 1 2 1 2 3 2 1 4 3 2 3 4 1 2 4 4 4 
4 4 4 2 1 2 2 4 4 4 1 4 3 4 2 4 4 3 1 3 1 4 1 1 4 3 4 1 3 2 1 1 3 1 3 4 2 1 3 2 3 3 4 1 3 2 2 4 1 2 4 2 4 2 3 4 3 2 1 1 1 3 3 1 3 1 2 4 3 1 1 1 2 2 1 1 1 2 4 3 2 4 3 2 1 3 1 3 4 2 4 3 2 1 1 4 3 1 3 4 
4 4 3 1 2 1 2 4 3 3 1 1 3 3 3 1 2 2 1 4 3 4 4 3 1 3 1 1 1 2 1 4 4 4 4 2 4 4 2 2 3 4 3 4 4 4 4 3 2 3 3 2 2 4 3 2 2 1 1 4 3 1 3 1 1 3 1 4 2 1 4 3 3 1 1 4 3 3 3 1 4 4 1 1 3 1 4 4 3 2 3 4 4 2 1 1 1 3 2 4 
4 4 3 4 3 1 4 2 3 2 1 2 2 4 1 4 3 2 4 4 2 1 3 1 2 1 2 4 3 3 3 2 3 3 4 3 4 1 2 4 3 2 3 4 4 4 3 1 1 3 4 1 4 4 2 2 2 1 3 1 2 4 4 3 4 4 3 4 2 4 2 3 3 3 1 2 4 2 4 1 3 4 3 2 1 3 3 3 1 4 3 2 3 2 4 4 2 2 3 4 
4 3 2 1 4 4 1 3 4 3 4 1 4 4 1 2 4 2 2 4 3 3 3 2 4 1 1 1 4 4 2 3 4 2 4 3 2 4 1 2 3 3 2 3 3 2 2 3 2 3 1 4 4 4 3 2 3 2 2 2 4 4 3 4 1 3 1 1 4 1 3 1 3 3 4 3 4 3 3 4 3 1 4 2 3 3 2 3 1 4 4 4 4 4 2 3 2 2 2 4 
4 4 3 2 3 3 1 1 2 4 1 1 2 3 2 3 1 2 2 2 4 4 2 1 1 4 1 1 3 3 4 2 2 3 1 4 1 1 1 2 3 2 1 3 1 2 3 3 1 3 4 1 1 4 2 2 1 2 1 2 1 2 4 4 3 3 3 4 4 1 1 3 2 3 1 3 1 1 1 2 4 2 3 4 2 4 4 1 1 3 2 3 3 1 4 2 2 2 2 4 
4 3 3 1 3 4 3 4 1 4 4 4 3 3 2 4 4 4 4 4 3 1 4 2 3 4 4 3 4 2 3 4 1 1 1 2 4 2 2 3 4 1 4 4 4 1 1 4 1 2 3 4 4 1 4 3 4 4 3 2 1 4 2 4 2 4 1 3 1 3 3 3 2 1 4 4 1 1 3 4 4 4 2 2 3 2 3 1 4 1 2 3 3 4 4 4 4 4 1 4 
4 2 2 3 1 2 4 3 4 2 2 2 3 1 1 4 3 2 2 2 4 4 2 4 2 3 3 1 4 4 3 4 4 3 4 3 2 3 2 1 4 1 3 2 3 3 2 2 3 2 1 1 2 4 1 3 1 2 1 1 2 1 2 3 2 2 1 3 1 2 3 1 2 3 3 4 2 3 1 1 1 1 4 2 4 2 2 4 3 4 3 4 2 4 2 3 2 2 3 4 
4 4 1 1 4 3 1 2 2 1 1 1 2 1 2 3 4 3 1 2 3 1 4 1 3 4 1 2 3 3 4 2 3 4 2 3 3 2 1 4 1 2 2 4 4 3 1 3 1 1 4 4 4 2 2 4 4 1 4 1 4 3 2 4 3 2 2 3 1 4 1 2 2 4 4 3 4 2 4 3 1 4 1 4 1 4 3 3 1 1 2 1 2 4 2 3 3 2 1 4 
4 3 4 1 3 4 2 3 2 1 2 1 2 1 3 1 3 4 4 2 3 4 2 3 1 2 1 1 1 3 1 1 3 1 1 1 4 3 1 2 2 1 3 2 2 3 4 3 2 3 4 4 4 1 1 1 3 4 4 3 4 3 4 4 4 3 1 4 3 3 2 4 3 1 3 4 4 2 4 4 2 1 3 3 4 4 4 2 3 3 4 1 1 4 2 2 2 1 4 4 
4 1 1 2 1 4 3 4 3 1 2 2 4 3 4 3 4 4 2 1 3 4 4 1 2 1 3 1 4 3 2 4 3 1 1 4 2 3 1 2 3 2 2 1 4 1 3 1 2 2 3 2 4 4 1 4 1 2 1 4 2 2 3 2 4 3 1 3 1 1 2 4 2 3 2 2 1 2 3 4 2 3 4 4 1 3 2 4 3 3 4 3 4 2 1 1 1 1 1 4 
4 2 2 2 3 4 1 4 1 3 1 3 4 4 1 2 4 3 2 1 4 1 2 1 3 2 1 3 3 2 4 4 1 3 3 2 3 3 4 4 2 3 2 2 1 4 3 1 2 1 2 4 1 1 2 2 2 3 2 4 1 1 1 1 1 4 3 1 4 4 3 3 4 3 3 3 2 1 2 3 1 2 1 4 1 4 2 2 3 1 2 3 3 1 4 3 4 4 1 4 
4 1 2 3 2 2 3 4 3 3 1 1 2 2 3 4 1 3 2 4 4 3 2 2 4 2 3 1 2 3 2 1 1 4 4 1 3 4 4 1 1 2 4 1 3 2 4 1 3 3 1 2 4 2 3 2 2 3 4 4 2 1 4 4 1 4 1 1 3 2 4 2 2 1 2 1 3 2 1 2 4 1 3 1 4 3 4 3 2 3 3 4 2 2 3 3 2 1 1 4 
4 4 1 2 2 3 2 3 4 3 2 4 2 1 2 2 1 1 4 4 1 4 4 2 4 4 4 1 1 1 2 3 2 4 1 3 4 2 1 3 1 3 4 2 3 3 2 1 1 2 3 2 2 3 1 3 1 3 2 4 1 1 3 2 2 3 3 3 1 1 3 4 4 3 3 3 4 1 1 2 2 1 2 4 3 1 1 1 3 2 3 3 2 3 2 4 4 2 2 4 
4 3 2 4 3 4 3 4 1 1 4 4 4 3 2 2 1 2 3 4 1 3 1 1 2 4 1 3 2 2 4 4 4 3 4 3 2 1 2 2 1 4 2 3 3 1 2 1 3 2 4 1 1 4 4 1 4 3 4 4 1 1 2 2 4 1 3 1 1 2 3 4 3 3 1 1 2 4 1 4 4 4 2 4 2 2 4 3 2 3 2 3 4 4 3 4 4 3 4 4 
4 1 1 4 2 2 2 3 2 1 3 4 1 4 4 2 2 4 3 1 1 1 4 3 2 3 3 3 2 3 3 3 3 2 2 1 1 1 1 2 1 1 2 1 3 1 2 2 1 3 1 3 3 3 3 3 1 2 3 1 4 1 2 3 1 1 2 1 1 3 3 3 3 3 1 1 3 4 2 3 3 3 4 4 3 3 3 4 3 4 3 2 1 2 2 1 4 4 4 4 
4 1 1 1 1 1 3 2 1 3 1 1 1 4 2 2 2 1 2 2 3 4 1 3 3 2 2 4 1 2 1 3 2 2 1 3 1 4 3 2 4 2 3 1 1 1 4 2 1 4 3 1 4 4 4 1 3 1 2 4 1 2 2 2 1 1 1 1 1 3 4 3 4 3 4 2 2 3 2 2 3 4 1 4 3 4 1 3 2 3 1 1 4 1 2 4 1 3 4 4 
4 4 1 4 4 4 1 4 3 1 4 2 2 2 2 3 3 3 3 1 4 2 4 3 1 3 1 2 1 3 3 2 3 2 4 1 3 2 3 2 2 1 2 1 4 2 4 3 4 4 1 4 4 3 4 1 3 4 4 3 1 1 3 4 2 1 3 4 4 1 2 1 3 1 3 3 3 3 3 3 1 1 2 3 3 3 3 4 4 3 2 1 3 1 4 4 3 1 4 4 
4 4 3 3 3 4 1 1 3 2 1 2 1 3 4 1 3 4 3 3 1 2 2 1 1 3 3 4 1 1 3 2 4 1 2 4 1 3 3 3 2 1 2 3 1 4 1 1 2 1 3 3 1 4 4 4 3 1 3 4 2 4 4 2 1 4 1 4 2 2 4 4 1 1 4 1 3 4 2 3 2 3 4 4 2 1 4 4 2 1 4 1 2 4 4 1 3 2 1 4 
4 3 2 3 2 2 1 1 1 3 1 4 1 4 4 4 3 4 1 2 4 1 2 1 1 1 1 1 2 4 1 2 1 3 3 1 2 2 1 3 3 3 2 1 3 2 1 3 4 4 2 3 2 4 4 3 4 2 2 1 1 2 4 3 2 2 2 4 3 3 1 3 4 3 1 3 1 3 4 3 2 3 1 2 3 2 1 2 4 3 3 1 2 4 2 2 3 1 1 4 
4 2 1 3 2 2 4 3 2 1 2 2 2 1 2 1 4 3 3 1 3 2 2 2 1 1 4 2 2 2 1 1 2 1 1 4 4 3 1 1 4 3 3 3 3 4 2 3 4 4 2 4 3 1 1 1 4 1 2 4 3 4 3 2 3 4 4 1 4 4 1 4 4 3 4 2 2 2 4 1 1 4 3 3 3 3 1 1 3 2 2 3 3 2 2 2 2 1 4 4 
4 3 1 2 3 4 2 4 2 1 4 2 3 1 2 3 4 4 1 2 3 3 1 4 1 4 3 3 3 1 3 2 3 2 3 2 2 2 2 2 2 4 3 3 3 2 2 4 3 4 3 1 3 2 3 4 1 1 4 1 3 3 4 2 4 4 3 2 3 2 1 1 1 2 4 1 2 2 3 1 4 4 1 1 4 4 3 1 2 2 2 4 2 3 4 4 4 3 3 4 
4 4 2 4 1 2 4 2 1 4 4 3 3 3 1 2 2 1 2 4 4 2 4 4 2 1 1 2 3 3 3 3 2 4 2 1 1 2 1 1 4 1 1 1 1 4 1 2 3 1 1 1 4 2 4 4 3 1 4 3 4 4 3 1 3 3 2 4 2 4 3 1 3 1 2 2 3 2 2 2 3 1 4 2 1 1 2 3 4 3 1 2 4 3 2 3 3 2 1 4 
4 3 3 1 1 4 3 1 2 3 1 2 1 4 2 1 2 1 3 3 3 3 2 2 1 3 3 3 2 1 2 2 2 3 2 3 4 1 4 1 4 1 3 4 2 2 4 4 3 2 3 4 3 2 3 2 3 2 1 1 2 4 1 2 4 1 1 4 1 4 1 3 4 1 3 4 1 4 2 3 3 1 2 2 2 3 2 1 2 1 4 3 1 1 4 3 1 2 1 4 
4 2 2 3 4 3 4 2 1 4 2 4 3 1 4 2 1 4 4 1 2 2 1 1 1 1 4 2 3 4 1 1 2 4 4 1 4 3 1 3 4 3 4 1 3 1 4 2 2 4 1 3 2 4 3 4 3 1 4 3 2 4 3 1 1 2 1 4 1 2 4 2 4 3 2 2 1 1 3 4 4 3 3 1 3 2 2 4 2 4 4 4 1 3 2 1 3 1 4 4 
4 3 3 4 4 2 4 1 2 4 4 2 3 3 2 3 1 4 3 3 1 3 1 4 1 3 1 4 3 3 4 2 1 1 1 1 1 2 3 2 4 2 3 4 2 3 4 1 1 3 4 4 2 3 3 3 2 4 2 1 4 1 4 4 3 2 4 2 2 2 1 2 1 3 1 3 4 4 3 4 4 3 2 4 2 2 1 3 2 4 3 2 2 2 3 1 3 4 2 4 
4 3 1 4 2 3 3 4 3 4 1 2 2 2 3 2 4 1 1 3 1 3 3 4 2 2 1 3 2 1 3 1 1 2 4 1 1 3 2 4 1 4 1 4 3 3 4 2 4 2 4 2 4 3 1 1 4 1 3 4 1 4 3 1 1 4 2 4 4 4 2 1 4 1 4 3 1 4 3 3 4 2 1 2 1 1 4 2 1 1 3 4 2 4 2 2 1 2 2 4 
4 2 2 2 1 2 4 4 4 1 2 3 2 4 1 1 3 1 4 2 4 1 1 2 1 3 2 3 4 3 4 3 2 4 1 4 1 1 4 4 1 2 3 1 3 4 1 3 1 1 1 2 3 4 2 4 2 4 1 2 1 1 4 4 3 2 2 1 2 2 3 1 2 3 4 3 3 4 2 2 2 3 2 4 2 2 3 3 1 1 3 4 1 3 2 2 1 1 2 4 
4 4 3 1 2 3 1 1 3 1 3 4 1 3 3 1 1 3 1 3 2 3 4 1 4 1 1 2 3 4 3 3 1 1 2 4 2 1 3 2 4 2 1 1 1 2 4 2 2 1 3 1 4 2 1 3 3 3 2 3 1 4 1 4 3 3 1 4 3 3 1 1 4 4 2 4 1 4 2 3 2 4 4 4 3 1 2 4 1 3 3 1 4 4 4 3 4 3 4 4 
4 4 1 3 3 3 4 1 4 3 4 4 1 1 4 1 4 3 2 1 4 4 1 4 1 4 4 4 4 2 2 1 2 3 4 2 2 4 2 1 4 3 3 2 3 4 2 4 1 1 4 1 3 3 1 3 3 1 4 4 3 1 4 4 1 4 4 3 2 4 3 2 2 2 4 3 3 4 1 1 1 1 2 3 2 2 3 3 3 1 1 1 3 2 4 1 4 2 4 4 
4 3 2 4 1 2 3 1 2 4 3 1 1 4 1 4 1 4 1 1 1 4 2 1 1 2 2 2 1 3 1 4 2 3 2 3 4 1 4 4 3 2 2 1 2 4 3 1 2 3 1 3 4 1 4 1 2 3 3 4 4 4 3 2 4 4 2 4 2 4 2 4 3 4 1 1 1 4 2 1 2 1 4 1 4 4 2 4 4 1 4 3 1 3 1 1 1 2 3 4 
4 2 4 2 2 2 3 2 1 3 3 4 4 1 2 1 1 2 1 2 4 3 4 2 1 2 4 2 3 4 3 3 3 3 3 1 3 4 3 3 2 3 4 4 4 4 1 3 4 3 3 1 2 4 1 1 1 4 3 4 1 4 1 2 2 4 2 4 3 4 4 2 3 1 4 1 1 4 1 1 3 2 3 2 1 1 1 1 4 3 1 3 1 4 1 2 2 4 2 4 
4 2 2 3 1 3 1 4 3 2 3 2 3 4 3 2 2 3 3 1 4 3 4 4 1 1 2 4 1 3 3 4 3 3 4 3 4 1 3 3 2 3 2 1 1 2 1 2 3 3 4 3 2 1 2 1 2 3 1 1 4 1 3 2 3 2 3 2 1 4 4 1 3 3 3 3 3 3 2 2 2 1 4 3 2 4 1 1 2 4 4 4 3 3 3 3 2 3 4 4 
4 2 2 4 4 4 1 2 1 2 2 3 4 4 2 2 2 1 2 4 2 2 3 4 3 3 4 3 2 3 3 1 3 2 1 1 3 2 4 4 4 4 1 4 4 1 3 1 3 4 1 1 1 2 2 2 3 1 2 3 2 1 1 1 1 3 2 3 1 3 2 2 4 3 1 1 1 4 2 4 2 2 2 3 1 1 3 2 4 4 1 2 1 3 4 3 4 3 2 4 
4 3 2 1 1 1 3 2 3 3 3 1 1 1 3 3 2 2 2 3 3 1 4 2 2 4 4 3 2 2 3 4 2 2 2 4 4 4 2 3 4 4 2 1 3 2 3 3 1 2 2 4 4 1 2 3 3 1 3 2 2 3 2 2 4 3 3 2 3 4 1 3 2 4 2 4 4 1 1 1 4 4 3 3 1 4 1 3 3 4 4 3 1 3 2 3 4 1 3 4 
4 4 3 3 2 4 1 1 2 2 3 4 1 1 3 4 4 2 4 1 1 1 1 2 3 3 4 1 4 3 4 3 4 2 3 3 1 3 4 4 3 4 2 1 4 4 1 1 1 2 2 1 1 1 2 4 3 2 4 1 1 3 3 2 3 1 2 4 3 3 1 3 1 2 1 1 4 4 4 2 1 4 4 1 3 1 4 4 1 3 1 2 1 1 4 2 4 2 1 4 
4 1 1 4 4 3 2 2 2 3 2 4 2 1 2 4 3 1 4 3 2 1 2 4 2 3 2 1 1 3 3 2 2 2 3 2 3 4 2 1 1 2 3 3 1 1 2 3 3 3 1 2 4 1 1 2 4 2 2 2 2 1 1 4 2 3 4 4 3 3 4 2 1 3 2 2 2 3 2 1 3 1 1 3 1 2 4 2 4 4 2 2 4 4 3 1 3 3 1 4 
4 3 1 4 4 3 3 2 1 2 2 1 1 2 2 2 1 2 1 3 2 3 4 3 3 2 3 2 1 2 4 1 1 3 2 3 2 1 2 3 3 1 1 4 1 1 3 2 2 3 4 1 4 3 3 2 2 4 1 3 4 1 2 2 3 4 4 1 4 1 3 4 4 1 1 3 4 4 1 2 3 3 2 2 2 3 3 2 4 1 1 3 2 4 4 2 4 4 3 4 
4 1 3 1 3 1 3 4 1 1 4 2 2 2 4 3 2 1 2 3 3 2 4 4 3 4 1 1 4 3 3 1 1 2 2 3 2 3 2 4 4 4 2 2 2 4 3 1 2 3 4 1 4 2 3 3 3 3 1 4 3 2 3 3 1 1 1 2 3 1 2 3 2 4 1 1 1 3 2 3 3 1 1 2 2 4 4 3 2 4 1 3 3 4 1 3 2 3 4 4 
4 3 4 3 2 2 2 1 3 3 3 1 1 3 2 4 3 3 4 2 2 1 2 4 3 1 2 1 3 1 2 1 4 4 1 3 1 3 4 1 4 2 3 2 2 2 3 3 3 3 3 2 2 1 3 1 3 3 3 1 2 4 2 2 3 2 3 2 1 2 2 2 1 1 4 2 2 2 1 4 1 2 3 4 4 4 2 2 4 2 1 2 1 4 2 3 2 3 4 4 
4 4 4 4 4 4 4 4 4 4 4 4 4 4 4 4 4 4 4 4 4 4 4 4 4 4 4 4 4 4 4 4 4 4 4 4 4 4 4 4 4 4 4 4 4 4 4 4 4 4 4 4 4 4 4 4 4 4 4 4 4 4 4 4 4 4 4 4 4 4 4 4 4 4 4 4 4 4 4 4 4 4 4 4 4 4 4 4 4 4 4 4 4 4 4 4 4 4 4 4 

4 4 4 4 4 4 4 4 4 4 4 4 4 4 4 4 4 4 4 4 4 4 4 4 4 4 4 4 4 4 4 4 4 4 4 4 4 4 4 4 4 4 4 4 4 4 4 4 4 4 4 4 4 4 4 4 4 4 4 4 4 4 4 4 4 4 4 4 4 4 4 4 4 4 4 4 4 4 4 4 4 4 4 4 4 4 4 4 4 4 4 4 4 4 4 4 4 4 4 4 
4 4 1 4 2 2 3 2 4 4 4 3 1 2 3 1 3 2 2 2 3 2 2 4 1 3 3 2 4 2 2 4 1 1 1 3 2 2 1 3 1 1 4 1 4 2 2 2 2 2 4 2 3 3 3 1 2 1 1 2 3 4 3 3 1 1 4 1 3 2 2 1 3 1 4 4 2 3 2 2 2 2 1 3 2 4 4 3 2 1 2 4 1 2 3 2 4 1 1 4 
4 2 1 3 1 2 4 1 4 2 1 3 2 2 3 2 1 1 1 4 3 4 1 3 4 4 3 1 4 3 2 2 4 4 2 3 1 3 3 3 2 1 4 4 2 4 2 4 1 3 2 2 1 1 3 1 1 1 1 2 3 1 2 1 3 1 2 4 2 2 2 3 4 3 3 3 4 2 4 2 2 1 3 2 2 2 4 3 2 4 4 4 4 2 2 4 2 3 2 4 
4 4 2 1 3 1 3 2 1 3 3 3 4 2 2 4 1 3 2 3 4 2 2 4 3 4 2 1 4 4 4 3 4 4 4 2 4 1 1 2 4 2 4 1 3 3 1 1 4 2 3 1 2 1 1 2 3 4 2 3 1 3 4 1 2 4 4 1 2 2 4 4 3 2 1 1 4 4 2 3 4 2 3 4 3 2 2 2 3 2 4 2 2 2 2 3 1 3 3 4 
4 2 1 3 2 2 4 4 4 2 3 4 3 3 2 2 3 4 1 1 4 1 2 2 3 2 3 2 3 1 4 1 2 4 3 3 4 1 3 2 1 4 1 2 3 2 1 3 3 3 4 4 4 2 3 2 3 3 2 3 4 3 2 4 1 2 2 1 2 2 1 4 3 2 3 2 3 2 1 4 2 3 1 2 1 4 4 4 1 1 3 4 1 1 2 1 3 2 1 4 
4 1 3 1 1 1 4 1 2 3 1 2 3 4 2 1 3 1 2 1 2 3 4 4 3 2 3 1 4 2 4 2 1 4 4 3 2 3 2 3 2 1 3 1 2 1 4 1 4 4 2 2 1 3 1 4 4 3 2 2 2 2 3 1 3 4 3 3 4 1 1 3 3 3 1 1 2 2 1 1 4 1 3 3 3 4 1 1 2 1 1 1 3 2 3 2 1 1 4 4 
4 3 3 3 3 2 4 3 4 4 2 4 3 3 1 3 1 4 1 2 4 2 1 1 2 2 3 3 4 3 4 2 4 1 4 1 4 2 2 4 4 4 1 4 2 4 2 1 3 3 3 4 1 1 1 4 2 4 2 4 2 4 1 2 2 3 2 3 2 1 2 2 1 4 4 3 1 2 2 1 1 1 2 1 1 2 3 2 2 3 1 4 4 1 2 4 2 4 3 4 
4 4 3 3 2 1 3 3 2 1 1 1 3 1 3 2 4 1 3 1 3 2 1 4 4 3 1 1 3 4 3 3 1 4 4 3 2 3 2 4 3 1 2 3 1 1 1 1 3 1 3 3 3 2 2 3 3 1 3 3 1 1 2 4 2 1 1 2 3 1 1 2 1 4 2 4 4 4 4 1 1 4 1 3 3 2 2 3 2 4 4 3 4 2 2 2 1 3 4 4 
4 4 4 4 2 3 1 1 1 2 2 1 1 1 4 2 2 4 3 3 2 1 1 2 4 2 1 3 4 1 4 4 4 2 3 4 2 2 4 2 3 4 2 2 4 4 3 2 2 2 1 2 1 4 3 1 2 2 1 4 4 1 2 2 1 1 3 1 3 3 1 3 3 1 4 1 4 4 4 3 3 1 1 2 1 1 3 1 2 4 1 1 1 3 1 1 3 2 2 4 
4 4 3 1 3 3 3 3 2 1 4 3 2 4 4 2 2 4 2 3 4 1 3 1 4 3 1 2 1 4 1 1 1 1 3 2 3 1 1 1 1 3 3 3 4 1 1 3 2 4 1 3 3 4 2 1 2 2 4 2 3 2 2 2 3 3 1 3 4 1 2 4 4 2 4 3 3 3 1 4 4 1 3 3 2 2 2 1 1 3 1 2 1 3 1 3 4 4 3 4 
4 3 1 1 2 3 4 1 1 1 3 1 4 3 1 4 1 1 3 2 2 4 3 2 3 3 1 4 1 2 2 2 2 3 3 3 4 4 1 3 2 3 3 3 4 3 4 4 2 1 1 3 4 1 3 2 1 2 1 1 2 4 1 2 4 4 4 1 4 1 1 4 2 1 3 4 4 2 1 2 4 3 2 3 3 2 1 1 2 1 2 3 2 3 3 4 1 4 2 4 
4 2 3 2 4 2 4 2 1 2 1 1 3 3 4 4 3 1 2 3 2 4 3 3 2 4 4 4 2 2 4 4 4 1 2 1 3 2 1 4 1 4 1 3 3 1 1 3 3 3 1 4 3 4 1 3 2 4 2 4 1 2 1 4 1 4 2 3 4 1 3 3 1 2 4 1 3 2 4 4 3 3 4 3 1 1 2 3 4 4 4 4 4 4 4 2 1 1 4 4 
4 2 2 2 3 1 4 4 4 2 3 4 1 4 4 2 2 3 2 2 3 2 4 4 2 2 1 1 3 2 4 1 3 4 3 1 2 4 4 2 2 3 2 4 4 3 4 4 1 1 2 4 1 3 4 2 1 2 4 1 1 4 4 4 3 2 4 4 3 3 1 1 3 3 4 3 3 1 2 2 1 2 2 2 3 3 1 4 3 3 4 4 3 3 3 1 4 1 1 4 
4 2 4 3 4 4 4 4 4 3 4 4 2 2 4 4 4 2 2 2 2 2 1 3 2 2 4 3 4 3 3 2 3 3 2 2 4 2 2 2 4 2 1 3 2 4 4 1 3 2 3 1 3 3 3 4 4 1 2 2 1 3 1 1 4 2 4 2 2 3 1 4 3 4 3 1 3 2 3 3 1 1 3 1 1 3 1 2 1 3 1 4 4 3 2 1 2 4 2 4 
4 1 4 3 1 1 2 3 3 3 1 2 2 2 2 2 3 4 2 1 1 4 3 1 2 1 1 3 4 2 2 2 4 1 2 2 1 1 4 3 1 4 1 3 3 2 4 2 1 3 1 3 4 1 3 4 2 2 4 2 4 2 4 2 2 1 2 3 4 4 3 1 2 4 3 4 2 3 2 4 2 1 1 4 3 4 1 1 1 3 3 1 1 2 1 1 3 3 4 4 
4 2 4 4 1 2 3 4 4 1 3 3 4 4 4 3 3 4 3 3 4 1 4 2 4 3 1 4 1 4 1 4 1 1 2 2 4 1 2 4 4 4 1 3 3 1 2 2 3 2 1 1 2 3 2 3 2 2 4 3 2 2 2 1 3 4 1 3 2 3 1 3 2 1 4 4 1 1 1 1 3 3 1 3 2 1 1 3 1 3 1 3 3 4 1 1 1 2 1 4 
4 4 1 3 2 4 2 1 2 1 3 3 3 1 2 3 2 3 3 3 4 4 2 2 2 3 1 2 4 4 2 3 1 3 2 4 4 3 4 4 4 3 4 1 4 3 1 4 4 2 3 1 3 4 2 4 2 4 4 1 3 2 3 4 4 1 4 3 2 3 2 1 2 4 4 2 3 3 1 1 3 3 1 1 1 1 3 2 3 1 4 1 3 4 2 3 4 1 1 4 
4 3 1 2 2 2 2 2 2 3 1 4 2 1 1 1 1 2 3 1 2 4 4 1 2 4 3 3 2 1 2 3 2 1 1 2 4 3 4 3 1 2 2 1 3 2 3 4 1 3 1 2 3 1 2 1 1 4 1 2 2 4 2 3 4 1 3 1 4 4 4 4 3 3 2 4 1 1 4 3 1 3 1 1 3 2 4 3 3 3 4 4 2 2 2 1 4 2 4 4 
4 4 2 3 3 1 4 1 1 1 1 1 1 1 4 1 2 4 2 2 2 3 1 2 2 1 2 4 3 4 1 3 1 3 4 3 1 4 4 2 4 4 4 3 1 1 4 4 4 2 1 3 3 3 4 4 3 4 4 1 3 4 1 2 4 4 3 2 3 1 3 3 1 3 4 2 4 2 4 3 1 4 4 3 3 2 2 3 2 2 2 1 2 3 3 3 1 3 1 4 
4 1 4 2 1 4 4 3 1 4 3 2 3 3 2 1 3 4 1 2 2 3 2 4 2 4 3 4 3 1 2 2 2 1 2 3 4 3 3 1 2 2 1 4 4 4 2 3 2 1 3 4 2 2 3 2 2 2 3 2 1 4 4 3 2 1 4 3 1 3 2 3 4 4 4 3 2 1 2 4 1 3 1 1 2 2 3 3 2 1 2 4 1 3 3 3 4 1 1 4 
4 1 2 1 1 3 4 1 1 3 2 4 2 3 3 4 3 3 2 1 4 1 2 2 2 2 1 3 1 3 4 3 1 1 2 2 4 2 3 2 1 3 2 2 3 2 2 2 2 3 3 2 1 4 3 3 2 3 3 1 1 4 4 1 3 2 4 2 4 1 3 1 4 2 2 1 2 4 1 4 1 2 4 4 2 2 3 1 1 2 3 2 1 3 2 2 2 3 2 4 
4 3 2 1 4 3 1 3 1 1 4 3 4 1 2 3 2 2 4 2 2 1 2 4 3 2 3 1 3 1 3 3 1 1 4 4 3 4 1 2 3 4 1 1 3 2 1 1 4 1 2 4 1 2 2 1 3 4 2 1 1 1 2 1 2 2 1 3 1 3 3 3 4 2 1 3 2 2 2 3 1 3 1 4 4 2 2 4 1 1 3 2 2 4 3 1 1 1 3 4 
4 2 4 3 1 1 2 2 4 1 1 1 3 2 1 3 1 1 3 4 2 2 1 1 3 2 2 2 1 4 1 2 3 4 2 2 1 2 1 3 1 3 4 1 4 2 2 3 2 4 4 4 1 4 1 2 2 1 3 2 1 3 1 1 1 2 4 2 2 1 2 4 4 3 1 3 3 2 3 1 3 4 1 3 1 4 4 4 2 2 4 2 4 2 2 3 1 2 2 4 
4 2 1 4 2 2 4 2 2 2 2 4 4 1 1 4 2 3 1 3 2 4 1 3 2 3 3 3 3 3 3 2 4 2 2 1 4 4 3 3 2 1 2 4 4 3 4 3 2 4 1 3 4 1 4 2 3 4 4 4 2 4 3 4 3 1 3 2 3 1 1 4 1 3 3 4 2 2 3 2 4 1 1 1 4 1 3 1 1 3 1 2 1 1 1 2 4 3 2 4 
4 1 4 4 4 2 4 2 1 4 2 2 3 4 4 3 2 3 4 1 2 4 3 4 2 4 1 2 3 2 4 4 3 3 3 2 3 1 1 4 4 1 1 4 3 2 3 1 2 3 2 4 2 4 4 2 1 2 4 2 2 3 4 4 3 3 2 1 2 4 2 2 1 1 4 4 3 4 1 3 2 3 2 3 3 3 4 2 4 3 4 4 1 2 1 2 4 1 1 4 
4 2 4 4 2 1 3 1 3 2 2 2 3 4 3 4 1 1 4 3 2 2 2 3 4 3 1 3 4 3 2 3 3 1 2 3 3 2 2 4 2 1 2 4 1 2 3 2 3 1 1 4 2 3 4 1 1 3 2 1 2 3 2 3 1 4 4 2 2 4 1 1 2 3 3 2 2 3 1 3 3 4 3 1 4 3 3 1 1 4 1 1 3 3 1 1 4 4 3 4 
4 4 2 2 3 4 2 3 3 2 2 3 1 2 1 2 4 1 3 4 1 2 3 4 3 2 4 1 2 4 1 1 4 4 4 4 2 2 3 2 3 4 2 3 2 4 3 2 3 4 4 1 1 4 3 3 2 3 4 1 2 4 2 1 1 1 1 2 1 3 2 1 3 2 4 2 3 3 4 2 1 1 4 1 3 1 4 1 1 4 3 1 3 2 3 2 2 2 4 4 
4 2 2 3 4 4 1 2 1 2 3 1 4 4 4 4 4 2 2 3 3 2 4 2 2 4 1 2 1 3 3 2 4 2 1 1 2 2 3 2 2 4 3 1 2 4 2 4 4 2 4 2 3 3 4 4 2 1 1 1 1 3 4 4 2 3 1 3 4 4 2 1 3 1 1 2 4 4 4 2 4 3 2 4 3 1 1 3 4 3 3 4 3 2 1 3 2 1 3 4 
4 1 4 4 2 3 3 1 3 1 1 2 2 1 3 4 1 3 2 3 2 3 1 2 2 4 3 1 2 4 3 4 3 1 2 3 4 2 3 3 2 3 1 2 3 4 3 3 1 4 2 3 2 4 2 1 4 3 3 4 2 3 1 1 3 3 1 4 2 2 2 1 4 3 2 2 4 4 2 1 4 3 2 3 3 1 1 4 1 3 2 3 3 4 4 2 3 4 1 4 
4 1 4 3 1 4 4 3 4 1 2 1 2 1 1 2 4 4 2 4 3 1 4 4 2 2 3 2 3 1 1 3 4 2 4 1 2 2 2 4 2 3 2 1 2 4 1 3 1 1 4 4 1 3 4 4 1 1 1 4 3 4 2 2 2 1 4 4 1 4 3 3 1 1 2 1 4 1 1 4 2 2 2 3 4 2 2 4 4 1 2 2 3 1 3 1 2 1 4 4 
4 2 1 1 4 4 2 1 3 2 1 4 3 2 2 4 2 2 1 1 3 4 2 3 1 3 3 3 2 4 4 3 4 1 3 4 3 4 4 3 4 3 3 3 3 4 4 2 4 2 3 2 2 4 1 4 2 1 4 3 3 4 1 1 4 3 1 2 1 3 3 3 2 4 4 4 1 3 3 3 4 3 3 3 2 4 2 4 1 2 2 2 4 2 1 3 1 4 2 4 
4 2 4 2 4 3 4 3 2 4 4 2 1 4 4 4 1 3 1 2 2 3 3 1 2 4 4 3 4 3 3 4 2 1 4 1 3 1 3 3 3 2 4 4 4 2 4 2 1 4 3 3 1 1 4 1 2 1 2 1 3 3 1 1 4 1 1 2 3 4 3 1 2 3 3 2 2 4 4 1 2 1 4 3 4 3 2 2 3 2 2 1 2 2 1 2 3 1 1 4 
4 2 3 3 3 3 4 2 3 1 1 3 3 2 4 4 1 4 4 1 1 1 2 2 4 3 3 2 3 2 1 1 3 3 3 2 3 1 3 4 2 3 4 1 1 1 1 3 4 3 2 2 2 4 4 1 2 4 4 1 1 1 4 1 1 3 1 2 2 1 1 4 1 1 3 4 2 3 3 3 1 3 4 2 2 1 3 4 3 3 4 1 2 1 1 2 4 2 4 4 
4 1 2 1 2 4 4 4 3 1 2 3 4 3 2 4 2 2 3 4 1 1 2 2 3 1 3 1 3 2 1 2 4 1 1 1 4 2 2 4 2 3 3 4 3 4 2 1 4 4 2 2 4 1 3 4 1 1 1 3 2 4 4 4 4 4 3 2 4 1 4 3 4 1 3 1 1 3 4 2 2 3 2 1 2 3 4 3 1 4 1 3 1 1 2 2 2 2 3 4 
4 2 1 1 4 2 4 4 2 3 3 3 2 4 3 4 2 3 1 3 1 3 3 4 2 2 2 3 2 2 4 4 3 1 1 3 3 1 3 1 2 2 4 1 3 4 4 2 3 3 1 3 1 4 1 2 3 3 2 4 3 1 4 2 3 1 1 1 3 1 2 4 2 3 2 2 2 3 3 3 4 1 3 2 4 3 1 4 4 4 3 2 1 1 4 3 2 1 2 4 
4 2 2 4 1 1 4 3 4 2 3 2 4 1 3 2 1 4 3 4 1 1 4 4 3 3 1 2 1 2 2 2 4 1 4 4 3 4 4 2 3 4 3 1 1 3 1 1 1 3 2 4 4 3 2 2 2 2 3 2 3 1 3 3 3 3 3 3 1 4 4 3 3 2 3 2 3 1 2 3 3 3 4 4 3 1 1 2 3 1 2 1 1 1 2 4 2 4 4 4 
4 1 3 4 1 3 4 2 4 4 1 1 2 4 3 4 1 2 2 2 2 3 4 2 1 4 1 3 1 4 3 3 1 1 3 3 1 1 2 3 1 3 3 4 2 1 1 4 4 2 1 1 1 2 3 3 3 3 3 3 1 2 3 1 2 3 4 2 1 2 4 4 3 1 3 3 3 2 3 4 3 1 3 4 4 3 4 4 1 3 3 4 4 4 1 4 1 3 1 4 
4 2 4 2 3 3 3 1 4 4 2 4 1 4 4 3 1 1 3 4 3 3 3 4 1 3 3 3 2 1 1 1 2 1 2 4 3 2 4 1 3 2 4 1 2 3 4 1 3 2 3 4 2 1 1 1 2 1 2 2 1 2 2 1 4 4 4 1 1 2 2 4 2 3 2 3 4 1 1 1 1 3 4 1 3 1 2 3 2 3 2 2 1 2 3 2 2 3 1 4 
4 4 1 3 3 3 2 4 4 2 3 1 1 3 4 2 1 4 4 1 4 1 1 4 2 1 3 1 4 2 2 4 4 2 1 3 1 4 2 1 4 1 1 4 4 2 1 2 2 4 4 2 3 2 2 1 2 2 3 2 4 4 3 1 4 2 3 1 3 1 2 2 3 2 2 1 2 3 4 3 2 2 3 1 2 4 4 1 3 2 4 4 1 3 3 1 4 4 2 4 
4 4 2 1 4 3 1 2 1 3 2 2 2 3 4 4 2 2 2 1 2 2 4 2 1 1 1 1 1 2 2 2 2 4 3 4 2 2 4 3 3 4 2 4 2 1 1 1 1 2 2 3 2 2 3 4 3 1 1 2 4 3 2 1 3 2 4 1 4 1 2 3 1 1 3 2 2 1 2 2 3 1 2 3 3 1 3 4 1 4 3 2 1 1 3 2 1 4 4 4 
4 1 1 1 1 2 1 2 4 2 1 2 3 2 2 1 4 4 1 1 3 2 2 2 2 3 1 4 4 1 1 4 2 2 1 2 3 2 3 2 2 3 3 1 2 3 3 1 3 1 4 4 3 2 1 2 4 3 4 3 4 3 1 4 4 2 1 2 2 4 3 1 1 3 2 1 1 3 1 4 2 1 4 2 3 3 3 2 3 2 3 3 1 2 3 1 2 3 3 4 
4 3 1 2 1 1 4 4 3 4 3 1 4 1 2 1 2 2 4 4 4 2 4 4 4 3 3 2 3 2 1 3 4 1 1 3 2 2 3 2 3 4 2 3 3 1 1 3 2 3 2 3 3 2 1 1 2 4 2 3 1 1 1 1 4 2 3 1 3 4 3 3 1 1 1 2 1 1 3 2 4 4 3 1 2 4 4 1 4 4 3 2 2 4 3 4 2 1 4 4 
4 4 4 1 1 3 4 2 2 3 3 4 3 1 3 2 1 4 3 4 4 3 1 2 2 3 3 1 3 4 3 3 3 2 4 2 3 1 4 1 2 1 3 2 3 1 1 2 3 1 1 2 4 3 4 2 1 3 1 2 4 3 3 4 1 4 4 3 4 1 2 4 4 2 4 2 2 3 2 4 1 3 3 1 3 4 2 2 3 1 2 4 3 4 3 3 2 3 4 4 
4 1 2 1 1 3 4 4 3 2 1 4 3 4 2 4 4 1 2 4 3 1 2 4 2 1 4 3 4 1 1 2 4 3 4 2 1 3 1 4 1 2 3 3 1 1 2 4 4 3 4 1 4 1 3 2 3 4 3 1 3 2 4 4 3 4 1 4 2 2 1 4 1 3 3 3 2 3 3 2 1 3 4 4 1 3 1 3 1 4 3 2 2 4 1 4 3 3 1 4 
4 1 4 3 4 1 4 1 1 4 2 3 2 2 2 1 3 3 3 3 2 1 2 2 2 3 4 1 4 3 2 1 1 4 2 1 3 2 3 3 4 3 2 2 2 3 1 1 1 3 2 4 1 4 2 1 2 4 4 2 2 2 1 4 1 3 4 1 2 1 2 2 4 3 1 4 1 3 3 2 2 2 3 4 2 3 3 1 4 4 1 1 4 1 2 3 2 1 1 4 
4 1 1 1 3 4 3 4 1 1 4 3 4 4 1 4 1 1 3 2 3 1 3 4 4 4 3 2 2 2 2 2 2 4 4 4 4 4 3 2 4 3 1 3 4 3 3 2 1 1 1 2 1 1 1 3 4 4 4 3 1 1 4 1 2 1 3 4 4 3 4 4 4 2 1 1 1 4 1 3 4 4 4 4 3 3 3 2 4 2 3 3 4 1 2 4 1 4 4 4 
4 4 1 2 3 3 4 1 1 3 1 3 1 4 4 2 1 2 2 4 1 4 2 3 3 4 2 2 4 4 3 3 4 1 1 2 2 3 3 4 3 3 1 1 2 4 1 3 2 4 4 4 1 2 2 4 3 3 1 2 3 3 3 3 3 3 3 2 4 1 1 4 4 1 1 3 1 1 1 2 4 4 3 3 3 3 4 3 1 3 1 1 3 4 4 4 4 1 1 4 
4 4 2 4 3 1 3 3 1 4 3 2 4 4 3 1 1 2 3 2 2 4 1 2 2 1 2 3 1 4 1 4 1 1 3 2 3 3 3 3 1 1 1 4 1 2 1 2 4 2 3 3 4 1 1 4 1 3 2 2 4 1 4 2 3 1 2 1 2 2 2 3 4 1 2 1 3 3 1 1 2 1 2 2 1 2 2 1 2 1 1 2 2 1 4 4 2 1 2 4 
4 3 3 4 3 4 3 3 2 3 3 1 4 4 4 3 2 2 4 2 3 4 4 2 4 4 2 3 1 3 2 4 1 1 3 1 4 2 2 4 3 1 3 1 1 2 1 1 4 3 2 3 1 2 2 3 2 2 3 3 1 2 1 3 2 1 4 4 1 2 4 1 3 2 4 1 1 3 1 4 4 2 1 3 3 1 4 1 2 3 1 4 1 3 1 3 3 1 1 4 
4 2 1 3 1 1 1 3 2 4 3 2 3 2 3 2 2 4 2 3 1 1 1 4 3 1 1 4 1 3 4 3 1 4 4 3 4 1 2 1 4 4 3 3 2 3 3 4 3 4 3 3 3 2 2 3 3 4 4 2 3 4 3 1 1 2 2 2 3 1 4 1 3 1 4 3 3 1 1 4 3 3 1 3 2 3 1 2 1 1 3 2 2 4 3 4 1 2 2 4 
4 2 3 4 1 4 3 3 3 2 4 4 2 1 1 2 2 3 4 3 4 4 2 3 3 4 1 1 3 3 2 3 2 3 4 3 2 4 1 3 1 4 3 3 1 3 2 4 1 3 1 3 1 1 4 2 3 4 3 1 2 3 2 2 3 4 1 2 2 4 1 2 2 4 1 1 2 1 3 2 4 4 3 3 2 2 2 2 4 4 2 3 1 4 1 3 3 4 2 4 
4 4 1 1 1 4 3 2 3 1 3 3 2 4 2 1 2 1 1 1 4 3 3 3 2 1 3 3 1 1 1 3 2 4 3 1 1 2 4 1 3 3 1 3 4 2 1 4 3 3 1 2 4 3 4 1 4 1 3 1 1 4 3 3 1 4 1 3 2 3 3 2 1 2 2 1 4 4 1 2 2 3 4 1 4 1 2 1 2 2 1 2 1 4 3 1 1 3 1 4 
4 1 4 1 4 2 1 4 4 1 2 3 2 2 1 4 4 2 2 1 1 3 3 4 2 3 1 2 2 3 2 3 4 1 3 1 4 2 1 3 1 3 4 1 2 2 1 2 3 2 3 2 4 1 2 1 3 1 1 4 3 1 4 4 3 1 3 3 4 4 3 4 2 4 3 3 2 2 2 3 2 4 3 3 3 3 1 3 4 1 3 1 3 1 1 2 2 4 1 4 
4 4 2 1 1 2 3 4 4 1 4 3 3 3 3 3 2 2 4 3 1 4 4 3 2 2 2 2 3 3 4 1 1 4 1 2 3 3 4 2 3 1 4 2 2 1 2 1 3 1 1 4 2 4 4 3 1 3 2 1 1 2 3 3 4 1 3 3 1 1 1 1 1 4 3 4 3 3 2 4 4 2 4 4 3 3 4 4 4 4 4 2 3 4 2 2 4 3 4 4 
4 3 3 4 4 1 3 3 4 3 3 3 1 1 1 4 3 3 4 3 4 4 1 3 3 1 4 3 3 3 3 3 2 2 4 3 1 3 4 4 4 1 1 4 4 1 3 3 1 3 4 2 4 1 3 3 1 3 1 1 1 2 2 4 3 4 4 3 1 2 3 1 2 2 3 3 4 1 4 4 2 4 3 2 1 4 1 2 1 1 1 4 1 3 4 3 3 4 3 4 
4 1 3 4 4 1 4 3 4 4 3 2 4 1 2 2 2 3 4 2 4 3 1 3 3 4 3 2 1 1 4 3 1 4 3 4 3 4 3 2 1 3 3 2 4 4 3 1 3 2 4 3 3 2 3 3 3 2 1 2 3 4 2 2 2 2 2 4 2 3 3 1 3 1 2 1 3 2 3 4 3 4 2 2 4 4 4 4 1 1 4 2 4 4 4 3 4 4 4 4 
4 4 2 4 2 3 1 2 4 3 1 1 2 3 1 1 3 1 3 3 2 4 1 2 2 3 3 3 3 4 4 2 1 3 4 4 3 4 3 1 4 4 4 2 3 3 1 3 3 1 3 1 2 3 4 2 1 2 1 3 1 2 2 2 3 2 4 1 4 4 4 4 3 2 2 1 4 3 3 2 3 1 1 1 3 4 2 2 1 3 3 3 2 2 2 4 4 4 3 4 
4 4 2 4 3 4 3 4 2 3 4 4 2 3 4 4 4 2 2 3 4 4 3 4 1 4 4 4 3 1 1 3 2 4 1 2 3 1 4 1 1 1 2 2 3 4 2 1 4 2 2 2 1 3 1 3 2 2 2 1 1 1 3 2 4 1 1 1 2 2 3 2 2 4 3 3 3 3 3 4 4 1 4 2 3 2 4 2 1 1 4 3 4 2 4 3 1 2 1 4 
4 4 2 4 3 3 4 4 1 4 4 3 1 2 4 1 1 2 1 3 3 1 2 3 2 2 3 3 3 2 1 3 3 3 1 1 2 4 4 2 4 4 1 3 4 2 2 4 3 4 1 4 4 1 2 1 1 2 2 3 3 3 1 3 1 1 4 2 1 3 1 1 4 1 4 2 3 3 1 3 1 2 3 1 3 2 4 4 1 2 1 1 2 1 2 3 2 4 3 4 
4 1 1 2 1 4 4 1 3 2 4 3 4 1 2 4 1 4 3 4 4 4 3 2 3 4 3 4 2 2 1 1 2 1 4 1 2 4 4 1 3 1 2 4 3 1 4 2 2 4 1 3 4 1 4 4 4 4 3 1 2 2 3 4 4 4 1 3 4 3 4 2 3 4 2 2 4 3 4 3 1 1 3 4 3 3 1 4 3 2 4 3 2 3 3 3 1 3 1 4 
4 4 3 2 1 4 2 4 4 2 3 2 4 2 4 3 3 1 2 4 2 2 3 4 3 3 1 3 4 3 2 2 4 1 2 3 2 1 1 1 4 4 2 1 1 1 3 1 4 2 1 4 3 1 1 3 1 1 1 2 1 3 3 2 3 3 4 4 1 1 1 4 4 2 4 4 3 1 1 1 3 1 4 2 4 4 1 4 2 3 2 1 1 3 2 2 2 2 1 4 
4 3 2 3 3 1 2 2 3 3 1 2 3 1 2 1 3 2 3 3 1 1 4 2 3 3 2 1 1 1 2 1 1 3 1 3 4 2 3 1 2 4 3 2 2 1 2 2 1 1 4 2 1 1 4 3 3 2 3 3 3 2 1 2 4 3 3 2 1 2 4 3 2 4 3 2 3 3 1 4 1 2 1 1 1 1 3 1 4 4 1 3 1 2 1 1 1 1 1 4 
4 4 3 1 2 3 2 3 1 4 1 3 2 4 4 1 3 1 3 2 2 1 1 1 2 2 1 4 4 1 3 2 3 1 2 2 3 1 2 1 4 1 3 1 4 3 4 2 4 3 4 4 4 2 4 2 3 1 1 2 3 3 4 1 3 1 1 2 3 1 4 4 1 1 3 2 2 3 4 2 4 4 3 2 2 3 2 3 1 4 4 1 4 4 2 3 4 1 3 4 
4 3 1 1 1 1 3 4 2 4 3 3 3 3 4 4 4 3 2 2 2 3 1 4 3 4 4 3 3 2 2 2 3 2 4 1 2 1 3 1 2 4 2 3 1 1 4 4 4 1 3 1 2 2 3 1 2 4 2 4 4 4 3 3 3 2 2 2 3 3 2 2 2 1 4 4 2 1 4 1 4 1 2 2 4 4 2 3 4 1 2 2 4 3 4 2 2 2 4 4 
4 3 4 3 1 1 1 4 3 4 2 2 4 1 1 2 1 3 4 4 1 1 1 3 2 3 1 3 3 2 3 2 4 2 1 2 4 3 3 4 1 3 1 4 2 1 4 4 1 4 4 3 1 4 4 4 3 2 4 1 4 4 2 3 3 3 4 3 2 4 2 2 3 4 1 3 3 3 1 2 4 3 3 4 3 2 4 4 3 3 3 3 3 3 4 3 1 4 3 4 
4 4 2 4 2 1 4 2 4 3 2 2 2 4 2 4 4 2 2 4 3 2 3 4 4 3 2 4 3 3 2 2 4 4 4 2 4 4 4 3 4 3 1 1 2 4 1 2 4 3 4 4 2 3 2 3 1 4 2 4 1 4 2 4 1 4 1 3 3 1 4 3 4 4 1 3 2 1 2 3 2 4 1 2 3 4 3 2 2 1 4 3 4 2 3 3 3 2 3 4 
4 1 4 4 3 4 4 2 1 3 4 2 4 1 3 1 2 1 2 4 4 4 3 3 2 3 2 4 1 4 4 3 2 1 1 1 2 2 3 1 3 2 2 1 3 4 1 4 4 2 1 3 2 1 1 2 3 3 2 2 4 4 1 4 1 1 2 3 1 1 1 4 3 1 3 2 2 3 2 2 3 3 4 4 4 4 2 1 3 1 3 3 1 4 3 1 1 3 1 4 
4 2 3 3 3 1 2 1 3 4 3 2 4 4 2 4 4 1 1 1 4 2 1 3 3 2 3 2 1 1 2 3 2 4 2 2 1 4 1 4 2 3 4 1 2 2 1 1 1 4 1 4 2 4 4 4 2 2 2 4 4 2 2 1 4 1 2 3 2 2 2 1 4 2 4 3 3 1 3 1 4 1 3 2 2 1 2 4 3 4 3 2 4 4 3 2 4 3 3 4 
4 3 3 1 1 3 2 4 2 2 3 2 4 4 2 3 1 2 1 4 2 3 2 1 1 1 3 4 1 4 2 1 3 2 4 3 1 2 1 3 2 4 1 4 4 2 3 4 4 3 3 1 2 4 4 1 1 1 1 2 2 2 4 4 1 1 3 4 3 1 1 1 4 2 4 2 4 1 2 2 4 3 2 3 3 3 1 2 1 2 2 1 3 2 3 1 3 1 4 4 
4 2 2 2 4 3 1 1 1 2 1 2 2 4 3 2 2 1 2 2 1 4 3 3 2 4 1 2 2 2 2 2 4 2 1 3 4 3 3 3 2 3 2 1 2 2 1 1 2 3 1 4 4 2 1 4 4 4 2 1 1 4 4 3 4 2 4 2 3 1 1 2 1 1 3 3 4 3 4 4 3 2 4 2 2 3 1 3 2 1 4 4 4 2 3 4 4 3 4 4 
4 1 2 3 2 3 3 1 1 4 1 4 1 2 1 2 2 1 1 2 3 4 3 1 1 1 4 2 1 4 2 3 4 2 3 1 3 3 4 4 3 4 3 2 3 1 2 2 2 2 2 2 4 1 1 3 3 2 3 3 4 3 3 1 1 2 2 2 1 1 4 4 2 3 3 4 3 2 1 2 3 1 3 1 1 1 2 1 3 2 3 1 1 2 1 2 1 3 1 4 
4 2 3 2 3 4 1 2 2 1 2 2 4 2 2 2 3 2 4 2 2 2 4 1 1 1 1 2 1 3 2 1 3 4 2 2 2 4 2 1 4 1 1 2 1 4 2 2 2 2 1 2 3 1 4 1 3 3 2 4 4 4 2 2 4 2 1 2 1 1 2 3 1 1 2 4 2 3 1 4 4 2 4 1 2 3 3 2 1 3 2 1 1 2 2 2 1 2 2 4 
4 2 4 2 3 1 1 1 2 1 1 4 1 2 4 4 2 2 4 2 3 4 3 3 4 1 1 3 2 1 1 4 3 1 4 1 4 1 2 2 3 3 4 3 2 4 4 1 4 1 4 3 2 2 4 3 2 3 1 1 4 1 2 2 4 2 4 3 3 4 1 1 2 2 3 2 2 1 1 4 4 3 2 3 4 3 4 1 2 1 2 1 2 4 1 3 3 3 1 4 
4 1 4 2 4 3 2 3 3 3 4 4 4 3 1 1 2 1 2 2 3 1 2 4 2 3 4 4 4 4 2 1 4 3 3 4 1 4 3 4 4 4 3 3 1 2 1 4 4 4 4 4 4 2 3 3 4 1 3 4 4 3 2 2 1 2 2 2 3 3 3 3 3 4 3 3 4 4 4 1 2 2 2 3 4 4 1 3 3 3 4 3 4 1 3 3 3 3 1 4 
4 4 1 2 3 3 2 4 3 3 3 3 2 4 4 3 2 2 2 1 3 2 1 2 4 3 1 3 4 1 2 3 2 4 1 3 3 1 1 3 4 4 3 4 2 3 1 2 1 3 4 1 4 1 1 1 2 4 1 1 2 4 3 3 2 1 2 4 3 1 3 1 1 3 1 4 3 3 4 1 2 3 1 3 4 1 2 3 2 2 1 1 2 2 4 1 3 2 1 4 
4 3 1 3 4 1 4 4 4 4 2 1 1 3 4 1 1 4 1 2 3 2 1 2 1 3 1 3 1 3 1 2 3 3 3 3 3 4 3 1 1 2 2 2 4 1 2 1 1 2 1 3 2 3 1 3 2 4 1 1 2 4 4 3 1 3 2 3 1 1 1 2 2 1 4 1 4 2 1 3 1 4 4 4 4 2 1 2 3 1 1 2 3 1 1 4 2 1 2 4 
4 4 1 4 2 3 4 2 1 1 1 2 2 2 2 3 2 3 3 1 2 2 2 3 1 4 3 1 2 2 1 1 1 2 3 4 1 1 4 2 2 2 4 2 4 4 4 3 1 2 1 1 1 3 3 2 3 2 2 4 4 3 2 2 2 2 1 3 4 2 4 2 3 4 2 3 1 3 2 1 1 4 4 4 2 4 3 4 3 3 2 1 4 1 3 1 1 3 1 4 
4 1 2 1 3 4 1 2 4 4 1 1 4 3 4 2 4 3 4 3 2 2 1 3 1 4 2 1 2 1 1 4 3 2 4 2 3 2 1 4 1 1 3 4 4 3 2 2 2 2 2 4 4 3 1 1 2 3 3 1 1 2 1 3 4 3 1 2 2 4 3 3 3 1 2 2 4 2 2 2 3 2 3 4 1 1 3 2 4 3 3 4 1 3 1 4 4 2 3 4 
4 4 2 4 2 1 4 1 4 3 2 1 2 1 3 3 2 1 3 1 2 2 3 2 3 1 4 4 3 3 3 4 2 3 2 4 1 2 4 1 3 3 4 3 2 4 4 1 4 1 4 3 4 4 4 4 2 3 2 2 4 3 4 1 1 2 4 3 3 4 1 2 4 4 1 1 1 1 3 2 1 3 4 3 3 1 3 3 2 3 4 3 4 3 2 3 3 1 1 4 
4 3 4 2 4 4 4 1 2 3 1 4 1 4 4 2 1 1 2 3 4 1 4 3 3 1 3 2 4 4 2 1 3 1 4 4 3 4 2 4 3 4 3 3 4 4 2 3 2 2 4 4 1 1 1 2 3 3 3 4 3 3 4 1 2 3 1 4 1 2 3 1 2 1 2 4 3 2 1 4 2 2 4 3 3 4 1 3 3 2 4 4 1 3 4 2 3 3 4 4 
4 3 2 3 3 4 4 2 2 1 4 3 3 3 2 3 1 2 1 4 1 2 4 1 1 3 2 2 3 2 2 2 4 2 4 1 2 4 1 3 1 4 2 4 1 2 1 3 2 4 4 1 3 3 4 4 2 1 2 4 2 1 3 3 2 2 1 3 1 3 1 3 2 3 4 1 1 4 3 2 3 3 4 3 3 4 2 4 3 2 1 1 1 4 4 3 4 2 3 4 
4 4 2 1 2 1 1 1 4 3 4 3 3 2 4 4 2 4 4 4 3 1 3 2 2 1 3 1 4 1 1 3 2 3 3 4 1 2 4 2 4 3 1 1 2 3 2 3 1 1 4 4 4 2 1 2 4 2 4 1 4 2 1 1 1 1 3 3 3 4 3 4 2 1 4 2 3 4 2 2 2 4 1 2 1 1 2 1 4 1 2 4 2 3 4 3 3 2 4 4 
4 1 2 2 1 4 2 3 4 3 3 4 1 3 4 4 2 3 4 1 4 2 1 3 3 4 4 3 1 2 2 3 2 1 3 3 4 3 2 3 1 3 4 4 1 2 2 3 2 2 2 3 1 3 1 3 1 3 1 1 1 2 1 3 3 2 3 4 2 2 1 2 3 1 3 1 2 2 4 4 1 4 4 1 2 1 4 1 3 3 2 3 2 1 2 2 1 1 2 4 
4 1 3 2 4 1 3 1 4 2 4 1 2 1 2 2 4 4 3 2 1 1 1 4 4 1 1 1 4 4 4 3 3 2 3 2 1 3 1 4 3 2 3 4 3 1 3 2 2 1 3 1 3 4 2 1 3 2 2 4 1 2 3 3 2 4 1 4 3 4 4 3 2 3 4 4 1 2 2 3 4 3 3 2 2 2 1 4 1 4 3 3 1 3 3 2 2 1 3 4 
4 3 1 1 2 3 2 1 1 4 2 3 3 4 3 4 2 2 1 2 4 2 2 2 4 3 1 2 3 3 3 2 2 3 2 1 4 4 2 4 4 3 3 4 1 2 2 2 4 4 2 1 3 1 1 3 1 2 4 4 1 2 1 1 4 1 1 4 2 1 4 3 1 4 3 1 2 1 3 3 3 4 1 1 4 4 3 4 2 1 3 1 4 4 1 2 1 2 2 4 
4 3 1 2 2 4 2 3 4 2 4 1 3 1 4 4 4 1 2 1 4 1 4 1 3 1 3 4 4 1 2 4 1 2 1 4 3 2 3 2 4 3 4 4 2 1 2 4 2 1 3 3 1 4 2 4 3 1 1 1 1 1 1 2 1 2 1 3 4 1 1 4 3 3 1 1 2 2 3 1 1 2 4 3 1 4 1 4 2 4 4 1 1 4 2 1 4 2 2 4 
4 4 1 3 1 3 4 4 2 3 2 3 2 2 4 4 4 3 3 1 1 4 4 2 4 3 4 4 3 1 1 1 3 1 2 1 4 1 3 1 2 4 4 2 3 1 3 4 2 3 2 1 4 2 1 4 3 3 2 3 4 4 1 2 4 3 4 2 3 1 2 1 3 4 1 2 4 1 4 4 1 3 1 4 1 3 2 3 4 2 4 4 4 3 2 4 1 4 1 4 
4 2 2 3 2 3 3 2 3 3 1 3 2 4 1 1 4 4 2 3 1 3 3 2 3 2 1 3 2 4 3 2 4 4 4 1 1 2 2 2 2 4 2 4 4 1 3 4 2 2 1 3 3 3 3 3 3 3 2 2 1 4 4 4 4 1 3 2 1 1 2 1 3 4 2 3 4 1 4 3 1 2 2 4 1 2 4 4 4 2 3 4 4 3 4 1 1 1 1 4 
4 1 4 3 3 2 3 2 4 4 2 4 4 4 1 2 1 1 2 1 4 4 1 2 4 4 2 2 2 2 1 1 4 2 1 1 4 4 1 4 1 3 2 2 4 1 4 1 1 3 1 1 3 3 4 3 1 3 4 1 3 3 3 2 4 3 2 4 4 2 4 3 1 4 4 2 2 2 4 1 4 4 1 1 2 1 4 2 1 1 1 2 1 3 4 2 2 2 4 4 
4 1 2 4 1 4 4 4 4 2 3 3 1 3 2 4 2 4 3 3 1 3 1 1 3 3 4 2 1 4 2 1 1 4 3 4 1 2 3 1 3 2 4 3 1 2 4 4 1 1 3 2 4 2 2 2 1 4 3 2 2 2 2 1 2 2 3 2 3 1 4 2 2 3 1 1 2 2 3 4 2 3 3 3 2 3 4 1 1 3 4 4 1 1 4 3 1 3 2 4 
4 4 3 2 3 1 4 1 4 4 4 3 4 3 4 2 4 2 4 2 2 4 3 3 4 2 3 4 3 1 1 4 4 3 1 4 4 2 3 3 3 3 3 2 2 4 3 3 2 1 4 2 4 4 1 1 4 3 1 2 1 3 4 2 2 2 4 4 3 1 2 2 1 2 1 1 3 2 3 4 4 2 1 1 1 1 1 4 2 1 1 3 3 3 1 2 3 1 4 4 
4 4 2 4 4 2 4 2 2 4 4 1 4 4 2 4 2 1 2 3 2 4 3 2 3 4 3 3 2 1 1 1 1 3 2 3 3 4 2 4 4 1 3 1 2 4 3 3 1 2 4 1 2 1 1 3 2 4 3 3 2 3 2 4 2 4 1 4 4 3 4 3 1 2 2 4 4 1 4 3 4 1 4 3 3 1 4 1 2 2 2 1 4 1 4 4 3 1 3 4 
4 4 2 4 2 3 4 3 4 4 2 4 4 4 1 1 2 3 3 4 2 1 3 2 2 3 1 4 4 3 2 4 3 4 4 1 3 4 2 1 3 1 1 4 2 1 4 2 1 4 3 2 2 2 1 2 1 4 1 1 1 3 3 3 2 4 2 2 1 3 1 1 3 3 2 3 3 1 1 4 4 1 4 3 2 4 1 1 3 2 4 2 4 1 4 2 3 1 3 4 
4 4 2 1 3 2 1 4 1 3 1 2 4 3 4 3 2 3 4 2 4 3 4 3 1 3 3 1 2 3 1 3 2 3 1 2 4 2 3 2 1 1 4 4 3 3 1 1 4 2 3 2 4 4 4 1 1 1 2 4 3 2 1 3 4 4 2 2 2 2 1 3 2 1 3 3 1 2 4 3 2 4 2 4 1 1 2 3 2 2 3 1 4 3 1 1 2 1 4 4 
4 3 3 2 1 4 1 4 2 2 1 3 4 3 3 1 4 3 1 1 1 4 2 2 4 2 4 4 1 1 2 2 1 4 2 4 1 4 3 3 4 4 1 3 1 2 4 2 3 3 2 4 4 1 2 1 2 2 1 4 1 1 4 2 3 4 4 3 3 1 1 3 4 2 1 1 4 3 1 4 4 3 1 1 4 1 3 3 2 2 3 4 1 4 1 4 3 4 4 4 
4 3 3 2 2 1 2 1 4 2 3 4 3 3 4 3 3 4 3 3 2 3 1 3 4 1 1 1 1 2 1 2 3 3 2 2 4 1 2 1 3 1 3 1 4 1 3 1 2 3 1 4 2 3 4 4 3 1 3 3 4 2 2 3 1 2 3 4 4 4 4 3 1 3 1 4 4 2 2 1 3 4 2 3 2 3 4 3 1 2 3 1 1 3 3 3 3 3 3 4 
4 1 2 3 3 2 2 4 3 3 3 2 1 4 3 3 4 1 4 2 1 4 1 4 3 3 2 3 1 3 3 3 4 1 4 3 2 1 1 3 1 2 4 3 3 4 1 1 3 3 2 4 1 4 2 1 2 2 4 4 3 1 2 4 1 2 1 3 1 1 2 3 3 3 3 2 2 1 4 1 2 2 4 3 4 4 4 3 3 1 3 3 1 4 1 2 1 3 3 4 
4 2 1 3 3 4 1 4 1 4 3 4 2 3 4 1 4 2 4 4 4 2 3 4 4 3 2 2 4 4 3 2 1 4 2 3 1 1 4 1 3 1 1 1 3 1 2 3 3 4 2 1 2 3 3 2 4 4 2 4 3 1 4 2 2 4 4 4 4 1 3 2 3 1 3 2 2 4 4 2 4 2 3 3 2 1 1 4 1 4 3 2 4 3 1 4 1 2 1 4 
4 2 2 4 1 3 2 1 4 1 2 3 2 1 3 1 2 1 3 2 1 3 2 3 2 3 4 4 2 3 2 2 4 1 1 1 1 2 4 3 3 1 3 2 4 1 1 4 4 2 3 2 4 4 4 4 1 3 3 4 2 4 4 2 2 4 1 4 2 2 3 4 1 3 4 1 2 4 3 4 3 4 1 2 1 4 1 1 4 4 4 4 2 3 4 2 3 1 3 4 
4 4 4 4 4 4 4 4 4 4 4 4 4 4 4 4 4 4 4 4 4 4 4 4 4 4 4 4 4 4 4 4 4 4 4 4 4 4 4 4 4 4 4 4 4 4 4 4 4 4 4 4 4 4 4 4 4 4 4 4 4 4 4 4 4 4 4 4 4 4 4 4 4 4 4 4 4 4 4 4 4 4 4 4 4 4 4 4 4 4 4 4 4 4 4 4 4 4 4 4 

