98
1000
1000

[Node]
0  0  0   0  0
99 0  0   0  0

[pickup]
1       505122626      12          18
2       504865782      29          14
3       504900247      32          17
4       504844669      33          10
5       502789389      33          8
6       505162674      40          14
7       503297617      40          11
8       504895215      45          16
9       502787394      49          15
10      502802054      49          18
11      502997308      50          11
12      504813165      50          17
13      505121657      51          18
14      502798324      52          12
15      504782558      55          6
16      504483241      62          14
17      505179308      72          20
18      503219384      72          20
19      502794343      73          5
20      504664262      78          20
21      504807788      82          9
22      502794469      82          5
23      504561518      83          17
24      504697856      83          9
25      503107234      85          16
26      504633794      86          11
27      504467528      87          9
28      503221322      94          19
29      502878271      97          20
30      505154681      98          20
31      503012782      106         15
32      504226419      106         16
33      505115866      106         10
34      503641528      110         7
35      504112581      115         14
36      502802038      120         14
37      504845350      128         15
38      505191730      131         11
39      502789230      132         17
40      504459921      132         16
41      502787837      148         16
42      502800050      153         13
43      502801968      153         19
44      502790450      157         8
45      503658860      162         18
46      502791054      168         13
47      505190963      174         5
48      504941658      178         18
49      502801750      182         7
50      505160758      185         14
51      502785850      190         6
52      502786541      201         13
53      505107611      204         11
54      504950887      206         15
55      504695606      210         13
56      505163840      212         11
57      504717668      217         6
58      504928743      227         9
59      504706103      233         18
60      505137588      233         17
61      504800637      240         19
62      502799157      242         14
63      504467511      255         16
64      502786498      265         16
65      503284101      267         18
66      503134808      268         8
67      502790595      269         11
68      505008224      277         10
69      505084995      292         20
70      505129431      300         14
71      504938844      331         14
72      502785770      335         7
73      504699548      337         20
74      505126632      349         20
75      502786917      398         16
76      502785928      413         20
77      502798824      436         16
78      502976944      450         16
79      504970852      468         5
80      502796219      470         14
81      502798686      475         16
82      504475038      494         9
83      502786534      507         10
84      502796218      514         7
85      503299570      549         17
86      505012229      648         17
87      502797790      650         19
88      502788707      664         12
89      502786503      717         15
90      505170466      734         18
91      504851316      780         11
92      503525248      913         18
93      503208855      936         19
94      504750395      960         5
95      505080279      1000        6
96      504555619      1000        9
97      502792352      1000        8
98      505186925      1000        19

[Speed 0]
0.81
30.0   60.0 0.0 0.6
90.0   150 0.0 0.4
300.0  540.0 0.0 0.81
570.0 630.0 0.0 0.6
660.0 720.0 0.0 0.4
750.0 840.0 0.0 0.81

[Speed 1]
1.33
30.0   60.0 0.0 0.8
90.0   150 0.0 0.6
300.0  540.0 0.0 1.33
570.0 630.0 0.0 0.8
660.0 720.0 0.0 1.3
750.0 840.0 0.0 2

[Speed 2]
1.33
30.0   60.0 0.0 1.0
90.0   150 0.0 0.8
300.0  540.0 0.0 1.33
570.0 630.0 0.0 0.8
660.0 720.0 0.0 0.6
750.0 840.0 0.0 1.5

[Speed 3]
1.5
30.0   60.0 0.0 0.9
90.0   150 0.0 0.8
300.0  540.0 0.0 1.5
570.0 630.0 0.0 0.9
660.0 720.0 0.0 0.8
750.0 840.0 0.0 1.5

[Speed 4]
2
30.0   60.0 0.0 1.1
90.0   150 0.0 0.9
300.0  540.0 0.0 2
570.0 630.0 0.0 1.1
660.0 720.0 0.0 0.9
750.0 840.0 0.0 2

[speed choose matrix]
4 4 4 4 4 4 4 4 4 4 4 4 4 4 4 4 4 4 4 4 4 4 4 4 4 4 4 4 4 4 4 4 4 4 4 4 4 4 4 4 4 4 4 4 4 4 4 4 4 4 4 4 4 4 4 4 4 4 4 4 4 4 4 4 4 4 4 4 4 4 4 4 4 4 4 4 4 4 4 4 4 4 4 4 4 4 4 4 4 4 4 4 4 4 4 4 4 4 4 4 
4 3 3 3 1 2 4 1 4 4 3 2 1 1 1 3 1 1 3 1 3 2 2 2 2 2 3 1 2 2 4 2 1 3 2 2 3 3 1 4 2 3 3 2 3 2 1 2 1 4 3 1 1 1 3 3 4 4 3 1 2 3 3 4 3 2 2 4 4 2 3 2 2 2 1 3 2 2 3 2 1 3 2 2 4 2 3 1 1 4 3 3 4 2 2 1 4 3 2 4 
4 2 3 4 2 2 4 3 1 1 4 3 4 1 3 2 3 4 2 4 3 3 2 3 4 4 4 1 3 3 2 4 1 2 1 1 4 1 1 4 1 4 2 1 3 1 1 4 2 1 3 3 3 4 4 2 1 1 4 2 3 3 1 4 2 1 1 2 2 3 4 3 3 2 2 3 2 3 4 2 1 4 3 1 3 4 2 4 3 1 1 1 2 4 2 3 3 3 3 4 
4 4 4 2 2 1 4 4 2 4 2 1 4 4 3 3 3 2 1 3 2 2 3 3 3 1 4 2 2 2 1 2 4 3 1 3 4 4 4 1 4 4 3 3 1 4 4 4 3 4 3 1 4 4 1 3 1 3 3 2 1 4 3 4 4 2 3 3 2 2 1 2 4 3 4 3 4 1 1 3 3 2 4 2 4 4 1 4 3 3 4 2 3 3 1 3 4 1 4 4 
4 1 3 3 1 4 2 1 2 4 3 4 3 2 2 2 2 4 2 2 1 4 1 3 3 3 3 2 3 4 2 2 4 2 3 3 1 4 2 4 2 3 4 4 4 3 2 2 2 4 1 3 1 3 2 1 3 3 3 4 3 4 4 1 2 2 3 3 4 2 2 3 1 3 4 3 3 3 4 3 2 4 4 2 1 1 3 3 4 4 4 2 3 1 3 4 1 1 1 4 
4 1 1 2 2 3 3 1 2 1 3 1 2 1 4 4 4 3 3 2 2 2 3 2 3 1 2 2 2 3 3 3 3 1 3 1 3 1 1 2 2 2 1 4 2 1 4 1 2 1 3 4 3 2 4 4 4 3 3 4 1 1 1 4 3 3 1 2 1 1 1 2 4 3 2 1 3 2 2 2 2 4 1 1 2 4 3 1 4 3 1 4 4 3 1 4 3 4 3 4 
4 4 4 1 1 1 1 3 3 2 2 2 2 1 2 4 4 1 4 4 2 3 3 3 4 3 3 2 3 1 2 2 4 3 2 4 3 1 1 1 3 4 4 1 1 1 1 3 3 2 4 1 4 4 1 1 3 3 2 2 3 4 1 1 3 3 3 1 4 2 1 4 4 4 3 2 3 2 2 2 3 2 3 4 3 2 2 1 2 3 4 3 1 2 2 4 2 2 1 4 
4 2 3 4 2 1 3 1 4 4 2 2 3 3 1 1 4 3 2 4 1 3 1 4 1 1 4 1 2 2 3 4 4 4 3 3 2 1 2 4 1 4 3 1 3 3 4 4 2 3 1 1 2 1 1 1 3 4 2 4 4 4 3 1 4 3 3 3 3 2 1 2 2 3 2 2 4 1 2 2 3 2 3 2 4 4 2 3 4 2 2 2 2 1 3 1 4 4 2 4 
4 2 4 4 4 2 1 1 2 2 4 3 4 1 4 1 3 4 3 3 2 2 2 3 3 2 4 3 3 3 4 4 4 4 1 3 3 3 1 1 2 3 2 3 2 3 2 2 4 4 3 4 1 1 3 4 1 4 2 3 1 2 2 1 4 3 2 1 3 4 2 3 1 2 2 2 2 3 2 1 1 3 4 3 3 4 3 4 2 3 4 1 3 1 3 1 2 2 2 4 
4 1 2 2 1 1 3 1 4 3 3 3 3 2 4 2 3 2 2 1 1 4 3 3 4 2 3 3 2 4 2 1 3 1 4 3 3 2 1 4 4 1 1 1 2 2 3 1 1 4 1 3 4 1 2 1 2 4 3 2 3 4 4 3 4 4 1 1 2 2 3 2 3 2 3 2 1 4 2 4 3 1 1 4 4 4 3 1 3 4 4 2 4 4 1 3 2 4 2 4 
4 3 3 3 2 3 2 1 4 4 3 1 2 2 1 3 4 3 2 4 3 4 1 3 2 3 2 4 4 1 3 2 3 4 1 3 2 2 1 1 1 2 3 2 4 1 2 3 3 4 3 1 4 3 1 1 3 4 2 1 2 3 2 1 3 2 2 1 1 2 4 1 1 1 3 1 4 2 1 3 1 4 1 4 3 2 2 2 3 1 1 4 4 2 4 2 1 1 1 4 
4 2 4 1 2 3 1 2 3 2 2 3 1 2 1 4 2 4 4 3 1 2 1 2 2 4 2 4 2 4 4 2 1 4 4 4 1 3 3 3 1 4 2 4 3 3 1 4 3 4 1 4 4 1 1 2 3 2 2 2 2 3 1 2 1 1 3 1 1 4 4 1 3 4 4 3 2 2 1 1 3 1 1 2 1 4 2 4 4 4 4 4 1 3 2 3 1 3 1 4 
4 3 2 3 1 2 1 2 4 2 3 2 2 1 4 3 2 1 4 3 2 3 3 1 2 2 4 1 1 4 1 2 3 2 3 1 3 3 4 3 3 2 4 1 4 1 2 1 4 2 4 2 2 3 4 2 1 3 4 3 2 3 1 1 3 4 1 1 4 3 2 4 1 3 3 3 1 4 1 4 4 1 2 2 2 1 2 4 4 4 3 2 2 3 1 1 1 4 1 4 
4 4 1 1 3 1 3 3 1 4 1 3 3 4 3 4 3 1 2 1 4 1 2 4 1 3 2 4 4 3 4 2 1 1 1 4 3 1 1 3 1 2 2 3 4 3 3 4 3 4 3 4 3 2 2 4 4 1 1 1 3 2 4 3 2 2 3 3 3 1 2 3 4 1 3 3 3 1 4 3 4 1 3 2 2 1 1 2 1 4 4 1 2 1 4 3 4 1 4 4 
4 1 3 3 1 3 4 3 2 4 3 2 3 1 4 2 2 4 3 4 1 2 1 4 2 4 3 4 4 2 4 4 2 2 1 4 2 1 1 2 2 2 1 3 3 3 2 1 3 3 3 4 3 2 1 2 4 4 1 1 4 4 1 2 1 4 4 4 3 2 3 3 4 1 2 1 1 1 3 3 2 3 4 2 3 3 3 2 4 1 2 1 2 3 2 2 3 4 4 4 
4 2 3 4 2 1 4 3 2 4 1 2 4 3 4 3 4 3 4 3 4 3 1 3 1 1 3 2 4 1 2 3 1 2 3 2 3 3 3 1 1 3 4 4 2 3 3 3 3 1 3 2 2 3 1 2 2 2 1 3 4 1 2 2 1 3 3 3 4 1 1 3 1 3 2 2 1 1 2 3 3 2 2 2 1 1 1 3 2 3 4 3 4 3 2 4 3 2 3 4 
4 4 2 4 4 3 1 2 4 4 2 4 2 2 2 1 3 4 2 1 4 2 3 1 1 4 1 4 1 1 3 4 3 1 4 3 3 1 3 1 3 4 4 2 4 4 2 4 3 3 3 2 3 1 1 3 2 4 2 1 1 3 2 2 4 3 4 4 4 3 2 1 1 4 1 1 3 1 3 1 3 2 3 3 2 3 3 1 4 4 3 3 4 2 2 1 4 3 4 4 
4 3 3 4 2 1 4 4 2 4 2 1 2 4 1 3 3 3 1 2 2 4 1 2 1 4 1 1 4 3 3 3 1 3 4 1 1 1 4 1 1 1 3 3 3 2 3 1 2 4 1 2 1 1 3 2 4 4 2 4 3 1 4 2 2 2 1 2 2 1 1 2 3 2 1 3 4 1 1 2 1 2 3 2 2 3 4 2 2 2 4 2 4 3 2 3 2 3 3 4 
4 3 2 1 2 3 3 3 2 3 3 3 1 3 3 2 4 4 3 3 4 4 4 1 1 2 2 2 3 3 3 1 4 2 3 1 4 2 4 1 4 1 2 1 1 3 3 1 1 1 3 4 3 2 1 1 3 4 2 2 3 2 1 1 2 2 3 1 4 1 4 4 3 3 4 1 3 3 4 3 2 2 4 3 3 2 4 4 2 2 1 2 2 3 1 3 2 4 1 4 
4 2 2 2 4 3 3 1 4 4 4 2 4 4 4 2 1 1 1 4 2 4 4 1 1 4 4 2 1 2 4 3 4 2 3 3 2 4 4 1 2 1 3 3 3 4 3 3 2 2 1 3 1 3 3 2 2 3 3 1 1 2 4 3 3 1 3 1 1 1 4 4 4 2 2 2 4 1 1 1 4 2 1 1 1 4 2 4 2 4 1 4 2 1 1 1 3 3 4 4 
4 4 1 1 4 3 2 1 3 4 2 2 4 2 3 2 1 4 3 3 2 3 3 3 4 2 3 1 2 4 1 2 4 3 2 3 4 3 3 2 4 1 4 2 2 4 4 2 2 4 2 4 1 4 2 1 4 4 4 3 2 1 3 4 4 1 2 2 2 3 2 3 2 4 3 2 1 4 3 3 1 3 1 1 1 4 1 1 3 1 4 2 3 4 3 3 2 1 1 4 
4 1 3 3 3 1 4 2 4 4 2 1 3 3 4 3 1 3 3 4 1 3 4 2 3 4 2 3 3 2 1 2 3 3 4 4 1 3 4 3 3 3 3 4 1 1 4 3 3 3 4 3 2 3 2 2 2 3 2 2 2 4 2 3 1 4 3 4 1 3 2 2 2 2 4 4 4 1 1 1 3 1 2 1 1 4 4 4 1 2 4 4 3 1 2 1 4 4 3 4 
4 1 4 4 4 3 1 4 1 3 2 2 3 1 1 1 4 2 2 4 3 4 3 3 4 3 2 1 2 3 2 1 1 2 4 2 3 3 3 1 2 1 4 2 1 4 3 1 2 4 2 4 3 1 4 1 3 3 1 2 3 3 2 4 3 1 2 4 3 1 2 4 1 1 3 1 3 2 2 1 3 4 2 3 3 1 3 3 3 4 3 2 4 4 4 3 4 1 3 4 
4 1 1 4 3 4 1 4 4 1 4 1 1 4 3 2 3 2 4 4 1 4 4 3 4 1 2 4 4 4 2 2 3 3 1 1 3 4 2 1 1 4 2 3 2 1 4 2 2 2 1 1 3 4 1 1 2 4 4 3 4 1 4 4 3 3 1 4 3 1 2 2 2 4 2 3 4 4 3 1 3 3 1 3 2 4 4 1 1 3 1 2 1 4 4 2 2 1 4 4 
4 3 4 4 1 4 1 1 2 3 4 3 4 3 3 2 4 4 4 4 2 3 1 1 4 4 3 4 1 2 4 4 4 3 3 3 1 4 3 2 4 3 2 4 4 3 1 4 1 1 3 3 2 3 4 4 1 1 4 3 4 2 4 4 4 1 4 2 2 1 2 1 3 3 3 3 2 1 1 3 1 4 2 3 1 1 1 1 4 2 3 2 2 3 3 3 4 3 1 4 
4 1 2 1 3 3 1 3 4 1 4 2 3 2 4 2 2 3 2 3 3 3 2 3 1 2 3 2 1 1 2 1 3 4 4 3 2 1 3 2 2 2 1 2 4 3 2 1 2 2 4 2 1 3 3 3 3 1 2 1 1 3 3 3 2 2 3 2 3 2 4 4 4 3 3 2 1 1 2 1 4 3 2 2 4 2 4 1 2 4 4 1 3 4 2 4 3 2 3 4 
4 1 3 3 1 2 1 2 3 2 1 4 2 1 1 2 4 2 2 1 3 2 2 4 3 1 3 3 4 2 3 1 4 1 4 3 2 1 1 3 2 4 4 1 1 4 3 3 1 3 2 4 4 3 2 3 2 1 3 3 4 1 4 1 4 2 3 1 4 2 2 3 1 4 2 3 2 4 1 1 4 4 2 2 2 2 2 3 3 3 4 3 4 2 2 4 2 1 4 4 
4 1 4 2 1 4 2 4 2 2 1 4 4 1 1 1 1 2 4 4 2 3 4 4 4 2 2 1 3 4 3 1 4 2 3 1 1 4 1 4 1 2 1 2 3 3 4 1 2 3 1 1 1 2 3 1 1 1 1 4 3 4 1 1 2 2 2 2 2 1 4 1 1 4 1 1 3 2 3 2 3 2 4 1 3 1 4 4 1 4 4 2 2 1 1 4 2 1 3 4 
4 4 4 2 1 3 4 4 4 2 2 3 2 3 4 2 3 4 3 3 1 1 1 4 3 2 4 2 4 1 1 4 2 4 3 3 4 4 4 4 4 4 4 3 3 2 1 2 4 1 1 4 1 1 4 1 3 1 4 2 2 3 1 2 1 1 4 4 2 4 4 4 3 2 4 4 4 2 2 3 4 3 3 2 4 2 2 4 2 3 2 2 3 2 3 3 4 4 1 4 
4 1 4 3 2 2 3 1 1 3 3 1 2 4 4 3 2 2 2 2 1 2 1 2 1 3 3 3 2 1 4 2 2 1 3 4 3 2 3 4 1 1 2 3 3 4 3 4 2 3 2 3 2 1 1 4 2 1 3 1 3 4 2 1 3 4 2 4 4 1 3 4 1 4 4 3 2 2 3 2 4 2 3 2 3 2 1 1 1 1 2 4 4 3 2 4 1 4 3 4 
4 3 1 4 4 4 1 3 4 4 1 4 3 1 3 4 4 2 3 1 1 3 2 3 1 4 4 3 1 1 2 2 3 2 2 2 1 1 3 3 3 4 2 2 3 4 4 4 2 3 1 3 2 4 3 2 2 4 4 2 2 2 3 2 2 4 3 2 1 3 4 1 4 1 2 2 3 3 3 3 1 1 4 1 1 3 2 4 1 2 3 4 1 2 2 4 1 3 2 4 
4 2 1 1 3 2 3 1 4 2 1 1 1 1 3 4 3 3 2 2 3 1 4 2 2 2 1 4 4 4 1 1 1 3 1 1 4 3 4 3 3 4 4 4 4 4 3 1 3 3 1 3 3 1 4 3 3 4 4 3 4 1 4 3 4 4 4 1 2 1 3 2 2 2 4 1 2 2 4 2 4 1 1 3 2 3 3 2 3 3 3 4 3 2 2 4 2 2 1 4 
4 4 1 2 3 4 1 1 4 1 2 4 2 3 1 3 3 3 1 1 3 1 4 4 3 1 3 1 3 4 3 2 4 4 2 2 4 3 2 4 1 3 3 3 2 3 2 4 4 1 1 3 1 1 4 2 3 3 3 1 4 2 2 2 3 2 4 2 4 2 4 4 2 3 4 3 3 3 3 3 2 1 4 3 4 2 2 3 1 3 3 3 1 1 3 2 4 2 1 4 
4 2 2 2 4 1 4 4 3 4 3 3 3 3 3 4 2 2 3 4 1 1 4 3 2 3 2 3 1 2 4 3 3 4 2 1 2 2 3 2 2 3 3 4 1 2 2 2 1 3 4 4 3 3 1 1 3 3 1 1 2 3 4 2 2 3 3 2 4 3 1 1 4 2 2 1 2 3 1 3 3 1 4 1 1 3 3 2 3 4 4 3 1 1 2 2 4 2 3 4 
4 2 4 4 4 3 1 2 3 4 3 4 4 2 1 3 3 4 3 4 3 1 3 2 3 3 1 2 1 4 2 3 2 3 2 4 2 2 4 4 2 4 4 3 1 4 4 2 2 2 3 1 4 4 2 4 1 4 1 3 3 3 1 4 1 2 3 2 1 4 2 3 1 3 4 3 3 2 4 4 3 3 3 1 1 1 4 4 4 4 2 1 2 2 3 1 4 1 2 4 
4 2 2 3 2 4 1 2 2 3 2 2 4 1 4 4 3 2 4 3 4 1 2 1 4 4 2 3 3 3 2 4 2 4 3 4 2 1 3 3 1 4 3 2 1 1 2 1 1 2 4 2 4 3 1 4 3 1 2 3 2 1 4 2 4 2 2 3 1 2 2 1 2 3 2 4 2 2 4 1 4 1 4 1 1 1 2 1 1 4 3 2 3 4 1 4 1 2 2 4 
4 2 2 4 4 3 2 1 1 3 1 2 2 2 2 1 2 3 3 4 2 4 2 1 4 4 4 3 2 1 4 1 2 1 2 1 4 3 3 2 2 1 4 1 2 3 2 3 1 3 2 2 2 4 3 4 3 3 4 4 2 2 4 2 4 4 3 1 3 1 1 4 3 1 4 4 2 4 4 1 4 4 2 2 2 1 4 4 3 1 3 3 2 2 4 2 1 2 2 4 
4 4 4 1 4 3 4 4 3 4 3 2 2 3 4 1 4 2 3 3 1 2 3 4 2 4 1 3 1 4 2 1 4 3 3 1 2 2 2 1 3 3 2 2 4 1 2 4 1 3 1 4 4 1 3 4 2 1 1 2 2 2 3 4 3 2 1 1 1 1 4 1 4 1 1 3 3 2 3 3 2 2 1 1 4 4 3 4 2 4 1 4 3 2 1 1 4 3 1 4 
4 2 3 4 4 2 1 2 3 2 3 1 4 1 1 1 2 2 1 4 2 3 4 4 2 4 2 3 3 3 2 3 2 3 2 1 4 4 3 3 1 4 2 2 1 2 2 3 4 2 2 3 2 1 4 2 2 3 2 4 2 2 3 4 1 1 4 3 4 2 4 4 1 4 1 4 3 2 1 4 3 1 2 1 4 4 3 1 2 2 2 1 3 1 4 3 4 1 3 4 
4 3 1 4 4 3 3 4 3 2 4 3 1 2 4 3 3 4 3 3 2 3 4 4 1 3 3 1 3 1 2 1 2 2 3 2 1 4 2 1 2 3 3 4 2 2 2 1 1 3 3 3 3 3 3 2 1 3 2 3 3 2 3 3 1 3 4 3 1 3 4 4 1 2 4 1 2 2 2 4 4 2 1 1 2 1 2 3 3 3 4 4 4 2 3 1 4 4 4 4 
4 3 4 2 4 4 2 4 4 2 1 2 2 2 2 4 1 1 4 1 2 3 4 2 2 2 1 2 1 1 3 3 3 4 2 2 4 3 1 4 2 2 3 2 4 3 2 4 4 3 1 2 4 2 3 1 4 4 1 2 4 2 4 4 2 4 3 2 4 3 2 4 1 2 4 3 1 1 2 2 3 1 3 4 1 3 2 1 1 4 2 4 4 2 1 4 4 1 3 4 
4 4 1 3 2 1 3 2 2 1 1 4 3 3 3 1 4 4 2 2 3 3 2 4 3 4 3 2 4 3 1 3 2 2 4 1 2 3 1 2 4 2 4 3 3 2 2 1 3 2 2 4 4 4 4 1 2 1 1 1 3 4 3 4 3 3 3 1 2 3 1 2 4 1 3 3 3 2 3 1 1 2 3 1 1 2 2 2 2 4 3 4 3 3 4 4 1 3 1 4 
4 3 1 4 4 3 1 2 1 2 2 2 2 4 4 2 4 3 3 2 4 4 4 3 1 2 1 3 3 4 3 3 1 4 1 2 2 4 3 4 4 3 4 1 1 3 3 1 1 1 4 2 3 2 3 4 1 2 1 3 1 1 1 4 3 1 3 1 4 1 2 1 4 3 1 3 4 3 1 4 2 2 4 3 2 3 2 2 4 3 4 3 2 1 1 2 1 2 2 4 
4 2 3 2 3 1 4 2 2 1 2 3 1 2 1 4 1 1 3 2 4 3 3 4 2 3 1 4 2 4 2 4 2 2 2 1 2 4 1 4 3 4 3 3 1 1 2 2 1 4 3 3 4 1 4 4 2 3 3 3 4 2 2 1 2 1 4 1 4 1 2 1 1 3 3 1 2 4 3 1 3 2 2 3 2 1 4 2 3 4 2 1 3 4 1 3 4 3 3 4 
4 3 4 4 2 1 2 1 1 2 2 4 1 1 2 2 2 4 2 2 3 1 2 4 1 1 4 4 4 2 2 3 3 1 3 3 2 1 4 2 2 2 2 3 2 4 1 2 4 1 4 1 3 3 3 2 3 3 2 4 2 4 2 4 3 4 1 2 2 4 1 1 1 4 4 4 3 1 4 1 3 4 1 2 3 1 4 3 1 1 2 4 2 1 4 1 1 3 2 4 
4 3 4 4 4 4 4 3 1 2 3 3 2 4 4 1 4 2 1 3 3 2 1 3 1 1 2 4 3 3 2 3 2 1 2 4 1 2 1 4 1 4 4 4 2 1 2 3 4 2 3 2 2 1 1 2 4 3 2 2 3 2 3 2 4 1 3 4 1 4 4 4 1 3 4 1 4 1 4 2 2 3 1 2 1 4 2 3 1 1 1 3 1 3 1 1 1 2 3 4 
4 4 2 1 2 2 4 2 4 2 2 4 4 2 3 2 3 3 2 1 1 4 4 3 1 4 2 2 1 3 1 1 4 4 2 3 2 3 4 3 1 3 1 3 1 3 4 2 4 2 4 1 2 3 1 4 2 4 1 1 3 2 1 4 3 4 2 2 2 3 1 1 4 2 3 2 1 3 4 3 4 2 4 1 2 4 3 4 3 2 4 2 4 1 2 2 2 4 4 4 
4 3 2 1 2 4 2 4 1 4 2 3 4 1 1 1 1 1 2 3 4 3 4 4 3 4 3 4 1 1 4 3 1 1 2 2 2 1 3 2 1 3 1 4 2 2 4 3 2 1 2 3 1 2 2 2 1 1 3 1 2 4 2 3 3 1 2 4 4 3 2 3 2 4 2 2 4 1 4 1 2 4 2 1 2 1 1 1 3 3 2 4 3 2 2 1 1 4 2 4 
4 3 3 3 2 2 1 3 3 4 2 1 1 4 4 4 1 3 2 2 4 4 1 3 4 4 2 3 1 1 2 4 3 1 4 1 3 2 3 4 4 1 4 1 4 3 3 1 1 3 2 1 2 2 2 1 3 2 3 2 3 4 1 3 3 1 1 2 1 1 4 2 4 1 2 4 3 2 4 2 3 3 4 4 2 3 2 3 1 1 1 3 2 1 2 1 2 1 4 4 
4 4 4 3 2 2 2 2 4 2 2 3 1 3 1 3 3 1 1 4 1 2 2 3 3 2 1 4 2 2 4 3 2 1 1 2 1 3 3 3 2 4 1 3 4 4 1 4 2 4 1 2 4 1 3 3 4 4 1 2 1 4 1 3 4 3 1 3 4 1 3 1 2 2 3 3 4 3 1 3 2 4 4 1 4 4 3 3 4 4 1 4 3 1 1 1 3 2 3 4 
4 3 1 3 2 4 4 1 1 1 4 2 1 3 2 1 1 1 3 3 1 3 2 4 2 3 3 2 2 1 4 1 1 1 4 1 1 1 2 3 2 3 4 3 1 3 4 4 2 3 1 4 3 3 1 2 2 4 4 3 1 4 4 1 2 1 2 4 2 3 1 4 1 3 1 3 3 4 4 2 2 1 1 4 2 3 3 3 4 2 2 2 2 4 1 4 4 2 2 4 
4 3 1 4 3 1 2 2 4 4 3 4 3 2 4 1 3 1 2 2 1 1 4 2 3 1 1 3 4 1 1 4 3 2 1 2 3 4 4 3 1 2 4 1 1 2 2 1 4 3 4 3 4 4 1 3 1 1 3 4 1 1 1 3 1 1 1 2 4 2 1 1 3 3 3 4 2 4 1 1 3 1 1 3 3 2 2 4 4 3 1 2 3 2 1 2 2 2 2 4 
4 1 4 2 2 2 3 2 3 2 1 3 3 3 2 1 1 2 1 4 3 1 3 1 1 1 3 4 2 4 4 1 2 1 3 1 2 4 4 2 2 3 3 2 4 3 3 1 3 2 2 1 4 2 3 1 1 2 2 3 2 4 4 3 3 4 2 4 4 2 1 2 3 3 4 3 4 4 2 1 1 1 3 4 3 2 1 3 4 3 4 3 4 2 4 3 4 2 1 4 
4 3 4 1 3 2 3 1 4 4 4 2 2 4 1 3 1 1 3 4 1 3 2 2 2 1 2 4 4 4 3 2 3 4 1 4 1 3 3 3 1 3 2 4 3 1 3 3 3 4 1 1 4 4 2 4 4 4 4 1 4 3 2 4 2 1 1 4 2 3 3 4 3 2 4 1 2 1 3 1 4 2 1 1 4 2 2 3 3 4 3 4 4 4 2 4 4 1 4 4 
4 3 4 3 3 1 4 1 4 1 1 1 3 4 3 4 1 4 1 4 4 3 1 2 4 1 2 3 1 2 2 2 2 2 3 3 4 2 4 1 2 4 2 2 3 2 2 3 2 3 4 2 1 4 3 3 1 2 4 1 2 1 1 3 2 2 4 4 2 3 2 3 2 1 3 1 1 3 2 1 1 3 2 4 2 2 4 1 1 1 2 1 1 4 3 4 4 1 3 4 
4 4 2 1 2 3 4 1 1 4 2 2 3 4 2 4 1 3 4 1 3 1 4 3 2 1 1 3 2 1 1 3 3 4 3 3 1 4 3 2 3 2 3 3 3 2 1 2 2 3 4 4 2 4 3 2 3 2 3 4 4 4 3 4 3 1 1 2 1 1 1 4 1 3 4 1 3 1 3 3 3 3 4 1 2 2 4 1 4 4 2 2 4 1 2 2 4 2 3 4 
4 2 4 2 3 1 4 4 4 3 3 3 1 2 3 1 2 3 3 3 4 4 2 1 1 4 2 1 3 4 3 1 1 4 2 3 2 1 3 1 4 1 3 1 3 3 3 1 1 1 3 1 2 4 2 2 3 2 1 2 4 2 1 3 1 1 2 3 3 3 1 1 2 1 4 3 1 3 4 1 1 4 3 4 2 1 1 4 4 1 4 1 1 2 3 1 2 1 2 4 
4 4 3 1 1 4 2 4 2 4 1 2 3 3 1 4 1 3 3 1 1 3 1 1 4 4 4 3 3 2 1 3 4 1 2 1 3 1 4 3 1 3 3 3 2 4 2 2 3 3 1 1 3 1 1 3 2 4 4 2 4 2 2 4 2 4 4 2 4 3 1 1 4 4 1 2 3 3 2 4 3 1 1 3 2 2 2 2 2 1 1 1 4 1 3 4 2 1 1 4 
4 4 2 1 3 3 3 1 1 3 3 3 2 4 4 2 3 3 1 2 1 4 1 2 1 2 3 4 2 1 4 3 1 4 4 4 2 3 4 2 2 2 3 4 2 3 2 3 3 2 2 1 4 2 3 4 2 3 1 3 4 2 2 3 1 2 1 1 3 4 2 4 1 1 1 4 4 1 3 3 3 1 4 2 1 4 4 4 2 1 2 3 4 1 1 2 3 1 4 4 
4 4 2 1 4 4 1 4 1 2 2 1 3 4 1 1 3 2 4 1 3 4 1 2 3 3 3 4 4 4 1 2 3 1 1 4 4 4 2 3 3 2 3 3 4 1 1 4 1 3 4 4 4 1 4 1 3 2 3 1 3 2 4 1 3 3 2 1 4 2 1 1 4 3 1 2 2 1 4 4 2 3 3 1 2 2 3 3 4 3 3 2 1 4 1 3 4 1 3 4 
4 3 3 1 4 4 1 3 4 3 3 1 2 4 4 2 1 2 4 3 3 3 4 3 2 4 2 1 3 2 2 2 2 4 4 4 2 3 1 1 2 4 4 3 2 3 3 2 2 2 1 3 2 1 4 2 4 4 3 3 4 3 4 1 4 1 4 3 1 1 1 2 2 2 3 3 2 2 3 3 2 1 2 3 4 4 3 2 1 4 3 1 4 4 4 3 4 1 2 4 
4 1 2 4 1 3 2 3 1 3 1 3 4 1 3 4 2 2 1 3 3 2 4 4 2 3 2 2 1 4 2 4 3 1 1 4 3 4 4 1 2 3 2 1 1 2 3 3 4 1 4 2 3 3 1 3 1 1 4 3 4 2 4 4 3 4 2 4 3 1 1 3 4 4 2 3 3 3 1 3 2 1 1 1 3 1 2 3 3 4 3 2 2 3 1 1 2 1 3 4 
4 2 1 1 1 1 2 2 3 4 4 1 1 2 1 1 2 4 4 2 3 3 1 3 1 2 3 3 1 4 4 2 2 3 1 3 3 2 1 3 2 1 2 3 2 2 3 4 3 4 2 3 2 2 3 3 4 4 4 2 2 2 1 1 2 4 3 3 4 2 2 1 3 3 2 4 2 4 1 1 3 1 2 3 3 2 1 3 1 2 2 1 1 4 1 2 2 3 1 4 
4 4 2 3 3 3 3 3 4 2 1 2 4 1 3 4 1 4 3 2 3 2 1 1 1 4 2 2 2 3 1 1 1 2 3 3 2 1 2 3 1 3 4 4 1 2 2 3 1 2 1 3 1 4 4 4 4 1 1 3 2 3 3 4 1 2 3 4 1 3 1 4 3 3 3 2 3 4 3 3 3 2 4 4 1 1 1 2 1 3 3 4 2 2 2 2 2 2 4 4 
4 2 1 4 4 2 3 2 3 3 3 2 3 3 4 2 3 2 2 2 4 2 1 4 2 3 3 1 2 2 2 3 2 2 3 3 1 2 4 1 3 2 2 3 4 2 2 3 4 4 4 2 3 2 1 4 1 1 4 3 2 4 3 1 2 3 2 2 2 2 4 3 1 2 3 3 3 4 3 3 1 1 4 3 3 3 4 2 4 2 1 4 1 4 1 4 4 1 2 4 
4 4 3 1 3 1 2 2 2 1 4 1 2 2 4 2 3 3 3 2 4 1 2 1 2 2 1 4 2 3 1 3 3 3 3 4 1 1 1 2 3 4 4 3 1 2 3 1 2 2 4 1 1 2 4 4 4 1 2 3 4 1 4 4 2 1 3 4 1 3 3 1 1 4 2 1 1 2 3 4 1 1 3 2 1 3 1 1 1 2 1 1 2 3 2 2 4 2 1 4 
4 3 2 4 3 3 2 4 1 4 4 2 2 4 2 2 2 1 1 2 4 3 2 4 3 4 1 2 3 1 1 1 4 1 3 3 1 3 3 4 4 2 4 1 3 2 3 3 1 2 1 4 3 3 3 2 4 1 1 1 3 3 3 2 1 1 3 4 1 3 4 4 2 4 3 2 1 4 1 1 1 1 2 1 4 3 1 2 4 3 1 3 1 3 4 4 3 3 2 4 
4 1 2 1 2 3 1 4 1 2 2 3 4 3 1 1 2 2 3 1 1 3 4 1 3 1 4 2 1 4 2 3 2 4 1 3 2 4 1 4 4 3 4 4 1 2 4 4 2 3 3 4 4 2 2 3 3 4 3 3 3 1 4 4 2 1 4 1 2 3 3 4 1 4 1 4 2 1 1 1 2 4 1 4 1 2 2 4 3 3 4 3 4 2 4 3 1 1 2 4 
4 1 2 1 2 2 1 3 2 3 3 4 3 1 4 2 4 1 4 3 3 3 3 1 3 2 1 1 4 4 4 2 4 4 4 1 3 2 4 2 2 3 2 1 2 4 4 4 4 2 1 1 3 4 1 2 3 1 2 1 3 1 3 4 4 4 1 1 4 2 3 2 4 1 1 3 1 4 3 3 3 2 3 2 3 4 4 2 1 1 3 2 4 2 3 4 2 1 1 4 
4 2 3 1 2 2 2 1 2 2 3 4 4 1 2 4 3 2 3 2 2 3 4 2 4 2 1 1 2 4 3 2 3 2 3 3 4 4 1 4 4 1 4 2 2 1 2 2 1 2 3 2 3 4 1 4 1 2 3 3 4 3 3 1 1 1 3 2 2 3 1 2 1 1 3 3 2 1 4 2 3 2 2 4 3 4 3 2 4 2 2 2 4 2 3 3 4 2 2 4 
4 1 4 3 4 3 3 2 2 2 3 1 1 3 1 3 3 2 4 2 1 3 2 1 4 1 3 1 2 2 3 4 2 2 2 4 4 1 2 1 4 1 3 1 3 2 3 4 3 3 4 3 2 2 1 2 3 1 2 3 2 3 1 4 1 3 3 1 2 4 3 1 1 4 3 2 3 4 1 1 4 2 1 1 3 3 2 1 1 4 2 4 1 3 2 3 4 1 4 4 
4 1 1 1 1 1 2 2 3 3 1 4 3 1 1 4 4 4 1 1 1 1 2 4 3 1 1 1 4 4 1 3 3 1 2 4 3 2 4 3 3 2 4 3 2 3 2 3 3 1 1 1 3 1 2 4 2 4 3 2 3 1 1 2 2 3 2 4 1 3 2 4 2 1 1 3 3 4 3 3 2 3 1 2 4 3 2 3 4 4 4 2 2 1 1 4 4 4 2 4 
4 4 2 4 1 4 3 2 1 1 4 3 3 2 3 1 2 1 3 2 4 1 1 4 1 3 2 1 3 4 2 4 4 4 1 2 2 4 3 2 3 2 2 2 3 2 1 3 2 2 2 3 1 4 2 1 1 3 3 4 1 3 2 3 2 3 1 2 4 4 1 4 4 3 2 1 3 1 1 2 1 3 4 2 1 2 4 3 4 3 2 3 2 4 1 1 4 1 1 4 
4 3 4 1 4 4 2 4 1 4 4 4 1 2 1 2 4 4 3 1 4 3 3 4 3 4 2 2 2 2 2 2 3 3 2 2 1 2 2 1 4 3 3 2 4 2 4 4 2 1 3 1 3 4 2 2 4 4 4 2 4 4 1 2 4 3 1 2 4 2 2 1 3 2 2 3 4 3 2 1 3 3 2 1 1 2 2 2 1 4 3 2 3 1 3 1 3 3 3 4 
4 2 1 4 2 2 3 4 4 2 3 3 3 2 4 3 2 3 3 2 1 3 3 4 2 1 1 4 3 4 4 1 3 1 4 1 4 2 1 3 1 4 1 2 1 3 4 4 4 2 1 2 2 2 3 3 4 1 2 1 2 1 3 3 2 2 1 3 4 3 1 2 3 3 3 3 3 2 1 1 4 4 2 1 4 2 4 3 1 3 4 3 1 2 2 2 2 4 3 4 
4 4 2 4 4 1 3 2 3 2 3 1 3 3 4 4 1 3 3 3 3 2 1 1 3 4 1 4 2 2 1 3 1 3 4 1 1 3 3 1 3 3 3 1 2 1 2 2 4 2 2 2 3 3 2 1 2 4 3 1 1 4 3 3 2 4 4 1 3 2 4 2 1 4 3 1 1 3 3 3 3 3 2 1 4 3 2 1 1 2 1 3 2 1 1 3 2 3 4 4 
4 2 2 1 1 1 3 1 3 2 4 4 4 1 1 1 2 1 1 3 4 2 4 1 2 3 1 1 2 2 4 2 1 4 1 3 2 3 3 2 3 2 1 2 2 4 4 3 3 3 3 2 2 3 4 1 2 4 1 4 3 3 4 1 2 3 2 4 2 4 3 1 1 3 4 2 1 3 1 2 4 2 3 1 1 4 1 3 3 1 2 4 4 2 3 1 3 1 4 4 
4 1 1 3 2 1 3 4 3 3 3 3 4 1 2 3 3 1 1 4 1 2 4 4 2 4 1 2 1 1 2 2 2 1 4 3 3 2 1 1 2 2 1 1 1 4 2 3 3 1 3 1 3 2 4 1 3 3 3 2 2 4 1 1 4 3 3 2 3 3 1 2 2 4 4 1 2 3 1 3 1 3 4 1 2 4 3 1 2 3 3 4 4 2 3 1 4 2 4 4 
4 1 1 1 1 2 4 2 1 3 2 3 2 4 1 2 3 1 1 4 2 1 1 2 4 4 1 1 3 1 2 2 1 4 3 2 1 1 4 4 4 1 3 2 1 4 1 2 3 2 1 3 2 2 4 2 2 4 1 1 4 3 2 4 3 1 3 1 2 3 2 1 1 2 4 3 3 2 1 2 3 1 3 2 4 1 1 2 1 4 3 1 1 3 2 3 2 4 2 4 
4 2 2 3 3 3 3 1 2 4 2 4 1 3 1 1 3 2 1 4 4 2 4 2 2 2 4 1 1 4 4 4 3 3 4 4 3 2 4 4 4 1 3 2 2 3 3 1 2 4 3 2 1 3 4 4 1 2 2 1 4 4 3 2 4 3 1 2 1 4 2 2 3 2 1 3 1 1 2 2 3 4 1 2 1 2 1 3 3 3 2 3 3 2 1 1 2 3 4 4 
4 1 1 3 3 2 1 3 1 2 4 3 4 3 2 4 3 4 1 3 1 2 3 3 2 3 3 1 4 2 3 2 1 3 2 1 1 3 2 4 3 4 2 3 1 1 1 2 2 4 3 4 2 4 1 1 2 3 3 4 3 1 1 1 2 4 2 4 3 2 2 4 2 2 1 1 2 2 3 2 1 2 4 1 2 1 4 4 1 1 1 1 3 4 4 2 4 2 1 4 
4 4 1 4 2 1 3 1 1 3 1 3 2 1 1 1 4 3 2 3 1 2 1 4 3 2 3 1 2 3 3 2 1 2 3 3 3 3 2 2 4 2 2 1 2 4 1 2 1 4 4 2 3 1 2 1 1 1 2 1 2 4 2 4 2 1 1 4 1 2 4 4 3 3 2 3 3 3 1 2 3 2 1 2 4 3 2 3 3 3 1 1 3 4 4 2 4 2 3 4 
4 1 4 2 4 4 2 3 2 4 1 2 3 1 4 4 2 3 3 1 4 3 1 3 1 1 2 2 2 2 4 2 1 2 1 4 2 1 2 2 2 1 2 3 4 1 2 2 4 3 3 4 3 4 2 3 3 3 2 4 1 1 2 3 3 4 1 1 2 2 3 2 1 4 2 4 2 3 3 3 3 3 3 3 1 1 2 1 3 4 4 1 3 4 4 1 4 1 2 4 
4 4 2 4 1 3 2 2 1 3 2 2 2 2 4 3 4 4 1 1 1 4 1 1 2 3 3 4 4 3 4 2 3 2 4 3 4 1 1 1 3 1 3 1 2 3 4 3 1 3 2 4 4 3 3 2 3 4 3 4 4 3 3 3 1 4 3 2 4 3 4 4 4 3 1 1 4 2 1 4 1 4 4 3 2 2 2 3 4 4 1 1 2 3 2 4 2 3 2 4 
4 2 4 3 2 1 2 3 2 3 3 3 4 2 3 1 4 2 1 3 2 3 2 1 4 2 2 4 4 2 3 2 1 3 4 2 3 2 1 4 2 3 2 1 4 1 4 3 4 4 2 3 4 4 4 4 2 1 2 3 2 2 4 3 4 2 3 2 3 4 1 3 4 2 2 2 1 2 4 1 1 1 3 4 3 1 1 2 1 2 3 4 3 4 2 3 3 3 1 4 
4 3 1 3 1 4 2 3 2 3 2 1 4 3 2 1 3 2 2 4 1 3 3 3 3 2 2 2 3 1 2 1 4 3 3 2 2 3 2 3 2 1 3 4 1 1 4 1 3 1 2 3 2 3 4 4 3 2 1 1 3 2 3 1 4 2 3 1 1 1 4 4 4 1 1 1 2 1 1 2 4 4 1 3 4 3 3 2 4 1 3 2 4 4 4 1 3 1 1 4 
4 2 1 1 3 2 4 4 3 3 4 4 1 3 4 1 3 1 2 3 3 2 1 2 3 4 4 2 2 4 4 1 1 1 4 3 3 1 4 1 4 4 1 2 2 4 2 4 4 3 3 3 2 4 3 3 2 1 1 2 2 4 3 1 4 2 3 2 1 3 2 3 1 2 2 3 4 4 1 2 1 2 4 4 3 2 1 2 2 3 4 4 2 3 1 1 3 1 4 4 
4 4 1 1 3 1 3 2 2 1 4 2 3 4 3 4 3 2 2 3 1 4 1 4 4 1 1 2 1 1 1 4 3 3 1 4 4 3 3 1 3 1 3 2 4 4 4 4 3 2 4 4 2 3 4 3 3 1 1 3 4 3 1 3 2 1 2 1 2 2 4 2 4 1 3 4 1 4 2 3 1 1 2 1 2 4 3 1 1 3 3 2 1 2 4 1 4 2 3 4 
4 1 3 2 2 1 2 1 3 4 2 2 2 2 1 2 2 3 3 2 4 2 1 1 4 4 2 4 1 4 4 4 3 3 4 3 1 4 4 4 4 4 1 2 1 2 3 2 1 3 4 2 3 1 1 4 2 4 2 2 4 4 2 4 3 3 4 2 3 2 2 1 2 4 4 4 2 2 4 2 4 1 3 2 3 1 3 2 1 2 3 3 3 1 3 4 3 2 2 4 
4 2 1 2 3 1 3 2 3 2 2 2 4 3 4 3 4 2 1 3 4 1 1 3 4 4 1 1 1 1 4 1 1 4 2 2 4 2 4 1 1 2 2 3 2 1 3 3 1 1 4 3 4 2 4 1 2 3 3 4 1 2 3 4 3 3 2 2 1 4 3 4 4 2 2 1 1 2 2 2 4 3 3 3 3 4 3 4 3 3 2 1 2 1 2 2 3 1 1 4 
4 3 1 3 1 4 1 4 2 4 1 3 1 2 3 1 1 1 2 2 4 1 3 4 2 3 4 1 1 4 4 4 3 2 3 3 4 2 4 3 1 1 4 3 2 1 4 2 1 3 3 3 4 1 1 2 4 4 2 4 3 1 4 1 4 1 4 3 3 1 4 2 3 4 2 2 4 3 3 4 2 4 1 4 2 3 4 3 2 4 2 3 2 4 3 3 3 2 4 4 
4 1 2 2 3 3 4 3 4 2 4 1 2 3 2 4 1 3 2 1 3 2 4 4 1 2 3 2 2 2 4 1 1 1 1 3 4 3 2 1 2 4 4 4 3 1 4 3 4 4 2 1 1 1 4 2 3 2 3 3 2 2 3 3 2 2 3 2 3 1 2 1 1 2 4 3 1 4 1 1 4 3 3 2 2 4 4 4 3 1 1 3 1 4 2 4 2 2 1 4 
4 1 1 1 3 4 4 1 1 2 3 1 4 2 4 3 3 4 3 2 4 1 3 2 2 4 1 3 2 3 4 2 4 1 3 1 1 2 4 3 1 1 2 1 4 2 3 4 4 4 4 4 1 3 4 3 3 4 2 4 1 1 1 3 2 2 2 1 1 2 1 4 4 2 3 2 1 4 3 2 1 1 4 4 4 1 1 1 1 2 2 1 2 4 4 2 3 3 4 4 
4 4 2 4 1 3 3 4 1 2 3 2 3 2 1 4 4 3 1 2 2 2 1 3 1 1 2 4 3 4 1 1 2 1 4 2 1 1 2 3 2 3 2 1 1 4 3 4 4 2 4 4 2 4 3 1 2 3 3 4 4 3 3 2 4 4 2 3 4 3 1 4 3 3 3 1 1 3 1 3 4 4 3 2 2 3 4 4 3 4 2 1 1 3 1 4 2 4 3 4 
4 1 4 1 4 1 3 4 4 1 4 4 2 1 2 2 4 4 1 2 2 1 4 2 2 4 4 1 3 1 1 1 1 2 4 4 2 1 2 1 1 2 4 1 3 1 2 3 4 4 4 2 3 2 3 3 1 1 2 2 3 1 2 4 4 3 4 4 1 4 4 2 1 3 1 1 1 4 3 1 2 4 1 2 4 4 4 4 2 1 2 4 1 2 4 4 3 1 2 4 
4 1 4 4 3 4 1 1 3 4 2 1 2 3 4 4 2 3 4 4 3 2 3 2 4 2 3 4 1 4 1 1 4 3 1 1 2 1 4 2 1 4 3 2 2 1 4 2 3 3 2 2 2 1 1 1 1 3 1 3 3 4 1 2 1 4 4 3 2 4 2 3 4 4 1 3 2 1 3 4 1 3 3 2 3 2 4 4 4 3 1 4 2 1 1 4 2 1 2 4 
4 1 4 4 1 3 4 1 2 1 1 2 1 1 4 3 1 3 1 2 3 3 4 3 3 3 4 4 1 4 2 4 3 4 3 1 1 1 4 3 2 1 3 1 1 4 1 3 2 1 2 4 2 4 1 4 2 1 3 3 1 2 1 2 4 3 1 2 4 2 4 1 4 1 3 1 4 4 4 3 3 2 1 1 3 4 1 1 1 3 3 4 1 1 2 1 3 4 1 4 
4 1 2 4 3 2 4 4 3 3 1 4 3 1 3 4 2 1 1 2 1 3 1 1 4 3 2 2 2 1 4 2 4 2 4 1 4 2 4 2 3 4 2 4 2 4 4 2 1 4 4 3 3 4 1 4 2 1 1 4 2 1 4 1 3 4 3 1 3 3 1 3 1 1 3 3 3 4 4 4 4 4 2 2 2 3 1 1 2 4 2 2 1 3 1 2 4 3 4 4 
4 2 4 3 2 3 4 1 1 2 4 1 4 1 2 4 3 4 2 1 2 2 4 4 3 2 2 4 3 4 2 1 1 2 4 4 2 3 3 2 2 4 2 1 1 1 4 3 1 4 1 1 2 2 3 1 3 3 2 3 3 2 3 4 3 4 2 3 3 4 4 2 3 1 4 4 2 2 3 1 1 2 1 2 3 3 3 3 1 4 2 3 1 3 4 4 2 4 4 4 
4 4 4 4 4 4 4 4 4 4 4 4 4 4 4 4 4 4 4 4 4 4 4 4 4 4 4 4 4 4 4 4 4 4 4 4 4 4 4 4 4 4 4 4 4 4 4 4 4 4 4 4 4 4 4 4 4 4 4 4 4 4 4 4 4 4 4 4 4 4 4 4 4 4 4 4 4 4 4 4 4 4 4 4 4 4 4 4 4 4 4 4 4 4 4 4 4 4 4 4 

