0	1
502785770	2
502785779	3
502785782	4
502785783	5
502785784	6
502785788	7
502785801	8
502785821	9
502785825	10
502785826	11
502785827	12
502785828	13
502785832	14
502785834	15
502785835	16
502785841	17
502785842	18
502785843	19
502785846	20
502785848	21
502785849	22
502785850	23
502785852	24
502785853	25
502785855	26
502785856	27
502785857	28
502785862	29
502785863	30
502785865	31
502785866	32
502785870	33
502785872	34
502785874	35
502785877	36
502785882	37
502785883	38
502785884	39
502785886	40
502785888	41
502785889	42
502785891	43
502785902	44
502785903	45
502785904	46
502785906	47
502785912	48
502785913	49
502785916	50
502785917	51
502785925	52
502785928	53
502786050	54
502786053	55
502786076	56
502786112	57
502786117	58
502786118	59
502786119	60
502786132	61
502786133	62
502786134	63
502786138	64
502786139	65
502786141	66
502786177	67
502786178	68
502786180	69
502786182	70
502786183	71
502786184	72
502786186	73
502786188	74
502786189	75
502786191	76
502786193	77
502786196	78
502786198	79
502786201	80
502786209	81
502786212	82
502786215	83
502786480	84
502786482	85
502786483	86
502786484	87
502786487	88
502786491	89
502786493	90
502786495	91
502786496	92
502786497	93
502786498	94
502786499	95
502786500	96
502786501	97
502786503	98
502786505	99
502786534	100
502786541	101
502786552	102
502786561	103
502786580	104
502786586	105
502786619	106
502786707	107
502786749	108
502786784	109
502786789	110
502786834	111
502786863	112
502786867	113
502786869	114
502786888	115
502786889	116
502786892	117
502786899	118
502786917	119
502786965	120
502786969	121
502786970	122
502786974	123
502787009	124
502787019	125
502787056	126
502787070	127
502787078	128
502787092	129
502787100	130
502787101	131
502787103	132
502787113	133
502787162	134
502787168	135
502787210	136
502787235	137
502787236	138
502787267	139
502787394	140
502787407	141
502787411	142
502787414	143
502787423	144
502787425	145
502787428	146
502787444	147
502787448	148
502787460	149
502787464	150
502787465	151
502787514	152
502787515	153
502787518	154
502787519	155
502787525	156
502787536	157
502787537	158
502787546	159
502787571	160
502787595	161
502787600	162
502787617	163
502787619	164
502787651	165
502787662	166
502787670	167
502787687	168
502787712	169
502787725	170
502787745	171
502787793	172
502787809	173
502787823	174
502787835	175
502787836	176
502787837	177
502787843	178
502787848	179
502787852	180
502787862	181
502787864	182
502787869	183
502787917	184
502787934	185
502788034	186
502788061	187
502788090	188
502788210	189
502788232	190
502788260	191
502788282	192
502788308	193
502788330	194
502788388	195
502788402	196
502788438	197
502788443	198
502788458	199
502788470	200
502788471	201
502788519	202
502788528	203
502788532	204
502788539	205
502788548	206
502788559	207
502788569	208
502788588	209
502788609	210
502788617	211
502788651	212
502788653	213
502788691	214
502788707	215
502788709	216
502788751	217
502788767	218
502788840	219
502788856	220
502788888	221
502788940	222
502788980	223
502789045	224
502789069	225
502789085	226
502789111	227
502789141	228
502789148	229
502789156	230
502789160	231
502789165	232
502789170	233
502789178	234
502789179	235
502789180	236
502789183	237
502789191	238
502789199	239
502789207	240
502789230	241
502789269	242
502789292	243
502789312	244
502789313	245
502789334	246
502789389	247
502789426	248
502789441	249
502789527	250
502789570	251
502789574	252
502789591	253
502789608	254
502789656	255
502789708	256
502789763	257
502789780	258
502789814	259
502789843	260
502789858	261
502789874	262
502789892	263
502789900	264
502789909	265
502789912	266
502789990	267
502789995	268
502789997	269
502790040	270
502790043	271
502790062	272
502790119	273
502790178	274
502790243	275
502790259	276
502790268	277
502790272	278
502790306	279
502790320	280
502790321	281
502790338	282
502790342	283
502790347	284
502790348	285
502790362	286
502790381	287
502790450	288
502790463	289
502790464	290
502790476	291
502790508	292
502790512	293
502790546	294
502790595	295
502790596	296
502790602	297
502790625	298
502790626	299
502790635	300
502790737	301
502790773	302
502790803	303
502790820	304
502790821	305
502790864	306
502790871	307
502790879	308
502790927	309
502790928	310
502790943	311
502790955	312
502791054	313
502791061	314
502791081	315
502791082	316
502791109	317
502791163	318
502791167	319
502791180	320
502791186	321
502791189	322
502791233	323
502791236	324
502791296	325
502791309	326
502791324	327
502791365	328
502791393	329
502791413	330
502791448	331
502791461	332
502791463	333
502791464	334
502791554	335
502791573	336
502791586	337
502791611	338
502791656	339
502791696	340
502791700	341
502791706	342
502791739	343
502791767	344
502791775	345
502791832	346
502791931	347
502791944	348
502791968	349
502791993	350
502792021	351
502792051	352
502792057	353
502792089	354
502792108	355
502792112	356
502792113	357
502792115	358
502792132	359
502792270	360
502792271	361
502792272	362
502792282	363
502792303	364
502792352	365
502792385	366
502792409	367
502792419	368
502792427	369
502792429	370
502792437	371
502792441	372
502792493	373
502792596	374
502792639	375
502792640	376
502792815	377
502792854	378
502792855	379
502792863	380
502792920	381
502792962	382
502793034	383
502793038	384
502793049	385
502793092	386
502793094	387
502793099	388
502793106	389
502793146	390
502793194	391
502793249	392
502793306	393
502793333	394
502793356	395
502793408	396
502793425	397
502793445	398
502793492	399
502793514	400
502793542	401
502793558	402
502793568	403
502793597	404
502793619	405
502793626	406
502793628	407
502793660	408
502793756	409
502793761	410
502793766	411
502793780	412
502793835	413
502793861	414
502793877	415
502793922	416
502793947	417
502793955	418
502793979	419
502794067	420
502794103	421
502794104	422
502794188	423
502794223	424
502794227	425
502794247	426
502794342	427
502794343	428
502794389	429
502794420	430
502794458	431
502794467	432
502794469	433
502794531	434
502794543	435
502794547	436
502794580	437
502794583	438
502794589	439
502794614	440
502794642	441
502794668	442
502794704	443
502794727	444
502794770	445
502794862	446
502794879	447
502794886	448
502794929	449
502794968	450
502794981	451
502794984	452
502795007	453
502795047	454
502795137	455
502795156	456
502795231	457
502795290	458
502795302	459
502795303	460
502795314	461
502795319	462
502795357	463
502795366	464
502795372	465
502795373	466
502795382	467
502795408	468
502795434	469
502795653	470
502795654	471
502795776	472
502795808	473
502795975	474
502796036	475
502796037	476
502796068	477
502796148	478
502796205	479
502796218	480
502796219	481
502796225	482
502796361	483
502796457	484
502796495	485
502796499	486
502796552	487
502796575	488
502796633	489
502796720	490
502796739	491
502796744	492
502796817	493
502796839	494
502796862	495
502796872	496
502796885	497
502796886	498
502797018	499
502797184	500
502797193	501
502797210	502
502797318	503
502797330	504
502797344	505
502797785	506
502797790	507
502797817	508
502797818	509
502797917	510
502797945	511
502797947	512
502797968	513
502798017	514
502798025	515
502798033	516
502798091	517
502798136	518
502798146	519
502798147	520
502798165	521
502798174	522
502798219	523
502798238	524
502798240	525
502798241	526
502798244	527
502798246	528
502798247	529
502798266	530
502798296	531
502798300	532
502798324	533
502798380	534
502798386	535
502798393	536
502798396	537
502798412	538
502798415	539
502798563	540
502798617	541
502798649	542
502798686	543
502798781	544
502798787	545
502798824	546
502798842	547
502798845	548
502798846	549
502798857	550
502799018	551
502799030	552
502799157	553
502799189	554
502799206	555
502799228	556
502799289	557
502799318	558
502799339	559
502799367	560
502799441	561
502799468	562
502799470	563
502799475	564
502799477	565
502799492	566
502799493	567
502799494	568
502799496	569
502799516	570
502799517	571
502799567	572
502799572	573
502799666	574
502799697	575
502799713	576
502799754	577
502799857	578
502800050	579
502800060	580
502800124	581
502800132	582
502800138	583
502800258	584
502800271	585
502800297	586
502800320	587
502800395	588
502800450	589
502800486	590
502800532	591
502800564	592
502800753	593
502800881	594
502800905	595
502801039	596
502801079	597
502801088	598
502801145	599
502801168	600
502801231	601
502801240	602
502801265	603
502801280	604
502801297	605
502801321	606
502801322	607
502801325	608
502801337	609
502801370	610
502801411	611
502801412	612
502801430	613
502801566	614
502801725	615
502801750	616
502801827	617
502801832	618
502801841	619
502801869	620
502801871	621
502801886	622
502801904	623
502801968	624
502801970	625
502802025	626
502802037	627
502802038	628
502802054	629
502802061	630
502802134	631
502802137	632
502802232	633
502802437	634
502804545	635
502804546	636
502833881	637
502833939	638
502833962	639
502835866	640
502835894	641
502835932	642
502843183	643
502843210	644
502851678	645
502851695	646
502851705	647
502860278	648
502862607	649
502864171	650
502868184	651
502868192	652
502873629	653
502874543	654
502875595	655
502878271	656
502883458	657
502884225	658
502884226	659
502888343	660
502890094	661
502892639	662
502892641	663
502894647	664
502898347	665
502898355	666
502898368	667
502901396	668
502903295	669
502906107	670
502907389	671
502936595	672
502936624	673
502939981	674
502947275	675
502947479	676
502949578	677
502951707	678
502958598	679
502958906	680
502963645	681
502970822	682
502970882	683
502970886	684
502970892	685
502976944	686
502985617	687
502990031	688
502990075	689
502992109	690
502992124	691
502997308	692
502997310	693
503003258	694
503004595	695
503008636	696
503010296	697
503011378	698
503012774	699
503012782	700
503020946	701
503026998	702
503030287	703
503031192	704
503031298	705
503043739	706
503053688	707
503054963	708
503057441	709
503058102	710
503058114	711
503058122	712
503060204	713
503060216	714
503060241	715
503061932	716
503064979	717
503069770	718
503069807	719
503070817	720
503073499	721
503074190	722
503074208	723
503074303	724
503075651	725
503080288	726
503084480	727
503084554	728
503084703	729
503088992	730
503092968	731
503094206	732
503094223	733
503099514	734
503099555	735
503099590	736
503104208	737
503107155	738
503107234	739
503108157	740
503120141	741
503120461	742
503121161	743
503122202	744
503122205	745
503123568	746
503129766	747
503130686	748
503134808	749
503136754	750
503136759	751
503138976	752
503139966	753
503146995	754
503151774	755
503152338	756
503153356	757
503156074	758
503157758	759
503161393	760
503165074	761
503165542	762
503167442	763
503167459	764
503168027	765
503171313	766
503171563	767
503175892	768
503176338	769
503178921	770
503179445	771
503181769	772
503182491	773
503184278	774
503188362	775
503192571	776
503195678	777
503197273	778
503198768	779
503200482	780
503200512	781
503201863	782
503202377	783
503203561	784
503207090	785
503207413	786
503208855	787
503209434	788
503210072	789
503217648	790
503219373	791
503219384	792
503220254	793
503220339	794
503221322	795
503222704	796
503225039	797
503225123	798
503226439	799
503227422	800
503228783	801
503229542	802
503232827	803
503235248	804
503235272	805
503235797	806
503238543	807
503239635	808
503240587	809
503240801	810
503241887	811
503242004	812
503242246	813
503249203	814
503250633	815
503251631	816
503251694	817
503251698	818
503251699	819
503253860	820
503254635	821
503254639	822
503255162	823
503257871	824
503262469	825
503263235	826
503263558	827
503263560	828
503264243	829
503264655	830
503266124	831
503266132	832
503266656	833
503268118	834
503273252	835
503273259	836
503278639	837
503278716	838
503282691	839
503282693	840
503282696	841
503282703	842
503284101	843
503284246	844
503284249	845
503284496	846
503286783	847
503287623	848
503288264	849
503289092	850
503291782	851
503291816	852
503297152	853
503297163	854
503297612	855
503297617	856
503297618	857
503298805	858
503299568	859
503299570	860
503299818	861
503301564	862
503304580	863
503305360	864
503306512	865
503307582	866
503525248	867
503537613	868
503537615	869
503554521	870
503555058	871
503555070	872
503556468	873
503556497	874
503557118	875
503557466	876
503561366	877
503561367	878
503562556	879
503564865	880
503578861	881
503584522	882
503584764	883
503586355	884
503587915	885
503588556	886
503589812	887
503592373	888
503592828	889
503592838	890
503592935	891
503595240	892
503595611	893
503597858	894
503604039	895
503610613	896
503613062	897
503614326	898
503614337	899
503615814	900
503617233	901
503617238	902
503619031	903
503622286	904
503624961	905
503624965	906
503625983	907
503627599	908
503627607	909
503629917	910
503629918	911
503629921	912
503630086	913
503632453	914
503634778	915
503635633	916
503640155	917
503640885	918
503640888	919
503641519	920
503641528	921
503641846	922
503641850	923
503642641	924
503643999	925
503644298	926
503648299	927
503654875	928
503656252	929
503656257	930
503657458	931
503657465	932
503658860	933
503658864	934
503658866	935
503660969	936
503662852	937
503663503	938
503663506	939
503663509	940
503685446	941
503685455	942
503686465	943
503687426	944
503687493	945
503688038	946
503689218	947
503690085	948
503691119	949
503714617	950
503744883	951
503746160	952
503746302	953
503772206	954
503819060	955
503819061	956
503820191	957
503821777	958
503821780	959
503822454	960
503822863	961
503823532	962
503824141	963
503825659	964
503827824	965
503831051	966
503832738	967
503832753	968
503834835	969
503836047	970
503837122	971
503838473	972
503838482	973
503840300	974
503840301	975
503853477	976
503853490	977
503880598	978
503888135	979
503896020	980
503897696	981
503899550	982
503899558	983
503900469	984
503900481	985
503900601	986
503900603	987
503901700	988
503902315	989
503903333	990
503903812	991
503904808	992
503904846	993
503906051	994
503906574	995
503906892	996
503906898	997
503907150	998
503907471	999
503936212	1000
503937693	1001
503937705	1002
503938671	1003
503938687	1004
503939150	1005
503939605	1006
503939893	1007
503939896	1008
503978623	1009
503978903	1010
504000237	1011
504009837	1012
504012514	1013
504027131	1014
504027138	1015
504030009	1016
504031091	1017
504031703	1018
504038539	1019
504040924	1020
504042384	1021
504076076	1022
504076079	1023
504095372	1024
504095458	1025
504112581	1026
504115637	1027
504121734	1028
504130513	1029
504135074	1030
504135397	1031
504137358	1032
504139405	1033
504139409	1034
504139410	1035
504213849	1036
504224646	1037
504224652	1038
504225879	1039
504226419	1040
504235142	1041
504267335	1042
504303490	1043
504304459	1044
504306349	1045
504307466	1046
504307486	1047
504314747	1048
504314748	1049
504316954	1050
504317547	1051
504318938	1052
504321787	1053
504330855	1054
504330861	1055
504330867	1056
504330874	1057
504330879	1058
504332251	1059
504332252	1060
504332253	1061
504333824	1062
504338432	1063
504338451	1064
504339256	1065
504343657	1066
504347409	1067
504347410	1068
504350044	1069
504354545	1070
504354573	1071
504360638	1072
504362567	1073
504362587	1074
504372524	1075
504372526	1076
504381435	1077
504383817	1078
504385143	1079
504385146	1080
504385147	1081
504386608	1082
504389725	1083
504389727	1084
504391001	1085
504396810	1086
504396817	1087
504398101	1088
504398963	1089
504398964	1090
504403545	1091
504406667	1092
504406686	1093
504410320	1094
504410325	1095
504411160	1096
504411178	1097
504411671	1098
504411672	1099
504412049	1100
504412059	1101
504414666	1102
504416396	1103
504417081	1104
504418023	1105
504423494	1106
504423495	1107
504425624	1108
504427291	1109
504427298	1110
504427303	1111
504428715	1112
504433510	1113
504433520	1114
504434869	1115
504435708	1116
504435712	1117
504438926	1118
504449420	1119
504449422	1120
504449423	1121
504459915	1122
504459917	1123
504459921	1124
504461227	1125
504461228	1126
504461229	1127
504461230	1128
504461231	1129
504463543	1130
504464950	1131
504467511	1132
504467517	1133
504467528	1134
504472399	1135
504472413	1136
504475038	1137
504478863	1138
504481182	1139
504483241	1140
504483576	1141
504483577	1142
504483584	1143
504486727	1144
504489902	1145
504489908	1146
504491355	1147
504491363	1148
504493144	1149
504493588	1150
504494002	1151
504495199	1152
504505284	1153
504507032	1154
504507033	1155
504507717	1156
504508846	1157
504510071	1158
504512179	1159
504512197	1160
504512205	1161
504513651	1162
504515389	1163
504516616	1164
504516617	1165
504518211	1166
504537707	1167
504539376	1168
504539377	1169
504539378	1170
504539382	1171
504539530	1172
504548682	1173
504548686	1174
504549586	1175
504549590	1176
504553396	1177
504555619	1178
504556010	1179
504557490	1180
504558135	1181
504558136	1182
504558137	1183
504558778	1184
504559657	1185
504559658	1186
504559659	1187
504559662	1188
504559684	1189
504559688	1190
504561518	1191
504563723	1192
504572912	1193
504574191	1194
504574192	1195
504579934	1196
504579938	1197
504579944	1198
504581740	1199
504582516	1200
504585035	1201
504589380	1202
504589401	1203
504591167	1204
504591173	1205
504591174	1206
504597891	1207
504601096	1208
504601102	1209
504601103	1210
504604283	1211
504604295	1212
504605085	1213
504605440	1214
504606203	1215
504608385	1216
504608410	1217
504609080	1218
504612227	1219
504612304	1220
504615326	1221
504615511	1222
504619160	1223
504619162	1224
504625886	1225
504628218	1226
504631717	1227
504632568	1228
504632585	1229
504632589	1230
504633794	1231
504633802	1232
504636938	1233
504636941	1234
504636946	1235
504636951	1236
504639383	1237
504643066	1238
504648555	1239
504648565	1240
504652174	1241
504653514	1242
504654384	1243
504654398	1244
504659693	1245
504660446	1246
504662211	1247
504662798	1248
504663156	1249
504664262	1250
504667978	1251
504692552	1252
504692561	1253
504693583	1254
504693587	1255
504693588	1256
504693590	1257
504695606	1258
504695607	1259
504696227	1260
504696820	1261
504697016	1262
504697856	1263
504698286	1264
504698992	1265
504699548	1266
504699557	1267
504701928	1268
504705163	1269
504705167	1270
504705178	1271
504706103	1272
504707950	1273
504707951	1274
504707953	1275
504709436	1276
504710121	1277
504712216	1278
504712663	1279
504713375	1280
504713805	1281
504713806	1282
504714995	1283
504717668	1284
504718389	1285
504725627	1286
504725628	1287
504725752	1288
504725759	1289
504725765	1290
504726267	1291
504726269	1292
504726270	1293
504727135	1294
504729849	1295
504729850	1296
504731099	1297
504731103	1298
504731115	1299
504731118	1300
504731119	1301
504731121	1302
504731123	1303
504731124	1304
504731126	1305
504731135	1306
504732346	1307
504732347	1308
504735557	1309
504735564	1310
504735570	1311
504735573	1312
504737047	1313
504737054	1314
504739951	1315
504742888	1316
504742894	1317
504744532	1318
504744533	1319
504744541	1320
504744900	1321
504745205	1322
504745576	1323
504746348	1324
504748580	1325
504749113	1326
504749114	1327
504750392	1328
504750395	1329
504753785	1330
504753788	1331
504754260	1332
504754758	1333
504755415	1334
504757015	1335
504758586	1336
504759282	1337
504759283	1338
504759286	1339
504759294	1340
504761212	1341
504762213	1342
504764478	1343
504764479	1344
504764481	1345
504765222	1346
504765223	1347
504765224	1348
504765225	1349
504766175	1350
504766179	1351
504766184	1352
504766185	1353
504767007	1354
504768022	1355
504768029	1356
504770526	1357
504770532	1358
504771341	1359
504771349	1360
504771759	1361
504773326	1362
504773329	1363
504775272	1364
504775281	1365
504775285	1366
504775611	1367
504777883	1368
504778271	1369
504778730	1370
504779079	1371
504780302	1372
504780339	1373
504780341	1374
504780558	1375
504781931	1376
504781938	1377
504781940	1378
504782186	1379
504782558	1380
504782561	1381
504782594	1382
504782595	1383
504782596	1384
504782597	1385
504782598	1386
504782600	1387
504783121	1388
504783123	1389
504783127	1390
504783205	1391
504783206	1392
504783207	1393
504783210	1394
504783211	1395
504784699	1396
504786320	1397
504787660	1398
504793290	1399
504795379	1400
504795387	1401
504799164	1402
504799486	1403
504800635	1404
504800636	1405
504800637	1406
504800638	1407
504802242	1408
504802248	1409
504802950	1410
504802951	1411
504804143	1412
504804145	1413
504804313	1414
504806607	1415
504807788	1416
504808550	1417
504813165	1418
504814520	1419
504814981	1420
504815398	1421
504820723	1422
504822040	1423
504826545	1424
504826546	1425
504827632	1426
504827639	1427
504829698	1428
504829702	1429
504829705	1430
504830517	1431
504830519	1432
504831019	1433
504834064	1434
504834068	1435
504834075	1436
504834083	1437
504835356	1438
504835361	1439
504835366	1440
504836184	1441
504839715	1442
504843952	1443
504843960	1444
504844669	1445
504844671	1446
504845350	1447
504845352	1448
504846860	1449
504849521	1450
504849527	1451
504851316	1452
504851317	1453
504851324	1454
504851326	1455
504852746	1456
504854137	1457
504855363	1458
504856534	1459
504856538	1460
504856540	1461
504857873	1462
504861695	1463
504861698	1464
504861702	1465
504864637	1466
504865780	1467
504865782	1468
504865786	1469
504868987	1470
504869954	1471
504869961	1472
504869969	1473
504870492	1474
504873847	1475
504876066	1476
504876069	1477
504876075	1478
504877569	1479
504878140	1480
504878152	1481
504884938	1482
504885456	1483
504886369	1484
504886370	1485
504887235	1486
504888120	1487
504888671	1488
504888673	1489
504888674	1490
504893967	1491
504893976	1492
504895215	1493
504895736	1494
504896908	1495
504900244	1496
504900247	1497
504904607	1498
504905669	1499
504907912	1500
504907915	1501
504907917	1502
504910063	1503
504910067	1504
504910068	1505
504910673	1506
504910691	1507
504912045	1508
504913105	1509
504914981	1510
504914985	1511
504915780	1512
504919816	1513
504920739	1514
504922095	1515
504922555	1516
504922556	1517
504923739	1518
504923952	1519
504924563	1520
504924567	1521
504924574	1522
504924576	1523
504924578	1524
504925406	1525
504925407	1526
504925786	1527
504926790	1528
504926798	1529
504926799	1530
504926800	1531
504928743	1532
504929182	1533
504930126	1534
504930820	1535
504930822	1536
504930826	1537
504930829	1538
504931106	1539
504931362	1540
504931503	1541
504935332	1542
504935414	1543
504935416	1544
504936686	1545
504937045	1546
504937122	1547
504938844	1548
504938851	1549
504938853	1550
504940723	1551
504940726	1552
504940727	1553
504940728	1554
504940730	1555
504940734	1556
504940738	1557
504940819	1558
504940824	1559
504940825	1560
504940829	1561
504940835	1562
504941276	1563
504941658	1564
504941835	1565
504943779	1566
504944047	1567
504944050	1568
504944052	1569
504944058	1570
504944060	1571
504944067	1572
504944072	1573
504944076	1574
504944095	1575
504944097	1576
504944099	1577
504944110	1578
504944118	1579
504944875	1580
504945646	1581
504946665	1582
504950887	1583
504952771	1584
504952772	1585
504958777	1586
504959617	1587
504959841	1588
504960919	1589
504960928	1590
504960933	1591
504960935	1592
504966944	1593
504970852	1594
504970855	1595
504971842	1596
504976539	1597
504976541	1598
504976548	1599
504978603	1600
504978609	1601
504978612	1602
504986921	1603
504989069	1604
504989072	1605
504989082	1606
504989744	1607
504991804	1608
504995287	1609
504995288	1610
504995290	1611
504995292	1612
504995908	1613
504995910	1614
504999729	1615
504999730	1616
505002276	1617
505003411	1618
505003417	1619
505003422	1620
505003427	1621
505004838	1622
505008223	1623
505008224	1624
505008227	1625
505009450	1626
505010147	1627
505010690	1628
505012229	1629
505015356	1630
505015379	1631
505017159	1632
505017164	1633
505018320	1634
505020975	1635
505021384	1636
505022938	1637
505022945	1638
505023534	1639
505025861	1640
505026105	1641
505026106	1642
505026451	1643
505026454	1644
505026644	1645
505026648	1646
505026649	1647
505026956	1648
505026985	1649
505028098	1650
505029423	1651
505029429	1652
505030666	1653
505030668	1654
505031054	1655
505031944	1656
505033597	1657
505033632	1658
505033633	1659
505033638	1660
505035047	1661
505035174	1662
505035416	1663
505035417	1664
505035419	1665
505035947	1666
505035951	1667
505035952	1668
505035953	1669
505035954	1670
505035955	1671
505035956	1672
505035960	1673
505036392	1674
505036437	1675
505036442	1676
505036444	1677
505036547	1678
505037252	1679
505037254	1680
505037258	1681
505037261	1682
505037269	1683
505037653	1684
505037657	1685
505037661	1686
505038867	1687
505038873	1688
505038874	1689
505039789	1690
505039793	1691
505042902	1692
505042903	1693
505042904	1694
505042905	1695
505042909	1696
505044383	1697
505044687	1698
505045728	1699
505045729	1700
505046733	1701
505047627	1702
505048634	1703
505049440	1704
505049442	1705
505049443	1706
505049445	1707
505049449	1708
505051333	1709
505052788	1710
505052795	1711
505052796	1712
505057705	1713
505057713	1714
505062125	1715
505062128	1716
505062248	1717
505064501	1718
505068396	1719
505069076	1720
505071203	1721
505076935	1722
505076938	1723
505076939	1724
505077320	1725
505077321	1726
505077322	1727
505077327	1728
505078129	1729
505079974	1730
505079993	1731
505080278	1732
505080279	1733
505081066	1734
505081657	1735
505081659	1736
505081701	1737
505081702	1738
505082920	1739
505082921	1740
505082922	1741
505083153	1742
505083274	1743
505083582	1744
505083592	1745
505084618	1746
505084626	1747
505084989	1748
505084990	1749
505084995	1750
505088149	1751
505088150	1752
505088152	1753
505088713	1754
505088719	1755
505090899	1756
505091908	1757
505094999	1758
505095844	1759
505096954	1760
505098017	1761
505098018	1762
505099351	1763
505100057	1764
505100450	1765
505100451	1766
505100874	1767
505102061	1768
505102064	1769
505102071	1770
505102079	1771
505103061	1772
505107611	1773
505107988	1774
505107989	1775
505109164	1776
505109213	1777
505110900	1778
505112367	1779
505112394	1780
505113419	1781
505115866	1782
505115867	1783
505115868	1784
505115875	1785
505115879	1786
505117077	1787
505117949	1788
505119238	1789
505119243	1790
505119707	1791
505121631	1792
505121657	1793
505121762	1794
505122095	1795
505122342	1796
505122626	1797
505123006	1798
505123007	1799
505123014	1800
505123600	1801
505125143	1802
505126631	1803
505126632	1804
505127909	1805
505127921	1806
505128430	1807
505128439	1808
505128819	1809
505128847	1810
505129428	1811
505129431	1812
505130422	1813
505130838	1814
505131975	1815
505131980	1816
505135767	1817
505136951	1818
505136955	1819
505137551	1820
505137554	1821
505137557	1822
505137562	1823
505137563	1824
505137566	1825
505137588	1826
505141379	1827
505142534	1828
505142535	1829
505143425	1830
505145107	1831
505145108	1832
505145480	1833
505147775	1834
505150236	1835
505150237	1836
505150247	1837
505150249	1838
505150267	1839
505150270	1840
505154675	1841
505154679	1842
505154681	1843
505154686	1844
505154688	1845
505154689	1846
505158222	1847
505158233	1848
505160190	1849
505160192	1850
505160758	1851
505161750	1852
505161966	1853
505162674	1854
505163840	1855
505164418	1856
505164779	1857
505164780	1858
505164941	1859
505170069	1860
505170070	1861
505170361	1862
505170366	1863
505170466	1864
505170467	1865
505170924	1866
505170945	1867
505171506	1868
505171511	1869
505172794	1870
505172800	1871
505174276	1872
505174600	1873
505174819	1874
505175203	1875
505176364	1876
505176368	1877
505176369	1878
505177720	1879
505177725	1880
505179308	1881
505180202	1882
505180671	1883
505181867	1884
505183084	1885
505183803	1886
505185194	1887
505185201	1888
505185205	1889
505186923	1890
505186925	1891
505186931	1892
505186937	1893
505188477	1894
505190348	1895
505190963	1896
505191728	1897
505191730	1898
505192205	1899
505193078	1900
505193084	1901
505193086	1902
505194828	1903
505195131	1904
505195134	1905
505195143	1906
505195276	1907
505195320	1908
505195369	1909
505195370	1910
505195372	1911
505195416	1912
505195426	1913
505198239	1914
505198338	1915
505203785	1916
505203800	1917
505207637	1918
505207653	1919
505210492	1920
505211436	1921
505212230	1922
505213082	1923
505214134	1924
505214147	1925
505217021	1926
505217030	1927
505217033	1928
505218118	1929
505218119	1930
505218122	1931
505225219	1932
505227837	1933
505229184	1934
505229189	1935
505229192	1936
505229193	1937
505229205	1938
505230253	1939
505230254	1940
505231571	1941
505233265	1942
505233266	1943
505233268	1944
505233276	1945
505233278	1946
505234068	1947
505235087	1948
505235322	1949
505235324	1950
505235622	1951
505235624	1952
505236087	1953
505236089	1954
505236091	1955
505236445	1956
505236477	1957
505237086	1958
505237087	1959
505237090	1960
505237092	1961
505238060	1962
505238369	1963
505238370	1964
505239208	1965
505239866	1966
505242924	1967
505242928	1968
505242929	1969
505242930	1970
505242941	1971
505242950	1972
505243698	1973
505244393	1974
505244394	1975
505244395	1976
505244402	1977
505244821	1978
505244822	1979
505245608	1980
505246152	1981
505246154	1982
505246165	1983
505246354	1984
505246361	1985
505247329	1986
505247342	1987
