15
200
300

[Node]
0  0  0   0  0
16 0  0   0  0

[pickup]
1       505245608      75          16
2       503058122      24          3
3       503273252      18          2
4       502788559      13          1
5       503907150      62          22
6       504726270      14          9
7       503240801      66          17
8       505123014      9          18
9       504731119      26          5
10      504549590      96          18
11      502851705      29          18
12      504619160      35          17
13      503589812      25          6
14      504558137      27          21
15      505198338      38          20

[Speed 0]
1.8
30.0   60.0 0.0 1.5
90.0   150 0.0 1.1
300.0  540.0 0.0 1.9
570.0 630.0 0.0 1.5
660.0 720.0 0.0 1.3
750.0 840.0 0.0 1.8

[Speed 1]
1.6
30.0   60.0 0.0 1.77
90.0   150 0.0 0.95
300.0  540.0 0.0 1.84
570.0 630.0 0.0 1.5
660.0 720.0 0.0 1.3
750.0 840.0 0.0 2

[Speed 2]
1.8
30.0   60.0 0.0 1.4
90.0   150 0.0 1.2
300.0  540.0 0.0 2
570.0 630.0 0.0 1.5
660.0 720.0 0.0 1.2
750.0 840.0 0.0 2

[Speed 3]
1.6
30.0   60.0 0.0 1.4
90.0   150 0.0 0.9
300.0  540.0 0.0 1.8
570.0 630.0 0.0 1.4
660.0 720.0 0.0 1.2
750.0 840.0 0.0 2

[Speed 4]
1.8
30.0   60.0 0.0 1.4
90.0   150 0.0 1.2
300.0  540.0 0.0 2
570.0 630.0 0.0 1.5
660.0 720.0 0.0 1.2
750.0 840.0 0.0 2

[speed choose matrix]
4 4 4 4 4 4 4 4 4 4 4 4 4 4 4 4 4
4 4 3 0 1 2 0 0 4 2 1 4 0 1 0 1 4
4 1 2 1 2 1 0 3 4 4 0 3 0 0 2 3 4
4 2 2 4 4 0 2 4 0 2 1 1 4 4 4 0 4
4 0 3 3 4 2 0 1 0 2 1 3 1 1 1 0 4
4 2 0 3 1 4 2 0 0 0 2 0 1 0 1 0 4
4 3 1 0 0 0 1 1 4 3 1 2 0 1 0 4 4
4 1 3 0 2 1 0 2 3 0 1 1 4 2 1 2 4
4 3 1 0 4 3 0 2 3 1 3 4 2 1 3 2 4
4 2 3 3 3 1 2 2 2 2 0 0 2 4 4 0 4
4 3 1 0 3 2 4 4 4 4 3 4 4 0 1 1 4
4 2 4 0 1 0 2 2 0 0 2 1 4 0 2 3 4
4 0 2 3 1 0 0 1 3 0 0 0 3 1 2 4 4
4 4 4 2 4 2 1 2 3 3 2 3 0 3 2 3 4
4 0 4 4 0 0 1 2 3 2 4 0 0 4 0 1 4
4 4 3 3 1 3 4 1 2 3 3 3 1 4 4 0 4
4 4 4 4 4 4 4 4 4 4 4 4 4 4 4 4 4

