1       504558137      27          21
2       503058122      24          3
3       504731119      26          5
4       502788559      13          1
5       503907150      62          22
6       504619160      35          17
7       505198338      38          20
8       505245608      75          16
9       503273252      18          2
10      505123014      9          18
11      502851705      29          18
12      504726270      14          9
13      503589812      25          6
14      503240801      66          17
15      504549590      96          18