(0.01, 0.50, 0.01): 9240904.032088358
(0.01, 0.85, 0.04): 9214507.46175867
(0.05, 0.75, 0.03): 9239533.470752202
(0.23, 0.85, 0.02): 9215075.193898289
(0.25, 0.75, 0.02): 9225540.01727048

(0.01, 0.50, 0.01): 16108.039472023083
(0.01, 0.85, 0.04): 16133.76760508554
(0.05, 0.75, 0.03): 16169.79056555288
(0.23, 0.85, 0.02): 16126.75471309412
(0.25, 0.75, 0.02): 16166.85775979558

(0.01, 0.50, 0.01): 18636.25449886394
(0.01, 0.85, 0.04): 18585.46495704568
(0.05, 0.75, 0.03): 18637.32116939426
(0.23, 0.85, 0.02): 18584.4149494781
(0.25, 0.75, 0.02): 18606.45907760706