
[0, 38, 14, 11, 12, 20, 8, 7, 1, 41, 2, 6, 34, 5, 21, 4, 10, 37, 13, 18, 27, 15, 35, 30, 26, 31, 40, 33, 19, 42, 28, 16, 17, 24, 32, 39, 29, 43, 22, 36, 3, 25, 9, 23, 44]
[[38, 14, 11, 12, 20, 8, 7, 1], [85154.71931217692, 163.48667332323535]]
[[41], [45050.3941730612, 69.16864349751185]]
[[2, 6, 34, 5, 21, 4, 10, 37, 13], [80271.13807170966, 161.86980518002866]]
[[18, 27, 15, 35, 30, 26], [63520.49539887788, 108.21420817434947]]
[[31, 40], [51244.82446070743, 80.04372352361139]]
[[33, 19], [51389.252070333154, 81.25378614007315]]
[[42], [58300.198171749194, 97.32917779111109]]
[[28, 16, 17, 24, 32], [70423.57748002844, 127.50307538126327]]
[[39, 29], [61426.36643524438, 110.81838522608639]]
[[43], [49728.928747232, 77.70752402108245]]
[[22, 36, 3, 25, 9, 23], [59972.467599889125, 103.2283048641693]]
707386.0023197762 1241.6757750524773 11
