[0, 26, 13, 11, 17, 18, 32, 10, 33, 3, 15, 2, 5, 35, 6, 12, 23, 40, 37, 27, 22, 28, 21, 30, 14, 4, 24, 8, 9, 20, 29, 43, 42, 25, 41, 16, 34, 44, 1, 39, 7, 19, 31, 38, 36, 45]
[[26, 13, 11, 17, 18, 32, 10], [93689.4184681873, 183.32047219012418]]
[[33, 3, 15, 2, 5, 35], [76540.60569987762, 141.68787750460731]]
[[6, 12, 23, 40], [68777.63319004864, 118.69210368991266]]
[[37, 27], [59868.22744147189, 98.79914293344441]]
[[22, 28, 21, 30, 14, 4], [73233.24260871313, 130.3753057078307]]
[[24, 8, 9, 20, 29], [68570.58190577122, 122.80203443288815]]
[[43], [62374.59089162834, 106.45807159634575]]
[[42], [61146.47215939613, 103.6033933054944]]
[[25, 41], [62539.9815077224, 104.5662851822222]]
[[16, 34], [64881.59168525099, 111.87683028922962]]
[[44], [59377.642441423995, 98.7991429333333]]
[[1, 39, 7], [63904.84030155261, 109.9281209519133]]
[[19, 31, 38], [64591.71792091195, 109.25029147125312]]
[[36], [63103.6467978716, 105.87126741777777]]
947181.5259128398 1653.164382355541 14
