[0, 9, 60, 56, 24, 12, 8, 78, 5, 62, 55, 7, 71, 1, 84, 27, 16, 81, 22, 48, 28, 13, 51, 29, 35, 82, 23, 66, 44, 80, 14, 32, 11, 59, 15, 10, 69, 38, 79, 26, 43, 63, 83, 30, 75, 52, 46, 40, 18, 49, 2, 72, 39, 17, 68, 34, 33, 61, 58, 76, 25, 42, 70, 85, 73, 77, 21, 74, 50, 57, 41, 45, 64, 3, 36, 4, 31, 47, 67, 53, 54, 19, 37, 6, 65, 20, 86]
[[9, 60, 56, 24, 12, 8], [70604.18613863052, 127.24770136433989]]
[[78, 5, 62], [66295.30973574841, 115.11643744891319]]
[[55, 7, 71, 1], [65369.025161982194, 115.12003635443372]]
[[84, 27], [62511.14908272025, 104.84064553157774]]
[[16, 81, 22], [65634.99723298707, 111.92230816297386]]
[[48, 28, 13, 51, 29, 35], [72908.40047815937, 134.75816270538115]]
[[82, 23], [61879.4675377198, 103.19554739498696]]
[[66], [59531.452024039856, 100.49200358088048]]
[[44, 80, 14], [66278.02386981717, 113.78248111481199]]
[[32, 11, 59, 15, 10, 69], [66208.3393383172, 115.41014472562674]]
[[38, 79, 26], [64897.26113044354, 111.19430382759506]]
[[43, 63], [64771.96841129859, 112.05447628577508]]
[[83], [51715.13056555728, 82.55263749651242]]
[[30, 75, 52, 46], [68667.9190603437, 121.70113335096855]]
[[40, 18, 49, 2, 72, 39], [73256.35835123435, 132.36873062859203]]
[[17, 68, 34, 33, 61], [64449.09410983395, 109.39649613961207]]
[[58, 76, 25], [66866.41344562575, 115.88028921555238]]
[[42, 70], [56901.680246929536, 92.72563196486361]]
[[85], [62677.5155553044, 107.18648520444444]]
[[73, 77], [54507.81560797253, 85.97356118924716]]
[[21, 74, 50, 57], [58973.46650992359, 96.73179757314414]]
[[41, 45, 64, 3, 36, 4], [93330.72076001344, 181.87595239642954]]
[[31, 47, 67, 53], [56478.928619762795, 91.88262635324679]]
[[54, 19, 37, 6, 65, 20], [83372.67923145213, 163.78170945908147]]
1575246.2226744313 2735.261833635204 24
[0, 9, 60, 56, 24, 12, 8, 78, 5, 62, 55, 7, 71, 1, 84, 27, 16, 81, 22, 48, 28, 13, 51, 29, 35, 82, 23, 66, 44, 80, 14, 32, 11, 59, 15, 10, 69, 38, 79, 26, 43, 63, 83, 30, 75, 52, 46, 40, 18, 49, 2, 72, 39, 17, 68, 34, 33, 61, 58, 76, 25, 42, 70, 85, 73, 77, 21, 74, 50, 57, 41, 45, 64, 3, 36, 4, 31, 47, 67, 53, 54, 19, 37, 6, 65, 20, 86]
[[9, 60, 56, 24, 12, 8], [70604.18613863052, 127.24770136433989]]
[[78, 5, 62], [66295.30973574841, 115.11643744891319]]
[[55, 7, 71, 1], [65369.025161982194, 115.12003635443372]]
[[84, 27], [62511.14908272025, 104.84064553157774]]
[[16, 81, 22], [65634.99723298707, 111.92230816297386]]
[[48, 28, 13, 51, 29, 35], [72908.40047815937, 134.75816270538115]]
[[82, 23], [61879.4675377198, 103.19554739498696]]
[[66], [59531.452024039856, 100.49200358088048]]
[[44, 80, 14], [66278.02386981717, 113.78248111481199]]
[[32, 11, 59, 15, 10, 69], [66208.3393383172, 115.41014472562674]]
[[38, 79, 26], [64897.26113044354, 111.19430382759506]]
[[43, 63], [64771.96841129859, 112.05447628577508]]
[[83], [51715.13056555728, 82.55263749651242]]
[[30, 75, 52, 46], [68667.9190603437, 121.70113335096855]]
[[40, 18, 49, 2, 72, 39], [73256.35835123435, 132.36873062859203]]
[[17, 68, 34, 33, 61], [64449.09410983395, 109.39649613961207]]
[[58, 76, 25], [66866.41344562575, 115.88028921555238]]
[[42, 70], [56901.680246929536, 92.72563196486361]]
[[85], [62677.5155553044, 107.18648520444444]]
[[73, 77], [54507.81560797253, 85.97356118924716]]
[[21, 74, 50, 57], [58973.46650992359, 96.73179757314414]]
[[41, 45, 64, 3, 36, 4], [93330.72076001344, 181.87595239642954]]
[[31, 47, 67, 53], [56478.928619762795, 91.88262635324679]]
[[54, 19, 37, 6, 65, 20], [83372.67923145213, 163.78170945908147]]
1575246.2226744313 2735.261833635204 24
[0, 9, 60, 56, 24, 12, 8, 78, 5, 62, 55, 7, 71, 1, 84, 27, 16, 81, 22, 48, 28, 13, 51, 29, 35, 82, 23, 66, 44, 80, 14, 32, 11, 59, 15, 10, 69, 38, 79, 26, 43, 63, 83, 30, 75, 52, 46, 40, 18, 49, 2, 72, 39, 17, 68, 34, 33, 61, 58, 76, 25, 42, 70, 85, 73, 77, 21, 74, 50, 57, 41, 45, 64, 3, 36, 4, 31, 47, 67, 53, 54, 19, 37, 6, 65, 20, 86]
[[9, 60, 56, 24, 12, 8], [70604.18613863052, 127.24770136433989]]
[[78, 5, 62], [66295.30973574841, 115.11643744891319]]
[[55, 7, 71, 1], [65369.025161982194, 115.12003635443372]]
[[84, 27], [62511.14908272025, 104.84064553157774]]
[[16, 81, 22], [65634.99723298707, 111.92230816297386]]
[[48, 28, 13, 51, 29, 35], [72908.40047815937, 134.75816270538115]]
[[82, 23], [61879.4675377198, 103.19554739498696]]
[[66], [59531.452024039856, 100.49200358088048]]
[[44, 80, 14], [66278.02386981717, 113.78248111481199]]
[[32, 11, 59, 15, 10, 69], [66208.3393383172, 115.41014472562674]]
[[38, 79, 26], [64897.26113044354, 111.19430382759506]]
[[43, 63], [64771.96841129859, 112.05447628577508]]
[[83], [51715.13056555728, 82.55263749651242]]
[[30, 75, 52, 46], [68667.9190603437, 121.70113335096855]]
[[40, 18, 49, 2, 72, 39], [73256.35835123435, 132.36873062859203]]
[[17, 68, 34, 33, 61], [64449.09410983395, 109.39649613961207]]
[[58, 76, 25], [66866.41344562575, 115.88028921555238]]
[[42, 70], [56901.680246929536, 92.72563196486361]]
[[85], [62677.5155553044, 107.18648520444444]]
[[73, 77], [54507.81560797253, 85.97356118924716]]
[[21, 74, 50, 57], [58973.46650992359, 96.73179757314414]]
[[41, 45, 64, 3, 36, 4], [93330.72076001344, 181.87595239642954]]
[[31, 47, 67, 53], [56478.928619762795, 91.88262635324679]]
[[54, 19, 37, 6, 65, 20], [83372.67923145213, 163.78170945908147]]
1575246.2226744313 2735.261833635204 24
