[0, 72, 13, 48, 28, 3, 50, 25, 15, 45, 6, 37, 74, 61, 20, 29, 66, 69, 27, 57, 55, 16, 73, 40, 26, 31, 34, 44, 14, 41, 4, 24, 18, 23, 62, 1, 35, 60, 2, 65, 7, 17, 30, 59, 38, 36, 39, 8, 21, 5, 71, 47, 11, 64, 58, 19, 76, 32, 42, 10, 63, 9, 70, 54, 52, 56, 68, 33, 51, 67, 75, 46, 53, 49, 12, 43, 22, 77]
[[72, 13, 48, 28], [72864.08632919239, 132.80327146571926]]
[[3, 50, 25, 15, 45], [75607.05911899306, 142.49613331407411]]
[[6, 37, 74], [66110.90252378675, 113.83957565076574]]
[[61, 20, 29, 66], [67780.70507050634, 119.0302537486015]]
[[69, 27, 57, 55, 16], [67546.47037092372, 117.79708000747613]]
[[73, 40, 26, 31, 34], [65930.57451484841, 115.26508412742253]]
[[44, 14, 41, 4, 24, 18, 23, 62, 1, 35], [84311.80948076857, 162.3485082861053]]
[[60, 2, 65, 7, 17, 30, 59], [92195.67493629435, 177.62191728524323]]
[[38, 36, 39, 8, 21, 5, 71], [74647.6757795527, 138.94499233648338]]
[[47, 11, 64, 58, 19], [64864.21724215981, 110.49326953992103]]
[[76], [47221.98191916857, 72.99987363348737]]
[[32, 42, 10, 63, 9, 70], [56404.60090895678, 89.93278590808299]]
[[54, 52, 56], [55191.25144127591, 91.01219325828811]]
[[68, 33, 51, 67], [64126.456881084, 112.28240576617918]]
[[75], [47435.58665683878, 72.99987363348737]]
[[46, 53, 49, 12, 43, 22], [75268.39491390053, 141.82530003041478]]
1080273.1439569194 1913.6920472514714 16
