[0, 15, 29, 11, 16, 26, 17, 30, 23, 27, 19, 8, 14, 13, 9, 1, 10, 2, 25, 22, 18, 28, 20, 21, 5, 12, 4, 24, 6, 7, 3, 31]
[[15], [59869.55335727599, 101.60610950457102]]
[[29], [49634.754014392325, 78.60038154148077]]
[[11, 16, 26], [63051.180267985525, 108.98482169806884]]
[[17], [50110.17603611536, 79.599636218833]]
[[30], [49634.754014392325, 78.60038154148077]]
[[23], [49634.754014392325, 78.60038154148077]]
[[27], [48715.0901726095, 76.68651424568247]]
[[19, 8, 14, 13, 9], [52054.72634823546, 85.2431181851053]]
[[1, 10, 2, 25], [67636.91407223775, 119.73667348201205]]
[[22, 18], [55033.40379631519, 91.00772724413281]]
[[28], [48715.0901726095, 76.68651424568247]]
[[20, 21, 5], [51650.96610160156, 83.78539818599936]]
[[12, 4, 24, 6, 7, 3], [52863.44824369163, 87.15121358063531]]
735785.5271744289 1228.81982101332 13
[0, 15, 29, 11, 16, 26, 17, 30, 23, 27, 19, 8, 14, 13, 9, 1, 10, 2, 25, 22, 18, 28, 20, 21, 5, 12, 4, 24, 6, 7, 3, 31]
[[15], [59869.55335727599, 101.60610950457102]]
[[29], [49634.754014392325, 78.60038154148077]]
[[11, 16, 26], [63051.180267985525, 108.98482169806884]]
[[17], [50110.17603611536, 79.599636218833]]
[[30], [49634.754014392325, 78.60038154148077]]
[[23], [49634.754014392325, 78.60038154148077]]
[[27], [48715.0901726095, 76.68651424568247]]
[[19, 8, 14, 13, 9], [52054.72634823546, 85.2431181851053]]
[[1, 10, 2, 25], [67636.91407223775, 119.73667348201205]]
[[22, 18], [55033.40379631519, 91.00772724413281]]
[[28], [48715.0901726095, 76.68651424568247]]
[[20, 21, 5], [51650.96610160156, 83.78539818599936]]
[[12, 4, 24, 6, 7, 3], [52863.44824369163, 87.15121358063531]]
735785.5271744289 1228.81982101332 13
[0, 15, 29, 11, 16, 26, 17, 30, 23, 27, 19, 8, 14, 13, 9, 1, 10, 2, 25, 22, 18, 28, 20, 21, 5, 12, 4, 24, 6, 7, 3, 31]
[[15], [59903.033357275985, 101.60610950457102]]
[[29], [49669.629014392325, 78.60038154148077]]
[[11, 16, 26], [64505.820267985524, 108.98482169806884]]
[[17], [50179.92603611536, 79.599636218833]]
[[30], [49712.87401439232, 78.60038154148077]]
[[23], [49722.63901439232, 78.60038154148077]]
[[27], [48819.7151726095, 76.68651424568247]]
[[19, 8, 14, 13, 9, 1, 10, 2], [65638.72044779483, 117.56263834063495]]
[[25], [53936.17757290155, 87.43886768712609]]
[[22, 18], [55907.46379631519, 91.00772724413281]]
[[28], [49095.925172609495, 76.68651424568247]]
[[20, 21, 5], [52575.73745989713, 83.78539818599936]]
[[12, 4, 24, 6, 7, 3], [54078.29798377353, 87.15121358063531]]
748114.6499901023 1231.828957002393 13
