[0, 112, 5, 104, 92, 79, 8, 113, 97, 135, 14, 134, 47, 26, 34, 102, 73, 33, 117, 21, 83, 128, 129, 91, 88, 95, 37, 121, 65, 90, 106, 116, 96, 103, 131, 126, 68, 3, 75, 118, 62, 29, 94, 7, 60, 132, 59, 87, 110, 53, 30, 63, 36, 130, 17, 100, 89, 133, 52, 9, 80, 39, 54, 72, 56, 69, 67, 25, 124, 51, 44, 16, 111, 101, 125, 31, 12, 57, 18, 10, 108, 114, 107, 28, 99, 84, 81, 70, 35, 71, 50, 45, 42, 115, 23, 48, 123, 61, 41, 98, 58, 38, 76, 120, 2, 93, 4, 109, 55, 22, 43, 49, 122, 1, 74, 66, 6, 85, 20, 40, 64, 82, 77, 86, 24, 46, 15, 105, 27, 13, 11, 19, 32, 127, 78, 119, 136]
[[112, 5, 104, 92, 79], [68849.31794596888, 123.49680290123047]]
[[8, 113, 97], [53264.26411627698, 84.7616511322]]
[[135], [59794.26271638477, 101.32473553743074]]
[[14], [60210.7245367076, 102.29057848444442]]
[[134], [60488.13037468361, 102.93069267534871]]
[[47, 26, 34, 102], [55647.54374520312, 94.69645882706862]]
[[73, 33, 117, 21, 83], [65848.46438138328, 115.31420404520868]]
[[128], [49420.757193426136, 78.02760500012255]]
[[129, 91], [67373.14408610389, 121.8162999067172]]
[[88, 95, 37, 121], [62593.480677415224, 110.53919623360557]]
[[65, 90, 106], [54615.15118448685, 88.66571803948389]]
[[116, 96, 103], [55220.09917944965, 88.25297422280269]]
[[131], [51586.050446211666, 82.5600537272685]]
[[126, 68, 3, 75], [58821.160253568596, 105.84955170096876]]
[[118, 62, 29, 94, 7, 60], [73198.98375046374, 136.22155157902876]]
[[132], [60279.0795367076, 102.29057848444442]]
[[59, 87, 110, 53, 30, 63, 36], [81666.43217132872, 159.7968640786949]]
[[130], [61776.625860054206, 105.68598729111112]]
[[17, 100, 89], [65288.77077121383, 113.33686529167593]]
[[133], [61768.3842293288, 105.64099174222223]]
[[52, 9, 80, 39, 54, 72, 56, 69], [69389.56204514402, 124.62083680718267]]
[[67, 25, 124, 51], [70540.25956305803, 126.01423392178393]]
[[44, 16, 111, 101], [63270.78092537772, 107.03053393028708]]
[[125, 31, 12, 57, 18, 10], [73833.66430308888, 136.11056294007028]]
[[108, 114, 107, 28], [65786.38504688763, 113.89468346627915]]
[[99, 84, 81, 70, 35], [70248.21136185057, 126.50801500152102]]
[[71, 50, 45, 42, 115, 23], [67367.4355958419, 119.89788449212304]]
[[48, 123, 61, 41], [66291.7373483201, 114.38123861257289]]
[[98, 58, 38, 76], [66054.33218193732, 115.00251528842048]]
[[120, 2, 93, 4, 109], [74321.9602654171, 139.54219386866194]]
[[55, 22, 43, 49, 122, 1, 74], [78546.1221384941, 147.91799348077348]]
[[66, 6, 85, 20, 40, 64, 82, 77], [69770.81148028467, 124.24658172019434]]
[[86, 24, 46, 15, 105, 27, 13, 11, 19, 32], [74166.39622567114, 139.3019817111621]]
[[127, 78], [60213.129173973386, 101.08545480921332]]
[[119], [45698.79310037083, 68.00671492449109]]
2192496.5842647566 3802.236855917928 35
[0, 112, 5, 104, 92, 79, 8, 113, 97, 135, 14, 134, 47, 26, 34, 102, 73, 33, 117, 21, 83, 128, 129, 91, 88, 95, 37, 121, 65, 90, 106, 116, 96, 103, 131, 126, 68, 3, 75, 118, 62, 29, 94, 7, 60, 132, 59, 87, 110, 53, 30, 63, 36, 130, 17, 100, 89, 133, 52, 9, 80, 39, 54, 72, 56, 69, 67, 25, 124, 51, 44, 16, 111, 101, 125, 31, 12, 57, 18, 10, 108, 114, 107, 28, 99, 84, 81, 70, 35, 71, 50, 45, 42, 115, 23, 48, 123, 61, 41, 98, 58, 38, 76, 120, 2, 93, 4, 109, 55, 22, 43, 49, 122, 1, 74, 66, 6, 85, 20, 40, 64, 82, 77, 86, 24, 46, 15, 105, 27, 13, 11, 19, 32, 127, 78, 119, 136]
[[112, 5, 104, 92, 79], [68849.31794596888, 123.49680290123047]]
[[8, 113, 97], [53264.26411627698, 84.7616511322]]
[[135], [59794.26271638477, 101.32473553743074]]
[[14], [60210.7245367076, 102.29057848444442]]
[[134], [60488.13037468361, 102.93069267534871]]
[[47, 26, 34, 102], [55647.54374520312, 94.69645882706862]]
[[73, 33, 117, 21, 83], [65848.46438138328, 115.31420404520868]]
[[128], [49420.757193426136, 78.02760500012255]]
[[129, 91], [67373.14408610389, 121.8162999067172]]
[[88, 95, 37, 121], [62593.480677415224, 110.53919623360557]]
[[65, 90, 106], [54615.15118448685, 88.66571803948389]]
[[116, 96, 103], [55220.09917944965, 88.25297422280269]]
[[131], [51586.050446211666, 82.5600537272685]]
[[126, 68, 3, 75], [58821.160253568596, 105.84955170096876]]
[[118, 62, 29, 94, 7, 60], [73198.98375046374, 136.22155157902876]]
[[132], [60279.0795367076, 102.29057848444442]]
[[59, 87, 110, 53, 30, 63, 36], [81666.43217132872, 159.7968640786949]]
[[130], [61776.625860054206, 105.68598729111112]]
[[17, 100, 89], [65288.77077121383, 113.33686529167593]]
[[133], [61768.3842293288, 105.64099174222223]]
[[52, 9, 80, 39, 54, 72, 56, 69], [69389.56204514402, 124.62083680718267]]
[[67, 25, 124, 51], [70540.25956305803, 126.01423392178393]]
[[44, 16, 111, 101], [63270.78092537772, 107.03053393028708]]
[[125, 31, 12, 57, 18, 10], [73833.66430308888, 136.11056294007028]]
[[108, 114, 107, 28], [65786.38504688763, 113.89468346627915]]
[[99, 84, 81, 70, 35], [70248.21136185057, 126.50801500152102]]
[[71, 50, 45, 42, 115, 23], [67367.4355958419, 119.89788449212304]]
[[48, 123, 61, 41], [66291.7373483201, 114.38123861257289]]
[[98, 58, 38, 76], [66054.33218193732, 115.00251528842048]]
[[120, 2, 93, 4, 109], [74321.9602654171, 139.54219386866194]]
[[55, 22, 43, 49, 122, 1, 74], [78546.1221384941, 147.91799348077348]]
[[66, 6, 85, 20, 40, 64, 82, 77], [69770.81148028467, 124.24658172019434]]
[[86, 24, 46, 15, 105, 27, 13, 11, 19, 32], [74166.39622567114, 139.3019817111621]]
[[127, 78], [60213.129173973386, 101.08545480921332]]
[[119], [45698.79310037083, 68.00671492449109]]
2192496.5842647566 3802.236855917928 35
