[0, 53, 59, 27, 26, 52, 10, 19, 60, 46, 29, 24, 40, 39, 1, 21, 51, 20, 28, 48, 31, 37, 16, 23, 14, 56, 58, 41, 18, 17, 33, 11, 35, 50, 9, 5, 15, 47, 44, 61, 22, 7, 4, 3, 13, 8, 55, 6, 45, 30, 57, 43, 25, 49, 42, 36, 34, 12, 38, 2, 54, 32, 62]
[[53], [53950.3395334081, 87.87228335744811]]
[[59], [62287.00129539439, 107.13168509333329]]
[[27, 26, 52, 10, 19], [80552.63540542295, 159.36259599228606]]
[[60], [59493.78702403986, 100.49200358088048]]
[[46, 29, 24, 40], [67211.04185044611, 120.50879231466992]]
[[39, 1, 21, 51, 20], [64804.4421526684, 122.40936543883072]]
[[28, 48, 31, 37], [57396.742180287605, 95.82375181881032]]
[[16, 23, 14, 56], [66201.19172560277, 116.6970942990534]]
[[58, 41], [57415.841240272945, 93.17132596042552]]
[[18, 17, 33, 11, 35], [69718.19396325297, 129.2453924107142]]
[[50, 9], [64162.130605070735, 110.50023179058158]]
[[5, 15, 47, 44], [66213.69651389602, 114.79053667949546]]
[[61], [53508.75442179818, 86.29179594270566]]
[[22, 7, 4, 3, 13, 8, 55], [70263.76889671877, 125.22986173089204]]
[[6, 45, 30], [65085.67846714552, 115.55204500989333]]
[[57, 43], [61075.552723654226, 101.25511427364785]]
[[25, 49], [63221.96726577961, 107.62014950666668]]
[[42, 36, 34, 12, 38], [61516.06990705208, 102.00301469665825]]
[[2, 54, 32], [65382.28822257342, 112.08756236393637]]
1201620.299741098 2080.367990828102 19
