[0, 2, 84, 65, 76, 10, 43, 88, 20, 22, 1, 103, 79, 17, 94, 19, 66, 4, 32, 28, 70, 54, 57, 50, 35, 24, 14, 101, 27, 89, 75, 52, 30, 67, 3, 55, 92, 68, 82, 39, 42, 26, 100, 59, 69, 44, 18, 34, 102, 5, 53, 25, 8, 78, 104, 21, 77, 47, 74, 96, 41, 48, 23, 9, 12, 40, 36, 64, 98, 95, 51, 83, 63, 46, 29, 72, 71, 80, 60, 87, 99, 45, 86, 33, 38, 90, 6, 56, 85, 7, 91, 13, 31, 49, 81, 61, 58, 62, 15, 37, 11, 93, 97, 73, 16, 105]
[[2, 84, 65], [64951.64569348957, 112.70416566817035]]
[[76, 10, 43, 88, 20, 22, 1], [74668.45318288324, 140.32704601214513]]
[[103], [49410.99219342614, 78.02760500012255]]
[[79, 17, 94, 19, 66, 4], [73908.86728276701, 133.02049362725677]]
[[32, 28, 70, 54, 57, 50, 35, 24, 14], [77001.99421325792, 143.52735168996247]]
[[101], [62732.85718630759, 108.06864070666664]]
[[27, 89, 75, 52, 30, 67, 3], [84658.96360831053, 163.31733484828203]]
[[55, 92, 68, 82, 39], [79081.34925270505, 149.27427931925007]]
[[42, 26, 100, 59], [70235.63030332138, 125.07116115744074]]
[[69, 44, 18, 34], [74624.04936606639, 143.6388541188258]]
[[102], [50021.843968159796, 79.09352894131118]]
[[5, 53, 25, 8, 78], [65200.10276553456, 115.42832860888963]]
[[104], [62718.336972314006, 107.82144059999999]]
[[21, 77, 47, 74, 96], [53289.08295513548, 83.99832237011269]]
[[41, 48, 23, 9, 12, 40, 36, 64], [75067.56145779922, 144.67813494572772]]
[[98, 95], [51717.89173332247, 82.50151933614269]]
[[51, 83, 63, 46, 29, 72], [56934.96993394944, 94.26732513350042]]
[[71, 80, 60, 87], [56878.361521747385, 94.452734911559]]
[[99, 45, 86], [60037.27028804639, 101.02405795698775]]
[[33, 38, 90, 6, 56, 85], [66341.37004073948, 123.54607514978215]]
[[7, 91, 13, 31, 49, 81, 61], [60392.81717591864, 100.9277654386265]]
[[58, 62, 15, 37, 11, 93], [60966.1371391916, 103.49443334247363]]
[[97, 73, 16], [50357.87929376622, 78.02760500034935]]
1497747.1241369522 2631.770674548888 23
