[0, 4, 120, 79, 11, 22, 123, 85, 109, 52, 76, 44, 90, 51, 139, 26, 70, 111, 143, 88, 14, 117, 54, 71, 125, 127, 62, 132, 35, 78, 137, 121, 95, 73, 43, 128, 69, 105, 138, 46, 19, 81, 115, 29, 17, 75, 124, 130, 100, 42, 140, 97, 89, 77, 136, 49, 98, 68, 63, 58, 107, 32, 66, 108, 80, 92, 56, 131, 3, 112, 7, 126, 74, 31, 61, 67, 134, 1, 93, 83, 8, 102, 30, 55, 82, 99, 96, 104, 34, 64, 21, 119, 41, 59, 39, 48, 94, 116, 6, 133, 15, 37, 23, 9, 65, 18, 12, 53, 28, 5, 25, 13, 57, 103, 10, 33, 141, 110, 47, 38, 36, 40, 16, 72, 60, 86, 45, 114, 129, 142, 91, 87, 24, 2, 27, 84, 118, 20, 113, 50, 135, 101, 106, 122, 144]
[[4, 120, 79], [60974.25826272184, 104.83148469047185]]
[[11, 22, 123, 85, 109, 52], [60671.70030467042, 104.31148663642236]]
[[76, 44, 90, 51], [58332.6840570606, 98.6419246877809]]
[[139], [49925.58896815979, 79.09352894131118]]
[[26, 70, 111], [59668.88263090147, 100.77160417273112]]
[[143], [62609.52697231401, 107.82144059999999]]
[[88, 14, 117], [57780.11766454394, 98.04406766198294]]
[[54, 71, 125, 127], [56882.42497975285, 99.59859745621539]]
[[62, 132], [50121.336528194726, 80.15693772453905]]
[[35, 78, 137], [57503.10785859336, 93.78967498934736]]
[[121, 95], [52337.7809354306, 84.08362127194349]]
[[73, 43, 128, 69, 105], [53106.09864045074, 83.16482936668504]]
[[138], [62249.519154295995, 106.9282895111111]]
[[46, 19, 81, 115, 29], [65509.49936772452, 116.70208839344444]]
[[17, 75, 124, 130], [62714.046752984934, 105.1680984134913]]
[[100, 42], [61005.69799535258, 105.92729757958818]]
[[140], [59451.984482477375, 100.31741107743075]]
[[97, 89], [55997.8064084136, 91.96060503598048]]
[[77, 136, 49], [54034.78327460494, 87.27801412082471]]
[[98, 68, 63, 58, 107], [63584.78266923246, 107.32586309558599]]
[[32, 66, 108, 80, 92, 56], [69707.15058923294, 123.35360415762386]]
[[131, 3, 112, 7], [56997.9918776612, 92.42806049075388]]
[[126, 74, 31, 61, 67], [61738.26233954962, 106.15164426927689]]
[[134], [51715.13056555728, 82.55263749651242]]
[[1, 93, 83, 8, 102, 30, 55], [66796.34308354944, 123.89636424987052]]
[[82, 99, 96, 104, 34, 64], [66693.4471684194, 117.5531746981747]]
[[21, 119, 41, 59, 39, 48, 94], [81901.45550030464, 159.6804702067901]]
[[116, 6, 133, 15, 37, 23, 9], [68775.09554880703, 120.11835292562557]]
[[65, 18, 12, 53, 28, 5, 25, 13, 57, 103, 10, 33], [81595.86439885353, 155.87613730493814]]
[[141], [63920.89325165171, 110.08625722222618]]
[[110, 47, 38, 36, 40, 16, 72, 60], [81689.70946809473, 155.21164339626154]]
[[86, 45, 114, 129], [68629.98673993145, 121.58091502740011]]
[[142], [60254.61271638477, 101.32473553743074]]
[[91, 87, 24, 2, 27, 84, 118], [77387.99826813416, 144.69710415089423]]
[[20, 113, 50, 135], [72214.09772565411, 134.21555358801783]]
[[101, 106, 122], [64178.3220307831, 109.07355766332334]]
2238427.770803631 3853.9072724986045 36
[0, 4, 120, 79, 11, 22, 123, 85, 109, 52, 76, 44, 90, 51, 139, 26, 70, 111, 143, 88, 14, 117, 54, 71, 125, 127, 62, 132, 35, 78, 137, 121, 95, 73, 43, 128, 69, 105, 138, 46, 19, 81, 115, 29, 17, 75, 124, 130, 100, 42, 140, 97, 89, 77, 136, 49, 98, 68, 63, 58, 107, 32, 66, 108, 80, 92, 56, 131, 3, 112, 7, 126, 74, 31, 61, 67, 134, 1, 93, 83, 8, 102, 30, 55, 82, 99, 96, 104, 34, 64, 21, 119, 41, 59, 39, 48, 94, 116, 6, 133, 15, 37, 23, 9, 65, 18, 12, 53, 28, 5, 25, 13, 57, 103, 10, 33, 141, 110, 47, 38, 36, 40, 16, 72, 60, 86, 45, 114, 129, 142, 91, 87, 24, 2, 27, 84, 118, 20, 113, 50, 135, 101, 106, 122, 144]
[[4, 120, 79], [60974.25826272184, 104.83148469047185]]
[[11, 22, 123, 85, 109, 52], [60671.70030467042, 104.31148663642236]]
[[76, 44, 90, 51], [58332.6840570606, 98.6419246877809]]
[[139], [49925.58896815979, 79.09352894131118]]
[[26, 70, 111], [59668.88263090147, 100.77160417273112]]
[[143], [62609.52697231401, 107.82144059999999]]
[[88, 14, 117], [57780.11766454394, 98.04406766198294]]
[[54, 71, 125, 127], [56882.42497975285, 99.59859745621539]]
[[62, 132], [50121.336528194726, 80.15693772453905]]
[[35, 78, 137], [57503.10785859336, 93.78967498934736]]
[[121, 95], [52337.7809354306, 84.08362127194349]]
[[73, 43, 128, 69, 105], [53106.09864045074, 83.16482936668504]]
[[138], [62249.519154295995, 106.9282895111111]]
[[46, 19, 81, 115, 29], [65509.49936772452, 116.70208839344444]]
[[17, 75, 124, 130], [62714.046752984934, 105.1680984134913]]
[[100, 42], [61005.69799535258, 105.92729757958818]]
[[140], [59451.984482477375, 100.31741107743075]]
[[97, 89], [55997.8064084136, 91.96060503598048]]
[[77, 136, 49], [54034.78327460494, 87.27801412082471]]
[[98, 68, 63, 58, 107], [63584.78266923246, 107.32586309558599]]
[[32, 66, 108, 80, 92, 56], [69707.15058923294, 123.35360415762386]]
[[131, 3, 112, 7], [56997.9918776612, 92.42806049075388]]
[[126, 74, 31, 61, 67], [61738.26233954962, 106.15164426927689]]
[[134], [51715.13056555728, 82.55263749651242]]
[[1, 93, 83, 8, 102, 30, 55], [66796.34308354944, 123.89636424987052]]
[[82, 99, 96, 104, 34, 64], [66693.4471684194, 117.5531746981747]]
[[21, 119, 41, 59, 39, 48, 94], [81901.45550030464, 159.6804702067901]]
[[116, 6, 133, 15, 37, 23, 9], [68775.09554880703, 120.11835292562557]]
[[65, 18, 12, 53, 28, 5, 25, 13, 57, 103, 10, 33], [81595.86439885353, 155.87613730493814]]
[[141], [63920.89325165171, 110.08625722222618]]
[[110, 47, 38, 36, 40, 16, 72, 60], [81689.70946809473, 155.21164339626154]]
[[86, 45, 114, 129], [68629.98673993145, 121.58091502740011]]
[[142], [60254.61271638477, 101.32473553743074]]
[[91, 87, 24, 2, 27, 84, 118], [77387.99826813416, 144.69710415089423]]
[[20, 113, 50, 135], [72214.09772565411, 134.21555358801783]]
[[101, 106, 122], [64178.3220307831, 109.07355766332334]]
2238427.770803631 3853.9072724986045 36
[0, 4, 120, 79, 11, 22, 123, 85, 109, 52, 76, 44, 90, 51, 139, 26, 70, 111, 143, 88, 14, 117, 54, 71, 125, 127, 62, 132, 35, 78, 137, 121, 95, 73, 43, 128, 69, 105, 138, 46, 19, 81, 115, 29, 17, 75, 124, 130, 100, 42, 140, 97, 89, 77, 136, 49, 98, 68, 63, 58, 107, 32, 66, 108, 80, 92, 56, 131, 3, 112, 7, 126, 74, 31, 61, 67, 134, 1, 93, 83, 8, 102, 30, 55, 82, 99, 96, 104, 34, 64, 21, 119, 41, 59, 39, 48, 94, 116, 6, 133, 15, 37, 23, 9, 65, 18, 12, 53, 28, 5, 25, 13, 57, 103, 10, 33, 141, 110, 47, 38, 36, 40, 16, 72, 60, 86, 45, 114, 129, 142, 91, 87, 24, 2, 27, 84, 118, 20, 113, 50, 135, 101, 106, 122, 144]
[[4, 120, 79], [60974.25826272184, 104.83148469047185]]
[[11, 22, 123, 85, 109, 52], [60671.70030467042, 104.31148663642236]]
[[76, 44, 90, 51], [58332.6840570606, 98.6419246877809]]
[[139], [49925.58896815979, 79.09352894131118]]
[[26, 70, 111], [59668.88263090147, 100.77160417273112]]
[[143], [62609.52697231401, 107.82144059999999]]
[[88, 14, 117], [57780.11766454394, 98.04406766198294]]
[[54, 71, 125, 127], [56882.42497975285, 99.59859745621539]]
[[62, 132], [50121.336528194726, 80.15693772453905]]
[[35, 78, 137], [57503.10785859336, 93.78967498934736]]
[[121, 95], [52337.7809354306, 84.08362127194349]]
[[73, 43, 128, 69, 105], [53106.09864045074, 83.16482936668504]]
[[138], [62249.519154295995, 106.9282895111111]]
[[46, 19, 81, 115, 29], [65509.49936772452, 116.70208839344444]]
[[17, 75, 124, 130], [62714.046752984934, 105.1680984134913]]
[[100, 42], [61005.69799535258, 105.92729757958818]]
[[140], [59451.984482477375, 100.31741107743075]]
[[97, 89], [55997.8064084136, 91.96060503598048]]
[[77, 136, 49], [54034.78327460494, 87.27801412082471]]
[[98, 68, 63, 58, 107], [63584.78266923246, 107.32586309558599]]
[[32, 66, 108, 80, 92, 56], [69707.15058923294, 123.35360415762386]]
[[131, 3, 112, 7], [56997.9918776612, 92.42806049075388]]
[[126, 74, 31, 61, 67], [61738.26233954962, 106.15164426927689]]
[[134], [51715.13056555728, 82.55263749651242]]
[[1, 93, 83, 8, 102, 30, 55], [66796.34308354944, 123.89636424987052]]
[[82, 99, 96, 104, 34, 64], [66693.4471684194, 117.5531746981747]]
[[21, 119, 41, 59, 39, 48, 94], [81901.45550030464, 159.6804702067901]]
[[116, 6, 133, 15, 37, 23, 9], [68775.09554880703, 120.11835292562557]]
[[65, 18, 12, 53, 28, 5, 25, 13, 57, 103, 10, 33], [81595.86439885353, 155.87613730493814]]
[[141], [63920.89325165171, 110.08625722222618]]
[[110, 47, 38, 36, 40, 16, 72, 60], [81689.70946809473, 155.21164339626154]]
[[86, 45, 114, 129], [68629.98673993145, 121.58091502740011]]
[[142], [60254.61271638477, 101.32473553743074]]
[[91, 87, 24, 2, 27, 84, 118], [77387.99826813416, 144.69710415089423]]
[[20, 113, 50, 135], [72214.09772565411, 134.21555358801783]]
[[101, 106, 122], [64178.3220307831, 109.07355766332334]]
2238427.770803631 3853.9072724986045 36
