[0, 36, 88, 32, 12, 4, 7, 25, 60, 65, 31, 85, 35, 27, 13, 5, 15, 41, 52, 19, 49, 72, 75, 57, 63, 48, 29, 16, 70, 87, 45, 54, 44, 59, 28, 61, 18, 24, 69, 1, 53, 38, 64, 2, 84, 9, 17, 34, 58, 42, 40, 82, 43, 10, 20, 6, 66, 71, 81, 50, 11, 90, 74, 78, 62, 23, 22, 3, 37, 26, 14, 47, 56, 30, 83, 51, 33, 80, 8, 55, 68, 67, 77, 91, 46, 39, 21, 73, 76, 79, 89, 86, 92]
[[36], [60193.984536707605, 102.29057848444442]]
[[88], [57554.5892335088, 96.1532137422222]]
[[32, 12, 4, 7, 25, 60, 65, 31], [73013.59474202692, 137.5295445167992]]
[[85, 35, 27], [64264.13499923159, 109.98444394968539]]
[[13, 5, 15, 41, 52, 19, 49, 72], [71466.68591794833, 129.28997206746456]]
[[75, 57, 63, 48, 29], [70048.99244100545, 126.85879117386204]]
[[16, 70], [61018.43924624899, 104.62374925326274]]
[[87], [58254.03253855377, 97.57798775146401]]
[[45, 54, 44, 59, 28, 61, 18, 24], [79638.79958549078, 150.0860514881317]]
[[69, 1, 53, 38, 64, 2], [72574.3696692096, 134.47823778303282]]
[[84, 9, 17, 34], [63500.27727683622, 107.31126506336825]]
[[58, 42], [62073.721877096476, 105.98533022157054]]
[[40, 82, 43, 10], [69050.65119206082, 122.30597678649082]]
[[20, 6, 66, 71], [70571.53600225243, 126.08887423789817]]
[[81, 50, 11], [62555.058221042, 106.24247638687042]]
[[90], [58191.98807943508, 97.16880743856554]]
[[74, 78], [55976.059171646564, 92.6611483711867]]
[[62, 23, 22, 3, 37, 26, 14, 47, 56], [79766.91241421102, 153.4291559819938]]
[[30, 83, 51], [55693.23273971537, 88.84123316580282]]
[[33, 80, 8, 55], [62047.494398184994, 104.52147625797119]]
[[68, 67, 77], [65150.29713202483, 116.3138296858072]]
[[91], [53152.35022529034, 84.07817519915517]]
[[46, 39, 21, 73], [75957.84274313619, 147.10219732813084]]
[[76, 79], [61007.175991038974, 103.50811553778229]]
[[89], [54241.997752366944, 85.49108449995032]]
[[86], [53023.257538719794, 82.83739346508872]]
1675332.859055672 2915.908692187537 26
[0, 36, 88, 32, 12, 4, 7, 25, 60, 65, 31, 85, 35, 27, 13, 5, 15, 41, 52, 19, 49, 72, 75, 57, 63, 48, 29, 16, 70, 87, 45, 54, 44, 59, 28, 61, 18, 24, 69, 1, 53, 38, 64, 2, 84, 9, 17, 34, 58, 42, 40, 82, 43, 10, 20, 6, 66, 71, 81, 50, 11, 90, 74, 78, 62, 23, 22, 3, 37, 26, 14, 47, 56, 30, 83, 51, 33, 80, 8, 55, 68, 67, 77, 91, 46, 39, 21, 73, 76, 79, 89, 86, 92]
[[36], [60193.984536707605, 102.29057848444442]]
[[88], [57554.5892335088, 96.1532137422222]]
[[32, 12, 4, 7, 25, 60, 65, 31], [73013.59474202692, 137.5295445167992]]
[[85, 35, 27], [64264.13499923159, 109.98444394968539]]
[[13, 5, 15, 41, 52, 19, 49, 72], [71466.68591794833, 129.28997206746456]]
[[75, 57, 63, 48, 29], [70048.99244100545, 126.85879117386204]]
[[16, 70], [61018.43924624899, 104.62374925326274]]
[[87], [58254.03253855377, 97.57798775146401]]
[[45, 54, 44, 59, 28, 61, 18, 24], [79638.79958549078, 150.0860514881317]]
[[69, 1, 53, 38, 64, 2], [72574.3696692096, 134.47823778303282]]
[[84, 9, 17, 34], [63500.27727683622, 107.31126506336825]]
[[58, 42], [62073.721877096476, 105.98533022157054]]
[[40, 82, 43, 10], [69050.65119206082, 122.30597678649082]]
[[20, 6, 66, 71], [70571.53600225243, 126.08887423789817]]
[[81, 50, 11], [62555.058221042, 106.24247638687042]]
[[90], [58191.98807943508, 97.16880743856554]]
[[74, 78], [55976.059171646564, 92.6611483711867]]
[[62, 23, 22, 3, 37, 26, 14, 47, 56], [79766.91241421102, 153.4291559819938]]
[[30, 83, 51], [55693.23273971537, 88.84123316580282]]
[[33, 80, 8, 55], [62047.494398184994, 104.52147625797119]]
[[68, 67, 77], [65150.29713202483, 116.3138296858072]]
[[91], [53152.35022529034, 84.07817519915517]]
[[46, 39, 21, 73], [75957.84274313619, 147.10219732813084]]
[[76, 79], [61007.175991038974, 103.50811553778229]]
[[89], [54241.997752366944, 85.49108449995032]]
[[86], [53023.257538719794, 82.83739346508872]]
1675332.859055672 2915.908692187537 26
