[0, 103, 63, 101, 100, 7, 17, 45, 70, 32, 58, 49, 36, 13, 90, 3, 35, 74, 30, 51, 87, 85, 86, 95, 43, 6, 67, 65, 89, 27, 52, 80, 9, 34, 117, 26, 61, 59, 115, 10, 112, 16, 98, 116, 71, 31, 54, 96, 106, 41, 113, 110, 83, 15, 50, 114, 53, 23, 75, 28, 12, 91, 18, 11, 73, 107, 72, 25, 93, 79, 62, 29, 69, 48, 42, 39, 108, 21, 46, 105, 64, 38, 92, 60, 33, 77, 97, 94, 57, 2, 4, 104, 55, 20, 40, 47, 111, 1, 76, 68, 8, 84, 19, 37, 66, 81, 78, 88, 22, 44, 14, 99, 24, 56, 5, 109, 102, 82, 118]
[[103, 63], [63345.61734327798, 111.48456417643966]]
[[101, 100, 7, 17, 45], [73323.70846080763, 131.68796584226868]]
[[70, 32, 58, 49, 36, 13], [71817.95560036619, 136.5336604547503]]
[[90, 3, 35, 74, 30, 51], [71318.55291169517, 129.76637076242798]]
[[87, 85, 86], [63204.834290802784, 106.78304222155296]]
[[95, 43, 6, 67, 65], [71848.31975401324, 134.9031638609201]]
[[89, 27, 52, 80, 9, 34], [53968.7326539834, 87.06119577031805]]
[[117], [49973.8345990205, 79.01610193855717]]
[[26, 61, 59], [58163.22337080139, 99.17529135884817]]
[[115], [49511.43219342614, 78.02760500012255]]
[[10, 112, 16], [58042.54937781251, 97.63017579282801]]
[[98], [54044.20715952416, 87.78274411576362]]
[[116], [60232.231981387995, 102.06546297777776]]
[[71, 31], [50961.508816765825, 81.96990277073814]]
[[54, 96, 106], [60541.72135018654, 100.27250143353868]]
[[41, 113], [52586.321887203776, 82.328160456964]]
[[110, 83], [59965.19132448445, 100.42759488855091]]
[[15, 50], [56474.50080489401, 94.83412910271271]]
[[114], [49574.20719342613, 78.02760500012255]]
[[53, 23, 75, 28, 12, 91, 18, 11], [62152.62146808504, 107.56642693536185]]
[[73, 107, 72], [62174.87756311201, 107.61519557163683]]
[[25, 93, 79, 62], [62011.25302698802, 107.95367772165218]]
[[29, 69, 48, 42, 39], [61480.50762154132, 106.97409444350089]]
[[108, 21, 46], [56835.95707100779, 98.22935612204267]]
[[105, 64, 38], [51065.57854226993, 79.36445251183832]]
[[92, 60, 33, 77], [58231.815730900285, 99.9486084076298]]
[[97, 94, 57], [55051.197680525074, 90.15747990847898]]
[[2, 4, 104, 55, 20, 40, 47], [51917.02587061956, 83.45777801678787]]
[[111], [57550.26944101445, 95.14027329254955]]
[[1, 76, 68, 8, 84, 19, 37], [64490.932910763324, 120.61606290889355]]
[[66, 81, 78, 88], [58260.00530853808, 104.96119275866985]]
[[22, 44, 14, 99, 24, 56, 5], [69316.52032852109, 124.05586205575703]]
[[109], [57596.96705497761, 93.10037815111112]]
[[102, 82], [62460.43289464374, 105.19559334549439]]
2017083.0543695828 3428.2987867109273 34
