[0, 62, 51, 93, 28, 78, 71, 6, 83, 90, 36, 13, 32, 85, 20, 21, 5, 81, 26, 15, 47, 19, 42, 10, 27, 25, 77, 53, 52, 29, 22, 14, 92, 24, 87, 64, 38, 94, 54, 7, 45, 89, 60, 30, 31, 23, 91, 48, 61, 33, 17, 95, 41, 96, 18, 9, 74, 3, 40, 49, 73, 72, 97, 82, 63, 35, 79, 76, 37, 55, 44, 50, 56, 67, 70, 34, 4, 46, 88, 59, 57, 98, 84, 1, 65, 80, 2, 86, 11, 39, 58, 68, 66, 69, 12, 43, 8, 75, 16, 99]
[[62, 51], [62130.26789464373, 106.29834030444127]]
[[93, 28], [62007.067423978995, 103.67621075363195]]
[[78], [59450.54202403985, 100.49200358088048]]
[[71, 6, 83], [67663.93953785117, 121.75688978095127]]
[[90], [52321.74360147018, 84.17104451569627]]
[[36, 13, 32, 85], [65110.164900882446, 111.21932217911643]]
[[20, 21, 5, 81, 26, 15, 47], [67936.95919765407, 120.77531360839734]]
[[19, 42, 10, 27, 25, 77], [67014.29437793758, 118.59826112272899]]
[[53, 52, 29], [65818.71716279186, 115.12639720051212]]
[[22, 14, 92, 24], [70022.11955546582, 124.1151323270015]]
[[87, 64, 38], [63271.04013722111, 107.56519190946668]]
[[94, 54, 7], [63591.079391287014, 107.08460107410144]]
[[45, 89, 60], [64324.533866842656, 110.0539010017502]]
[[30, 31, 23, 91], [70051.65767934527, 123.1954914850537]]
[[48, 61, 33, 17], [66590.64405132878, 115.86116388364934]]
[[95, 41], [57138.92342774678, 92.23441369631377]]
[[96, 18], [62764.2897598322, 108.41810491924831]]
[[9, 74, 3], [64855.276837495796, 111.64110215333332]]
[[40, 49, 73, 72], [58317.8277045654, 96.203219409615]]
[[97], [59911.0485033404, 100.9064762711111]]
[[82, 63, 35], [62916.309708327964, 110.73246438264235]]
[[79, 76, 37], [62750.79046311839, 106.83474723921225]]
[[55, 44, 50, 56], [58714.390582823966, 98.92716981224638]]
[[67, 70], [53672.176798445136, 86.96210381659004]]
[[34, 4, 46, 88], [54585.660414595, 90.29101738420023]]
[[59, 57], [55940.15663657179, 94.12999086428424]]
[[98], [60115.539449042, 100.79191179999998]]
[[84, 1, 65], [74299.99513331123, 143.35014056009396]]
[[80, 2, 86], [60664.0906291152, 102.35018159735061]]
[[11, 39, 58, 68, 66], [75143.42744908616, 141.59714148157707]]
[[69, 12, 43, 8, 75, 16], [97661.65262449879, 201.53450456238863]]
1979515.8360571843 3434.0268878075103 31
[0, 62, 51, 93, 28, 78, 71, 6, 83, 90, 36, 13, 32, 85, 20, 21, 5, 81, 26, 15, 47, 19, 42, 10, 27, 25, 77, 53, 52, 29, 22, 14, 92, 24, 87, 64, 38, 94, 54, 7, 45, 89, 60, 30, 31, 23, 91, 48, 61, 33, 17, 95, 41, 96, 18, 9, 74, 3, 40, 49, 73, 72, 97, 82, 63, 35, 79, 76, 37, 55, 44, 50, 56, 67, 70, 34, 4, 46, 88, 59, 57, 98, 84, 1, 65, 80, 2, 86, 11, 39, 58, 68, 66, 69, 12, 43, 8, 75, 16, 99]
[[62, 51], [62130.26789464373, 106.29834030444127]]
[[93, 28], [62007.067423978995, 103.67621075363195]]
[[78], [59450.54202403985, 100.49200358088048]]
[[71, 6, 83], [67663.93953785117, 121.75688978095127]]
[[90], [52321.74360147018, 84.17104451569627]]
[[36, 13, 32, 85], [65110.164900882446, 111.21932217911643]]
[[20, 21, 5, 81, 26, 15, 47], [67936.95919765407, 120.77531360839734]]
[[19, 42, 10, 27, 25, 77], [67014.29437793758, 118.59826112272899]]
[[53, 52, 29], [65818.71716279186, 115.12639720051212]]
[[22, 14, 92, 24], [70022.11955546582, 124.1151323270015]]
[[87, 64, 38], [63271.04013722111, 107.56519190946668]]
[[94, 54, 7], [63591.079391287014, 107.08460107410144]]
[[45, 89, 60], [64324.533866842656, 110.0539010017502]]
[[30, 31, 23, 91], [70051.65767934527, 123.1954914850537]]
[[48, 61, 33, 17], [66590.64405132878, 115.86116388364934]]
[[95, 41], [57138.92342774678, 92.23441369631377]]
[[96, 18], [62764.2897598322, 108.41810491924831]]
[[9, 74, 3], [64855.276837495796, 111.64110215333332]]
[[40, 49, 73, 72], [58317.8277045654, 96.203219409615]]
[[97], [59911.0485033404, 100.9064762711111]]
[[82, 63, 35], [62916.309708327964, 110.73246438264235]]
[[79, 76, 37], [62750.79046311839, 106.83474723921225]]
[[55, 44, 50, 56], [58714.390582823966, 98.92716981224638]]
[[67, 70], [53672.176798445136, 86.96210381659004]]
[[34, 4, 46, 88], [54585.660414595, 90.29101738420023]]
[[59, 57], [55940.15663657179, 94.12999086428424]]
[[98], [60115.539449042, 100.79191179999998]]
[[84, 1, 65], [74299.99513331123, 143.35014056009396]]
[[80, 2, 86], [60664.0906291152, 102.35018159735061]]
[[11, 39, 58, 68, 66], [75143.42744908616, 141.59714148157707]]
[[69, 12, 43, 8, 75, 16], [97661.65262449879, 201.53450456238863]]
1979515.8360571843 3434.0268878075103 31
[0, 62, 51, 93, 28, 78, 71, 6, 83, 90, 36, 13, 32, 85, 20, 21, 5, 81, 26, 15, 47, 19, 42, 10, 27, 25, 77, 53, 52, 29, 22, 14, 92, 24, 87, 64, 38, 94, 54, 7, 45, 89, 60, 30, 31, 23, 91, 48, 61, 33, 17, 95, 41, 96, 18, 9, 74, 3, 40, 49, 73, 72, 97, 82, 63, 35, 79, 76, 37, 55, 44, 50, 56, 67, 70, 34, 4, 46, 88, 59, 57, 98, 84, 1, 65, 80, 2, 86, 11, 39, 58, 68, 66, 69, 12, 43, 8, 75, 16, 99]
[[62, 51], [62130.26789464373, 106.29834030444127]]
[[93, 28], [62007.067423978995, 103.67621075363195]]
[[78], [59450.54202403985, 100.49200358088048]]
[[71, 6, 83], [67663.93953785117, 121.75688978095127]]
[[90], [52321.74360147018, 84.17104451569627]]
[[36, 13, 32, 85], [65110.164900882446, 111.21932217911643]]
[[20, 21, 5, 81, 26, 15, 47], [67936.95919765407, 120.77531360839734]]
[[19, 42, 10, 27, 25, 77], [67014.29437793758, 118.59826112272899]]
[[53, 52, 29], [65818.71716279186, 115.12639720051212]]
[[22, 14, 92, 24], [70022.11955546582, 124.1151323270015]]
[[87, 64, 38], [63271.04013722111, 107.56519190946668]]
[[94, 54, 7], [63591.079391287014, 107.08460107410144]]
[[45, 89, 60], [64324.533866842656, 110.0539010017502]]
[[30, 31, 23, 91], [70051.65767934527, 123.1954914850537]]
[[48, 61, 33, 17], [66590.64405132878, 115.86116388364934]]
[[95, 41], [57138.92342774678, 92.23441369631377]]
[[96, 18], [62764.2897598322, 108.41810491924831]]
[[9, 74, 3], [64855.276837495796, 111.64110215333332]]
[[40, 49, 73, 72], [58317.8277045654, 96.203219409615]]
[[97], [59911.0485033404, 100.9064762711111]]
[[82, 63, 35], [62916.309708327964, 110.73246438264235]]
[[79, 76, 37], [62750.79046311839, 106.83474723921225]]
[[55, 44, 50, 56], [58714.390582823966, 98.92716981224638]]
[[67, 70], [53672.176798445136, 86.96210381659004]]
[[34, 4, 46, 88], [54585.660414595, 90.29101738420023]]
[[59, 57], [55940.15663657179, 94.12999086428424]]
[[98], [60115.539449042, 100.79191179999998]]
[[84, 1, 65], [74299.99513331123, 143.35014056009396]]
[[80, 2, 86], [60664.0906291152, 102.35018159735061]]
[[11, 39, 58, 68, 66], [75143.42744908616, 141.59714148157707]]
[[69, 12, 43, 8, 75, 16], [97661.65262449879, 201.53450456238863]]
1979515.8360571843 3434.0268878075103 31
[0, 62, 51, 93, 28, 78, 71, 6, 83, 90, 36, 13, 32, 85, 20, 21, 5, 81, 26, 15, 47, 19, 42, 10, 27, 25, 77, 53, 52, 29, 22, 14, 92, 24, 87, 64, 38, 94, 54, 7, 45, 89, 60, 30, 31, 23, 91, 48, 61, 33, 17, 95, 41, 96, 18, 9, 74, 3, 40, 49, 73, 72, 97, 82, 63, 35, 79, 76, 37, 55, 44, 50, 56, 67, 70, 34, 4, 46, 88, 59, 57, 98, 84, 1, 65, 80, 2, 86, 11, 39, 58, 68, 66, 69, 12, 43, 8, 75, 16, 99]
[[62, 51], [62130.26789464373, 106.29834030444127]]
[[93, 28], [62007.067423978995, 103.67621075363195]]
[[78], [59450.54202403985, 100.49200358088048]]
[[71, 6, 83], [67663.93953785117, 121.75688978095127]]
[[90], [52321.74360147018, 84.17104451569627]]
[[36, 13, 32, 85], [65110.164900882446, 111.21932217911643]]
[[20, 21, 5, 81, 26, 15, 47], [67936.95919765407, 120.77531360839734]]
[[19, 42, 10, 27, 25, 77], [67014.29437793758, 118.59826112272899]]
[[53, 52, 29], [65818.71716279186, 115.12639720051212]]
[[22, 14, 92, 24], [70022.11955546582, 124.1151323270015]]
[[87, 64, 38], [63271.04013722111, 107.56519190946668]]
[[94, 54, 7], [63591.079391287014, 107.08460107410144]]
[[45, 89, 60], [64324.533866842656, 110.0539010017502]]
[[30, 31, 23, 91], [70051.65767934527, 123.1954914850537]]
[[48, 61, 33, 17], [66590.64405132878, 115.86116388364934]]
[[95, 41], [57138.92342774678, 92.23441369631377]]
[[96, 18], [62764.2897598322, 108.41810491924831]]
[[9, 74, 3], [64855.276837495796, 111.64110215333332]]
[[40, 49, 73, 72], [58317.8277045654, 96.203219409615]]
[[97], [59911.0485033404, 100.9064762711111]]
[[82, 63, 35], [62916.309708327964, 110.73246438264235]]
[[79, 76, 37], [62750.79046311839, 106.83474723921225]]
[[55, 44, 50, 56], [58714.390582823966, 98.92716981224638]]
[[67, 70], [53672.176798445136, 86.96210381659004]]
[[34, 4, 46, 88], [54585.660414595, 90.29101738420023]]
[[59, 57], [55940.15663657179, 94.12999086428424]]
[[98], [60115.539449042, 100.79191179999998]]
[[84, 1, 65], [74299.99513331123, 143.35014056009396]]
[[80, 2, 86], [60664.0906291152, 102.35018159735061]]
[[11, 39, 58, 68, 66], [75143.42744908616, 141.59714148157707]]
[[69, 12, 43, 8, 75, 16], [97661.65262449879, 201.53450456238863]]
1979515.8360571843 3434.0268878075103 31
