[0, 84, 47, 31, 48, 11, 61, 7, 39, 29, 85, 135, 42, 36, 54, 68, 71, 14, 9, 113, 70, 96, 27, 134, 50, 44, 106, 30, 19, 91, 133, 62, 99, 89, 79, 101, 118, 104, 120, 69, 81, 82, 111, 43, 127, 76, 34, 90, 136, 59, 87, 1, 94, 132, 77, 57, 49, 100, 130, 6, 63, 16, 33, 95, 93, 116, 107, 124, 35, 64, 24, 37, 73, 108, 123, 5, 109, 32, 22, 83, 131, 75, 17, 15, 86, 8, 125, 23, 41, 122, 55, 21, 117, 45, 28, 88, 51, 2, 13, 26, 58, 102, 40, 80, 38, 128, 126, 3, 65, 103, 129, 72, 18, 12, 66, 114, 56, 10, 110, 97, 98, 74, 46, 20, 92, 53, 52, 112, 105, 25, 60, 4, 119, 78, 121, 67, 115, 137]
[[84, 47, 31, 48, 11, 61, 7, 39, 29, 85], [88415.297515985, 170.88864372626705]]
[[135], [59811.00271638477, 101.32473553743074]]
[[42, 36, 54, 68], [68126.9493720626, 124.76677370907038]]
[[71, 14, 9, 113, 70, 96], [83384.94157804207, 165.6006411262974]]
[[27, 134], [57312.29767733533, 92.30556756264137]]
[[50, 44, 106, 30, 19, 91], [80492.93365045541, 152.60263388091767]]
[[133, 62], [62185.11730635197, 103.97484310494254]]
[[99, 89, 79], [65138.94196723507, 113.80065132192826]]
[[101, 118, 104], [66085.1017035268, 117.37026111759451]]
[[120, 69, 81, 82], [71181.46456690501, 125.08224407364759]]
[[111, 43], [59499.44132409399, 100.65806163443389]]
[[127, 76, 34, 90], [69229.32529144431, 124.12086493263695]]
[[136], [52941.36338977909, 85.40723107409896]]
[[59, 87, 1, 94], [70335.91173802322, 126.90554022872078]]
[[132, 77, 57, 49], [76367.03385227382, 137.11183664682773]]
[[100, 130, 6, 63], [66144.59546217823, 117.49160676571405]]
[[16, 33, 95, 93, 116], [78810.45468666936, 146.06254197497162]]
[[107, 124], [58984.758816691196, 97.42448416422907]]
[[35, 64, 24, 37, 73, 108], [71625.191185019, 129.44002346397016]]
[[123, 5, 109, 32, 22], [55320.394596974016, 90.11030447446679]]
[[83, 131, 75], [53914.39440836392, 91.42029548266561]]
[[17, 15, 86, 8, 125, 23], [69564.57548375739, 123.34388736468368]]
[[41, 122, 55], [54972.116126168185, 92.25120645362391]]
[[21, 117, 45, 28, 88, 51], [55938.03429191927, 93.28113339578272]]
[[2, 13, 26, 58, 102], [50672.598006609536, 79.37689128299178]]
[[40, 80, 38, 128], [57408.31686994764, 97.91057437546047]]
[[126, 3, 65, 103], [62405.63397303882, 112.48037418977952]]
[[129, 72, 18, 12], [56034.030156861205, 92.32780494181475]]
[[66, 114, 56, 10, 110], [65405.31472432423, 118.73100165987172]]
[[97, 98, 74, 46, 20, 92], [53807.142072938266, 84.75066120577983]]
[[53, 52, 112, 105], [53019.15627897032, 84.50496070739655]]
[[25, 60, 4, 119, 78], [53582.620519438264, 86.4078960844251]]
[[121, 67, 115], [58408.266196828394, 95.40813057066666]]
2114765.573955829 3687.5625945414877 33
