[0, 97, 122, 95, 23, 14, 83, 69, 16, 109, 110, 45, 44, 56, 25, 78, 77, 99, 64, 117, 68, 113, 104, 81, 31, 5, 38, 80, 29, 67, 101, 6, 39, 98, 59, 88, 32, 91, 26, 62, 30, 119, 12, 47, 89, 123, 50, 7, 84, 33, 48, 94, 55, 79, 120, 20, 116, 72, 49, 11, 24, 106, 53, 112, 118, 27, 9, 57, 13, 8, 52, 66, 107, 76, 22, 93, 102, 105, 65, 28, 74, 46, 40, 36, 115, 18, 42, 87, 58, 35, 92, 54, 108, 2, 90, 3, 103, 51, 17, 37, 43, 114, 1, 73, 61, 4, 85, 15, 34, 60, 82, 75, 86, 19, 41, 10, 96, 21, 70, 63, 71, 100, 111, 121, 124]
[[97], [61629.024309805995, 105.64455184444441]]
[[122], [59417.7724076156, 100.50982723999998]]
[[95, 23, 14, 83, 69], [58764.257959813425, 98.61996866127959]]
[[16, 109, 110, 45], [55482.93674502313, 88.9231955231199]]
[[44, 56, 25, 78, 77, 99], [55115.089723371624, 88.44009517986076]]
[[64, 117], [61430.648489425555, 104.86532436762204]]
[[68, 113], [51399.66554979808, 80.35601558711193]]
[[104, 81, 31, 5, 38, 80], [54435.58840798212, 87.30043098116445]]
[[29, 67, 101, 6, 39, 98], [75229.25861688326, 139.45301161737842]]
[[59, 88, 32, 91, 26, 62, 30], [79613.41809992748, 155.43922565116125]]
[[119], [59943.63718808119, 101.4802805911111]]
[[12, 47, 89], [64381.883932392884, 111.74596525778071]]
[[123], [43361.361042893244, 65.75318448270306]]
[[50, 7, 84], [67886.64556268867, 122.09116652448688]]
[[33, 48, 94, 55, 79], [74446.1658990325, 139.1324172909064]]
[[120, 20], [62872.82397413626, 105.80368139671475]]
[[116], [50544.304625066245, 80.15441188402099]]
[[72, 49, 11, 24], [62896.07317887711, 108.57366649565863]]
[[106, 53, 112], [64256.919360117194, 108.80108260736141]]
[[118], [48922.9451726095, 76.68651424568247]]
[[27, 9, 57, 13, 8, 52, 66, 107], [81250.47994016595, 157.179734996454]]
[[76, 22, 93, 102], [65163.168965428405, 111.87183794106613]]
[[105, 65, 28, 74, 46, 40], [79581.92748111255, 150.6241948263451]]
[[36, 115, 18, 42], [69115.35037125798, 124.60497191993204]]
[[87, 58], [63784.4548103976, 109.35744059555554]]
[[35, 92, 54, 108], [69591.21114037419, 130.08332578751714]]
[[2, 90, 3, 103], [70139.50877120256, 127.25759700979592]]
[[51, 17, 37, 43, 114, 1], [68277.1446944016, 120.74134731889899]]
[[73, 61, 4, 85, 15, 34], [70531.37442508974, 126.85645295574162]]
[[60, 82, 75, 86, 19], [72012.553381581, 130.32096037867453]]
[[41, 10, 96, 21, 70, 63, 71], [76955.04975460176, 143.13567441707508]]
[[100, 111], [63919.0609522182, 110.95377013992945]]
[[121], [60057.032351313195, 98.80567116888886]]
2137057.478542935 3729.748702744289 33
