[0, 35, 80, 77, 31, 40, 3, 53, 41, 78, 2, 28, 60, 37, 15, 14, 46, 65, 9, 11, 54, 38, 27, 50, 64, 68, 10, 6, 42, 39, 32, 1, 17, 70, 52, 74, 79, 47, 33, 63, 7, 22, 5, 73, 56, 13, 20, 30, 75, 51, 43, 72, 44, 66, 48, 21, 8, 34, 71, 76, 25, 45, 58, 36, 62, 23, 55, 67, 4, 26, 16, 24, 49, 59, 57, 61, 18, 29, 12, 69, 19, 81]
[[35], [57660.82699261759, 96.44488970666663]]
[[80], [58370.9152473944, 98.06581842666664]]
[[77], [59957.359065896, 101.74504062222222]]
[[31, 40, 3, 53], [62242.83148892613, 105.85940428951103]]
[[41, 78, 2], [63193.80853075186, 107.97764172841948]]
[[28, 60, 37, 15, 14, 46], [67087.48987168187, 119.87422585647991]]
[[65, 9, 11, 54, 38, 27], [66138.86253142086, 118.03372177911109]]
[[50, 64, 68, 10, 6], [66608.68406292947, 117.27476214498154]]
[[42, 39, 32, 1, 17, 70], [82826.02459296583, 156.3240986134429]]
[[52, 74], [61107.7600156812, 102.82733359606999]]
[[79], [54081.469533408104, 87.87228335744811]]
[[47, 33, 63], [65277.32603783151, 114.50270809451467]]
[[7, 22, 5, 73, 56, 13, 20], [92813.47732625801, 183.14683371446753]]
[[30, 75, 51], [52022.7895558468, 82.29977095762472]]
[[43, 72], [49600.64178209471, 76.68651424568247]]
[[44, 66, 48, 21, 8, 34], [74696.05381372708, 140.30862713384943]]
[[71, 76], [52984.70010238743, 83.22450160223279]]
[[25, 45, 58, 36, 62, 23], [75369.59216395547, 139.55976965097165]]
[[55, 67, 4, 26, 16, 24], [73702.64468639097, 138.61268087275164]]
[[49, 59, 57, 61], [71744.4092093603, 137.21838778554076]]
[[18, 29, 12, 69, 19], [54772.651392027794, 88.84428768221628]]
1372496.3410207487 2412.4833702523124 21
