[0, 55, 56, 7, 15, 40, 6, 32, 42, 17, 27, 19, 36, 47, 10, 28, 43, 53, 58, 22, 38, 30, 21, 51, 3, 48, 8, 11, 41, 20, 31, 23, 46, 49, 12, 24, 9, 57, 13, 14, 1, 39, 37, 5, 2, 18, 52, 45, 26, 44, 54, 50, 25, 33, 59, 16, 34, 4, 29, 35, 60, 61]
[[55], [47421.95472233798, 73.99963826334718]]
[[56], [57542.03423350879, 96.1532137422222]]
[[7, 15, 40, 6, 32], [69819.90576921312, 125.85646341085564]]
[[42, 17, 27, 19, 36], [66915.55026634842, 116.70201846045174]]
[[47, 10, 28, 43], [69650.1029193393, 122.31826124057758]]
[[53], [57687.11423350879, 96.1532137422222]]
[[58], [60609.49537468361, 102.93069267534871]]
[[22, 38, 30, 21], [71730.53560719846, 130.75781149273854]]
[[51], [58556.7816906908, 98.06658709777776]]
[[3, 48, 8, 11, 41], [72254.70982812296, 136.18903531504264]]
[[20, 31, 23, 46], [72719.09887501884, 130.93858656792224]]
[[49, 12, 24, 9], [63725.43390916448, 109.3936958688997]]
[[57], [37783.96455728875, 54.950003069680896]]
[[13, 14, 1, 39, 37], [81723.43381337449, 161.96221875211157]]
[[5, 2, 18, 52], [66234.40372400093, 112.81243471324873]]
[[45, 26, 44], [69732.83097813587, 127.84059507248722]]
[[54], [48150.14472233797, 73.99963826334718]]
[[50, 25, 33], [59834.72806849714, 98.19618513531651]]
[[59], [42161.67245203568, 61.607162204703705]]
[[16, 34, 4, 29, 35], [71114.44856109591, 128.95184528178493]]
[[60], [48798.819722337976, 73.99963826334718]]
1320070.719618945 2270.780777916597 21
