[0, 60, 40, 7, 54, 37, 51, 42, 34, 57, 22, 27, 35, 14, 3, 20, 56, 62, 53, 39, 29, 46, 2, 52, 8, 15, 45, 28, 38, 31, 30, 44, 55, 16, 32, 10, 18, 61, 50, 24, 49, 6, 47, 11, 25, 9, 5, 4, 21, 17, 12, 1, 64, 19, 58, 43, 48, 23, 63, 41, 33, 26, 59, 13, 36, 65]
[[60, 40], [60986.97450583806, 100.7352663694382]]
[[7, 54, 37], [67087.36608970139, 117.26116522217356]]
[[51, 42], [62134.87739336479, 107.24345431995982]]
[[34, 57, 22, 27], [69574.7044232586, 122.85744038687835]]
[[35, 14, 3, 20, 56], [65561.82710683098, 113.6690611288222]]
[[62], [47133.488900220196, 73.21500504200029]]
[[53, 39, 29], [68452.39902178313, 119.05205892612129]]
[[46, 2, 52, 8, 15], [73753.66902298924, 134.2137131457884]]
[[45, 28, 38, 31], [68353.5120407397, 124.81999787623242]]
[[30, 44], [62039.04619077819, 104.94704466888886]]
[[55, 16, 32, 10], [63626.57630891145, 109.47539873423011]]
[[18, 61], [59752.966617531245, 97.9695763295328]]
[[50, 24, 49], [51774.701703839906, 84.1291878131692]]
[[6, 47, 11, 25, 9, 5, 4, 21, 17, 12, 1], [73339.26847674033, 134.5441222924377]]
[[64], [60403.98718808119, 101.4802805911111]]
[[19, 58, 43], [52139.559107067966, 81.88884753840358]]
[[48, 23], [62882.91786201594, 111.62572860389352]]
[[63], [49894.933747232, 77.70752402108245]]
[[41, 33, 26], [51873.92037280307, 85.1390643140879]]
[[59, 13, 36], [61667.032842321954, 102.44189995668253]]
1236183.5830315722 2106.4933731774427 20
