[0, 4, 33, 16, 44, 60, 59, 11, 38, 32, 8, 3, 15, 41, 34, 19, 65, 50, 46, 24, 53, 2, 48, 57, 10, 22, 35, 56, 26, 45, 29, 5, 31, 6, 12, 36, 55, 52, 28, 51, 13, 47, 17, 64, 14, 9, 7, 25, 21, 18, 62, 61, 23, 63, 43, 49, 27, 58, 42, 39, 37, 20, 40, 1, 54, 30, 66]
[[4], [50098.58984862475, 79.50756069865892]]
[[33, 16, 44, 60], [63439.21603391954, 106.62607532141163]]
[[59, 11, 38], [66881.0044756342, 118.18390845724566]]
[[32, 8, 3, 15, 41, 34, 19], [81261.92521664358, 152.046468644061]]
[[65], [59932.50000625394, 101.48680397563473]]
[[50, 46, 24], [69262.61154149179, 124.24090797020108]]
[[53, 2, 48], [60457.20850019269, 102.27644285630373]]
[[57, 10, 22], [68033.8962306917, 122.72272596285194]]
[[35, 56, 26], [63133.2752560034, 107.1365065183744]]
[[45, 29, 5, 31, 6, 12, 36], [76627.15684020761, 147.10310173258947]]
[[55, 52, 28], [64248.538444192556, 110.31991572040792]]
[[51, 13, 47, 17], [71963.40838081374, 135.0829602266606]]
[[64], [51587.39293914336, 82.0323424672559]]
[[14, 9, 7, 25], [58054.70232394716, 101.07534542900314]]
[[21, 18, 62], [52700.59966492055, 86.66980463106664]]
[[61], [54010.231874298915, 86.98585069338623]]
[[23, 63], [54103.19520812069, 85.98914498639954]]
[[43], [43734.44943038376, 65.75318448270306]]
[[49, 27, 58], [53122.141098910026, 83.27539188156793]]
[[42, 39, 37, 20], [53252.08677341981, 86.7272910770314]]
[[40, 1, 54, 30], [52277.63427699028, 84.48458050967723]]
1286240.0055539203 2203.985001531398 21
