[0, 38, 29, 9, 92, 37, 109, 12, 46, 13, 95, 125, 117, 89, 19, 85, 81, 112, 1, 16, 43, 66, 119, 60, 36, 104, 56, 57, 71, 21, 115, 40, 4, 99, 122, 83, 102, 28, 15, 101, 91, 14, 126, 107, 73, 105, 59, 74, 44, 7, 30, 5, 121, 22, 87, 124, 118, 41, 33, 123, 32, 39, 8, 6, 52, 77, 64, 20, 65, 90, 61, 35, 51, 23, 17, 80, 100, 82, 88, 55, 69, 108, 25, 94, 96, 58, 68, 70, 84, 98, 34, 11, 62, 26, 75, 127, 50, 72, 2, 79, 106, 63, 48, 42, 86, 113, 3, 53, 24, 45, 78, 97, 93, 103, 27, 54, 18, 31, 111, 116, 49, 76, 67, 110, 47, 114, 10, 120, 128]
[[38, 29, 9, 92, 37, 109, 12, 46, 13, 95], [73841.52286772913, 146.3641524965512]]
[[125], [56653.8340475576, 94.08362681777776]]
[[117, 89, 19], [54878.91811029328, 93.19715092602848]]
[[85, 81, 112, 1, 16, 43, 66], [58689.11629916886, 105.1626686273737]]
[[119, 60, 36, 104, 56], [72055.07585184978, 140.60689643314498]]
[[57, 71, 21, 115, 40, 4, 99], [74012.73233072553, 141.6125950745228]]
[[122], [60199.56453670761, 102.29057848444442]]
[[83, 102, 28, 15, 101, 91, 14], [81830.52862200272, 163.1616790622021]]
[[126], [60234.43953670761, 102.29057848444442]]
[[107, 73, 105, 59, 74, 44, 7], [76167.80344569293, 145.58549303759023]]
[[30, 5, 121, 22, 87], [66541.8586066014, 116.82899945991875]]
[[124], [60259.5495367076, 102.29057848444442]]
[[118, 41, 33], [65705.85327819694, 114.09082850253925]]
[[123, 32, 39], [62912.740252159114, 105.73212928785563]]
[[8, 6, 52, 77, 64, 20, 65, 90, 61, 35, 51], [91397.35714149024, 184.5849748581217]]
[[23, 17, 80, 100, 82, 88], [72337.717896304, 137.24785133637496]]
[[55, 69, 108, 25, 94, 96], [74369.79488822859, 135.1615553957417]]
[[58, 68, 70, 84, 98, 34, 11, 62, 26, 75], [87229.31564236528, 177.2455315139235]]
[[127], [39209.63357170337, 57.71279678636944]]
[[50, 72, 2, 79, 106], [76170.7217969723, 145.05910558657953]]
[[63, 48, 42, 86, 113, 3, 53, 24], [70712.57010602918, 131.4792462413908]]
[[45, 78, 97, 93, 103], [72382.06677770447, 132.14675771301114]]
[[27, 54, 18, 31, 111, 116], [81378.47872133926, 157.25688628209036]]
[[49, 76, 67, 110, 47], [85004.19131633603, 161.33193842140565]]
[[114, 10, 120], [58690.132510416806, 97.27771318275674]]
1712149.600379951 3131.0665053694424 25
