[0, 57, 32, 22, 21, 51, 3, 9, 62, 14, 45, 20, 60, 38, 25, 1, 41, 50, 12, 24, 49, 26, 29, 6, 15, 4, 53, 56, 39, 7, 33, 40, 37, 61, 19, 59, 18, 54, 23, 8, 13, 43, 5, 55, 48, 11, 58, 44, 27, 10, 28, 46, 42, 35, 34, 17, 36, 2, 52, 31, 16, 47, 30, 63]
[[57, 32, 22, 21, 51, 3], [73236.64015329836, 135.97982074171733]]
[[9], [55488.4189259024, 91.36466273777776]]
[[62], [50528.693427237995, 80.39327000784596]]
[[14, 45, 20, 60, 38], [72239.39244132405, 133.49646943277287]]
[[25, 1, 41, 50, 12], [66760.17858657031, 120.02271845873304]]
[[24, 49, 26, 29], [68239.34637558227, 125.1848396528637]]
[[6, 15, 4, 53, 56, 39], [73043.0284763308, 130.93909480045]]
[[7, 33, 40, 37], [75251.95499674251, 143.00763135171837]]
[[61], [56858.367505538845, 94.20209769600137]]
[[19, 59, 18, 54, 23], [63208.27079207778, 113.07467804795513]]
[[8, 13, 43, 5, 55, 48], [58509.900049103046, 99.26824963705741]]
[[11, 58, 44, 27, 10, 28], [60708.18621780329, 102.84862646297132]]
[[46, 42, 35, 34, 17, 36, 2], [61427.97271764639, 104.32762939513985]]
[[52, 31, 16, 47, 30], [56274.48222097807, 91.46633466202054]]
894330.9427007213 1566.285087688969 14
