[0, 12, 4, 24, 3, 21, 16, 40, 39, 18, 26, 41, 35, 30, 31, 1, 23, 7, 19, 20, 38, 34, 37, 22, 10, 15, 2, 28, 5, 33, 11, 17, 27, 13, 25, 29, 8, 14, 6, 36, 9, 32, 42]
[[12, 4, 24, 3, 21], [57783.23682452233, 99.01580172152393]]
[[16, 40], [49466.37266971376, 77.1387298809358]]
[[39, 18], [48353.45631605212, 74.19165317311953]]
[[26], [55849.556315920396, 92.05661382666665]]
[[41], [59912.515227518554, 101.42104461494596]]
[[35, 30], [51320.60799836379, 80.40225093895486]]
[[31, 1, 23, 7, 19], [69358.28048124013, 130.5851381627624]]
[[20, 38], [62375.118033582214, 106.9475668721768]]
[[34], [47152.6297316133, 72.99987363348737]]
[[37, 22, 10], [67635.65466588087, 120.87988288049695]]
[[15, 2, 28, 5, 33], [75413.3026484261, 142.0272463546874]]
[[11, 17, 27, 13], [65718.39565336326, 113.64885655312597]]
[[25, 29, 8], [63272.32442241241, 109.32669720730213]]
[[14, 6, 36, 9], [63496.6295840724, 108.7702206347648]]
[[32], [58389.47268147859, 96.06095382888886]]
901686.0166116802 1538.1573014147473 15
[0, 12, 4, 24, 3, 21, 16, 40, 39, 18, 26, 41, 35, 30, 31, 1, 23, 7, 19, 20, 38, 34, 37, 22, 10, 15, 2, 28, 5, 33, 11, 17, 27, 13, 25, 29, 8, 14, 6, 36, 9, 32, 42]
[[12, 4, 24, 3, 21], [57783.23682452233, 99.01580172152393]]
[[16, 40], [49466.37266971376, 77.1387298809358]]
[[39, 18], [48353.45631605212, 74.19165317311953]]
[[26], [55849.556315920396, 92.05661382666665]]
[[41], [59912.515227518554, 101.42104461494596]]
[[35, 30], [51320.60799836379, 80.40225093895486]]
[[31, 1, 23, 7, 19], [69358.28048124013, 130.5851381627624]]
[[20, 38], [62375.118033582214, 106.9475668721768]]
[[34], [47152.6297316133, 72.99987363348737]]
[[37, 22, 10], [67635.65466588087, 120.87988288049695]]
[[15, 2, 28, 5, 33], [75413.3026484261, 142.0272463546874]]
[[11, 17, 27, 13], [65718.39565336326, 113.64885655312597]]
[[25, 29, 8], [63272.32442241241, 109.32669720730213]]
[[14, 6, 36, 9], [63496.6295840724, 108.7702206347648]]
[[32], [58389.47268147859, 96.06095382888886]]
901686.0166116802 1538.1573014147473 15
