[0, 75, 5, 14, 3, 69, 41, 51, 15, 35, 9, 81, 25, 84, 10, 58, 21, 23, 45, 85, 29, 73, 22, 55, 13, 63, 4, 12, 72, 31, 26, 7, 8, 36, 70, 24, 40, 54, 56, 30, 74, 49, 44, 39, 19, 46, 86, 38, 17, 67, 34, 1, 48, 60, 87, 2, 80, 59, 43, 42, 77, 11, 27, 83, 32, 68, 37, 82, 61, 50, 6, 66, 76, 28, 47, 71, 52, 57, 18, 33, 16, 78, 79, 64, 20, 65, 62, 53, 88]
[[75, 5, 14, 3], [69180.41686880705, 125.72107478074389]]
[[69, 41, 51], [60425.1546864539, 100.40146962233331]]
[[15, 35, 9, 81, 25], [72859.1896526936, 132.22812085133012]]
[[84, 10, 58], [65186.787287733176, 111.90574676801188]]
[[21, 23, 45], [62606.028513239966, 108.76575042898698]]
[[85], [61712.72430980599, 105.64455184444441]]
[[29, 73, 22, 55], [63714.44532507788, 109.28979069180345]]
[[13, 63, 4, 12, 72, 31, 26], [74635.89931923241, 136.87565000704]]
[[7, 8, 36, 70, 24, 40, 54], [73884.12201740466, 134.34792653844087]]
[[56, 30, 74, 49], [67925.46100964703, 117.5975614749231]]
[[44, 39, 19, 46], [64218.35389437059, 110.45123921100947]]
[[86, 38], [64733.32627244354, 109.37188077748449]]
[[17, 67, 34, 1, 48, 60], [72820.8109999821, 134.0674128365403]]
[[87], [61895.469309805994, 105.64455184444441]]
[[2, 80, 59], [66869.22508084965, 122.46304014618072]]
[[43, 42, 77, 11, 27], [55068.25148245388, 88.66361037575729]]
[[83], [61673.88699346641, 104.94302278222223]]
[[32, 68], [51534.19638796033, 81.14297968329802]]
[[37, 82, 61], [59632.87454852383, 102.67501214246629]]
[[50], [58991.4914224208, 98.47623187555553]]
[[6, 66, 76, 28], [59730.1707967191, 102.51474557052616]]
[[47, 71, 52, 57], [69246.69509843236, 125.73144192621102]]
[[18, 33, 16, 78], [69982.6594508362, 129.33185387759426]]
[[79, 64], [62080.03226410939, 105.0207636303017]]
[[20, 65, 62, 53], [65583.93657201447, 112.2359212112251]]
1594972.245055213 2762.233214233046 25
[0, 75, 5, 14, 3, 69, 41, 51, 15, 35, 9, 81, 25, 84, 10, 58, 21, 23, 45, 85, 29, 73, 22, 55, 13, 63, 4, 12, 72, 31, 26, 7, 8, 36, 70, 24, 40, 54, 56, 30, 74, 49, 44, 39, 19, 46, 86, 38, 17, 67, 34, 1, 48, 60, 87, 2, 80, 59, 43, 42, 77, 11, 27, 83, 32, 68, 37, 82, 61, 50, 6, 66, 76, 28, 47, 71, 52, 57, 18, 33, 16, 78, 79, 64, 20, 65, 62, 53, 88]
[[75, 5, 14, 3], [69180.41686880705, 125.72107478074389]]
[[69, 41, 51], [60425.1546864539, 100.40146962233331]]
[[15, 35, 9, 81, 25], [72859.1896526936, 132.22812085133012]]
[[84, 10, 58], [65186.787287733176, 111.90574676801188]]
[[21, 23, 45], [62606.028513239966, 108.76575042898698]]
[[85], [61712.72430980599, 105.64455184444441]]
[[29, 73, 22, 55], [63714.44532507788, 109.28979069180345]]
[[13, 63, 4, 12, 72, 31, 26], [74635.89931923241, 136.87565000704]]
[[7, 8, 36, 70, 24, 40, 54], [73884.12201740466, 134.34792653844087]]
[[56, 30, 74, 49], [67925.46100964703, 117.5975614749231]]
[[44, 39, 19, 46], [64218.35389437059, 110.45123921100947]]
[[86, 38], [64733.32627244354, 109.37188077748449]]
[[17, 67, 34, 1, 48, 60], [72820.8109999821, 134.0674128365403]]
[[87], [61895.469309805994, 105.64455184444441]]
[[2, 80, 59], [66869.22508084965, 122.46304014618072]]
[[43, 42, 77, 11, 27], [55068.25148245388, 88.66361037575729]]
[[83], [61673.88699346641, 104.94302278222223]]
[[32, 68], [51534.19638796033, 81.14297968329802]]
[[37, 82, 61], [59632.87454852383, 102.67501214246629]]
[[50], [58991.4914224208, 98.47623187555553]]
[[6, 66, 76, 28], [59730.1707967191, 102.51474557052616]]
[[47, 71, 52, 57], [69246.69509843236, 125.73144192621102]]
[[18, 33, 16, 78], [69982.6594508362, 129.33185387759426]]
[[79, 64], [62080.03226410939, 105.0207636303017]]
[[20, 65, 62, 53], [65583.93657201447, 112.2359212112251]]
1594972.245055213 2762.233214233046 25
