[0, 76, 58, 14, 71, 52, 68, 59, 43, 75, 31, 32, 51, 22, 10, 30, 74, 77, 70, 57, 36, 67, 3, 69, 17, 24, 61, 35, 56, 39, 38, 60, 72, 26, 42, 20, 28, 62, 8, 15, 55, 48, 4, 2, 18, 46, 34, 9, 50, 19, 6, 33, 44, 25, 12, 65, 27, 16, 53, 47, 7, 5, 37, 29, 21, 1, 13, 64, 45, 11, 40, 73, 41, 66, 54, 49, 23, 63, 78]
[[76], [57053.6731331192, 95.03680079111109]]
[[58, 14, 71], [53263.601718689824, 84.15297536995931]]
[[52, 68, 59], [62080.49669993094, 106.60264888101874]]
[[43], [60268.9484920118, 102.42237410888887]]
[[75], [60361.38703712928, 102.61087232340562]]
[[31, 32, 51], [50694.87012095555, 80.95836687675893]]
[[22, 10, 30, 74], [62798.41221802394, 106.19300212166587]]
[[77], [61122.005311101166, 104.31016561400116]]
[[70, 57, 36], [60636.334699282044, 103.48150304439758]]
[[67, 3, 69, 17, 24], [72602.97749831325, 130.1731880388867]]
[[61, 35, 56], [76495.56934824731, 152.18161961960817]]
[[39, 38, 60], [62309.79053619361, 106.2893028223148]]
[[72, 26, 42, 20, 28], [60340.06611120621, 105.33563363401635]]
[[62, 8, 15, 55, 48, 4, 2, 18], [74418.0659776686, 140.66037511623287]]
[[46, 34, 9, 50, 19, 6, 33, 44], [85486.94869403268, 161.59093159769543]]
[[25, 12, 65, 27, 16, 53], [69165.96141033922, 123.09834529698668]]
[[47, 7, 5, 37, 29, 21, 1, 13, 64], [75955.30718827827, 143.33158645069594]]
[[45, 11, 40, 73], [69117.49158275052, 120.18028455722448]]
[[41, 66, 54], [62491.606634319796, 105.44581794605091]]
[[49, 23, 63], [66193.76943088994, 115.15494915145104]]
1269751.664109265 2206.8870112703466 20
[0, 76, 58, 14, 71, 52, 68, 59, 43, 75, 31, 32, 51, 22, 10, 30, 74, 77, 70, 57, 36, 67, 3, 69, 17, 24, 61, 35, 56, 39, 38, 60, 72, 26, 42, 20, 28, 62, 8, 15, 55, 48, 4, 2, 18, 46, 34, 9, 50, 19, 6, 33, 44, 25, 12, 65, 27, 16, 53, 47, 7, 5, 37, 29, 21, 1, 13, 64, 45, 11, 40, 73, 41, 66, 54, 49, 23, 63, 78]
[[76], [57053.6731331192, 95.03680079111109]]
[[58, 14, 71], [53263.601718689824, 84.15297536995931]]
[[52, 68, 59], [62080.49669993094, 106.60264888101874]]
[[43], [60268.9484920118, 102.42237410888887]]
[[75], [60361.38703712928, 102.61087232340562]]
[[31, 32, 51], [50694.87012095555, 80.95836687675893]]
[[22, 10, 30, 74], [62798.41221802394, 106.19300212166587]]
[[77], [61122.005311101166, 104.31016561400116]]
[[70, 57, 36], [60636.334699282044, 103.48150304439758]]
[[67, 3, 69, 17, 24], [72602.97749831325, 130.1731880388867]]
[[61, 35, 56], [76495.56934824731, 152.18161961960817]]
[[39, 38, 60], [62309.79053619361, 106.2893028223148]]
[[72, 26, 42, 20, 28], [60340.06611120621, 105.33563363401635]]
[[62, 8, 15, 55, 48, 4, 2, 18], [74418.0659776686, 140.66037511623287]]
[[46, 34, 9, 50, 19, 6, 33, 44], [85486.94869403268, 161.59093159769543]]
[[25, 12, 65, 27, 16, 53], [69165.96141033922, 123.09834529698668]]
[[47, 7, 5, 37, 29, 21, 1, 13, 64], [75955.30718827827, 143.33158645069594]]
[[45, 11, 40, 73], [69117.49158275052, 120.18028455722448]]
[[41, 66, 54], [62491.606634319796, 105.44581794605091]]
[[49, 23, 63], [66193.76943088994, 115.15494915145104]]
1269751.664109265 2206.8870112703466 20
[0, 76, 58, 14, 71, 52, 68, 59, 43, 75, 31, 32, 51, 22, 10, 30, 74, 77, 70, 57, 36, 67, 3, 69, 17, 24, 61, 35, 56, 39, 38, 60, 72, 26, 42, 20, 28, 62, 8, 15, 55, 48, 4, 2, 18, 46, 34, 9, 50, 19, 6, 33, 44, 25, 12, 65, 27, 16, 53, 47, 7, 5, 37, 29, 21, 1, 13, 64, 45, 11, 40, 73, 41, 66, 54, 49, 23, 63, 78]
[[76], [57053.6731331192, 95.03680079111109]]
[[58, 14, 71], [53263.601718689824, 84.15297536995931]]
[[52, 68, 59], [62080.49669993094, 106.60264888101874]]
[[43], [60268.9484920118, 102.42237410888887]]
[[75], [60361.38703712928, 102.61087232340562]]
[[31, 32, 51], [50694.87012095555, 80.95836687675893]]
[[22, 10, 30, 74], [62798.41221802394, 106.19300212166587]]
[[77], [61122.005311101166, 104.31016561400116]]
[[70, 57, 36], [60636.334699282044, 103.48150304439758]]
[[67, 3, 69, 17, 24], [72602.97749831325, 130.1731880388867]]
[[61, 35, 56], [76495.56934824731, 152.18161961960817]]
[[39, 38, 60], [62309.79053619361, 106.2893028223148]]
[[72, 26, 42, 20, 28], [60340.06611120621, 105.33563363401635]]
[[62, 8, 15, 55, 48, 4, 2, 18], [74418.0659776686, 140.66037511623287]]
[[46, 34, 9, 50, 19, 6, 33, 44], [85486.94869403268, 161.59093159769543]]
[[25, 12, 65, 27, 16, 53], [69165.96141033922, 123.09834529698668]]
[[47, 7, 5, 37, 29, 21, 1, 13, 64], [75955.30718827827, 143.33158645069594]]
[[45, 11, 40, 73], [69117.49158275052, 120.18028455722448]]
[[41, 66, 54], [62491.606634319796, 105.44581794605091]]
[[49, 23, 63], [66193.76943088994, 115.15494915145104]]
1269751.664109265 2206.8870112703466 20
