[0, 31, 47, 56, 52, 54, 24, 53, 37, 42, 30, 33, 43, 4, 28, 10, 27, 34, 46, 38, 41, 21, 29, 12, 44, 23, 18, 20, 7, 40, 22, 51, 3, 19, 14, 57, 15, 5, 9, 39, 2, 11, 50, 8, 49, 45, 16, 6, 17, 48, 36, 32, 26, 13, 35, 1, 55, 25, 58]
[[31, 47], [58471.584587665246, 97.63010919482983]]
[[56], [60499.29037468361, 102.93069267534871]]
[[52], [52310.58360147018, 84.17104451569627]]
[[54, 24], [54948.26386848868, 86.76027405974865]]
[[53, 37], [56698.56935037958, 90.70467624569116]]
[[42, 30], [45113.38889272639, 68.02685483641234]]
[[33, 43, 4, 28], [56073.656806764295, 92.07220040845775]]
[[10, 27, 34, 46], [58994.98233105455, 99.77418110475847]]
[[38, 41, 21, 29], [62437.43976087059, 109.16490058269328]]
[[12, 44, 23, 18, 20, 7], [73859.50863930934, 138.78887903070805]]
[[40], [39192.46794384734, 57.71279678636944]]
[[22, 51, 3, 19, 14], [81839.0167906344, 155.06569630830495]]
[[57], [58987.89128954479, 98.84640480888885]]
[[15, 5, 9, 39, 2, 11], [70230.07363033725, 127.34341860200323]]
[[50], [44797.83763627056, 68.02685483627934]]
[[8, 49, 45], [66073.78606204418, 114.1007433139802]]
[[16, 6, 17, 48, 36], [62935.04858716862, 105.70906524114842]]
[[32, 26, 13, 35, 1], [66690.5619666064, 116.30993530839939]]
[[55], [45698.79310037083, 68.00671492449109]]
[[25], [64093.1770488986, 108.16614960666664]]
1184064.7753153024 1992.9818274225727 20
[0, 31, 47, 56, 52, 54, 24, 53, 37, 42, 30, 33, 43, 4, 28, 10, 27, 34, 46, 38, 41, 21, 29, 12, 44, 23, 18, 20, 7, 40, 22, 51, 3, 19, 14, 57, 15, 5, 9, 39, 2, 11, 50, 8, 49, 45, 16, 6, 17, 48, 36, 32, 26, 13, 35, 1, 55, 25, 58]
[[31, 47], [58471.584587665246, 97.63010919482983]]
[[56], [60499.29037468361, 102.93069267534871]]
[[52], [52310.58360147018, 84.17104451569627]]
[[54, 24], [54948.26386848868, 86.76027405974865]]
[[53, 37], [56698.56935037958, 90.70467624569116]]
[[42, 30], [45113.38889272639, 68.02685483641234]]
[[33, 43, 4, 28], [56073.656806764295, 92.07220040845775]]
[[10, 27, 34, 46], [58994.98233105455, 99.77418110475847]]
[[38, 41, 21, 29], [62437.43976087059, 109.16490058269328]]
[[12, 44, 23, 18, 20, 7], [73859.50863930934, 138.78887903070805]]
[[40], [39192.46794384734, 57.71279678636944]]
[[22, 51, 3, 19, 14], [81839.0167906344, 155.06569630830495]]
[[57], [58987.89128954479, 98.84640480888885]]
[[15, 5, 9, 39, 2, 11], [70230.07363033725, 127.34341860200323]]
[[50], [44797.83763627056, 68.02685483627934]]
[[8, 49, 45], [66073.78606204418, 114.1007433139802]]
[[16, 6, 17, 48, 36], [62935.04858716862, 105.70906524114842]]
[[32, 26, 13, 35, 1], [66690.5619666064, 116.30993530839939]]
[[55], [45698.79310037083, 68.00671492449109]]
[[25], [64093.1770488986, 108.16614960666664]]
1184064.7753153024 1992.9818274225727 20
[0, 31, 47, 56, 52, 54, 24, 53, 37, 42, 30, 33, 43, 4, 28, 10, 27, 34, 46, 38, 41, 21, 29, 12, 44, 23, 18, 20, 7, 40, 22, 51, 3, 19, 14, 57, 15, 5, 9, 39, 2, 11, 50, 8, 49, 45, 16, 6, 17, 48, 36, 32, 26, 13, 35, 1, 55, 25, 58]
[[31, 47], [58471.584587665246, 97.63010919482983]]
[[56], [60499.29037468361, 102.93069267534871]]
[[52], [52310.58360147018, 84.17104451569627]]
[[54, 24], [54948.26386848868, 86.76027405974865]]
[[53, 37], [56698.56935037958, 90.70467624569116]]
[[42, 30], [45113.38889272639, 68.02685483641234]]
[[33, 43, 4, 28], [56073.656806764295, 92.07220040845775]]
[[10, 27, 34, 46], [58994.98233105455, 99.77418110475847]]
[[38, 41, 21, 29], [62437.43976087059, 109.16490058269328]]
[[12, 44, 23, 18, 20, 7], [73859.50863930934, 138.78887903070805]]
[[40], [39192.46794384734, 57.71279678636944]]
[[22, 51, 3, 19, 14], [81839.0167906344, 155.06569630830495]]
[[57], [58987.89128954479, 98.84640480888885]]
[[15, 5, 9, 39, 2, 11], [70230.07363033725, 127.34341860200323]]
[[50], [44797.83763627056, 68.02685483627934]]
[[8, 49, 45], [66073.78606204418, 114.1007433139802]]
[[16, 6, 17, 48, 36], [62935.04858716862, 105.70906524114842]]
[[32, 26, 13, 35, 1], [66690.5619666064, 116.30993530839939]]
[[55], [45698.79310037083, 68.00671492449109]]
[[25], [64093.1770488986, 108.16614960666664]]
1184064.7753153024 1992.9818274225727 20
