[0, 36, 26, 39, 37, 28, 49, 46, 47, 3, 14, 33, 2, 27, 35, 15, 22, 16, 31, 41, 8, 23, 38, 45, 51, 19, 32, 24, 18, 44, 1, 42, 4, 9, 34, 17, 25, 20, 40, 43, 12, 21, 6, 48, 13, 10, 5, 29, 7, 30, 11, 50, 52]
[[36, 26, 39], [48533.347598625034, 74.92495971354455]]
[[37, 28], [45686.626730552816, 68.94218209012877]]
[[49], [60352.79054868029, 102.52623100879029]]
[[46], [60546.72037468362, 102.93069267534871]]
[[47], [60279.77938856481, 102.30190725333333]]
[[3, 14, 33, 2, 27], [68706.17491397986, 122.12398215990777]]
[[35, 15, 22, 16], [68994.88878239508, 122.72255071875844]]
[[31, 41, 8, 23], [65336.983942710205, 112.47593774116486]]
[[38, 45], [62053.8925653335, 104.89279335560246]]
[[51], [58954.957441424, 98.7991429333333]]
[[19, 32, 24], [62939.05664661212, 107.50351372762692]]
[[18, 44], [62240.94635234359, 105.93398291273073]]
[[1, 42, 4, 9, 34], [70816.60310111729, 127.0677812523808]]
[[17, 25, 20, 40], [67702.28796112697, 123.57937027133168]]
[[43, 12, 21, 6], [66982.27703868556, 115.97835614131708]]
[[48], [59924.4680976626, 99.95732298444443]]
[[13, 10, 5, 29, 7, 30, 11], [96633.18861457729, 195.16871242588547]]
[[50], [60057.032351313195, 98.80567116888886]]
1138596.4170524026 1957.9833298795422 18
[0, 36, 26, 39, 37, 28, 49, 46, 47, 3, 14, 33, 2, 27, 35, 15, 22, 16, 31, 41, 8, 23, 38, 45, 51, 19, 32, 24, 18, 44, 1, 42, 4, 9, 34, 17, 25, 20, 40, 43, 12, 21, 6, 48, 13, 10, 5, 29, 7, 30, 11, 50, 52]
[[36, 26, 39], [48653.9250907751, 74.92495971354455]]
[[37, 28], [45757.27028032551, 68.94218209012877]]
[[49], [60352.79054868029, 102.52623100879029]]
[[46], [60546.72037468362, 102.93069267534871]]
[[47], [60279.77938856481, 102.30190725333333]]
[[3, 14, 33, 2, 27], [68853.17491397986, 122.12398215990777]]
[[35, 15, 22, 16], [69156.9144821956, 122.72255071875844]]
[[31, 41, 8, 23], [65535.583942710204, 112.47593774116486]]
[[38, 45], [62253.492565333494, 104.89279335560246]]
[[51], [58954.957441424, 98.7991429333333]]
[[19, 32, 24], [63071.656646612115, 107.50351372762692]]
[[18, 44], [62378.146352343596, 105.93398291273073]]
[[1, 42, 4, 9, 34], [70998.79165991579, 127.0677812523808]]
[[17, 25, 20, 40], [67884.33304675894, 123.57937027133168]]
[[43, 12, 21, 6], [67164.87703868555, 115.97835614131708]]
[[48], [59924.4680976626, 99.95732298444443]]
[[13, 10, 5, 29, 7, 30, 11], [97005.11362079444, 195.16871242588547]]
[[50], [60057.032351313195, 98.80567116888886]]
1140683.4224447736 1957.9833298795422 18
