[0, 43, 55, 19, 3, 44, 47, 28, 29, 49, 22, 72, 21, 14, 71, 79, 7, 64, 6, 26, 12, 4, 5, 38, 40, 11, 78, 25, 24, 54, 13, 32, 56, 77, 52, 41, 9, 18, 51, 68, 67, 62, 57, 39, 59, 48, 63, 23, 65, 42, 16, 80, 74, 53, 1, 75, 45, 30, 69, 2, 76, 8, 15, 60, 27, 50, 33, 31, 58, 35, 17, 37, 10, 20, 61, 81, 34, 66, 46, 36, 70, 82, 73, 83]
[[43, 55, 19, 3, 44, 47, 28, 29, 49], [95622.84716919177, 186.35507129245264]]
[[22, 72, 21, 14, 71], [78091.50023998343, 143.97822548804507]]
[[79], [57578.304233508796, 96.1532137422222]]
[[7, 64, 6, 26, 12, 4, 5, 38, 40, 11], [97947.17882055444, 194.65334060533368]]
[[78], [51586.050446211666, 82.5600537272685]]
[[25, 24, 54, 13, 32, 56], [75407.85833249478, 140.3732695033549]]
[[77, 52, 41, 9], [68101.71855546748, 125.7902588483814]]
[[18, 51, 68, 67, 62], [72756.13519273422, 131.87432095766533]]
[[57, 39, 59, 48, 63], [67886.36860043334, 124.4277130697801]]
[[23, 65, 42, 16], [63271.23361037162, 109.92447328208367]]
[[80], [59762.95816423557, 100.84773107965296]]
[[74, 53, 1], [65221.87427362789, 118.66081200529322]]
[[75, 45, 30, 69, 2], [77273.05813757071, 143.16249256808547]]
[[76, 8, 15, 60, 27, 50], [78928.32998941542, 152.45346617865658]]
[[33, 31, 58, 35, 17, 37, 10, 20, 61], [77161.04767695683, 143.2659789112073]]
[[81], [53289.191664943035, 85.07769082726658]]
[[34, 66, 46, 36, 70], [57656.91544704293, 96.98602631920491]]
[[82], [63696.7304236568, 107.24672516444441]]
[[73], [48798.819722337976, 73.99963826334718]]
1305141.1939194023 2342.531721948207 19
