[0, 23, 6, 64, 74, 100, 53, 104, 48, 16, 8, 11, 35, 79, 85, 45, 101, 52, 38, 18, 9, 19, 56, 69, 29, 67, 92, 94, 76, 83, 66, 43, 20, 90, 103, 65, 72, 62, 78, 39, 81, 27, 34, 89, 5, 70, 54, 84, 7, 99, 12, 22, 51, 77, 60, 55, 97, 61, 14, 33, 10, 86, 91, 95, 68, 15, 105, 50, 26, 25, 28, 2, 46, 21, 13, 96, 87, 1, 102, 24, 59, 31, 106, 71, 4, 40, 36, 88, 63, 73, 57, 49, 41, 30, 17, 47, 32, 93, 37, 75, 3, 58, 82, 80, 98, 42, 44, 107]
[[23, 6, 64, 74], [73280.26282875103, 134.31148690285661]]
[[100, 53], [56853.5962339358, 92.80645429495063]]
[[104], [49394.25219342613, 78.02760500012255]]
[[48, 16, 8, 11, 35, 79, 85], [64531.39625019254, 111.73547089214892]]
[[45, 101, 52], [60575.896523176045, 104.7394517698278]]
[[38, 18, 9, 19, 56, 69, 29, 67], [69211.07662240126, 121.76221048091239]]
[[92, 94], [54766.12151044894, 87.39410833862419]]
[[76, 83], [57035.948280733224, 94.43378528160582]]
[[66, 43, 20, 90], [56931.555590320546, 93.6997629013369]]
[[103, 65], [56421.91960611459, 92.17944971430634]]
[[72, 62, 78], [55849.67017479241, 90.87501101627186]]
[[39, 81, 27, 34, 89], [75235.25237331902, 139.5187511552416]]
[[5, 70, 54, 84], [57648.44957856702, 98.82441462507421]]
[[7, 99, 12, 22], [60338.632098000744, 103.94730022202123]]
[[51, 77, 60], [58362.85561958545, 98.08610932110264]]
[[55, 97, 61], [60209.47587791773, 100.85068852693125]]
[[14, 33, 10, 86, 91], [58578.07658863592, 98.4941288717828]]
[[95, 68, 15], [58873.452329935004, 100.5374465634321]]
[[105], [49635.58719342614, 78.02760500012255]]
[[50, 26, 25, 28, 2, 46, 21, 13], [73853.99118013949, 137.21423550929714]]
[[96, 87, 1], [64630.01467914711, 109.43411790547748]]
[[102], [49762.53219342614, 78.02760500012255]]
[[24, 59, 31], [65541.74411338259, 116.9479514550086]]
[[106], [62981.991972314005, 107.82144059999999]]
[[71, 4, 40, 36, 88, 63], [70366.30647286176, 126.45465210785483]]
[[73, 57, 49, 41, 30, 17, 47, 32], [75105.44702620347, 136.43765825632906]]
[[93, 37, 75, 3], [75239.50639148967, 138.35137111542912]]
[[58, 82, 80], [65404.38019940399, 111.6383849333333]]
[[98, 42, 44], [67009.14987167, 117.3179299665141]]
1835134.8584448805 3161.106424346311 29
[0, 23, 6, 64, 74, 100, 53, 104, 48, 16, 8, 11, 35, 79, 85, 45, 101, 52, 38, 18, 9, 19, 56, 69, 29, 67, 92, 94, 76, 83, 66, 43, 20, 90, 103, 65, 72, 62, 78, 39, 81, 27, 34, 89, 5, 70, 54, 84, 7, 99, 12, 22, 51, 77, 60, 55, 97, 61, 14, 33, 10, 86, 91, 95, 68, 15, 105, 50, 26, 25, 28, 2, 46, 21, 13, 96, 87, 1, 102, 24, 59, 31, 106, 71, 4, 40, 36, 88, 63, 73, 57, 49, 41, 30, 17, 47, 32, 93, 37, 75, 3, 58, 82, 80, 98, 42, 44, 107]
[[23, 6, 64, 74], [73280.26282875103, 134.31148690285661]]
[[100, 53], [56853.5962339358, 92.80645429495063]]
[[104], [49394.25219342613, 78.02760500012255]]
[[48, 16, 8, 11, 35, 79, 85], [64531.39625019254, 111.73547089214892]]
[[45, 101, 52], [60575.896523176045, 104.7394517698278]]
[[38, 18, 9, 19, 56, 69, 29, 67], [69211.07662240126, 121.76221048091239]]
[[92, 94], [54766.12151044894, 87.39410833862419]]
[[76, 83], [57035.948280733224, 94.43378528160582]]
[[66, 43, 20, 90], [56931.555590320546, 93.6997629013369]]
[[103, 65], [56421.91960611459, 92.17944971430634]]
[[72, 62, 78], [55849.67017479241, 90.87501101627186]]
[[39, 81, 27, 34, 89], [75235.25237331902, 139.5187511552416]]
[[5, 70, 54, 84], [57648.44957856702, 98.82441462507421]]
[[7, 99, 12, 22], [60338.632098000744, 103.94730022202123]]
[[51, 77, 60], [58362.85561958545, 98.08610932110264]]
[[55, 97, 61], [60209.47587791773, 100.85068852693125]]
[[14, 33, 10, 86, 91], [58578.07658863592, 98.4941288717828]]
[[95, 68, 15], [58873.452329935004, 100.5374465634321]]
[[105], [49635.58719342614, 78.02760500012255]]
[[50, 26, 25, 28, 2, 46, 21, 13], [73853.99118013949, 137.21423550929714]]
[[96, 87, 1], [64630.01467914711, 109.43411790547748]]
[[102], [49762.53219342614, 78.02760500012255]]
[[24, 59, 31], [65541.74411338259, 116.9479514550086]]
[[106], [62981.991972314005, 107.82144059999999]]
[[71, 4, 40, 36, 88, 63], [70366.30647286176, 126.45465210785483]]
[[73, 57, 49, 41, 30, 17, 47, 32], [75105.44702620347, 136.43765825632906]]
[[93, 37, 75, 3], [75239.50639148967, 138.35137111542912]]
[[58, 82, 80], [65404.38019940399, 111.6383849333333]]
[[98, 42, 44], [67009.14987167, 117.3179299665141]]
1835134.8584448805 3161.106424346311 29
