[0, 6, 40, 103, 26, 48, 62, 105, 13, 101, 39, 32, 67, 71, 57, 107, 46, 80, 79, 33, 50, 78, 47, 85, 73, 69, 27, 8, 44, 90, 55, 51, 42, 87, 1, 60, 81, 5, 89, 16, 35, 53, 63, 61, 66, 20, 41, 10, 77, 21, 97, 24, 100, 19, 17, 18, 4, 110, 14, 11, 68, 83, 3, 86, 15, 93, 99, 36, 12, 9, 29, 25, 91, 88, 45, 37, 56, 43, 65, 30, 94, 22, 59, 95, 28, 70, 7, 58, 109, 75, 92, 31, 34, 23, 98, 108, 64, 76, 102, 104, 52, 96, 54, 2, 82, 106, 72, 49, 38, 84, 74, 111]
[[6, 40, 103], [68782.86297662019, 123.74609354408437]]
[[26, 48, 62, 105, 13], [74793.48281089604, 140.0201624159591]]
[[101, 39, 32, 67, 71, 57], [67567.3932696043, 117.35690871231924]]
[[107, 46, 80], [61127.465863710575, 101.96435270706243]]
[[79, 33, 50, 78, 47, 85, 73], [72998.46224060823, 133.11567216166836]]
[[69, 27, 8, 44, 90, 55, 51, 42], [70231.19846714097, 125.14102836735424]]
[[87, 1, 60, 81, 5, 89, 16, 35], [70387.82650408678, 126.12362131197983]]
[[53, 63, 61, 66, 20, 41, 10, 77, 21], [85659.19299611602, 167.3458440674931]]
[[97, 24, 100, 19, 17, 18, 4], [55493.732860809556, 90.14362799972947]]
[[110], [57666.18923350879, 96.1532137422222]]
[[14, 11, 68, 83, 3, 86, 15, 93], [56150.6277552184, 91.86604908444008]]
[[99, 36, 12, 9, 29, 25, 91, 88], [67944.91395150009, 126.13577977903194]]
[[45, 37, 56, 43, 65, 30, 94, 22], [61783.75547928932, 110.77275999696893]]
[[59, 95, 28, 70, 7, 58], [60705.33558302682, 105.2181689884897]]
[[109], [49655.11719342614, 78.02760500012255]]
[[75, 92, 31, 34, 23, 98], [55788.26812721284, 90.39138391550598]]
[[108, 64], [54371.433559434576, 89.93912904121893]]
[[76, 102, 104], [56092.849458043194, 93.02675663635571]]
[[52, 96, 54, 2, 82], [76128.07574087128, 141.05744173683655]]
[[106, 72, 49, 38], [68591.58140265278, 123.18773469940793]]
[[84, 74], [59309.70866727356, 98.95388034804509]]
1344389.0548011912 2350.196482830623 21
[0, 6, 40, 103, 26, 48, 62, 105, 13, 101, 39, 32, 67, 71, 57, 107, 46, 80, 79, 33, 50, 78, 47, 85, 73, 69, 27, 8, 44, 90, 55, 51, 42, 87, 1, 60, 81, 5, 89, 16, 35, 53, 63, 61, 66, 20, 41, 10, 77, 21, 97, 24, 100, 19, 17, 18, 4, 110, 14, 11, 68, 83, 3, 86, 15, 93, 99, 36, 12, 9, 29, 25, 91, 88, 45, 37, 56, 43, 65, 30, 94, 22, 59, 95, 28, 70, 7, 58, 109, 75, 92, 31, 34, 23, 98, 108, 64, 76, 102, 104, 52, 96, 54, 2, 82, 106, 72, 49, 38, 84, 74, 111]
[[6, 40, 103], [68782.86297662019, 123.74609354408437]]
[[26, 48, 62, 105, 13], [74793.48281089604, 140.0201624159591]]
[[101, 39, 32, 67, 71, 57], [67567.3932696043, 117.35690871231924]]
[[107, 46, 80], [61127.465863710575, 101.96435270706243]]
[[79, 33, 50, 78, 47, 85, 73], [72998.46224060823, 133.11567216166836]]
[[69, 27, 8, 44, 90, 55, 51, 42], [70231.19846714097, 125.14102836735424]]
[[87, 1, 60, 81, 5, 89, 16, 35], [70387.82650408678, 126.12362131197983]]
[[53, 63, 61, 66, 20, 41, 10, 77, 21], [85659.19299611602, 167.3458440674931]]
[[97, 24, 100, 19, 17, 18, 4], [55493.732860809556, 90.14362799972947]]
[[110], [57666.18923350879, 96.1532137422222]]
[[14, 11, 68, 83, 3, 86, 15, 93], [56150.6277552184, 91.86604908444008]]
[[99, 36, 12, 9, 29, 25, 91, 88], [67944.91395150009, 126.13577977903194]]
[[45, 37, 56, 43, 65, 30, 94, 22], [61783.75547928932, 110.77275999696893]]
[[59, 95, 28, 70, 7, 58], [60705.33558302682, 105.2181689884897]]
[[109], [49655.11719342614, 78.02760500012255]]
[[75, 92, 31, 34, 23, 98], [55788.26812721284, 90.39138391550598]]
[[108, 64], [54371.433559434576, 89.93912904121893]]
[[76, 102, 104], [56092.849458043194, 93.02675663635571]]
[[52, 96, 54, 2, 82], [76128.07574087128, 141.05744173683655]]
[[106, 72, 49, 38], [68591.58140265278, 123.18773469940793]]
[[84, 74], [59309.70866727356, 98.95388034804509]]
1344389.0548011912 2350.196482830623 21
