[0, 50, 19, 6, 65, 90, 16, 64, 42, 63, 84, 36, 46, 18, 7, 10, 34, 29, 59, 86, 83, 48, 69, 58, 41, 20, 61, 60, 67, 55, 77, 89, 39, 73, 28, 33, 78, 2, 52, 72, 4, 80, 11, 23, 47, 68, 56, 54, 57, 13, 30, 9, 82, 85, 62, 14, 35, 8, 43, 32, 1, 12, 70, 76, 45, 27, 22, 15, 5, 26, 79, 49, 21, 53, 3, 66, 31, 87, 37, 44, 71, 25, 17, 51, 75, 38, 88, 40, 81, 74, 24, 91]
[[50, 19, 6, 65], [65427.55664347634, 120.78685020266542]]
[[90], [58398.964983914, 98.07263615555554]]
[[16, 64, 42, 63], [58869.11056676928, 99.58463105770268]]
[[84, 36, 46], [59771.73833917937, 99.6061063539659]]
[[18, 7, 10, 34, 29], [74439.33822912996, 141.4704156529703]]
[[59, 86], [50608.38920243067, 77.77118206746061]]
[[83], [50225.96103611536, 79.599636218833]]
[[48, 69, 58, 41], [64213.75408310994, 112.03150432117897]]
[[20, 61, 60, 67], [62740.825020174, 110.68002417121146]]
[[55, 77], [62091.69107867156, 106.59120613914614]]
[[89], [59679.2937489764, 100.79928511555553]]
[[39, 73], [54388.04053054577, 87.12298617935325]]
[[28, 33, 78, 2, 52], [63909.50959733375, 114.50054219801663]]
[[72, 4, 80, 11], [65224.630922378296, 117.7101861589917]]
[[23, 47, 68, 56, 54], [75500.2792235383, 144.52149634634222]]
[[57, 13, 30, 9, 82], [65754.75000840519, 114.44001050926751]]
[[85, 62], [61288.38400697981, 104.68225094322422]]
[[14, 35, 8, 43, 32, 1, 12, 70], [69984.76995240613, 128.85074050749873]]
[[76, 45, 27, 22, 15, 5], [65202.5356124664, 112.04280584987295]]
[[26, 79, 49], [62273.63988543618, 105.73977843174555]]
[[21, 53, 3, 66, 31], [66478.21583915966, 115.99853276603166]]
[[87, 37], [63026.48016115186, 106.3967580818977]]
[[44, 71, 25, 17], [67714.59681355629, 118.7776016400011]]
[[51, 75, 38], [62325.19488278963, 104.45656180057428]]
[[88], [49750.1801726095, 76.68651424568247]]
[[40, 81], [63649.585867280955, 116.1018985530603]]
[[74, 24], [65282.296002800205, 114.04176692287807]]
1693460.1647111042 2932.6953133856714 27
