[0, 55, 10, 30, 7, 15, 58, 17, 26, 38, 64, 61, 47, 37, 48, 36, 52, 28, 13, 40, 22, 23, 34, 50, 69, 67, 46, 66, 32, 56, 70, 1, 75, 20, 33, 53, 62, 59, 63, 11, 16, 57, 5, 39, 8, 68, 3, 45, 65, 9, 41, 4, 35, 24, 14, 19, 27, 54, 44, 72, 43, 51, 12, 6, 74, 29, 2, 21, 31, 60, 71, 49, 73, 25, 18, 42, 76]
[[55, 10, 30, 7, 15, 58], [75737.59006131813, 146.75705178825282]]
[[17, 26, 38, 64], [61893.468759975316, 107.88841034382015]]
[[61, 47, 37, 48], [63013.71217250915, 108.01908534547167]]
[[36, 52, 28, 13, 40, 22, 23], [74595.20732683693, 150.07335532312635]]
[[34, 50, 69], [48617.20813219975, 75.24183429934874]]
[[67], [58491.034983913996, 98.07263615555554]]
[[46, 66, 32], [54016.18775203661, 87.37426538906016]]
[[56, 70, 1], [62457.591645447406, 108.0162385796636]]
[[75], [49544.912193426135, 78.02760500012255]]
[[20, 33, 53, 62], [54732.95490885408, 87.1996812570553]]
[[59, 63], [51698.72091924468, 81.29932902822055]]
[[11, 16, 57, 5], [67762.36533267026, 125.52669591104748]]
[[39, 8, 68], [79558.87859154337, 156.24331807689043]]
[[3, 45, 65, 9, 41, 4], [69315.90058910154, 125.08557063654905]]
[[35, 24, 14, 19, 27, 54, 44], [83547.45805873585, 161.11568381007694]]
[[72, 43], [62351.12895612627, 105.71779653863383]]
[[51, 12], [61732.09620089648, 105.49752431573944]]
[[6, 74], [61986.75731341179, 103.50521188666664]]
[[29, 2, 21, 31], [62035.97557550759, 108.47473943110742]]
[[60, 71], [63157.315865495744, 105.72425349728829]]
[[49, 73], [61209.582995848396, 101.29592058222221]]
[[25, 18, 42], [63135.20095025329, 108.54342233873788]]
1390437.5639204122 2431.012440593046 22
[0, 55, 10, 30, 7, 15, 58, 17, 26, 38, 64, 61, 47, 37, 48, 36, 52, 28, 13, 40, 22, 23, 34, 50, 69, 67, 46, 66, 32, 56, 70, 1, 75, 20, 33, 53, 62, 59, 63, 11, 16, 57, 5, 39, 8, 68, 3, 45, 65, 9, 41, 4, 35, 24, 14, 19, 27, 54, 44, 72, 43, 51, 12, 6, 74, 29, 2, 21, 31, 60, 71, 49, 73, 25, 18, 42, 76]
[[55, 10, 30, 7, 15, 58], [75737.59006131813, 146.75705178825282]]
[[17, 26, 38, 64], [61893.468759975316, 107.88841034382015]]
[[61, 47, 37, 48], [63013.71217250915, 108.01908534547167]]
[[36, 52, 28, 13, 40, 22, 23], [74595.20732683693, 150.07335532312635]]
[[34, 50, 69], [48617.20813219975, 75.24183429934874]]
[[67], [58491.034983913996, 98.07263615555554]]
[[46, 66, 32], [54016.18775203661, 87.37426538906016]]
[[56, 70, 1], [62457.591645447406, 108.0162385796636]]
[[75], [49544.912193426135, 78.02760500012255]]
[[20, 33, 53, 62], [54732.95490885408, 87.1996812570553]]
[[59, 63], [51698.72091924468, 81.29932902822055]]
[[11, 16, 57, 5], [67762.36533267026, 125.52669591104748]]
[[39, 8, 68], [79558.87859154337, 156.24331807689043]]
[[3, 45, 65, 9, 41, 4], [69315.90058910154, 125.08557063654905]]
[[35, 24, 14, 19, 27, 54, 44], [83547.45805873585, 161.11568381007694]]
[[72, 43], [62351.12895612627, 105.71779653863383]]
[[51, 12], [61732.09620089648, 105.49752431573944]]
[[6, 74], [61986.75731341179, 103.50521188666664]]
[[29, 2, 21, 31], [62035.97557550759, 108.47473943110742]]
[[60, 71], [63157.315865495744, 105.72425349728829]]
[[49, 73], [61209.582995848396, 101.29592058222221]]
[[25, 18, 42], [63135.20095025329, 108.54342233873788]]
1390437.5639204122 2431.012440593046 22
