[0, 1, 49, 32, 24, 23, 45, 3, 18, 54, 20, 41, 22, 53, 36, 26, 2, 39, 43, 19, 25, 42, 27, 28, 13, 21, 5, 46, 47, 51, 37, 17, 35, 34, 9, 15, 10, 6, 7, 33, 44, 16, 12, 8, 14, 40, 29, 31, 11, 30, 50, 38, 48, 52, 4, 55]
[[1, 49, 32, 24, 23, 45, 3], [70593.96110681319, 128.87364972048823]]
[[18, 54, 20], [62735.779918484885, 105.01979773132435]]
[[41, 22, 53, 36, 26, 2], [62919.59552859796, 105.99951114128417]]
[[39, 43, 19, 25, 42, 27, 28, 13, 21], [67972.47821557618, 120.62381597995916]]
[[5, 46, 47, 51, 37, 17], [63230.585751712, 106.75632445482191]]
[[35, 34, 9, 15, 10, 6, 7, 33, 44, 16, 12, 8, 14], [65541.457591651, 112.89339499665549]]
[[40, 29, 31, 11, 30, 50], [65509.88764282244, 112.65508066315164]]
[[38, 48, 52, 4], [66780.54060059958, 118.17986095861272]]
525284.2863562573 911.0014356462976 8
[0, 1, 49, 32, 24, 23, 45, 3, 18, 54, 20, 41, 22, 53, 36, 26, 2, 39, 43, 19, 25, 42, 27, 28, 13, 21, 5, 46, 47, 51, 37, 17, 35, 34, 9, 15, 10, 6, 7, 33, 44, 16, 12, 8, 14, 40, 29, 31, 11, 30, 50, 38, 48, 52, 4, 55]
[[1, 49, 32, 24, 23, 45, 3], [70593.96110681319, 128.87364972048823]]
[[18, 54, 20], [62735.779918484885, 105.01979773132435]]
[[41, 22, 53, 36, 26, 2], [62919.59552859796, 105.99951114128417]]
[[39, 43, 19, 25, 42, 27, 28, 13, 21], [67972.47821557618, 120.62381597995916]]
[[5, 46, 47, 51, 37, 17], [63230.585751712, 106.75632445482191]]
[[35, 34, 9, 15, 10, 6, 7, 33, 44, 16, 12, 8, 14], [65541.457591651, 112.89339499665549]]
[[40, 29, 31, 11, 30, 50], [65509.88764282244, 112.65508066315164]]
[[38, 48, 52, 4], [66780.54060059958, 118.17986095861272]]
525284.2863562573 911.0014356462976 8
[0, 1, 49, 32, 24, 23, 45, 3, 18, 54, 20, 41, 22, 53, 36, 26, 2, 39, 43, 19, 25, 42, 27, 28, 13, 21, 5, 46, 47, 51, 37, 17, 35, 34, 9, 15, 10, 6, 7, 33, 44, 16, 12, 8, 14, 40, 29, 31, 11, 30, 50, 38, 48, 52, 4, 55]
[[1, 49, 32, 24, 23, 45, 3], [70593.96110681319, 128.87364972048823]]
[[18, 54, 20], [62735.779918484885, 105.01979773132435]]
[[41, 22, 53, 36, 26, 2], [62919.59552859796, 105.99951114128417]]
[[39, 43, 19, 25, 42, 27, 28, 13, 21], [67972.47821557618, 120.62381597995916]]
[[5, 46, 47, 51, 37, 17], [63230.585751712, 106.75632445482191]]
[[35, 34, 9, 15, 10, 6, 7, 33, 44, 16, 12, 8, 14], [65541.457591651, 112.89339499665549]]
[[40, 29, 31, 11, 30, 50], [65509.88764282244, 112.65508066315164]]
[[38, 48, 52, 4], [66780.54060059958, 118.17986095861272]]
525284.2863562573 911.0014356462976 8
[0, 1, 49, 32, 24, 23, 45, 3, 18, 54, 20, 41, 22, 53, 36, 26, 2, 39, 43, 19, 25, 42, 27, 28, 13, 21, 5, 46, 47, 51, 37, 17, 35, 34, 9, 15, 10, 6, 7, 33, 44, 16, 12, 8, 14, 40, 29, 31, 11, 30, 50, 38, 48, 52, 4, 55]
[[1, 49, 32, 24, 23, 45, 3], [70593.96110681319, 128.87364972048823]]
[[18, 54, 20], [62735.779918484885, 105.01979773132435]]
[[41, 22, 53, 36, 26, 2], [62919.59552859796, 105.99951114128417]]
[[39, 43, 19, 25, 42, 27, 28, 13, 21], [67972.47821557618, 120.62381597995916]]
[[5, 46, 47, 51, 37, 17], [63230.585751712, 106.75632445482191]]
[[35, 34, 9, 15, 10, 6, 7, 33, 44, 16, 12, 8, 14], [65541.457591651, 112.89339499665549]]
[[40, 29, 31, 11, 30, 50], [65509.88764282244, 112.65508066315164]]
[[38, 48, 52, 4], [66780.54060059958, 118.17986095861272]]
525284.2863562573 911.0014356462976 8
