[0, 108, 7, 17, 5, 67, 40, 57, 113, 35, 11, 75, 27, 96, 126, 61, 122, 128, 123, 82, 29, 71, 23, 59, 16, 65, 110, 15, 111, 33, 87, 8, 91, 115, 68, 25, 39, 92, 60, 30, 127, 55, 42, 38, 117, 50, 84, 37, 19, 66, 34, 104, 121, 63, 85, 105, 3, 28, 101, 9, 58, 20, 79, 70, 51, 119, 2, 86, 74, 6, 99, 18, 36, 72, 94, 90, 100, 21, 44, 14, 116, 24, 83, 52, 120, 124, 93, 89, 43, 118, 22, 13, 103, 95, 129, 107, 12, 41, 109, 112, 73, 69, 48, 53, 97, 114, 81, 32, 125, 76, 62, 46, 54, 47, 31, 88, 56, 26, 78, 1, 49, 106, 45, 80, 64, 10, 98, 4, 102, 77, 130]
[[108, 7, 17], [55260.85106316978, 91.21331821024647]]
[[5, 67, 40, 57, 113], [59145.20137423089, 104.68140401745278]]
[[35, 11, 75, 27, 96], [64836.64387760552, 115.81244871088897]]
[[126], [47122.823300104115, 73.27556124342094]]
[[61, 122], [64678.3476331822, 118.20968505525198]]
[[128], [48958.349642768764, 77.01679094438728]]
[[123], [50196.66603611536, 79.599636218833]]
[[82, 29, 71, 23, 59, 16, 65], [62969.718210881656, 108.46254518695426]]
[[110], [60324.7484920118, 102.42237410888887]]
[[15, 111, 33, 87, 8], [64339.254033479665, 110.25185617578475]]
[[91, 115], [54501.69196375369, 91.06631240945973]]
[[68, 25, 39, 92, 60, 30], [60102.30126060017, 103.3145748225549]]
[[127], [47546.515107993604, 73.96930145165852]]
[[55, 42, 38, 117], [70395.94730456534, 134.26652578264165]]
[[50, 84, 37, 19, 66, 34], [63772.0412963422, 113.89666459946454]]
[[104, 121], [57046.82713448201, 91.43096346038176]]
[[63, 85, 105, 3, 28], [63105.28186858948, 109.46758722307602]]
[[101, 9, 58, 20, 79], [57218.55421718069, 95.58310722410161]]
[[70, 51, 119, 2], [59608.302201863495, 103.34467233351825]]
[[86, 74, 6, 99, 18], [58784.05964951181, 96.806891125786]]
[[36, 72, 94], [54402.269911961565, 95.7542532266206]]
[[90, 100, 21, 44, 14], [59186.7050949315, 100.28243369230967]]
[[116, 24, 83], [55022.31017411941, 91.94604861704212]]
[[52, 120], [64091.1052424838, 109.68380499872609]]
[[124, 93], [61154.90350338831, 100.9064762712222]]
[[89, 43, 118, 22], [78711.43587671538, 151.10251936901415]]
[[13, 103, 95], [62733.97013810548, 106.39885956689244]]
[[129], [43615.62333436795, 65.75318448270306]]
[[107, 12, 41, 109], [70957.11819504717, 132.1177719368938]]
[[112, 73, 69], [66455.58454082458, 116.79898706478197]]
[[48, 53, 97], [61768.749252896, 104.58515193535541]]
[[114, 81, 32], [69759.86358439868, 122.16539782712059]]
[[125, 76], [62480.984711226396, 104.04106011555554]]
[[62, 46, 54, 47, 31, 88], [80929.37884676276, 159.4939484436737]]
[[56, 26, 78, 1, 49, 106], [67944.00090141819, 119.12662909980739]]
[[45, 80, 64, 10, 98, 4], [71807.48648800113, 132.17885614786454]]
[[102, 77], [62448.395805420616, 106.62609855009137]]
2268936.928485696 3913.4966318542015 37
[0, 108, 7, 17, 5, 67, 40, 57, 113, 35, 11, 75, 27, 96, 126, 61, 122, 128, 123, 82, 29, 71, 23, 59, 16, 65, 110, 15, 111, 33, 87, 8, 91, 115, 68, 25, 39, 92, 60, 30, 127, 55, 42, 38, 117, 50, 84, 37, 19, 66, 34, 104, 121, 63, 85, 105, 3, 28, 101, 9, 58, 20, 79, 70, 51, 119, 2, 86, 74, 6, 99, 18, 36, 72, 94, 90, 100, 21, 44, 14, 116, 24, 83, 52, 120, 124, 93, 89, 43, 118, 22, 13, 103, 95, 129, 107, 12, 41, 109, 112, 73, 69, 48, 53, 97, 114, 81, 32, 125, 76, 62, 46, 54, 47, 31, 88, 56, 26, 78, 1, 49, 106, 45, 80, 64, 10, 98, 4, 102, 77, 130]
[[108, 7, 17], [55260.85106316978, 91.21331821024647]]
[[5, 67, 40, 57, 113], [59145.20137423089, 104.68140401745278]]
[[35, 11, 75, 27, 96], [64836.64387760552, 115.81244871088897]]
[[126], [47122.823300104115, 73.27556124342094]]
[[61, 122], [64678.3476331822, 118.20968505525198]]
[[128], [48958.349642768764, 77.01679094438728]]
[[123], [50196.66603611536, 79.599636218833]]
[[82, 29, 71, 23, 59, 16, 65], [62969.718210881656, 108.46254518695426]]
[[110], [60324.7484920118, 102.42237410888887]]
[[15, 111, 33, 87, 8], [64339.254033479665, 110.25185617578475]]
[[91, 115], [54501.69196375369, 91.06631240945973]]
[[68, 25, 39, 92, 60, 30], [60102.30126060017, 103.3145748225549]]
[[127], [47546.515107993604, 73.96930145165852]]
[[55, 42, 38, 117], [70395.94730456534, 134.26652578264165]]
[[50, 84, 37, 19, 66, 34], [63772.0412963422, 113.89666459946454]]
[[104, 121], [57046.82713448201, 91.43096346038176]]
[[63, 85, 105, 3, 28], [63105.28186858948, 109.46758722307602]]
[[101, 9, 58, 20, 79], [57218.55421718069, 95.58310722410161]]
[[70, 51, 119, 2], [59608.302201863495, 103.34467233351825]]
[[86, 74, 6, 99, 18], [58784.05964951181, 96.806891125786]]
[[36, 72, 94], [54402.269911961565, 95.7542532266206]]
[[90, 100, 21, 44, 14], [59186.7050949315, 100.28243369230967]]
[[116, 24, 83], [55022.31017411941, 91.94604861704212]]
[[52, 120], [64091.1052424838, 109.68380499872609]]
[[124, 93], [61154.90350338831, 100.9064762712222]]
[[89, 43, 118, 22], [78711.43587671538, 151.10251936901415]]
[[13, 103, 95], [62733.97013810548, 106.39885956689244]]
[[129], [43615.62333436795, 65.75318448270306]]
[[107, 12, 41, 109], [70957.11819504717, 132.1177719368938]]
[[112, 73, 69], [66455.58454082458, 116.79898706478197]]
[[48, 53, 97], [61768.749252896, 104.58515193535541]]
[[114, 81, 32], [69759.86358439868, 122.16539782712059]]
[[125, 76], [62480.984711226396, 104.04106011555554]]
[[62, 46, 54, 47, 31, 88], [80929.37884676276, 159.4939484436737]]
[[56, 26, 78, 1, 49, 106], [67944.00090141819, 119.12662909980739]]
[[45, 80, 64, 10, 98, 4], [71807.48648800113, 132.17885614786454]]
[[102, 77], [62448.395805420616, 106.62609855009137]]
2268936.928485696 3913.4966318542015 37
