[0, 81, 42, 116, 23, 93, 90, 6, 43, 117, 25, 59, 74, 118, 15, 115, 40, 30, 78, 88, 71, 119, 56, 104, 99, 32, 60, 97, 57, 106, 91, 79, 29, 11, 54, 111, 69, 61, 50, 107, 3, 72, 105, 4, 110, 16, 39, 62, 75, 73, 76, 20, 47, 13, 96, 22, 31, 112, 37, 70, 12, 82, 8, 55, 101, 86, 26, 24, 41, 7, 14, 80, 103, 58, 35, 89, 92, 17, 2, 49, 1, 64, 98, 67, 94, 68, 28, 18, 10, 113, 48, 9, 66, 63, 38, 19, 45, 108, 114, 51, 5, 87, 44, 100, 52, 65, 33, 34, 21, 77, 95, 109, 46, 53, 83, 84, 102, 36, 85, 27, 120]
[[81, 42], [62329.97219371505, 111.73654241168758]]
[[116], [55778.4113159204, 92.05661382666665]]
[[23, 93, 90, 6, 43], [88097.29387784746, 174.0915891964514]]
[[117], [60110.86698138799, 102.06546297777776]]
[[25, 59, 74], [52558.243735785814, 83.93170303934455]]
[[118], [53979.6345334081, 87.87228335744811]]
[[15], [59806.81771638477, 101.32473553743074]]
[[115], [49426.33719342614, 78.02760500012255]]
[[40, 30, 78, 88, 71], [63080.163518947, 111.92628794897382]]
[[119], [60242.8095367076, 102.29057848444442]]
[[56, 104, 99, 32, 60], [61538.16610440314, 106.45667730422991]]
[[97], [59837.50771638477, 101.32473553743074]]
[[57, 106, 91], [55419.1279523448, 90.58029339250001]]
[[79, 29, 11, 54, 111], [57913.705524273864, 97.17649276168484]]
[[69, 61, 50, 107, 3], [68199.07402655749, 123.50040192188435]]
[[72, 105, 4], [54994.00837369295, 91.5320895551051]]
[[110, 16, 39, 62, 75], [55191.97282177615, 90.23584160094235]]
[[73, 76, 20, 47, 13, 96, 22], [64939.33886338627, 119.61014471204855]]
[[31, 112, 37, 70], [65164.41711390274, 113.83500771577653]]
[[12, 82, 8, 55, 101, 86], [71705.14465733641, 132.52803087481277]]
[[26, 24, 41, 7, 14, 80, 103, 58], [78703.15131133111, 152.1121125114603]]
[[35, 89, 92, 17, 2, 49, 1, 64], [84997.02658790867, 162.55316168487337]]
[[98, 67, 94, 68], [65998.1328058028, 114.70322467085408]]
[[28, 18, 10, 113, 48], [67995.1814239433, 119.62072962682402]]
[[9, 66, 63], [63361.46540215306, 109.97909513676532]]
[[38, 19, 45, 108], [67224.97625612456, 116.94527286119107]]
[[114, 51, 5], [69440.52828549918, 122.33365658111111]]
[[87, 44, 100, 52, 65], [65609.59165530949, 113.54465267079608]]
[[33, 34, 21, 77, 95], [66867.34419523238, 119.49358205391653]]
[[109, 46, 53, 83], [70531.99250143746, 126.40021354184404]]
[[84, 102, 36, 85, 27], [68332.77206486257, 123.38548302517337]]
1958578.9235852794 3410.4345647915593 31
