[0, 7, 1, 57, 85, 110, 114, 83, 28, 8, 20, 42, 88, 52, 48, 105, 54, 43, 30, 16, 31, 96, 61, 37, 113, 102, 112, 81, 50, 91, 71, 46, 32, 80, 76, 70, 68, 69, 87, 45, 89, 36, 39, 97, 2, 79, 58, 92, 6, 101, 24, 35, 51, 82, 66, 60, 106, 67, 25, 38, 19, 95, 100, 103, 75, 27, 33, 111, 41, 44, 13, 94, 10, 107, 86, 17, 23, 22, 47, 9, 14, 104, 63, 59, 109, 15, 4, 93, 3, 74, 90, 78, 21, 98, 29, 73, 53, 12, 62, 11, 77, 49, 18, 56, 99, 26, 64, 5, 108, 55, 72, 65, 84, 34, 40, 115]
[[7, 1, 57], [80004.90319995815, 162.18221381220295]]
[[85, 110], [65966.65484802471, 113.86845656297749]]
[[114], [59348.75448247738, 100.31741107743075]]
[[83, 28, 8, 20, 42, 88], [78298.19956126295, 151.71709902877888]]
[[52, 48, 105, 54, 43, 30], [71868.18663698352, 130.3724082092101]]
[[16, 31, 96, 61, 37], [69062.28531452181, 121.19642479843807]]
[[113], [60226.98837056996, 102.25388661743074]]
[[102], [56232.647535010394, 92.99035815999999]]
[[112], [49441.68219342614, 78.02760500012255]]
[[81, 50, 91, 71], [67594.93969980658, 122.43433151801307]]
[[46, 32, 80, 76, 70, 68], [69033.68519120169, 122.93238713575198]]
[[69, 87, 45, 89, 36, 39], [82787.42654033165, 161.48502625621924]]
[[97, 2, 79, 58, 92], [67891.70866671391, 123.33962606784793]]
[[6, 101, 24, 35, 51, 82], [77832.31490967068, 147.90586442709915]]
[[66, 60, 106, 67], [79258.81667970517, 144.286499187983]]
[[25, 38, 19, 95, 100], [72663.41631849424, 135.60859409557835]]
[[103, 75, 27, 33], [63144.25001067649, 108.2541293829897]]
[[111], [62764.37197231401, 107.82144059999999]]
[[41, 44, 13, 94], [52358.323258461765, 87.12117577316708]]
[[10, 107, 86, 17, 23], [53208.73756507966, 83.62010710582861]]
[[22, 47, 9, 14, 104], [51034.6209324112, 79.40953738955378]]
[[63, 59, 109, 15, 4], [52713.48948080223, 88.1133312017184]]
[[93, 3, 74, 90, 78], [58005.03082965942, 95.91065358632066]]
[[21, 98, 29, 73, 53, 12, 62], [57917.26342963036, 97.34990586289437]]
[[11, 77, 49, 18, 56, 99], [55490.71871853063, 89.4448071527359]]
[[26, 64, 5, 108], [51384.40023199967, 79.81112615950842]]
[[55, 72, 65, 84, 34, 40], [70111.41325631061, 133.47469358714076]]
1735474.1139652312 3050.3878546405163 27
[0, 7, 1, 57, 85, 110, 114, 83, 28, 8, 20, 42, 88, 52, 48, 105, 54, 43, 30, 16, 31, 96, 61, 37, 113, 102, 112, 81, 50, 91, 71, 46, 32, 80, 76, 70, 68, 69, 87, 45, 89, 36, 39, 97, 2, 79, 58, 92, 6, 101, 24, 35, 51, 82, 66, 60, 106, 67, 25, 38, 19, 95, 100, 103, 75, 27, 33, 111, 41, 44, 13, 94, 10, 107, 86, 17, 23, 22, 47, 9, 14, 104, 63, 59, 109, 15, 4, 93, 3, 74, 90, 78, 21, 98, 29, 73, 53, 12, 62, 11, 77, 49, 18, 56, 99, 26, 64, 5, 108, 55, 72, 65, 84, 34, 40, 115]
[[7, 1, 57], [80004.90319995815, 162.18221381220295]]
[[85, 110], [65966.65484802471, 113.86845656297749]]
[[114], [59348.75448247738, 100.31741107743075]]
[[83, 28, 8, 20, 42, 88], [78298.19956126295, 151.71709902877888]]
[[52, 48, 105, 54, 43, 30], [71868.18663698352, 130.3724082092101]]
[[16, 31, 96, 61, 37], [69062.28531452181, 121.19642479843807]]
[[113], [60226.98837056996, 102.25388661743074]]
[[102], [56232.647535010394, 92.99035815999999]]
[[112], [49441.68219342614, 78.02760500012255]]
[[81, 50, 91, 71], [67594.93969980658, 122.43433151801307]]
[[46, 32, 80, 76, 70, 68], [69033.68519120169, 122.93238713575198]]
[[69, 87, 45, 89, 36, 39], [82787.42654033165, 161.48502625621924]]
[[97, 2, 79, 58, 92], [67891.70866671391, 123.33962606784793]]
[[6, 101, 24, 35, 51, 82], [77832.31490967068, 147.90586442709915]]
[[66, 60, 106, 67], [79258.81667970517, 144.286499187983]]
[[25, 38, 19, 95, 100], [72663.41631849424, 135.60859409557835]]
[[103, 75, 27, 33], [63144.25001067649, 108.2541293829897]]
[[111], [62764.37197231401, 107.82144059999999]]
[[41, 44, 13, 94], [52358.323258461765, 87.12117577316708]]
[[10, 107, 86, 17, 23], [53208.73756507966, 83.62010710582861]]
[[22, 47, 9, 14, 104], [51034.6209324112, 79.40953738955378]]
[[63, 59, 109, 15, 4], [52713.48948080223, 88.1133312017184]]
[[93, 3, 74, 90, 78], [58005.03082965942, 95.91065358632066]]
[[21, 98, 29, 73, 53, 12, 62], [57917.26342963036, 97.34990586289437]]
[[11, 77, 49, 18, 56, 99], [55490.71871853063, 89.4448071527359]]
[[26, 64, 5, 108], [51384.40023199967, 79.81112615950842]]
[[55, 72, 65, 84, 34, 40], [70111.41325631061, 133.47469358714076]]
1735474.1139652312 3050.3878546405163 27
