[0, 38, 34, 7, 18, 9, 2, 3, 29, 43, 19, 15, 6, 16, 41, 20, 28, 14, 26, 46, 40, 53, 1, 49, 33, 24, 23, 45, 5, 12, 52, 17, 39, 22, 51, 35, 30, 4, 37, 44, 13, 27, 42, 31, 32, 10, 21, 8, 47, 48, 50, 36, 11, 25, 54]
[[38, 34, 7, 18, 9], [63020.443731990556, 108.63200450873084]]
[[2, 3, 29, 43, 19, 15, 6, 16, 41], [67280.45256038735, 117.68797447649749]]
[[20, 28, 14, 26, 46, 40], [64111.33583878308, 109.54657322511909]]
[[53], [62183.740582514, 106.70779837777778]]
[[1, 49, 33], [66434.45565832249, 118.24017136848467]]
[[24, 23, 45, 5], [67444.03292021665, 123.89815189975641]]
[[12, 52, 17, 39], [67327.47572189955, 119.24116831569555]]
[[22, 51, 35, 30], [65823.74036016958, 112.79928549804723]]
[[4, 37], [60474.1195367555, 102.29057848459719]]
[[44, 13, 27, 42, 31, 32], [69544.0363065826, 124.37023575809425]]
[[10, 21, 8, 47, 48], [67652.150865887, 117.02396897572433]]
[[50, 36, 11, 25], [61740.249267844534, 113.5845392027363]]
780769.3490929329 1366.5716876468166 12
[0, 38, 34, 7, 18, 9, 2, 3, 29, 43, 19, 15, 6, 16, 41, 20, 28, 14, 26, 46, 40, 53, 1, 49, 33, 24, 23, 45, 5, 12, 52, 17, 39, 22, 51, 35, 30, 4, 37, 44, 13, 27, 42, 31, 32, 10, 21, 8, 47, 48, 50, 36, 11, 25, 54]
[[38, 34, 7, 18, 9], [63020.443731990556, 108.63200450873084]]
[[2, 3, 29, 43, 19, 15, 6, 16, 41], [67280.45256038735, 117.68797447649749]]
[[20, 28, 14, 26, 46, 40], [64111.33583878308, 109.54657322511909]]
[[53], [62183.740582514, 106.70779837777778]]
[[1, 49, 33], [66434.45565832249, 118.24017136848467]]
[[24, 23, 45, 5], [67444.03292021665, 123.89815189975641]]
[[12, 52, 17, 39], [67327.47572189955, 119.24116831569555]]
[[22, 51, 35, 30], [65823.74036016958, 112.79928549804723]]
[[4, 37], [60474.1195367555, 102.29057848459719]]
[[44, 13, 27, 42, 31, 32], [69544.0363065826, 124.37023575809425]]
[[10, 21, 8, 47, 48], [67652.150865887, 117.02396897572433]]
[[50, 36, 11, 25], [61740.249267844534, 113.5845392027363]]
780769.3490929329 1366.5716876468166 12
[0, 38, 34, 7, 18, 9, 2, 3, 29, 43, 19, 15, 6, 16, 41, 20, 28, 14, 26, 46, 40, 53, 1, 49, 33, 24, 23, 45, 5, 12, 52, 17, 39, 22, 51, 35, 30, 4, 37, 44, 13, 27, 42, 31, 32, 10, 21, 8, 47, 48, 50, 36, 11, 25, 54]
[[38, 34, 7, 18, 9], [63020.443731990556, 108.63200450873084]]
[[2, 3, 29, 43, 19, 15, 6, 16, 41], [67280.45256038735, 117.68797447649749]]
[[20, 28, 14, 26, 46, 40], [64111.33583878308, 109.54657322511909]]
[[53], [62183.740582514, 106.70779837777778]]
[[1, 49, 33], [66434.45565832249, 118.24017136848467]]
[[24, 23, 45, 5], [67444.03292021665, 123.89815189975641]]
[[12, 52, 17, 39], [67327.47572189955, 119.24116831569555]]
[[22, 51, 35, 30], [65823.74036016958, 112.79928549804723]]
[[4, 37], [60474.1195367555, 102.29057848459719]]
[[44, 13, 27, 42, 31, 32], [69544.0363065826, 124.37023575809425]]
[[10, 21, 8, 47, 48], [67652.150865887, 117.02396897572433]]
[[50, 36, 11, 25], [61740.249267844534, 113.5845392027363]]
780769.3490929329 1366.5716876468166 12
[0, 38, 34, 7, 18, 9, 2, 3, 29, 43, 19, 15, 6, 16, 41, 20, 28, 14, 26, 46, 40, 53, 1, 49, 33, 24, 23, 45, 5, 12, 52, 17, 39, 22, 51, 35, 30, 4, 37, 44, 13, 27, 42, 31, 32, 10, 21, 8, 47, 48, 50, 36, 11, 25, 54]
[[38, 34, 7, 18, 9], [63020.443731990556, 108.63200450873084]]
[[2, 3, 29, 43, 19, 15, 6, 16, 41], [67280.45256038735, 117.68797447649749]]
[[20, 28, 14, 26, 46, 40], [64111.33583878308, 109.54657322511909]]
[[53], [62183.740582514, 106.70779837777778]]
[[1, 49, 33], [66434.45565832249, 118.24017136848467]]
[[24, 23, 45, 5], [67444.03292021665, 123.89815189975641]]
[[12, 52, 17, 39], [67327.47572189955, 119.24116831569555]]
[[22, 51, 35, 30], [65823.74036016958, 112.79928549804723]]
[[4, 37], [60474.1195367555, 102.29057848459719]]
[[44, 13, 27, 42, 31, 32], [69544.0363065826, 124.37023575809425]]
[[10, 21, 8, 47, 48], [67652.150865887, 117.02396897572433]]
[[50, 36, 11, 25], [61740.249267844534, 113.5845392027363]]
780769.3490929329 1366.5716876468166 12
