[0, 7, 55, 5, 57, 133, 66, 16, 26, 138, 33, 32, 42, 91, 142, 20, 121, 70, 122, 81, 90, 85, 86, 52, 37, 46, 4, 43, 21, 141, 104, 48, 29, 130, 75, 1, 49, 89, 125, 120, 67, 103, 77, 44, 111, 107, 96, 92, 61, 132, 129, 72, 95, 47, 15, 79, 9, 58, 24, 14, 117, 74, 119, 69, 143, 115, 36, 137, 82, 109, 30, 145, 83, 10, 62, 144, 73, 35, 65, 139, 80, 59, 126, 38, 94, 71, 28, 127, 60, 102, 140, 31, 12, 123, 112, 17, 11, 64, 116, 134, 106, 27, 114, 135, 101, 68, 88, 34, 98, 56, 50, 41, 105, 22, 53, 108, 84, 40, 131, 3, 110, 6, 124, 63, 19, 45, 54, 136, 2, 118, 87, 78, 8, 99, 18, 39, 76, 128, 97, 93, 100, 23, 51, 13, 113, 25, 146]
[[7, 55, 5, 57, 133], [73933.80888768219, 134.59361493698634]]
[[66, 16, 26, 138], [67575.20872819805, 118.03432272012267]]
[[33, 32, 42, 91], [63679.40093225685, 111.46574199729768]]
[[142], [51849.91529971812, 83.18958034654044]]
[[20, 121, 70, 122], [67486.96490976923, 117.0271893439392]]
[[81, 90, 85, 86], [68456.85728933713, 123.16367269178416]]
[[52, 37, 46, 4, 43, 21], [67030.5424739998, 120.26393405319804]]
[[141], [58446.2756428928, 98.05941845333331]]
[[104, 48, 29, 130], [71479.9444523264, 129.86700875955785]]
[[75, 1, 49, 89, 125], [73262.45103293374, 129.95272593970847]]
[[120, 67, 103, 77], [69767.54430734017, 122.50121690003655]]
[[44, 111, 107, 96], [69744.90294682633, 121.87026334163531]]
[[92, 61, 132], [68834.76048565247, 121.64198840796874]]
[[129, 72, 95, 47, 15], [66236.66552583502, 122.70585348736952]]
[[79, 9, 58, 24, 14, 117, 74], [56573.95777498229, 92.32913227954899]]
[[119, 69], [53940.752735613176, 87.7699012147678]]
[[143], [49543.51719342613, 78.02760500012255]]
[[115], [50055.3239681598, 79.09352894131118]]
[[36, 137], [50515.95724863304, 78.02760500023481]]
[[82, 109, 30], [54815.91866626269, 90.3354881090226]]
[[145], [50079.0389681598, 79.09352894131118]]
[[83, 10, 62], [54582.3802876807, 89.63914582113603]]
[[144], [56900.217505538836, 94.20209769600137]]
[[73], [50949.38201454438, 80.89874230833716]]
[[35, 65, 139], [53879.92193846975, 85.09395057322664]]
[[80, 59], [40300.283751854586, 59.7557132532506]]
[[126, 38, 94, 71], [58942.56169300141, 98.63801655922879]]
[[28, 127, 60, 102], [65996.91040398653, 116.50200391066411]]
[[140, 31], [50596.516206427375, 78.0276050002629]]
[[12, 123, 112, 17, 11, 64], [59164.19272870139, 98.04354698728419]]
[[116, 134], [52078.400035174345, 80.64269577122187]]
[[106, 27, 114], [60213.422667162806, 99.9955070088889]]
[[135, 101], [58639.13107391956, 98.8435310328675]]
[[68, 88, 34, 98, 56, 50, 41], [71034.41156283398, 132.2649572664665]]
[[105, 22, 53, 108, 84, 40], [59430.92222117307, 99.3417255763371]]
[[131, 3], [50772.07331637395, 79.36445251173532]]
[[110, 6, 124, 63], [60967.79466437378, 108.73954184648983]]
[[19, 45, 54, 136, 2], [64431.64607297741, 113.52237681256867]]
[[118, 87, 78, 8, 99], [65161.16988627849, 113.9582909407333]]
[[18, 39, 76, 128], [72135.74330384693, 129.4612947595854]]
[[97, 93, 100, 23, 51, 13], [62332.69077399436, 105.44369890694534]]
[[113, 25], [51659.767044988315, 83.07313736526432]]
2520616.311877134 4267.915773849556 42
[0, 7, 55, 5, 57, 133, 66, 16, 26, 138, 33, 32, 42, 91, 142, 20, 121, 70, 122, 81, 90, 85, 86, 52, 37, 46, 4, 43, 21, 141, 104, 48, 29, 130, 75, 1, 49, 89, 125, 120, 67, 103, 77, 44, 111, 107, 96, 92, 61, 132, 129, 72, 95, 47, 15, 79, 9, 58, 24, 14, 117, 74, 119, 69, 143, 115, 36, 137, 82, 109, 30, 145, 83, 10, 62, 144, 73, 35, 65, 139, 80, 59, 126, 38, 94, 71, 28, 127, 60, 102, 140, 31, 12, 123, 112, 17, 11, 64, 116, 134, 106, 27, 114, 135, 101, 68, 88, 34, 98, 56, 50, 41, 105, 22, 53, 108, 84, 40, 131, 3, 110, 6, 124, 63, 19, 45, 54, 136, 2, 118, 87, 78, 8, 99, 18, 39, 76, 128, 97, 93, 100, 23, 51, 13, 113, 25, 146]
[[7, 55, 5, 57, 133], [73933.80888768219, 134.59361493698634]]
[[66, 16, 26, 138], [67575.20872819805, 118.03432272012267]]
[[33, 32, 42, 91], [63679.40093225685, 111.46574199729768]]
[[142], [51849.91529971812, 83.18958034654044]]
[[20, 121, 70, 122], [67486.96490976923, 117.0271893439392]]
[[81, 90, 85, 86], [68456.85728933713, 123.16367269178416]]
[[52, 37, 46, 4, 43, 21], [67030.5424739998, 120.26393405319804]]
[[141], [58446.2756428928, 98.05941845333331]]
[[104, 48, 29, 130], [71479.9444523264, 129.86700875955785]]
[[75, 1, 49, 89, 125], [73262.45103293374, 129.95272593970847]]
[[120, 67, 103, 77], [69767.54430734017, 122.50121690003655]]
[[44, 111, 107, 96], [69744.90294682633, 121.87026334163531]]
[[92, 61, 132], [68834.76048565247, 121.64198840796874]]
[[129, 72, 95, 47, 15], [66236.66552583502, 122.70585348736952]]
[[79, 9, 58, 24, 14, 117, 74], [56573.95777498229, 92.32913227954899]]
[[119, 69], [53940.752735613176, 87.7699012147678]]
[[143], [49543.51719342613, 78.02760500012255]]
[[115], [50055.3239681598, 79.09352894131118]]
[[36, 137], [50515.95724863304, 78.02760500023481]]
[[82, 109, 30], [54815.91866626269, 90.3354881090226]]
[[145], [50079.0389681598, 79.09352894131118]]
[[83, 10, 62], [54582.3802876807, 89.63914582113603]]
[[144], [56900.217505538836, 94.20209769600137]]
[[73], [50949.38201454438, 80.89874230833716]]
[[35, 65, 139], [53879.92193846975, 85.09395057322664]]
[[80, 59], [40300.283751854586, 59.7557132532506]]
[[126, 38, 94, 71], [58942.56169300141, 98.63801655922879]]
[[28, 127, 60, 102], [65996.91040398653, 116.50200391066411]]
[[140, 31], [50596.516206427375, 78.0276050002629]]
[[12, 123, 112, 17, 11, 64], [59164.19272870139, 98.04354698728419]]
[[116, 134], [52078.400035174345, 80.64269577122187]]
[[106, 27, 114], [60213.422667162806, 99.9955070088889]]
[[135, 101], [58639.13107391956, 98.8435310328675]]
[[68, 88, 34, 98, 56, 50, 41], [71034.41156283398, 132.2649572664665]]
[[105, 22, 53, 108, 84, 40], [59430.92222117307, 99.3417255763371]]
[[131, 3], [50772.07331637395, 79.36445251173532]]
[[110, 6, 124, 63], [60967.79466437378, 108.73954184648983]]
[[19, 45, 54, 136, 2], [64431.64607297741, 113.52237681256867]]
[[118, 87, 78, 8, 99], [65161.16988627849, 113.9582909407333]]
[[18, 39, 76, 128], [72135.74330384693, 129.4612947595854]]
[[97, 93, 100, 23, 51, 13], [62332.69077399436, 105.44369890694534]]
[[113, 25], [51659.767044988315, 83.07313736526432]]
2520616.311877134 4267.915773849556 42
