[0, 52, 17, 55, 10, 6, 41, 3, 16, 23, 40, 39, 57, 46, 30, 13, 44, 43, 14, 25, 20, 24, 26, 34, 38, 12, 4, 21, 49, 29, 27, 59, 47, 1, 31, 45, 2, 48, 7, 15, 28, 36, 33, 37, 8, 18, 5, 42, 9, 53, 54, 22, 19, 11, 35, 32, 58, 51, 56, 50, 60]
[[52, 17, 55], [62140.90317740152, 103.55955808161704]]
[[10, 6, 41, 3, 16, 23, 40, 39], [73934.97665667145, 139.0806055575805]]
[[57], [60331.86554868029, 102.52623100879029]]
[[46, 30, 13, 44, 43, 14, 25, 20], [76160.83862324423, 143.79205594989855]]
[[24, 26, 34, 38, 12, 4, 21, 49, 29], [79561.44415294178, 150.93442547186294]]
[[27, 59], [60330.06330911212, 99.2605049451588]]
[[47, 1, 31, 45, 2, 48, 7], [74897.31507171804, 140.44060536497605]]
[[15, 28, 36, 33, 37, 8, 18, 5, 42], [72949.20863340815, 133.55661416123772]]
[[9, 53], [61586.899923921956, 104.07229973775355]]
[[54, 22, 19, 11, 35, 32], [69099.85664798586, 135.26413388858353]]
[[58], [41872.98795864018, 61.607162204703705]]
[[51], [59975.21995221071, 99.16915965632482]]
[[56, 50], [46035.51988608854, 69.65413824062621]]
827045.162837584 1454.81767081639 13
[0, 52, 17, 55, 10, 6, 41, 3, 16, 23, 40, 39, 57, 46, 30, 13, 44, 43, 14, 25, 20, 24, 26, 34, 38, 12, 4, 21, 49, 29, 27, 59, 47, 1, 31, 45, 2, 48, 7, 15, 28, 36, 33, 37, 8, 18, 5, 42, 9, 53, 54, 22, 19, 11, 35, 32, 58, 51, 56, 50, 60]
[[52, 17, 55], [62140.90317740152, 103.55955808161704]]
[[10, 6, 41, 3, 16, 23, 40, 39], [73934.97665667145, 139.0806055575805]]
[[57], [60331.86554868029, 102.52623100879029]]
[[46, 30, 13, 44, 43, 14, 25, 20], [76160.83862324423, 143.79205594989855]]
[[24, 26, 34, 38, 12, 4, 21, 49, 29], [79561.44415294178, 150.93442547186294]]
[[27, 59], [60330.06330911212, 99.2605049451588]]
[[47, 1, 31, 45, 2, 48, 7], [74897.31507171804, 140.44060536497605]]
[[15, 28, 36, 33, 37, 8, 18, 5, 42], [72949.20863340815, 133.55661416123772]]
[[9, 53], [61586.899923921956, 104.07229973775355]]
[[54, 22, 19, 11, 35, 32], [69099.85664798586, 135.26413388858353]]
[[58], [41872.98795864018, 61.607162204703705]]
[[51], [59975.21995221071, 99.16915965632482]]
[[56, 50], [46035.51988608854, 69.65413824062621]]
827045.162837584 1454.81767081639 13
