[0, 5, 13, 65, 50, 8, 36, 16, 15, 34, 22, 56, 30, 46, 53, 41, 64, 24, 31, 37, 14, 6, 25, 63, 68, 20, 33, 1, 60, 51, 26, 54, 66, 2, 62, 9, 17, 35, 48, 43, 49, 10, 23, 7, 55, 12, 29, 18, 40, 32, 19, 61, 3, 59, 39, 58, 67, 44, 52, 38, 42, 28, 4, 27, 47, 45, 11, 21, 57, 69]
[[5, 13], [61006.44988709704, 105.41259295128374]]
[[65], [44535.888952173846, 68.19872393121285]]
[[50, 8, 36, 16], [67034.51135980093, 118.07968806426456]]
[[15, 34, 22, 56, 30], [73190.41241919156, 138.8668763833675]]
[[46, 53, 41], [67068.70533387082, 120.2939969576572]]
[[64], [56769.08750553883, 94.20209769600137]]
[[24, 31, 37, 14, 6], [66235.64761117473, 118.55801381035091]]
[[25, 63], [66577.20200399819, 116.30386165553487]]
[[68], [61789.180860054206, 105.68598729111112]]
[[20, 33, 1, 60], [67182.8882725292, 119.2928714735159]]
[[51, 26, 54], [64061.56940653997, 110.86327490148747]]
[[66], [56893.242505538845, 94.20209769600137]]
[[2, 62, 9, 17], [68110.47455656655, 121.49501081121625]]
[[35, 48, 43], [65890.93145568729, 115.47633866884789]]
[[49, 10, 23, 7, 55, 12], [70224.2908429795, 125.35460942337622]]
[[29, 18, 40], [75320.20963379453, 147.15604847173555]]
[[32, 19, 61], [65462.37310727234, 112.54955956043956]]
[[3, 59, 39], [53959.67440224342, 91.47981717953185]]
[[58], [59711.0330976626, 99.95732298444443]]
[[67], [62081.18634237279, 105.36674399307216]]
[[44, 52, 38], [65257.45995985678, 117.988240980374]]
[[42, 28, 4, 27, 47], [72697.06284942094, 140.7901804015019]]
[[45, 11, 21, 57], [56869.190867673635, 95.79341254041388]]
1454951.2279610755 2540.403044293793 23
[0, 5, 13, 65, 50, 8, 36, 16, 15, 34, 22, 56, 30, 46, 53, 41, 64, 24, 31, 37, 14, 6, 25, 63, 68, 20, 33, 1, 60, 51, 26, 54, 66, 2, 62, 9, 17, 35, 48, 43, 49, 10, 23, 7, 55, 12, 29, 18, 40, 32, 19, 61, 3, 59, 39, 58, 67, 44, 52, 38, 42, 28, 4, 27, 47, 45, 11, 21, 57, 69]
[[5, 13], [61006.44988709704, 105.41259295128374]]
[[65], [44535.888952173846, 68.19872393121285]]
[[50, 8, 36, 16], [67034.51135980093, 118.07968806426456]]
[[15, 34, 22, 56, 30], [73190.41241919156, 138.8668763833675]]
[[46, 53, 41], [67068.70533387082, 120.2939969576572]]
[[64], [56769.08750553883, 94.20209769600137]]
[[24, 31, 37, 14, 6], [66235.64761117473, 118.55801381035091]]
[[25, 63], [66577.20200399819, 116.30386165553487]]
[[68], [61789.180860054206, 105.68598729111112]]
[[20, 33, 1, 60], [67182.8882725292, 119.2928714735159]]
[[51, 26, 54], [64061.56940653997, 110.86327490148747]]
[[66], [56893.242505538845, 94.20209769600137]]
[[2, 62, 9, 17], [68110.47455656655, 121.49501081121625]]
[[35, 48, 43], [65890.93145568729, 115.47633866884789]]
[[49, 10, 23, 7, 55, 12], [70224.2908429795, 125.35460942337622]]
[[29, 18, 40], [75320.20963379453, 147.15604847173555]]
[[32, 19, 61], [65462.37310727234, 112.54955956043956]]
[[3, 59, 39], [53959.67440224342, 91.47981717953185]]
[[58], [59711.0330976626, 99.95732298444443]]
[[67], [62081.18634237279, 105.36674399307216]]
[[44, 52, 38], [65257.45995985678, 117.988240980374]]
[[42, 28, 4, 27, 47], [72697.06284942094, 140.7901804015019]]
[[45, 11, 21, 57], [56869.190867673635, 95.79341254041388]]
1454951.2279610755 2540.403044293793 23
