[0, 61, 62, 27, 21, 60, 2, 11, 65, 52, 35, 20, 45, 42, 1, 17, 58, 12, 32, 57, 38, 40, 4, 19, 3, 47, 7, 25, 66, 33, 49, 24, 9, 51, 14, 34, 13, 37, 10, 8, 63, 22, 16, 46, 54, 50, 18, 44, 36, 39, 23, 53, 31, 29, 28, 55, 15, 30, 59, 41, 48, 26, 43, 5, 56, 64, 6, 67]
[[61, 62, 27], [64075.0477018626, 109.48137773809161]]
[[21, 60, 2, 11], [64994.62638431876, 111.84068703118459]]
[[65, 52], [64607.7687202426, 114.00388633673762]]
[[35, 20, 45, 42, 1, 17], [72667.51434096193, 130.37226652575677]]
[[58, 12, 32, 57], [65101.28598323527, 111.02869046836796]]
[[38, 40, 4, 19, 3, 47, 7, 25], [79038.60763841862, 149.70517869640946]]
[[66], [50053.928968159795, 79.09352894131118]]
[[33, 49, 24, 9, 51, 14], [64416.13245446477, 111.63535363333449]]
[[34, 13, 37, 10, 8, 63], [61211.401795287595, 103.84387613337016]]
[[22, 16, 46, 54], [54818.218961311584, 89.39035875363246]]
[[50, 18, 44, 36, 39], [55199.94137131896, 89.42511102527024]]
[[23, 53, 31, 29, 28], [58637.371141239695, 100.76722750198934]]
[[55, 15, 30, 59], [65098.1853224232, 113.9012336481267]]
[[41, 48, 26, 43], [59277.836478948186, 100.91786515943443]]
[[5, 56, 64, 6], [55566.61838610408, 89.22342755638488]]
945591.1301834785 1626.4430164792018 15
