[0, 61, 115, 165, 109, 16, 13, 137, 11, 94, 3, 117, 27, 113, 5, 54, 24, 139, 156, 34, 55, 63, 135, 130, 154, 90, 36, 87, 47, 143, 50, 121, 41, 72, 93, 6, 88, 45, 127, 99, 26, 153, 80, 1, 111, 163, 120, 52, 92, 151, 108, 64, 97, 86, 46, 107, 164, 104, 129, 103, 35, 146, 131, 51, 140, 62, 105, 79, 9, 31, 65, 17, 18, 149, 71, 59, 77, 68, 159, 134, 110, 25, 91, 56, 38, 119, 144, 162, 141, 10, 70, 126, 89, 133, 37, 157, 48, 128, 39, 78, 49, 60, 74, 30, 145, 150, 114, 160, 32, 14, 102, 73, 138, 19, 12, 67, 58, 81, 147, 161, 29, 101, 116, 96, 69, 22, 33, 132, 155, 84, 43, 106, 122, 82, 42, 148, 4, 112, 124, 7, 142, 66, 21, 123, 44, 57, 152, 2, 125, 83, 76, 8, 98, 20, 40, 75, 136, 95, 85, 100, 23, 53, 15, 158, 118, 28, 166]
[[61, 115], [63198.444745109795, 107.82083245230592]]
[[165], [61806.34219824198, 106.03636957777772]]
[[109, 16, 13, 137, 11], [68430.4849002092, 122.11578388047249]]
[[94, 3, 117, 27, 113, 5, 54], [71982.77918530472, 130.64293863766855]]
[[24, 139], [61229.2303894272, 103.21269072014478]]
[[156, 34, 55], [63749.427123824615, 109.34282192264446]]
[[63, 135, 130], [65346.3507144444, 110.90480693746544]]
[[154, 90], [64000.12957795258, 108.15060976433844]]
[[36, 87, 47, 143, 50], [75256.83446013625, 143.65089384103095]]
[[121, 41, 72, 93, 6], [65432.263915235584, 114.99919600730126]]
[[88, 45, 127, 99, 26], [68374.72208511959, 119.05767792887268]]
[[153], [57753.76143013399, 96.45012971111109]]
[[80, 1, 111], [60761.97608057705, 102.66137829757791]]
[[163], [58456.159983913996, 98.07263615555554]]
[[120, 52, 92], [65183.53726627406, 113.60915896520684]]
[[151, 108], [64643.51669247191, 109.15250050435286]]
[[64, 97, 86, 46, 107], [72874.94526821969, 131.58037030985543]]
[[164], [50021.843968159796, 79.09352894131118]]
[[104, 129, 103, 35], [65344.40745143444, 111.86209450256456]]
[[146], [59683.4787489764, 100.79928511555553]]
[[131, 51, 140], [69278.79943686057, 119.81739937582171]]
[[62, 105, 79, 9, 31, 65], [75289.07806119387, 146.75261881757322]]
[[17, 18, 149, 71, 59], [57994.907357887605, 96.19258990816357]]
[[77, 68], [50515.894333738295, 84.65561937825291]]
[[159], [51737.45056555728, 82.55263749651242]]
[[134, 110, 25], [52199.1155202446, 82.96930386311011]]
[[91, 56, 38], [50515.453488451894, 86.1171454652356]]
[[119, 144], [59469.801809747485, 102.8247040174931]]
[[162], [56937.882505538844, 94.20209769600137]]
[[141, 10, 70], [52302.64905557962, 87.16615302315132]]
[[126, 89, 133], [70503.50370149416, 137.49065987383636]]
[[37, 157], [53366.306284979204, 84.37528605219346]]
[[48, 128, 39, 78], [56622.162427832845, 92.7025855377762]]
[[49, 60, 74, 30, 145], [64546.28187483846, 112.2282395449361]]
[[150, 114], [56739.25163657179, 92.79855019439064]]
[[160], [62870.10989336841, 107.73667036194811]]
[[32, 14, 102, 73, 138], [65411.577009487504, 112.52785705752954]]
[[19, 12, 67, 58, 81], [59944.931980336405, 103.01469467906585]]
[[147], [50284.10396815979, 79.09352894131118]]
[[161], [47323.23611299925, 72.99987363348737]]
[[29, 101, 116], [52280.983100540645, 83.2912671594389]]
[[96, 69, 22, 33, 132], [73875.85626756914, 134.92317896635024]]
[[155, 84], [59047.04015717418, 97.38640296588954]]
[[43, 106, 122, 82], [58246.97696565511, 98.24913020821137]]
[[42, 148, 4, 112], [56383.65532214451, 91.08636340130117]]
[[124, 7, 142], [59353.97903211781, 101.26047253718927]]
[[66, 21, 123, 44, 57], [54197.5541002127, 86.06089378506206]]
[[152], [54693.8745334081, 87.87228335744811]]
[[2, 125, 83, 76, 8], [57852.417106047855, 97.06763047662645]]
[[98, 20, 40, 75, 136], [68341.84116788619, 119.95619503574753]]
[[95, 85, 100, 23, 53, 15], [62440.7165832972, 107.6884695033643]]
[[158], [63411.80013189695, 106.58592530415115]]
[[118, 28], [51333.68459048135, 81.82069558443371]]
3218050.53372635 5469.113987323432 53
[0, 61, 115, 165, 109, 16, 13, 137, 11, 94, 3, 117, 27, 113, 5, 54, 24, 139, 156, 34, 55, 63, 135, 130, 154, 90, 36, 87, 47, 143, 50, 121, 41, 72, 93, 6, 88, 45, 127, 99, 26, 153, 80, 1, 111, 163, 120, 52, 92, 151, 108, 64, 97, 86, 46, 107, 164, 104, 129, 103, 35, 146, 131, 51, 140, 62, 105, 79, 9, 31, 65, 17, 18, 149, 71, 59, 77, 68, 159, 134, 110, 25, 91, 56, 38, 119, 144, 162, 141, 10, 70, 126, 89, 133, 37, 157, 48, 128, 39, 78, 49, 60, 74, 30, 145, 150, 114, 160, 32, 14, 102, 73, 138, 19, 12, 67, 58, 81, 147, 161, 29, 101, 116, 96, 69, 22, 33, 132, 155, 84, 43, 106, 122, 82, 42, 148, 4, 112, 124, 7, 142, 66, 21, 123, 44, 57, 152, 2, 125, 83, 76, 8, 98, 20, 40, 75, 136, 95, 85, 100, 23, 53, 15, 158, 118, 28, 166]
[[61, 115], [63198.444745109795, 107.82083245230592]]
[[165], [61806.34219824198, 106.03636957777772]]
[[109, 16, 13, 137, 11], [68430.4849002092, 122.11578388047249]]
[[94, 3, 117, 27, 113, 5, 54], [71982.77918530472, 130.64293863766855]]
[[24, 139], [61229.2303894272, 103.21269072014478]]
[[156, 34, 55], [63749.427123824615, 109.34282192264446]]
[[63, 135, 130], [65346.3507144444, 110.90480693746544]]
[[154, 90], [64000.12957795258, 108.15060976433844]]
[[36, 87, 47, 143, 50], [75256.83446013625, 143.65089384103095]]
[[121, 41, 72, 93, 6], [65432.263915235584, 114.99919600730126]]
[[88, 45, 127, 99, 26], [68374.72208511959, 119.05767792887268]]
[[153], [57753.76143013399, 96.45012971111109]]
[[80, 1, 111], [60761.97608057705, 102.66137829757791]]
[[163], [58456.159983913996, 98.07263615555554]]
[[120, 52, 92], [65183.53726627406, 113.60915896520684]]
[[151, 108], [64643.51669247191, 109.15250050435286]]
[[64, 97, 86, 46, 107], [72874.94526821969, 131.58037030985543]]
[[164], [50021.843968159796, 79.09352894131118]]
[[104, 129, 103, 35], [65344.40745143444, 111.86209450256456]]
[[146], [59683.4787489764, 100.79928511555553]]
[[131, 51, 140], [69278.79943686057, 119.81739937582171]]
[[62, 105, 79, 9, 31, 65], [75289.07806119387, 146.75261881757322]]
[[17, 18, 149, 71, 59], [57994.907357887605, 96.19258990816357]]
[[77, 68], [50515.894333738295, 84.65561937825291]]
[[159], [51737.45056555728, 82.55263749651242]]
[[134, 110, 25], [52199.1155202446, 82.96930386311011]]
[[91, 56, 38], [50515.453488451894, 86.1171454652356]]
[[119, 144], [59469.801809747485, 102.8247040174931]]
[[162], [56937.882505538844, 94.20209769600137]]
[[141, 10, 70], [52302.64905557962, 87.16615302315132]]
[[126, 89, 133], [70503.50370149416, 137.49065987383636]]
[[37, 157], [53366.306284979204, 84.37528605219346]]
[[48, 128, 39, 78], [56622.162427832845, 92.7025855377762]]
[[49, 60, 74, 30, 145], [64546.28187483846, 112.2282395449361]]
[[150, 114], [56739.25163657179, 92.79855019439064]]
[[160], [62870.10989336841, 107.73667036194811]]
[[32, 14, 102, 73, 138], [65411.577009487504, 112.52785705752954]]
[[19, 12, 67, 58, 81], [59944.931980336405, 103.01469467906585]]
[[147], [50284.10396815979, 79.09352894131118]]
[[161], [47323.23611299925, 72.99987363348737]]
[[29, 101, 116], [52280.983100540645, 83.2912671594389]]
[[96, 69, 22, 33, 132], [73875.85626756914, 134.92317896635024]]
[[155, 84], [59047.04015717418, 97.38640296588954]]
[[43, 106, 122, 82], [58246.97696565511, 98.24913020821137]]
[[42, 148, 4, 112], [56383.65532214451, 91.08636340130117]]
[[124, 7, 142], [59353.97903211781, 101.26047253718927]]
[[66, 21, 123, 44, 57], [54197.5541002127, 86.06089378506206]]
[[152], [54693.8745334081, 87.87228335744811]]
[[2, 125, 83, 76, 8], [57852.417106047855, 97.06763047662645]]
[[98, 20, 40, 75, 136], [68341.84116788619, 119.95619503574753]]
[[95, 85, 100, 23, 53, 15], [62440.7165832972, 107.6884695033643]]
[[158], [63411.80013189695, 106.58592530415115]]
[[118, 28], [51333.68459048135, 81.82069558443371]]
3218050.53372635 5469.113987323432 53
