[0, 47, 46, 66, 70, 37, 34, 64, 3, 24, 71, 57, 40, 32, 52, 51, 2, 30, 62, 29, 39, 60, 44, 48, 16, 31, 4, 69, 55, 18, 41, 58, 27, 38, 8, 22, 6, 21, 14, 10, 12, 17, 35, 26, 53, 25, 33, 9, 7, 49, 61, 65, 13, 67, 63, 59, 28, 45, 15, 11, 23, 50, 43, 20, 54, 68, 42, 19, 36, 1, 56, 5, 72]
[[47, 46], [65223.49718853954, 112.31381105438331]]
[[66], [39709.718721272955, 59.03392339847693]]
[[70], [39710.89104423302, 59.03392339847693]]
[[37, 34, 64], [77034.78591862261, 137.9897514288889]]
[[3, 24], [57013.6807759746, 100.82563783076377]]
[[71], [61037.80909197319, 104.18284072444442]]
[[57, 40, 32, 52], [68411.2600460618, 121.75229849607767]]
[[51, 2, 30, 62], [57764.9820471056, 95.4455645730163]]
[[29, 39, 60], [66789.20953078856, 118.20139379209681]]
[[44, 48, 16, 31, 4], [64259.513077406686, 114.87680991788696]]
[[69], [58829.407441423995, 98.7991429333333]]
[[55, 18, 41, 58], [67762.72157448628, 120.89284438774595]]
[[27, 38, 8, 22, 6, 21], [70124.12308094173, 126.1393478471328]]
[[14, 10, 12, 17, 35, 26, 53, 25], [74076.81687936804, 139.333218336657]]
[[33, 9, 7, 49, 61], [70051.56522375961, 124.91558540147989]]
[[65], [50933.2688444785, 80.50874255651311]]
[[13, 67], [59930.4324414719, 98.79914293345553]]
[[63], [60524.609230065376, 102.0026652521287]]
[[59, 28, 45, 15, 11, 23], [65602.9647809266, 113.21205187952862]]
[[50, 43, 20, 54], [68775.08915252518, 122.56965651040085]]
[[68], [61324.527544155186, 102.86782519111108]]
[[42, 19, 36, 1, 56, 5], [74338.86610882336, 137.3907971997878]]
1410859.893900343 2443.5111079274716 22
