[0, 59, 61, 34, 31, 56, 6, 24, 64, 51, 36, 30, 48, 44, 1, 28, 55, 26, 35, 52, 38, 41, 13, 29, 7, 60, 50, 15, 42, 19, 62, 5, 32, 9, 54, 8, 4, 3, 17, 12, 58, 49, 47, 16, 53, 27, 37, 18, 63, 25, 22, 21, 11, 23, 2, 43, 20, 10, 39, 46, 33, 45, 40, 57, 14, 65]
[[59], [39700.340137592415, 59.03392339847693]]
[[61], [60203.7495367076, 102.29057848444442]]
[[34, 31, 56, 6], [59182.61884500399, 96.77288705654557]]
[[24], [39747.23305599512, 59.03392339847693]]
[[64], [59485.12105062143, 100.52043426475896]]
[[51, 36], [61665.042427216795, 103.41013805333331]]
[[30, 48, 44], [54479.14959396409, 86.49797726144779]]
[[1, 28, 55], [59814.964006687995, 105.6652052653863]]
[[26, 35, 52], [57607.15901812633, 94.86994098114045]]
[[38, 41, 13, 29, 7], [68013.80215441696, 130.06675833422375]]
[[60], [59596.471658641996, 100.4939740222222]]
[[50, 15, 42, 19], [64216.68414236487, 113.73122385833784]]
[[62], [51720.71056555728, 82.55263749651242]]
[[5, 32, 9, 54, 8, 4], [71017.41202098037, 131.1096781963476]]
[[3, 17, 12, 58], [67386.68617842879, 117.87085810092518]]
[[49, 47, 16], [66679.54616737386, 116.3300744967242]]
[[53, 27, 37, 18], [65921.66289172851, 114.80938421068782]]
[[63], [52246.60848261003, 83.09720545246473]]
[[25, 22, 21, 11, 23, 2, 43], [73554.63838152695, 133.14891550871965]]
[[20, 10, 39, 46, 33], [68033.03347730837, 120.7672781257117]]
[[45, 40], [54775.39640539818, 87.8722833575575]]
[[57, 14], [63039.87277079119, 106.9955049160967]]
1357559.1008410917 2314.4133365362645 22
