
[0, 21, 24, 12, 7, 19, 17, 22, 32, 11, 29, 13, 15, 1, 28, 27, 8, 37, 31, 30, 23, 35, 16, 3, 18, 9, 34, 25, 2, 10, 36, 33, 39, 26, 41, 4, 5, 14, 38, 6, 20, 40, 42]
[[21, 24, 12, 7, 19], [58119.160835283416, 95.99559499171923]]
[[17, 22, 32, 11], [65479.72484268168, 113.51809433483737]]
[[29, 13, 15, 1, 28], [62839.101010772916, 107.09960124321182]]
[[27, 8, 37], [62340.837973134614, 104.75547432253674]]
[[31, 30, 23], [52779.797442444426, 85.22626368761144]]
[[35, 16, 3, 18], [51012.827784649904, 80.03488442829607]]
[[9, 34, 25, 2, 10], [64822.76803933997, 115.5973251029838]]
[[36, 33], [60474.518735709345, 100.68142922485]]
[[39, 26], [50344.67463727477, 77.91237355168177]]
[[41, 4], [59259.358137794996, 98.89125187244052]]
[[5, 14, 38, 6], [62377.592661043345, 105.55079870000067]]
[[20, 40], [48652.7742762984, 74.62705818615503]]
698503.1363764278 1159.8901496463245 12
