
[0, 21, 14, 13, 42, 17, 2, 3, 44, 24, 31, 1, 32, 35, 30, 16, 18, 38, 34, 12, 10, 4, 25, 15, 37, 36, 26, 39, 28, 29, 23, 9, 45, 19, 8, 6, 22, 5, 7, 11, 27, 20, 40, 33, 41, 43, 46, 48, 51, 50, 49, 47, 52]
[[21, 14, 13, 42], [62016.2585185523, 103.17043187123332]]
[[17, 2, 3, 44, 24], [62524.8458312359, 105.18986980407473]]
[[31, 1, 32, 35], [62407.85735173493, 104.46880189273973]]
[[30, 16, 18, 38], [64142.02631044987, 109.64374369795905]]
[[34, 12, 10, 4, 25, 15], [66739.6088672236, 120.81860367899961]]
[[37, 36, 26], [45718.8142898572, 69.23337363432255]]
[[39, 28, 29], [42495.69716086837, 64.04051538444557]]
[[23, 9, 45], [60986.66382573314, 100.92439865256785]]
[[19, 8, 6, 22, 5, 7, 11, 27], [63135.15005355596, 105.73885429782483]]
[[20, 40, 33], [61077.98120466743, 101.66909258838308]]
[[41, 43], [60737.6630977105, 99.95732298455553]]
[[46], [59614.91414281039, 98.2462003822222]]
[[48], [62537.3919934664, 104.94302278222223]]
[[51], [59864.84062407033, 98.35994717890098]]
[[50], [45900.16180909195, 68.37404515470621]]
[[49], [63995.80188359121, 107.9403207022222]]
[[47], [60057.032351313195, 98.80567116888886]]
1003952.7093159326 1661.5242158562685 17
