[0, 7, 132, 55, 94, 117, 84, 126, 50, 41, 22, 131, 53, 40, 3, 6, 102, 107, 96, 92, 80, 141, 35, 65, 139, 136, 68, 34, 56, 74, 129, 119, 98, 26, 138, 130, 33, 32, 42, 91, 114, 69, 106, 100, 71, 28, 60, 128, 31, 12, 17, 81, 90, 85, 86, 88, 36, 97, 134, 23, 51, 13, 137, 25, 11, 64, 140, 27, 110, 115, 116, 79, 123, 9, 58, 24, 14, 76, 125, 29, 75, 105, 52, 37, 46, 4, 43, 21, 104, 48, 78, 1, 49, 89, 120, 108, 127, 101, 93, 113, 124, 54, 2, 8, 18, 39, 63, 135, 19, 45, 59, 109, 87, 38, 112, 82, 30, 83, 99, 10, 62, 73, 61, 72, 95, 118, 47, 15, 67, 103, 77, 44, 111, 20, 121, 70, 122, 142, 144, 5, 57, 133, 66, 16, 143, 145, 146]
[[7, 132, 55, 94], [67615.35030912625, 119.22400674804513]]
[[117, 84, 126], [53577.56292727491, 85.91855296049067]]
[[50, 41, 22, 131, 53, 40, 3, 6], [57119.3008523647, 94.56923277471101]]
[[102, 107, 96, 92], [70030.3330559346, 126.73521817562366]]
[[80, 141], [48761.58969647928, 76.14519056460021]]
[[35, 65, 139], [53879.92193846975, 85.09395057322664]]
[[136, 68, 34, 56], [56946.38385151811, 91.71631736955054]]
[[74, 129, 119], [59699.774309831795, 105.9248948695969]]
[[98, 26, 138], [66404.75799900085, 115.53273696081007]]
[[130, 33, 32, 42, 91], [67929.53464121287, 121.30827090002161]]
[[114, 69, 106, 100], [55076.00527009365, 90.52577275809472]]
[[71, 28, 60, 128, 31, 12, 17], [69321.61688478208, 122.71890381708974]]
[[81, 90, 85, 86, 88], [71024.9902300459, 129.84645806563486]]
[[36, 97, 134], [51363.59461575636, 79.3768912828942]]
[[23, 51, 13, 137, 25], [52329.17650462026, 82.4874360962659]]
[[11, 64, 140, 27], [51880.49542663588, 80.19303649154159]]
[[110, 115, 116], [53460.750285358285, 84.63839753106626]]
[[79, 123, 9, 58, 24, 14, 76], [57780.27288591722, 97.59967823608068]]
[[125, 29, 75, 105], [63829.43199578034, 116.2072365997175]]
[[52, 37, 46, 4, 43, 21, 104, 48, 78], [72854.85332200074, 133.55107763617804]]
[[1, 49, 89, 120, 108], [71659.51920333586, 130.5419498470764]]
[[127, 101, 93], [61997.5299103877, 104.38732341370245]]
[[113, 124, 54, 2, 8, 18, 39], [62230.248944450796, 112.07943538577616]]
[[63, 135, 19, 45], [54995.721992711966, 87.86414102112077]]
[[59, 109, 87, 38, 112], [59497.73261082079, 99.95568362890624]]
[[82, 30, 83, 99, 10, 62, 73], [58030.12113988995, 96.66309377157768]]
[[61, 72, 95, 118, 47, 15], [69445.94992274033, 129.23771196399719]]
[[67, 103, 77, 44, 111], [74660.31935510041, 136.1195163662196]]
[[20, 121, 70, 122], [67486.96490976923, 117.0271893439392]]
[[142], [50299.607193426134, 78.02760500012255]]
[[144], [62450.861342372795, 105.36674399307216]]
[[5, 57, 133, 66, 16], [68336.91923089404, 118.79020541774524]]
[[143], [50755.772193426135, 78.02760500012255]]
[[145], [60229.39871583923, 99.20541690632717]]
2070618.3505138762 3526.8104885765156 34
