[0, 18, 41, 9, 5, 27, 6, 12, 7, 37, 3, 30, 20, 1, 34, 11, 13, 26, 39, 10, 40, 14, 24, 19, 38, 31, 42, 23, 15, 35, 8, 36, 33, 21, 4, 25, 29, 2, 28, 32, 22, 17, 16, 43, 44, 45]
[[18, 41, 9, 5], [65205.698996169056, 111.37515461329475]]
[[27, 6, 12, 7, 37], [60241.457441615625, 98.7991429338833]]
[[3, 30, 20, 1, 34], [63933.96470131691, 107.86574294702464]]
[[11, 13, 26, 39], [68891.31552670023, 134.11406856967724]]
[[10, 40, 14, 24], [65096.25430551203, 111.33925042762748]]
[[19, 38, 31], [64454.95020786114, 108.95854265866174]]
[[42, 23, 15], [61745.94886063201, 102.32529479037227]]
[[35, 8, 36], [63713.86867269187, 107.43023645714891]]
[[33, 21, 4, 25, 29, 2], [61598.24074866643, 102.42288884586125]]
[[28, 32, 22, 17, 16], [66433.4465509487, 115.63448159396567]]
[[43], [64361.682920570005, 108.78885855555552]]
[[44], [63103.6467978716, 105.87126741777777]]
768780.4757305556 1314.9249298108502 12

