[0, 21, 24, 7, 3, 5, 4, 10, 14, 19, 6, 20, 13, 2, 8, 28, 9, 30, 29, 17, 1, 26, 12, 23, 22, 16, 11, 15, 25, 18, 27, 31]
[[21, 24, 7, 3, 5, 4], [50572.2263068356, 80.73130933768087]]
[[10, 14, 19, 6, 20, 13, 2, 8], [50304.51120758489, 80.0100779210405]]
[[28, 9], [48715.090172658514, 76.68651424579372]]
[[30], [57584.00890177938, 96.30555880651075]]
[[29], [53726.92757290155, 87.43886768712609]]
[[17, 1, 26, 12], [63233.62436715178, 117.02092545779774]]
[[23, 22], [55543.6472951204, 93.29521957771428]]
[[16, 11, 15, 25], [65140.66093756833, 118.00057692702214]]
[[18, 27], [56370.95366757398, 94.69790578884297]]
506364.0096557632 856.108456426568 9

