[0, 43, 67, 72, 58, 66, 36, 62, 24, 49, 29, 12, 69, 56, 31, 40, 3, 61, 53, 41, 9, 11, 54, 38, 33, 27, 50, 4, 19, 30, 75, 51, 26, 23, 63, 55, 45, 21, 16, 71, 76, 17, 70, 77, 44, 48, 13, 25, 34, 22, 18, 59, 1, 47, 7, 5, 8, 73, 57, 79, 39, 32, 52, 74, 64, 68, 10, 35, 6, 42, 60, 37, 15, 14, 46, 65, 20, 78, 2, 28, 80, 81]
[[43, 67, 72], [63091.714576373386, 105.67938629461113]]
[[58, 66, 36, 62], [71243.83481227553, 128.63327534298998]]
[[24, 49, 29, 12, 69, 56], [55577.749510397436, 91.44802396660417]]
[[31, 40, 3, 61, 53, 41, 9], [65888.95185602029, 113.47303336396617]]
[[11, 54, 38, 33, 27, 50, 4, 19, 30], [72717.5840242361, 134.71481743062364]]
[[75, 51, 26], [51003.416796692516, 79.74597195118012]]
[[23, 63, 55, 45, 21, 16], [54392.77798972874, 86.41578579042562]]
[[71, 76, 17], [53270.662813391515, 83.73918197957268]]
[[70, 77], [63252.708567985996, 107.7131538680934]]
[[44, 48, 13, 25, 34, 22, 18, 59], [64645.276178235494, 114.21024070441055]]
[[1, 47, 7, 5, 8, 73, 57], [72253.4410897792, 133.79351506114722]]
[[79], [43568.34843595305, 65.75318448270306]]
[[39, 32, 52, 74], [63716.929342665484, 108.67905156422049]]
[[64, 68, 10, 35, 6, 42], [67975.90302898287, 121.21001489243629]]
[[60, 37, 15, 14, 46, 65], [67707.67306730479, 121.31026038296511]]
[[20, 78, 2, 28], [65385.462911190465, 115.15323293138755]]
[[80], [60962.8785033404, 100.9064762711111]]
1074241.4622566812 1848.3057023868564 17
