[0, 41, 39, 35, 10, 18, 34, 13, 38, 7, 11, 25, 27, 45, 46, 3, 53, 17, 55, 20, 1, 21, 15, 36, 16, 9, 49, 44, 23, 52, 2, 4, 48, 30, 42, 26, 5, 40, 28, 24, 51, 54, 57, 43, 12, 14, 47, 8, 6, 19, 32, 22, 29, 37, 33, 31, 59, 58, 56, 50, 60]
[[41, 39, 35, 10, 18, 34, 13, 38, 7], [66016.95091814856, 118.24791290086861]]
[[11, 25, 27, 45, 46, 3, 53], [62109.64541733511, 104.67463546075703]]
[[17, 55, 20, 1, 21, 15, 36], [62832.35009433581, 106.53200163212435]]
[[16, 9, 49, 44, 23, 52, 2], [62862.69958500123, 105.04743255380421]]
[[4, 48, 30, 42, 26, 5, 40, 28, 24], [61740.54953709086, 102.29057848552989]]
[[51, 54], [46511.35327419886, 69.77753597693884]]
[[57, 43], [62211.121018625505, 103.97874672914378]]
[[12, 14, 47, 8, 6, 19, 32, 22, 29, 37, 33], [67000.58680645851, 117.25542049289345]]
[[31, 59], [61250.828413735915, 101.19552497445653]]
[[58], [59975.21995221071, 99.16915965632482]]
[[56, 50], [46035.51988608854, 69.65413824062621]]
644102.1174310788 1066.660642371634 11