[0, 61, 8, 40, 34, 13, 35, 55, 50, 59, 57, 21, 3, 63, 11, 52, 47, 4, 38, 60, 48, 37, 26, 14, 33, 20, 6, 5, 10, 32, 2, 16, 18, 39, 44, 42, 28, 36, 51, 19, 31, 25, 9, 45, 58, 27, 17, 22, 62, 7, 1, 15, 53, 30, 41, 29, 43, 49, 54, 12, 46, 56, 24, 23, 66, 68, 65, 67, 64, 69]
[[61, 8, 40, 34], [65729.18154575714, 113.50365542086583]]
[[13, 35, 55, 50], [62778.471633166795, 105.3204487922987]]
[[59, 57, 21], [53738.0423549696, 85.06949430834096]]
[[3, 63, 11], [60967.15073858569, 109.32007035500159]]
[[52, 47, 4, 38], [58187.48578211226, 97.52545426715672]]
[[60, 48, 37], [65430.417670051684, 111.1930468106086]]
[[26, 14, 33, 20, 6, 5, 10, 32, 2, 16, 18], [63752.19367295872, 107.83830393223842]]
[[39, 44, 42, 28], [48947.30693864857, 74.66720494326685]]
[[36, 51, 19, 31, 25, 9], [67841.95183231501, 119.03121583758055]]
[[45, 58, 27], [52814.49917682746, 82.59172040045036]]
[[17, 22, 62, 7, 1], [66475.50463718332, 115.8592159122767]]
[[15, 53, 30, 41, 29], [62962.78213368943, 110.35799615602099]]
[[43, 49, 54], [57841.19684067053, 93.85202491856903]]
[[12, 46, 56, 24, 23], [64759.21566704741, 109.82477387469547]]
[[66], [62886.1013423728, 105.36674399307216]]
[[68], [58318.7732795396, 94.77436461777776]]
[[65], [48798.819722337976, 73.99963826334718]]
[[67], [58873.5376814786, 96.06095382888886]]
[[64], [48798.819722337976, 73.99963826334718]]
1129901.4523720506 1880.155964895804 19